series_id,obs_date,value
CDI:12,1994-01-03,1.670333
CDI:12,1994-01-04,1.670333
CDI:12,1994-01-05,1.67
CDI:12,1994-01-06,1.669667
CDI:12,1994-01-07,1.669333
CDI:12,1994-01-10,1.669333
CDI:12,1994-01-11,1.669667
CDI:12,1994-01-12,1.67
CDI:12,1994-01-13,1.67
CDI:12,1994-01-14,1.67
CDI:12,1994-01-17,1.670333
CDI:12,1994-01-18,1.734
CDI:12,1994-01-19,1.733667
CDI:12,1994-01-20,1.738667
CDI:12,1994-01-21,1.740333
CDI:12,1994-01-24,1.734333
CDI:12,1994-01-25,1.800333
CDI:12,1994-01-26,1.8
CDI:12,1994-01-27,1.8
CDI:12,1994-01-28,1.796667
CDI:12,1994-01-31,2.005667
CDI:12,1994-02-01,2.007
CDI:12,1994-02-02,2.007
CDI:12,1994-02-03,2.007
CDI:12,1994-02-04,1.989
CDI:12,1994-02-07,1.989
CDI:12,1994-02-08,1.989
CDI:12,1994-02-09,1.989
CDI:12,1994-02-10,1.965667
CDI:12,1994-02-11,3.970667
CDI:12,1994-02-17,1.966
CDI:12,1994-02-18,1.966
CDI:12,1994-02-21,1.965667
CDI:12,1994-02-22,1.906
CDI:12,1994-02-23,1.905667
CDI:12,1994-02-24,1.905667
CDI:12,1994-02-25,1.900333
CDI:12,1994-02-28,1.630667
CDI:12,1994-03-01,1.631
CDI:12,1994-03-02,1.630667
CDI:12,1994-03-03,1.630333
CDI:12,1994-03-04,1.630667
CDI:12,1994-03-07,1.631
CDI:12,1994-03-08,1.683667
CDI:12,1994-03-09,1.684333
CDI:12,1994-03-10,1.684
CDI:12,1994-03-11,1.687333
CDI:12,1994-03-14,1.693667
CDI:12,1994-03-15,1.693667
CDI:12,1994-03-16,1.693667
CDI:12,1994-03-17,1.710333
CDI:12,1994-03-18,1.8
CDI:12,1994-03-21,1.883667
CDI:12,1994-03-22,1.883
CDI:12,1994-03-23,1.883333
CDI:12,1994-03-24,1.883
CDI:12,1994-03-25,1.901333
CDI:12,1994-03-28,1.889
CDI:12,1994-03-29,1.986333
CDI:12,1994-03-30,2.059
CDI:12,1994-04-04,2.064333
CDI:12,1994-04-05,2.064333
CDI:12,1994-04-06,2.068667
CDI:12,1994-04-07,2.067667
CDI:12,1994-04-08,2.067333
CDI:12,1994-04-11,2.067333
CDI:12,1994-04-12,2.067
CDI:12,1994-04-13,2.067
CDI:12,1994-04-14,2.066667
CDI:12,1994-04-15,2.064
CDI:12,1994-04-18,2.066
CDI:12,1994-04-19,2.065
CDI:12,1994-04-20,2.054333
CDI:12,1994-04-22,1.994
CDI:12,1994-04-25,1.946
CDI:12,1994-04-26,1.92
CDI:12,1994-04-27,1.901
CDI:12,1994-04-28,1.796333
CDI:12,1994-04-29,1.794667
CDI:12,1994-05-02,1.757333
CDI:12,1994-05-03,1.759333
CDI:12,1994-05-04,1.767
CDI:12,1994-05-05,1.765333
CDI:12,1994-05-06,1.773667
CDI:12,1994-05-09,1.771667
CDI:12,1994-05-10,1.787333
CDI:12,1994-05-11,1.809
CDI:12,1994-05-12,1.812667
CDI:12,1994-05-13,1.812667
CDI:12,1994-05-16,1.812333
CDI:12,1994-05-17,1.812333
CDI:12,1994-05-18,1.812667
CDI:12,1994-05-19,1.812
CDI:12,1994-05-20,1.812333
CDI:12,1994-05-23,1.812333
CDI:12,1994-05-24,1.812333
CDI:12,1994-05-25,1.812333
CDI:12,1994-05-26,1.808333
CDI:12,1994-05-27,1.81
CDI:12,1994-05-30,1.806
CDI:12,1994-05-31,1.897667
CDI:12,1994-06-01,1.883667
CDI:12,1994-06-03,1.884333
CDI:12,1994-06-06,1.883333
CDI:12,1994-06-07,1.898667
CDI:12,1994-06-08,1.907333
CDI:12,1994-06-09,1.907333
CDI:12,1994-06-10,1.929
CDI:12,1994-06-13,1.930667
CDI:12,1994-06-14,1.935333
CDI:12,1994-06-15,1.935333
CDI:12,1994-06-16,1.968667
CDI:12,1994-06-17,1.981333
CDI:12,1994-06-20,2.012
CDI:12,1994-06-21,2.053667
CDI:12,1994-06-22,2.071333
CDI:12,1994-06-23,2.068667
CDI:12,1994-06-24,2.060667
CDI:12,1994-06-27,2.097
CDI:12,1994-06-28,2.087333
CDI:12,1994-06-29,2.022
CDI:12,1994-06-30,0.363667
CDI:12,1994-07-04,0.398
CDI:12,1994-07-05,0.399667
CDI:12,1994-07-06,0.4
CDI:12,1994-07-07,0.397
CDI:12,1994-07-08,0.389
CDI:12,1994-07-11,0.375667
CDI:12,1994-07-12,0.38
CDI:12,1994-07-13,0.380333
CDI:12,1994-07-14,0.374667
CDI:12,1994-07-15,0.342667
CDI:12,1994-07-18,0.332333
CDI:12,1994-07-19,0.337667
CDI:12,1994-07-20,0.336333
CDI:12,1994-07-21,0.276333
CDI:12,1994-07-22,0.238
CDI:12,1994-07-25,0.244667
CDI:12,1994-07-26,0.234
CDI:12,1994-07-27,0.245333
CDI:12,1994-07-28,0.209667
CDI:12,1994-07-29,0.183333
CDI:12,1994-08-01,0.184333
CDI:12,1994-08-02,0.183667
CDI:12,1994-08-03,0.184333
CDI:12,1994-08-04,0.184
CDI:12,1994-08-05,0.174333
CDI:12,1994-08-08,0.177
CDI:12,1994-08-09,0.177333
CDI:12,1994-08-10,0.177333
CDI:12,1994-08-11,0.177333
CDI:12,1994-08-12,0.177667
CDI:12,1994-08-15,0.177
CDI:12,1994-08-16,0.175667
CDI:12,1994-08-17,0.175667
CDI:12,1994-08-18,0.176
CDI:12,1994-08-19,0.176
CDI:12,1994-08-22,0.176
CDI:12,1994-08-23,0.175333
CDI:12,1994-08-24,0.175333
CDI:12,1994-08-25,0.175333
CDI:12,1994-08-26,0.175667
CDI:12,1994-08-29,0.175333
CDI:12,1994-08-30,0.175
CDI:12,1994-08-31,0.177333
CDI:12,1994-09-01,0.175333
CDI:12,1994-09-02,0.177667
CDI:12,1994-09-05,0.178667
CDI:12,1994-09-06,0.178667
CDI:12,1994-09-08,0.179333
CDI:12,1994-09-09,0.178667
CDI:12,1994-09-12,0.179
CDI:12,1994-09-13,0.18
CDI:12,1994-09-14,0.180667
CDI:12,1994-09-15,0.18
CDI:12,1994-09-16,0.179667
CDI:12,1994-09-19,0.179333
CDI:12,1994-09-20,0.179333
CDI:12,1994-09-21,0.179333
CDI:12,1994-09-22,0.179333
CDI:12,1994-09-23,0.179
CDI:12,1994-09-26,0.179
CDI:12,1994-09-27,0.18
CDI:12,1994-09-28,0.18
CDI:12,1994-09-29,0.180333
CDI:12,1994-09-30,0.194333
CDI:12,1994-10-04,0.187333
CDI:12,1994-10-05,0.189667
CDI:12,1994-10-06,0.188333
CDI:12,1994-10-07,0.189
CDI:12,1994-10-10,0.188
CDI:12,1994-10-11,0.188
CDI:12,1994-10-13,0.188333
CDI:12,1994-10-14,0.188333
CDI:12,1994-10-17,0.188
CDI:12,1994-10-18,0.188
CDI:12,1994-10-19,0.188333
CDI:12,1994-10-20,0.188333
CDI:12,1994-10-21,0.188333
CDI:12,1994-10-24,0.188667
CDI:12,1994-10-25,0.188667
CDI:12,1994-10-26,0.188667
CDI:12,1994-10-27,0.189
CDI:12,1994-10-28,0.188667
CDI:12,1994-10-31,0.201333
CDI:12,1994-11-01,0.202333
CDI:12,1994-11-03,0.202333
CDI:12,1994-11-04,0.202667
CDI:12,1994-11-07,0.203667
CDI:12,1994-11-08,0.204
CDI:12,1994-11-09,0.204333
CDI:12,1994-11-10,0.204
CDI:12,1994-11-11,0.203
CDI:12,1994-11-14,0.203333
CDI:12,1994-11-16,0.203
CDI:12,1994-11-17,0.202667
CDI:12,1994-11-18,0.202667
CDI:12,1994-11-21,0.202667
CDI:12,1994-11-22,0.202333
CDI:12,1994-11-23,0.202
CDI:12,1994-11-24,0.201667
CDI:12,1994-11-25,0.201333
CDI:12,1994-11-28,0.201333
CDI:12,1994-11-29,0.199333
CDI:12,1994-11-30,0.183333
CDI:12,1994-12-01,0.183333
CDI:12,1994-12-02,0.183333
CDI:12,1994-12-05,0.183333
CDI:12,1994-12-06,0.175333
CDI:12,1994-12-07,0.175333
CDI:12,1994-12-08,0.175
CDI:12,1994-12-09,0.175
CDI:12,1994-12-12,0.174667
CDI:12,1994-12-13,0.174667
CDI:12,1994-12-14,0.172667
CDI:12,1994-12-15,0.165
CDI:12,1994-12-16,0.165333
CDI:12,1994-12-19,0.165333
CDI:12,1994-12-20,0.165
CDI:12,1994-12-21,0.166667
CDI:12,1994-12-22,0.167
CDI:12,1994-12-23,0.166667
CDI:12,1994-12-26,0.168333
CDI:12,1994-12-27,0.168
CDI:12,1994-12-28,0.168
CDI:12,1994-12-29,0.165
CDI:12,1994-12-30,0.165
CDI:12,1995-01-02,0.157333
CDI:12,1995-01-03,0.161333
CDI:12,1995-01-04,0.160333
CDI:12,1995-01-05,0.157667
CDI:12,1995-01-06,0.156333
CDI:12,1995-01-09,0.156
CDI:12,1995-01-10,0.156
CDI:12,1995-01-11,0.152
CDI:12,1995-01-12,0.153333
CDI:12,1995-01-13,0.154
CDI:12,1995-01-16,0.154
CDI:12,1995-01-17,0.154
CDI:12,1995-01-18,0.154
CDI:12,1995-01-19,0.154667
CDI:12,1995-01-20,0.153333
CDI:12,1995-01-23,0.153333
CDI:12,1995-01-24,0.151667
CDI:12,1995-01-25,0.151
CDI:12,1995-01-26,0.15
CDI:12,1995-01-27,0.149667
CDI:12,1995-01-30,0.150333
CDI:12,1995-01-31,0.178333
CDI:12,1995-02-01,0.178
CDI:12,1995-02-02,0.178
CDI:12,1995-02-03,0.178333
CDI:12,1995-02-06,0.179
CDI:12,1995-02-07,0.179
CDI:12,1995-02-08,0.178667
CDI:12,1995-02-09,0.179
CDI:12,1995-02-10,0.179333
CDI:12,1995-02-13,0.18
CDI:12,1995-02-14,0.179667
CDI:12,1995-02-15,0.179333
CDI:12,1995-02-16,0.18
CDI:12,1995-02-17,0.18
CDI:12,1995-02-20,0.18
CDI:12,1995-02-21,0.18
CDI:12,1995-02-22,0.18
CDI:12,1995-02-23,0.18
CDI:12,1995-02-24,0.140667
CDI:12,1995-03-01,0.14
CDI:12,1995-03-02,0.14
CDI:12,1995-03-03,0.140333
CDI:12,1995-03-06,0.140667
CDI:12,1995-03-07,0.141
CDI:12,1995-03-08,0.142
CDI:12,1995-03-09,0.142667
CDI:12,1995-03-10,0.249333
CDI:12,1995-03-13,0.21
CDI:12,1995-03-14,0.203333
CDI:12,1995-03-15,0.202333
CDI:12,1995-03-16,0.202333
CDI:12,1995-03-17,0.202333
CDI:12,1995-03-20,0.202
CDI:12,1995-03-21,0.202
CDI:12,1995-03-22,0.201667
CDI:12,1995-03-23,0.201667
CDI:12,1995-03-24,0.201667
CDI:12,1995-03-27,0.201667
CDI:12,1995-03-28,0.202
CDI:12,1995-03-29,0.202
CDI:12,1995-03-30,0.201667
CDI:12,1995-03-31,0.245333
CDI:12,1995-04-03,0.246
CDI:12,1995-04-04,0.246
CDI:12,1995-04-05,0.246
CDI:12,1995-04-06,0.246
CDI:12,1995-04-07,0.246
CDI:12,1995-04-10,0.246667
CDI:12,1995-04-11,0.248667
CDI:12,1995-04-12,0.249
CDI:12,1995-04-17,0.248667
CDI:12,1995-04-18,0.247667
CDI:12,1995-04-19,0.247
CDI:12,1995-04-20,0.246333
CDI:12,1995-04-24,0.246333
CDI:12,1995-04-25,0.246
CDI:12,1995-04-26,0.246
CDI:12,1995-04-27,0.246
CDI:12,1995-04-28,0.19
CDI:12,1995-05-02,0.190333
CDI:12,1995-05-03,0.192333
CDI:12,1995-05-04,0.192
CDI:12,1995-05-05,0.191
CDI:12,1995-05-08,0.191
CDI:12,1995-05-09,0.191667
CDI:12,1995-05-10,0.191667
CDI:12,1995-05-11,0.191333
CDI:12,1995-05-12,0.191
CDI:12,1995-05-15,0.190667
CDI:12,1995-05-16,0.19
CDI:12,1995-05-17,0.189667
CDI:12,1995-05-18,0.189333
CDI:12,1995-05-19,0.189333
CDI:12,1995-05-22,0.189333
CDI:12,1995-05-23,0.189333
CDI:12,1995-05-24,0.19
CDI:12,1995-05-25,0.189333
CDI:12,1995-05-26,0.189333
CDI:12,1995-05-29,0.189
CDI:12,1995-05-30,0.189
CDI:12,1995-05-31,0.189
CDI:12,1995-06-01,0.189
CDI:12,1995-06-02,0.189
CDI:12,1995-06-05,0.189
CDI:12,1995-06-06,0.189
CDI:12,1995-06-07,0.189667
CDI:12,1995-06-08,0.189333
CDI:12,1995-06-09,0.189333
CDI:12,1995-06-12,0.189333
CDI:12,1995-06-13,0.189333
CDI:12,1995-06-14,0.189333
CDI:12,1995-06-16,0.189333
CDI:12,1995-06-19,0.189333
CDI:12,1995-06-20,0.189
CDI:12,1995-06-21,0.189
CDI:12,1995-06-22,0.189
CDI:12,1995-06-23,0.189333
CDI:12,1995-06-26,0.189333
CDI:12,1995-06-27,0.189333
CDI:12,1995-06-28,0.189333
CDI:12,1995-06-29,0.189333
CDI:12,1995-06-30,0.189
CDI:12,1995-07-03,0.189
CDI:12,1995-07-04,0.189
CDI:12,1995-07-05,0.189
CDI:12,1995-07-06,0.189
CDI:12,1995-07-07,0.189
CDI:12,1995-07-10,0.189
CDI:12,1995-07-11,0.189
CDI:12,1995-07-12,0.188667
CDI:12,1995-07-13,0.188667
CDI:12,1995-07-14,0.188333
CDI:12,1995-07-17,0.188333
CDI:12,1995-07-18,0.188
CDI:12,1995-07-19,0.188
CDI:12,1995-07-20,0.188
CDI:12,1995-07-21,0.188
CDI:12,1995-07-24,0.188
CDI:12,1995-07-25,0.187667
CDI:12,1995-07-26,0.187667
CDI:12,1995-07-27,0.187667
CDI:12,1995-07-28,0.187667
CDI:12,1995-07-31,0.166667
CDI:12,1995-08-01,0.166667
CDI:12,1995-08-02,0.166667
CDI:12,1995-08-03,0.166667
CDI:12,1995-08-04,0.163333
CDI:12,1995-08-07,0.163333
CDI:12,1995-08-08,0.163333
CDI:12,1995-08-09,0.163
CDI:12,1995-08-10,0.163
CDI:12,1995-08-11,0.163
CDI:12,1995-08-14,0.162333
CDI:12,1995-08-15,0.161667
CDI:12,1995-08-16,0.161667
CDI:12,1995-08-17,0.161667
CDI:12,1995-08-18,0.161333
CDI:12,1995-08-21,0.161333
CDI:12,1995-08-22,0.161333
CDI:12,1995-08-23,0.161333
CDI:12,1995-08-24,0.161333
CDI:12,1995-08-25,0.161333
CDI:12,1995-08-28,0.161
CDI:12,1995-08-29,0.161
CDI:12,1995-08-30,0.161
CDI:12,1995-08-31,0.161667
CDI:12,1995-09-01,0.161667
CDI:12,1995-09-04,0.161667
CDI:12,1995-09-05,0.161333
CDI:12,1995-09-06,0.161333
CDI:12,1995-09-08,0.161333
CDI:12,1995-09-11,0.161333
CDI:12,1995-09-12,0.161333
CDI:12,1995-09-13,0.161333
CDI:12,1995-09-14,0.161
CDI:12,1995-09-15,0.161
CDI:12,1995-09-18,0.161
CDI:12,1995-09-19,0.161
CDI:12,1995-09-20,0.161
CDI:12,1995-09-21,0.161
CDI:12,1995-09-22,0.161
CDI:12,1995-09-25,0.161
CDI:12,1995-09-26,0.161
CDI:12,1995-09-27,0.161
CDI:12,1995-09-28,0.158333
CDI:12,1995-09-29,0.144
CDI:12,1995-10-02,0.144
CDI:12,1995-10-03,0.144333
CDI:12,1995-10-04,0.144333
CDI:12,1995-10-05,0.143667
CDI:12,1995-10-06,0.142333
CDI:12,1995-10-09,0.141667
CDI:12,1995-10-10,0.142333
CDI:12,1995-10-11,0.142333
CDI:12,1995-10-13,0.142333
CDI:12,1995-10-16,0.142333
CDI:12,1995-10-17,0.143333
CDI:12,1995-10-18,0.145333
CDI:12,1995-10-19,0.145333
CDI:12,1995-10-20,0.145667
CDI:12,1995-10-23,0.145667
CDI:12,1995-10-24,0.144667
CDI:12,1995-10-25,0.144333
CDI:12,1995-10-26,0.144
CDI:12,1995-10-27,0.142667
CDI:12,1995-10-30,0.142
CDI:12,1995-10-31,0.140333
CDI:12,1995-11-01,0.137333
CDI:12,1995-11-03,0.137667
CDI:12,1995-11-06,0.139
CDI:12,1995-11-07,0.14
CDI:12,1995-11-08,0.142333
CDI:12,1995-11-09,0.142
CDI:12,1995-11-10,0.143333
CDI:12,1995-11-13,0.144
CDI:12,1995-11-14,0.144
CDI:12,1995-11-16,0.144
CDI:12,1995-11-17,0.144
CDI:12,1995-11-20,0.143333
CDI:12,1995-11-21,0.138333
CDI:12,1995-11-22,0.138667
CDI:12,1995-11-23,0.138
CDI:12,1995-11-24,0.138
CDI:12,1995-11-27,0.138333
CDI:12,1995-11-28,0.138333
CDI:12,1995-11-29,0.138
CDI:12,1995-11-30,0.132
CDI:12,1995-12-01,0.132667
CDI:12,1995-12-04,0.133
CDI:12,1995-12-05,0.132667
CDI:12,1995-12-06,0.133
CDI:12,1995-12-07,0.133333
CDI:12,1995-12-08,0.133333
CDI:12,1995-12-11,0.134333
CDI:12,1995-12-12,0.134667
CDI:12,1995-12-13,0.134667
CDI:12,1995-12-14,0.139
CDI:12,1995-12-15,0.139333
CDI:12,1995-12-18,0.139
CDI:12,1995-12-19,0.139
CDI:12,1995-12-20,0.139
CDI:12,1995-12-21,0.138667
CDI:12,1995-12-22,0.138333
CDI:12,1995-12-26,0.135333
CDI:12,1995-12-27,0.133333
CDI:12,1995-12-28,0.124333
CDI:12,1995-12-29,0.124333
CDI:12,1996-01-02,0.117667
CDI:12,1996-01-03,0.117333
CDI:12,1996-01-04,0.112333
CDI:12,1996-01-05,0.112333
CDI:12,1996-01-08,0.112333
CDI:12,1996-01-09,0.112667
CDI:12,1996-01-10,0.113333
CDI:12,1996-01-11,0.113333
CDI:12,1996-01-12,0.113333
CDI:12,1996-01-15,0.113333
CDI:12,1996-01-16,0.114
CDI:12,1996-01-17,0.113667
CDI:12,1996-01-18,0.113333
CDI:12,1996-01-19,0.118333
CDI:12,1996-01-22,0.117
CDI:12,1996-01-23,0.116
CDI:12,1996-01-24,0.117667
CDI:12,1996-01-25,0.115333
CDI:12,1996-01-26,0.114667
CDI:12,1996-01-29,0.113667
CDI:12,1996-01-30,0.116
CDI:12,1996-01-31,0.121667
CDI:12,1996-02-01,0.119333
CDI:12,1996-02-02,0.119667
CDI:12,1996-02-05,0.119667
CDI:12,1996-02-06,0.119667
CDI:12,1996-02-07,0.119667
CDI:12,1996-02-08,0.119667
CDI:12,1996-02-09,0.119667
CDI:12,1996-02-12,0.12
CDI:12,1996-02-13,0.120667
CDI:12,1996-02-14,0.123
CDI:12,1996-02-15,0.123333
CDI:12,1996-02-16,0.124
CDI:12,1996-02-21,0.124333
CDI:12,1996-02-22,0.124333
CDI:12,1996-02-23,0.124
CDI:12,1996-02-26,0.120333
CDI:12,1996-02-27,0.119
CDI:12,1996-02-28,0.118333
CDI:12,1996-02-29,0.103333
CDI:12,1996-03-01,0.105667
CDI:12,1996-03-04,0.105
CDI:12,1996-03-05,0.103667
CDI:12,1996-03-06,0.104
CDI:12,1996-03-07,0.103667
CDI:12,1996-03-08,0.103333
CDI:12,1996-03-11,0.104333
CDI:12,1996-03-12,0.104
CDI:12,1996-03-13,0.103333
CDI:12,1996-03-14,0.103333
CDI:12,1996-03-15,0.103333
CDI:12,1996-03-18,0.103333
CDI:12,1996-03-19,0.103333
CDI:12,1996-03-20,0.103333
CDI:12,1996-03-21,0.103333
CDI:12,1996-03-22,0.103333
CDI:12,1996-03-25,0.103
CDI:12,1996-03-26,0.103
CDI:12,1996-03-27,0.103
CDI:12,1996-03-28,0.103
CDI:12,1996-03-29,0.103
CDI:12,1996-04-01,0.099667
CDI:12,1996-04-02,0.099667
CDI:12,1996-04-03,0.099667
CDI:12,1996-04-08,0.1
CDI:12,1996-04-09,0.1
CDI:12,1996-04-10,0.104333
CDI:12,1996-04-11,0.104333
CDI:12,1996-04-12,0.104667
CDI:12,1996-04-15,0.105333
CDI:12,1996-04-16,0.105667
CDI:12,1996-04-17,0.105667
CDI:12,1996-04-18,0.105667
CDI:12,1996-04-19,0.104667
CDI:12,1996-04-22,0.104
CDI:12,1996-04-23,0.100333
CDI:12,1996-04-24,0.1
CDI:12,1996-04-25,0.099333
CDI:12,1996-04-26,0.093333
CDI:12,1996-04-29,0.090333
CDI:12,1996-04-30,0.088
CDI:12,1996-05-02,0.089
CDI:12,1996-05-03,0.088
CDI:12,1996-05-06,0.088
CDI:12,1996-05-07,0.088
CDI:12,1996-05-08,0.088
CDI:12,1996-05-09,0.088
CDI:12,1996-05-10,0.088
CDI:12,1996-05-13,0.088
CDI:12,1996-05-14,0.088333
CDI:12,1996-05-15,0.088333
CDI:12,1996-05-16,0.088333
CDI:12,1996-05-17,0.088333
CDI:12,1996-05-20,0.088333
CDI:12,1996-05-21,0.088333
CDI:12,1996-05-22,0.088333
CDI:12,1996-05-23,0.088333
CDI:12,1996-05-24,0.088667
CDI:12,1996-05-27,0.093
CDI:12,1996-05-28,0.095
CDI:12,1996-05-29,0.097
CDI:12,1996-05-30,0.099333
CDI:12,1996-05-31,0.101
CDI:12,1996-06-03,0.101667
CDI:12,1996-06-04,0.102333
CDI:12,1996-06-05,0.102333
CDI:12,1996-06-07,0.106
CDI:12,1996-06-10,0.107333
CDI:12,1996-06-11,0.107333
CDI:12,1996-06-12,0.107333
CDI:12,1996-06-13,0.107333
CDI:12,1996-06-14,0.107333
CDI:12,1996-06-17,0.107333
CDI:12,1996-06-18,0.105667
CDI:12,1996-06-19,0.106667
CDI:12,1996-06-20,0.103667
CDI:12,1996-06-21,0.101
CDI:12,1996-06-24,0.098667
CDI:12,1996-06-25,0.092
CDI:12,1996-06-26,0.09
CDI:12,1996-06-27,0.086
CDI:12,1996-06-28,0.083
CDI:12,1996-07-01,0.083
CDI:12,1996-07-02,0.083
CDI:12,1996-07-03,0.082667
CDI:12,1996-07-04,0.082333
CDI:12,1996-07-05,0.082667
CDI:12,1996-07-08,0.082333
CDI:12,1996-07-09,0.082333
CDI:12,1996-07-10,0.082
CDI:12,1996-07-11,0.082667
CDI:12,1996-07-12,0.082667
CDI:12,1996-07-15,0.082333
CDI:12,1996-07-16,0.082333
CDI:12,1996-07-17,0.082333
CDI:12,1996-07-18,0.082
CDI:12,1996-07-19,0.082
CDI:12,1996-07-22,0.082
CDI:12,1996-07-23,0.082
CDI:12,1996-07-24,0.082
CDI:12,1996-07-25,0.082
CDI:12,1996-07-26,0.082
CDI:12,1996-07-29,0.082
CDI:12,1996-07-30,0.082
CDI:12,1996-07-31,0.085333
CDI:12,1996-08-01,0.086
CDI:12,1996-08-02,0.087333
CDI:12,1996-08-05,0.09
CDI:12,1996-08-06,0.089
CDI:12,1996-08-07,0.089333
CDI:12,1996-08-08,0.089333
CDI:12,1996-08-09,0.089333
CDI:12,1996-08-12,0.089333
CDI:12,1996-08-13,0.089333
CDI:12,1996-08-14,0.089333
CDI:12,1996-08-15,0.089333
CDI:12,1996-08-16,0.089333
CDI:12,1996-08-19,0.089333
CDI:12,1996-08-20,0.088667
CDI:12,1996-08-21,0.087333
CDI:12,1996-08-22,0.086333
CDI:12,1996-08-23,0.086
CDI:12,1996-08-26,0.085667
CDI:12,1996-08-27,0.086
CDI:12,1996-08-28,0.085667
CDI:12,1996-08-29,0.085667
CDI:12,1996-08-30,0.087333
CDI:12,1996-09-02,0.087333
CDI:12,1996-09-03,0.088667
CDI:12,1996-09-04,0.088333
CDI:12,1996-09-05,0.088333
CDI:12,1996-09-06,0.088667
CDI:12,1996-09-09,0.088667
CDI:12,1996-09-10,0.089
CDI:12,1996-09-11,0.089667
CDI:12,1996-09-12,0.092333
CDI:12,1996-09-13,0.092333
CDI:12,1996-09-16,0.091333
CDI:12,1996-09-17,0.090333
CDI:12,1996-09-18,0.091
CDI:12,1996-09-19,0.091333
CDI:12,1996-09-20,0.09
CDI:12,1996-09-23,0.088333
CDI:12,1996-09-24,0.087667
CDI:12,1996-09-25,0.087
CDI:12,1996-09-26,0.087
CDI:12,1996-09-27,0.086667
CDI:12,1996-09-30,0.083667
CDI:12,1996-10-01,0.082333
CDI:12,1996-10-02,0.082333
CDI:12,1996-10-04,0.082667
CDI:12,1996-10-07,0.082333
CDI:12,1996-10-08,0.082667
CDI:12,1996-10-09,0.081667
CDI:12,1996-10-10,0.082333
CDI:12,1996-10-11,0.083667
CDI:12,1996-10-14,0.083667
CDI:12,1996-10-15,0.085667
CDI:12,1996-10-16,0.084333
CDI:12,1996-10-17,0.085333
CDI:12,1996-10-18,0.084
CDI:12,1996-10-21,0.083
CDI:12,1996-10-22,0.084
CDI:12,1996-10-23,0.082667
CDI:12,1996-10-24,0.083333
CDI:12,1996-10-25,0.083667
CDI:12,1996-10-28,0.083667
CDI:12,1996-10-29,0.084333
CDI:12,1996-10-30,0.084667
CDI:12,1996-10-31,0.088333
CDI:12,1996-11-01,0.089
CDI:12,1996-11-04,0.089333
CDI:12,1996-11-05,0.091
CDI:12,1996-11-06,0.089667
CDI:12,1996-11-07,0.090667
CDI:12,1996-11-08,0.09
CDI:12,1996-11-11,0.090333
CDI:12,1996-11-12,0.09
CDI:12,1996-11-13,0.089
CDI:12,1996-11-14,0.089333
CDI:12,1996-11-18,0.089
CDI:12,1996-11-19,0.089
CDI:12,1996-11-20,0.089
CDI:12,1996-11-21,0.088667
CDI:12,1996-11-22,0.088667
CDI:12,1996-11-25,0.088667
CDI:12,1996-11-26,0.088667
CDI:12,1996-11-27,0.087667
CDI:12,1996-11-28,0.088
CDI:12,1996-11-29,0.083667
CDI:12,1996-12-02,0.084
CDI:12,1996-12-03,0.083
CDI:12,1996-12-04,0.083
CDI:12,1996-12-05,0.084333
CDI:12,1996-12-06,0.083333
CDI:12,1996-12-09,0.083667
CDI:12,1996-12-10,0.084
CDI:12,1996-12-11,0.084
CDI:12,1996-12-12,0.084333
CDI:12,1996-12-13,0.084667
CDI:12,1996-12-16,0.084667
CDI:12,1996-12-17,0.085
CDI:12,1996-12-18,0.087
CDI:12,1996-12-19,0.085333
CDI:12,1996-12-20,0.085667
CDI:12,1996-12-23,0.086
CDI:12,1996-12-24,0.086
CDI:12,1996-12-26,0.085667
CDI:12,1996-12-27,0.085333
CDI:12,1996-12-30,0.083333
CDI:12,1996-12-31,0.083333
CDI:12,1997-01-02,0.077333
CDI:12,1997-01-03,0.077
CDI:12,1997-01-06,0.077
CDI:12,1997-01-07,0.077
CDI:12,1997-01-08,0.077
CDI:12,1997-01-09,0.077
CDI:12,1997-01-10,0.077667
CDI:12,1997-01-13,0.077667
CDI:12,1997-01-14,0.077667
CDI:12,1997-01-15,0.077667
CDI:12,1997-01-16,0.077667
CDI:12,1997-01-17,0.078
CDI:12,1997-01-20,0.078
CDI:12,1997-01-21,0.077667
CDI:12,1997-01-22,0.077667
CDI:12,1997-01-23,0.078
CDI:12,1997-01-24,0.078333
CDI:12,1997-01-27,0.078
CDI:12,1997-01-28,0.079333
CDI:12,1997-01-29,0.078
CDI:12,1997-01-30,0.081
CDI:12,1997-01-31,0.091667
CDI:12,1997-02-03,0.091667
CDI:12,1997-02-04,0.092333
CDI:12,1997-02-05,0.092
CDI:12,1997-02-06,0.092333
CDI:12,1997-02-07,0.092333
CDI:12,1997-02-12,0.092333
CDI:12,1997-02-13,0.093
CDI:12,1997-02-14,0.093
CDI:12,1997-02-17,0.092333
CDI:12,1997-02-18,0.092333
CDI:12,1997-02-19,0.092
CDI:12,1997-02-20,0.091667
CDI:12,1997-02-21,0.091667
CDI:12,1997-02-24,0.091333
CDI:12,1997-02-25,0.091
CDI:12,1997-02-26,0.090667
CDI:12,1997-02-27,0.090333
CDI:12,1997-02-28,0.085333
CDI:12,1997-03-03,0.085667
CDI:12,1997-03-04,0.085
CDI:12,1997-03-05,0.085
CDI:12,1997-03-06,0.085333
CDI:12,1997-03-07,0.085667
CDI:12,1997-03-10,0.085333
CDI:12,1997-03-11,0.085667
CDI:12,1997-03-12,0.085333
CDI:12,1997-03-13,0.085667
CDI:12,1997-03-14,0.085667
CDI:12,1997-03-17,0.085667
CDI:12,1997-03-18,0.085667
CDI:12,1997-03-19,0.085333
CDI:12,1997-03-20,0.085333
CDI:12,1997-03-21,0.085333
CDI:12,1997-03-24,0.085333
CDI:12,1997-03-25,0.085333
CDI:12,1997-03-26,0.085333
CDI:12,1997-03-31,0.075667
CDI:12,1997-04-01,0.075667
CDI:12,1997-04-02,0.075667
CDI:12,1997-04-03,0.075667
CDI:12,1997-04-04,0.076333
CDI:12,1997-04-07,0.077333
CDI:12,1997-04-08,0.080333
CDI:12,1997-04-09,0.078667
CDI:12,1997-04-10,0.081667
CDI:12,1997-04-11,0.082333
CDI:12,1997-04-14,0.082
CDI:12,1997-04-15,0.079333
CDI:12,1997-04-16,0.080667
CDI:12,1997-04-17,0.082333
CDI:12,1997-04-18,0.078667
CDI:12,1997-04-22,0.077
CDI:12,1997-04-23,0.076
CDI:12,1997-04-24,0.075667
CDI:12,1997-04-25,0.076
CDI:12,1997-04-28,0.076333
CDI:12,1997-04-29,0.076333
CDI:12,1997-04-30,0.079333
CDI:12,1997-05-02,0.078667
CDI:12,1997-05-05,0.078333
CDI:12,1997-05-06,0.078667
CDI:12,1997-05-07,0.078667
CDI:12,1997-05-08,0.078667
CDI:12,1997-05-09,0.079333
CDI:12,1997-05-12,0.079
CDI:12,1997-05-13,0.079
CDI:12,1997-05-14,0.079
CDI:12,1997-05-15,0.079
CDI:12,1997-05-16,0.079
CDI:12,1997-05-19,0.079
CDI:12,1997-05-20,0.079
CDI:12,1997-05-21,0.079
CDI:12,1997-05-22,0.079
CDI:12,1997-05-23,0.078667
CDI:12,1997-05-26,0.078333
CDI:12,1997-05-27,0.076667
CDI:12,1997-05-28,0.075
CDI:12,1997-05-30,0.074667
CDI:12,1997-06-02,0.074667
CDI:12,1997-06-03,0.075
CDI:12,1997-06-04,0.075
CDI:12,1997-06-05,0.075333
CDI:12,1997-06-06,0.076333
CDI:12,1997-06-09,0.076
CDI:12,1997-06-10,0.076
CDI:12,1997-06-11,0.076
CDI:12,1997-06-12,0.076333
CDI:12,1997-06-13,0.076
CDI:12,1997-06-16,0.076333
CDI:12,1997-06-17,0.076333
CDI:12,1997-06-18,0.076
CDI:12,1997-06-19,0.076
CDI:12,1997-06-20,0.075667
CDI:12,1997-06-23,0.075667
CDI:12,1997-06-24,0.075667
CDI:12,1997-06-25,0.074667
CDI:12,1997-06-26,0.074333
CDI:12,1997-06-27,0.074
CDI:12,1997-06-30,0.068667
CDI:12,1997-07-01,0.068667
CDI:12,1997-07-02,0.068667
CDI:12,1997-07-03,0.068667
CDI:12,1997-07-04,0.069
CDI:12,1997-07-07,0.069333
CDI:12,1997-07-08,0.069667
CDI:12,1997-07-09,0.069333
CDI:12,1997-07-10,0.069333
CDI:12,1997-07-11,0.069667
CDI:12,1997-07-14,0.069667
CDI:12,1997-07-15,0.069333
CDI:12,1997-07-16,0.069333
CDI:12,1997-07-17,0.069333
CDI:12,1997-07-18,0.069
CDI:12,1997-07-21,0.069
CDI:12,1997-07-22,0.068667
CDI:12,1997-07-23,0.068667
CDI:12,1997-07-24,0.068667
CDI:12,1997-07-25,0.068667
CDI:12,1997-07-28,0.068667
CDI:12,1997-07-29,0.068667
CDI:12,1997-07-30,0.068667
CDI:12,1997-07-31,0.075
CDI:12,1997-08-01,0.074667
CDI:12,1997-08-04,0.074333
CDI:12,1997-08-05,0.074333
CDI:12,1997-08-06,0.074
CDI:12,1997-08-07,0.074333
CDI:12,1997-08-08,0.074667
CDI:12,1997-08-11,0.075
CDI:12,1997-08-12,0.075667
CDI:12,1997-08-13,0.075667
CDI:12,1997-08-14,0.075333
CDI:12,1997-08-15,0.075333
CDI:12,1997-08-18,0.075
CDI:12,1997-08-19,0.075
CDI:12,1997-08-20,0.075
CDI:12,1997-08-21,0.075
CDI:12,1997-08-22,0.075
CDI:12,1997-08-25,0.074667
CDI:12,1997-08-26,0.074667
CDI:12,1997-08-27,0.074667
CDI:12,1997-08-28,0.074667
CDI:12,1997-08-29,0.072
CDI:12,1997-09-01,0.072
CDI:12,1997-09-02,0.071667
CDI:12,1997-09-03,0.071667
CDI:12,1997-09-04,0.071667
CDI:12,1997-09-05,0.071667
CDI:12,1997-09-08,0.071667
CDI:12,1997-09-09,0.071667
CDI:12,1997-09-10,0.071667
CDI:12,1997-09-11,0.071667
CDI:12,1997-09-12,0.072
CDI:12,1997-09-15,0.072
CDI:12,1997-09-16,0.071667
CDI:12,1997-09-17,0.071667
CDI:12,1997-09-18,0.071667
CDI:12,1997-09-19,0.071667
CDI:12,1997-09-22,0.071667
CDI:12,1997-09-23,0.071667
CDI:12,1997-09-24,0.071
CDI:12,1997-09-25,0.070667
CDI:12,1997-09-26,0.070333
CDI:12,1997-09-29,0.069
CDI:12,1997-09-30,0.069
CDI:12,1997-10-01,0.068667
CDI:12,1997-10-02,0.068333
CDI:12,1997-10-03,0.068333
CDI:12,1997-10-06,0.068333
CDI:12,1997-10-07,0.068333
CDI:12,1997-10-08,0.068333
CDI:12,1997-10-09,0.068333
CDI:12,1997-10-10,0.068333
CDI:12,1997-10-13,0.068333
CDI:12,1997-10-14,0.068667
CDI:12,1997-10-15,0.069
CDI:12,1997-10-16,0.069
CDI:12,1997-10-17,0.069
CDI:12,1997-10-20,0.068667
CDI:12,1997-10-21,0.068667
CDI:12,1997-10-22,0.068667
CDI:12,1997-10-23,0.068667
CDI:12,1997-10-24,0.068333
CDI:12,1997-10-27,0.068667
CDI:12,1997-10-28,0.069333
CDI:12,1997-10-29,0.07
CDI:12,1997-10-30,0.072333
CDI:12,1997-10-31,0.154
CDI:12,1997-11-03,0.146667
CDI:12,1997-11-04,0.146667
CDI:12,1997-11-05,0.146333
CDI:12,1997-11-06,0.147667
CDI:12,1997-11-07,0.148333
CDI:12,1997-11-10,0.148333
CDI:12,1997-11-11,0.148333
CDI:12,1997-11-12,0.148333
CDI:12,1997-11-13,0.148333
CDI:12,1997-11-14,0.148333
CDI:12,1997-11-17,0.148333
CDI:12,1997-11-18,0.148333
CDI:12,1997-11-19,0.148333
CDI:12,1997-11-20,0.148333
CDI:12,1997-11-21,0.148333
CDI:12,1997-11-24,0.148333
CDI:12,1997-11-25,0.148333
CDI:12,1997-11-26,0.148333
CDI:12,1997-11-27,0.149333
CDI:12,1997-11-28,0.13
CDI:12,1997-12-01,0.128333
CDI:12,1997-12-02,0.128333
CDI:12,1997-12-03,0.128667
CDI:12,1997-12-04,0.129667
CDI:12,1997-12-05,0.129333
CDI:12,1997-12-08,0.129
CDI:12,1997-12-09,0.129
CDI:12,1997-12-10,0.129
CDI:12,1997-12-11,0.129
CDI:12,1997-12-12,0.129
CDI:12,1997-12-15,0.129
CDI:12,1997-12-16,0.129
CDI:12,1997-12-17,0.13
CDI:12,1997-12-18,0.133333
CDI:12,1997-12-19,0.133333
CDI:12,1997-12-22,0.135
CDI:12,1997-12-23,0.133667
CDI:12,1997-12-24,0.133667
CDI:12,1997-12-26,0.133333
CDI:12,1997-12-29,0.133667
CDI:12,1997-12-30,0.131
CDI:12,1997-12-31,0.131
CDI:12,1998-01-02,0.128209
CDI:12,1998-01-05,0.128065
CDI:12,1998-01-06,0.128094
CDI:12,1998-01-07,0.128152
CDI:12,1998-01-08,0.12818
CDI:12,1998-01-09,0.128152
CDI:12,1998-01-12,0.12818
CDI:12,1998-01-13,0.128123
CDI:12,1998-01-14,0.126595
CDI:12,1998-01-15,0.126624
CDI:12,1998-01-16,0.126768
CDI:12,1998-01-19,0.12619
CDI:12,1998-01-20,0.125988
CDI:12,1998-01-21,0.125843
CDI:12,1998-01-22,0.125206
CDI:12,1998-01-23,0.123958
CDI:12,1998-01-26,0.123113
CDI:12,1998-01-27,0.122997
CDI:12,1998-01-28,0.121332
CDI:12,1998-01-29,0.116265
CDI:12,1998-01-30,0.116947
CDI:12,1998-02-02,0.116651
CDI:12,1998-02-03,0.116888
CDI:12,1998-02-04,0.116799
CDI:12,1998-02-05,0.116828
CDI:12,1998-02-06,0.116858
CDI:12,1998-02-09,0.11674
CDI:12,1998-02-10,0.116503
CDI:12,1998-02-11,0.116414
CDI:12,1998-02-12,0.116473
CDI:12,1998-02-13,0.116384
CDI:12,1998-02-16,0.116028
CDI:12,1998-02-17,0.116088
CDI:12,1998-02-18,0.115939
CDI:12,1998-02-19,0.115464
CDI:12,1998-02-20,0.114394
CDI:12,1998-02-25,0.114125
CDI:12,1998-02-26,0.113976
CDI:12,1998-02-27,0.114066
CDI:12,1998-03-02,0.113976
CDI:12,1998-03-03,0.112662
CDI:12,1998-03-04,0.100637
CDI:12,1998-03-05,0.096765
CDI:12,1998-03-06,0.096858
CDI:12,1998-03-09,0.096858
CDI:12,1998-03-10,0.09689
CDI:12,1998-03-11,0.096796
CDI:12,1998-03-12,0.096578
CDI:12,1998-03-13,0.096858
CDI:12,1998-03-16,0.096578
CDI:12,1998-03-17,0.096454
CDI:12,1998-03-18,0.096173
CDI:12,1998-03-19,0.096298
CDI:12,1998-03-20,0.096173
CDI:12,1998-03-23,0.096142
CDI:12,1998-03-24,0.095986
CDI:12,1998-03-25,0.095986
CDI:12,1998-03-26,0.096048
CDI:12,1998-03-27,0.095955
CDI:12,1998-03-30,0.095674
CDI:12,1998-03-31,0.09558
CDI:12,1998-04-01,0.095737
CDI:12,1998-04-02,0.095643
CDI:12,1998-04-03,0.095893
CDI:12,1998-04-06,0.096952
CDI:12,1998-04-07,0.097853
CDI:12,1998-04-08,0.097543
CDI:12,1998-04-13,0.097418
CDI:12,1998-04-14,0.095955
CDI:12,1998-04-15,0.081245
CDI:12,1998-04-16,0.083311
CDI:12,1998-04-17,0.083053
CDI:12,1998-04-20,0.082924
CDI:12,1998-04-22,0.082827
CDI:12,1998-04-23,0.082795
CDI:12,1998-04-24,0.082731
CDI:12,1998-04-27,0.082666
CDI:12,1998-04-28,0.082731
CDI:12,1998-04-29,0.082473
CDI:12,1998-04-30,0.081633
CDI:12,1998-05-04,0.082279
CDI:12,1998-05-05,0.083407
CDI:12,1998-05-06,0.082795
CDI:12,1998-05-07,0.082699
CDI:12,1998-05-08,0.083053
CDI:12,1998-05-11,0.082924
CDI:12,1998-05-12,0.083053
CDI:12,1998-05-13,0.082731
CDI:12,1998-05-14,0.082956
CDI:12,1998-05-15,0.082537
CDI:12,1998-05-18,0.082182
CDI:12,1998-05-19,0.082247
CDI:12,1998-05-20,0.079363
CDI:12,1998-05-21,0.077603
CDI:12,1998-05-22,0.077571
CDI:12,1998-05-25,0.077603
CDI:12,1998-05-26,0.077538
CDI:12,1998-05-27,0.077701
CDI:12,1998-05-28,0.077669
CDI:12,1998-05-29,0.077309
CDI:12,1998-06-01,0.076098
CDI:12,1998-06-02,0.076
CDI:12,1998-06-03,0.076098
CDI:12,1998-06-04,0.075901
CDI:12,1998-06-05,0.075901
CDI:12,1998-06-08,0.075934
CDI:12,1998-06-09,0.075803
CDI:12,1998-06-10,0.075836
CDI:12,1998-06-12,0.075868
CDI:12,1998-06-15,0.075901
CDI:12,1998-06-16,0.075901
CDI:12,1998-06-17,0.076131
CDI:12,1998-06-18,0.075967
CDI:12,1998-06-19,0.076032
CDI:12,1998-06-22,0.075868
CDI:12,1998-06-23,0.075573
CDI:12,1998-06-24,0.073862
CDI:12,1998-06-25,0.074225
CDI:12,1998-06-26,0.074225
CDI:12,1998-06-29,0.073994
CDI:12,1998-06-30,0.073796
CDI:12,1998-07-01,0.073796
CDI:12,1998-07-02,0.073698
CDI:12,1998-07-03,0.073533
CDI:12,1998-07-06,0.073467
CDI:12,1998-07-07,0.073368
CDI:12,1998-07-08,0.073763
CDI:12,1998-07-09,0.073928
CDI:12,1998-07-10,0.073599
CDI:12,1998-07-13,0.073599
CDI:12,1998-07-14,0.073566
CDI:12,1998-07-15,0.073599
CDI:12,1998-07-16,0.073599
CDI:12,1998-07-17,0.073665
CDI:12,1998-07-20,0.073599
CDI:12,1998-07-21,0.073599
CDI:12,1998-07-22,0.073202
CDI:12,1998-07-23,0.072938
CDI:12,1998-07-24,0.072608
CDI:12,1998-07-27,0.072475
CDI:12,1998-07-28,0.071979
CDI:12,1998-07-29,0.071216
CDI:12,1998-07-30,0.070751
CDI:12,1998-07-31,0.070851
CDI:12,1998-08-03,0.070651
CDI:12,1998-08-04,0.070552
CDI:12,1998-08-05,0.070385
CDI:12,1998-08-06,0.070186
CDI:12,1998-08-07,0.070086
CDI:12,1998-08-10,0.069986
CDI:12,1998-08-11,0.069786
CDI:12,1998-08-12,0.06962
CDI:12,1998-08-13,0.069586
CDI:12,1998-08-14,0.06952
CDI:12,1998-08-17,0.069586
CDI:12,1998-08-18,0.069586
CDI:12,1998-08-19,0.06942
CDI:12,1998-08-20,0.069353
CDI:12,1998-08-21,0.069286
CDI:12,1998-08-24,0.06932
CDI:12,1998-08-25,0.069186
CDI:12,1998-08-26,0.069186
CDI:12,1998-08-27,0.06912
CDI:12,1998-08-28,0.068919
CDI:12,1998-08-31,0.06902
CDI:12,1998-09-01,0.069153
CDI:12,1998-09-02,0.06922
CDI:12,1998-09-03,0.069386
CDI:12,1998-09-04,0.069953
CDI:12,1998-09-08,0.103586
CDI:12,1998-09-09,0.105692
CDI:12,1998-09-10,0.107241
CDI:12,1998-09-11,0.139442
CDI:12,1998-09-14,0.135705
CDI:12,1998-09-15,0.132615
CDI:12,1998-09-16,0.131047
CDI:12,1998-09-17,0.131533
CDI:12,1998-09-18,0.131704
CDI:12,1998-09-21,0.133269
CDI:12,1998-09-22,0.133269
CDI:12,1998-09-23,0.133241
CDI:12,1998-09-24,0.131789
CDI:12,1998-09-25,0.133553
CDI:12,1998-09-28,0.133809
CDI:12,1998-09-29,0.133979
CDI:12,1998-09-30,0.134319
CDI:12,1998-10-01,0.134828
CDI:12,1998-10-02,0.135027
CDI:12,1998-10-05,0.135479
CDI:12,1998-10-06,0.135676
CDI:12,1998-10-07,0.135592
CDI:12,1998-10-08,0.1361
CDI:12,1998-10-09,0.136438
CDI:12,1998-10-13,0.136776
CDI:12,1998-10-14,0.137226
CDI:12,1998-10-15,0.137508
CDI:12,1998-10-16,0.137592
CDI:12,1998-10-19,0.13776
CDI:12,1998-10-20,0.137985
CDI:12,1998-10-21,0.138378
CDI:12,1998-10-22,0.138434
CDI:12,1998-10-23,0.13863
CDI:12,1998-10-26,0.138882
CDI:12,1998-10-27,0.138966
CDI:12,1998-10-28,0.139078
CDI:12,1998-10-29,0.139414
CDI:12,1998-10-30,0.139582
CDI:12,1998-11-03,0.139834
CDI:12,1998-11-04,0.139162
CDI:12,1998-11-05,0.138742
CDI:12,1998-11-06,0.13877
CDI:12,1998-11-09,0.138574
CDI:12,1998-11-10,0.138378
CDI:12,1998-11-11,0.124016
CDI:12,1998-11-12,0.129157
CDI:12,1998-11-13,0.128209
CDI:12,1998-11-16,0.127288
CDI:12,1998-11-17,0.125554
CDI:12,1998-11-18,0.124277
CDI:12,1998-11-19,0.12253
CDI:12,1998-11-20,0.121478
CDI:12,1998-11-23,0.120042
CDI:12,1998-11-24,0.118836
CDI:12,1998-11-25,0.117656
CDI:12,1998-11-26,0.117922
CDI:12,1998-11-27,0.117331
CDI:12,1998-11-30,0.116828
CDI:12,1998-12-01,0.115969
CDI:12,1998-12-02,0.115108
CDI:12,1998-12-03,0.114572
CDI:12,1998-12-04,0.114155
CDI:12,1998-12-07,0.113529
CDI:12,1998-12-08,0.113171
CDI:12,1998-12-09,0.112333
CDI:12,1998-12-10,0.111764
CDI:12,1998-12-11,0.111224
CDI:12,1998-12-14,0.110743
CDI:12,1998-12-15,0.110142
CDI:12,1998-12-16,0.099402
CDI:12,1998-12-17,0.101746
CDI:12,1998-12-18,0.101192
CDI:12,1998-12-21,0.100514
CDI:12,1998-12-22,0.101038
CDI:12,1998-12-23,0.100699
CDI:12,1998-12-24,0.100699
CDI:12,1998-12-28,0.100545
CDI:12,1998-12-29,0.100514
CDI:12,1998-12-30,0.101192
CDI:12,1998-12-31,0.101192
CDI:12,1999-01-04,0.100761
CDI:12,1999-01-05,0.10073
CDI:12,1999-01-06,0.10073
CDI:12,1999-01-07,0.101192
CDI:12,1999-01-08,0.101223
CDI:12,1999-01-11,0.101869
CDI:12,1999-01-12,0.1015
CDI:12,1999-01-13,0.103188
CDI:12,1999-01-14,0.103188
CDI:12,1999-01-15,0.103555
CDI:12,1999-01-18,0.103157
CDI:12,1999-01-19,0.10975
CDI:12,1999-01-20,0.111224
CDI:12,1999-01-21,0.111524
CDI:12,1999-01-22,0.111134
CDI:12,1999-01-25,0.111074
CDI:12,1999-01-26,0.110954
CDI:12,1999-01-27,0.119366
CDI:12,1999-01-28,0.119866
CDI:12,1999-01-29,0.126075
CDI:12,1999-02-01,0.132388
CDI:12,1999-02-02,0.12887
CDI:12,1999-02-03,0.128641
CDI:12,1999-02-04,0.128641
CDI:12,1999-02-05,0.128727
CDI:12,1999-02-08,0.128842
CDI:12,1999-02-09,0.12887
CDI:12,1999-02-10,0.128957
CDI:12,1999-02-11,0.128928
CDI:12,1999-02-12,0.128985
CDI:12,1999-02-17,0.128957
CDI:12,1999-02-18,0.128985
CDI:12,1999-02-19,0.128957
CDI:12,1999-02-22,0.128957
CDI:12,1999-02-23,0.128957
CDI:12,1999-02-24,0.128928
CDI:12,1999-02-25,0.128899
CDI:12,1999-02-26,0.129071
CDI:12,1999-03-01,0.129129
CDI:12,1999-03-02,0.129043
CDI:12,1999-03-03,0.129071
CDI:12,1999-03-04,0.129387
CDI:12,1999-03-05,0.145549
CDI:12,1999-03-08,0.145604
CDI:12,1999-03-09,0.145273
CDI:12,1999-03-10,0.145301
CDI:12,1999-03-11,0.145714
CDI:12,1999-03-12,0.145631
CDI:12,1999-03-15,0.145549
CDI:12,1999-03-16,0.145466
CDI:12,1999-03-17,0.145604
CDI:12,1999-03-18,0.145742
CDI:12,1999-03-19,0.145521
CDI:12,1999-03-22,0.145494
CDI:12,1999-03-23,0.145439
CDI:12,1999-03-24,0.145494
CDI:12,1999-03-25,0.137367
CDI:12,1999-03-26,0.137311
CDI:12,1999-03-29,0.137311
CDI:12,1999-03-30,0.137198
CDI:12,1999-03-31,0.131504
CDI:12,1999-04-05,0.129846
CDI:12,1999-04-06,0.129416
CDI:12,1999-04-07,0.12933
CDI:12,1999-04-08,0.129444
CDI:12,1999-04-09,0.129502
CDI:12,1999-04-12,0.129674
CDI:12,1999-04-13,0.129588
CDI:12,1999-04-14,0.112483
CDI:12,1999-04-15,0.114304
CDI:12,1999-04-16,0.114304
CDI:12,1999-04-19,0.114423
CDI:12,1999-04-20,0.114036
CDI:12,1999-04-22,0.11338
CDI:12,1999-04-23,0.111554
CDI:12,1999-04-26,0.111464
CDI:12,1999-04-27,0.111164
CDI:12,1999-04-28,0.110473
CDI:12,1999-04-29,0.108543
CDI:12,1999-04-30,0.108452
CDI:12,1999-05-03,0.108301
CDI:12,1999-05-04,0.108422
CDI:12,1999-05-05,0.108362
CDI:12,1999-05-06,0.108059
CDI:12,1999-05-07,0.104778
CDI:12,1999-05-10,0.10113
CDI:12,1999-05-11,0.100946
CDI:12,1999-05-12,0.100884
CDI:12,1999-05-13,0.093546
CDI:12,1999-05-14,0.093075
CDI:12,1999-05-17,0.09169
CDI:12,1999-05-18,0.090522
CDI:12,1999-05-19,0.081504
CDI:12,1999-05-20,0.081859
CDI:12,1999-05-21,0.081795
CDI:12,1999-05-24,0.081698
CDI:12,1999-05-25,0.081795
CDI:12,1999-05-26,0.08173
CDI:12,1999-05-27,0.080824
CDI:12,1999-05-28,0.080402
CDI:12,1999-05-31,0.080175
CDI:12,1999-06-01,0.080208
CDI:12,1999-06-02,0.080565
CDI:12,1999-06-04,0.080694
CDI:12,1999-06-07,0.080662
CDI:12,1999-06-08,0.080824
CDI:12,1999-06-09,0.077636
CDI:12,1999-06-10,0.077734
CDI:12,1999-06-11,0.077767
CDI:12,1999-06-14,0.077767
CDI:12,1999-06-15,0.07793
CDI:12,1999-06-16,0.077701
CDI:12,1999-06-17,0.077407
CDI:12,1999-06-18,0.077277
CDI:12,1999-06-21,0.077342
CDI:12,1999-06-22,0.077244
CDI:12,1999-06-23,0.071912
CDI:12,1999-06-24,0.074357
CDI:12,1999-06-25,0.074488
CDI:12,1999-06-28,0.074324
CDI:12,1999-06-29,0.074291
CDI:12,1999-06-30,0.07406
CDI:12,1999-07-01,0.073763
CDI:12,1999-07-02,0.073763
CDI:12,1999-07-05,0.0735
CDI:12,1999-07-06,0.073533
CDI:12,1999-07-07,0.073401
CDI:12,1999-07-08,0.073037
CDI:12,1999-07-09,0.072971
CDI:12,1999-07-12,0.073202
CDI:12,1999-07-13,0.073599
CDI:12,1999-07-14,0.073599
CDI:12,1999-07-15,0.073599
CDI:12,1999-07-16,0.073599
CDI:12,1999-07-19,0.073665
CDI:12,1999-07-20,0.073796
CDI:12,1999-07-21,0.073665
CDI:12,1999-07-22,0.073862
CDI:12,1999-07-23,0.073632
CDI:12,1999-07-26,0.073731
CDI:12,1999-07-27,0.073731
CDI:12,1999-07-28,0.072608
CDI:12,1999-07-29,0.06992
CDI:12,1999-07-30,0.069986
CDI:12,1999-08-02,0.069953
CDI:12,1999-08-03,0.069886
CDI:12,1999-08-04,0.069853
CDI:12,1999-08-05,0.069853
CDI:12,1999-08-06,0.069786
CDI:12,1999-08-09,0.069753
CDI:12,1999-08-10,0.06982
CDI:12,1999-08-11,0.069853
CDI:12,1999-08-12,0.06982
CDI:12,1999-08-13,0.069853
CDI:12,1999-08-16,0.06982
CDI:12,1999-08-17,0.069753
CDI:12,1999-08-18,0.069753
CDI:12,1999-08-19,0.069786
CDI:12,1999-08-20,0.069686
CDI:12,1999-08-23,0.069653
CDI:12,1999-08-24,0.069653
CDI:12,1999-08-25,0.069586
CDI:12,1999-08-26,0.06982
CDI:12,1999-08-27,0.069653
CDI:12,1999-08-30,0.069753
CDI:12,1999-08-31,0.069753
CDI:12,1999-09-01,0.068953
CDI:12,1999-09-02,0.06982
CDI:12,1999-09-03,0.069753
CDI:12,1999-09-06,0.069553
CDI:12,1999-09-08,0.069686
CDI:12,1999-09-09,0.069686
CDI:12,1999-09-10,0.070252
CDI:12,1999-09-13,0.070319
CDI:12,1999-09-14,0.06992
CDI:12,1999-09-15,0.069586
CDI:12,1999-09-16,0.069686
CDI:12,1999-09-17,0.069753
CDI:12,1999-09-20,0.06982
CDI:12,1999-09-21,0.069953
CDI:12,1999-09-22,0.068786
CDI:12,1999-09-23,0.068719
CDI:12,1999-09-24,0.068719
CDI:12,1999-09-27,0.068719
CDI:12,1999-09-28,0.068686
CDI:12,1999-09-29,0.068652
CDI:12,1999-09-30,0.068585
CDI:12,1999-10-01,0.068719
CDI:12,1999-10-04,0.068619
CDI:12,1999-10-05,0.068585
CDI:12,1999-10-06,0.068084
CDI:12,1999-10-07,0.068485
CDI:12,1999-10-08,0.068452
CDI:12,1999-10-11,0.068285
CDI:12,1999-10-13,0.068318
CDI:12,1999-10-14,0.068318
CDI:12,1999-10-15,0.068285
CDI:12,1999-10-18,0.068285
CDI:12,1999-10-19,0.068318
CDI:12,1999-10-20,0.068285
CDI:12,1999-10-21,0.068218
CDI:12,1999-10-22,0.068151
CDI:12,1999-10-25,0.068017
CDI:12,1999-10-26,0.068051
CDI:12,1999-10-27,0.068017
CDI:12,1999-10-28,0.068017
CDI:12,1999-10-29,0.068051
CDI:12,1999-11-01,0.068084
CDI:12,1999-11-03,0.068051
CDI:12,1999-11-04,0.068051
CDI:12,1999-11-05,0.068017
CDI:12,1999-11-08,0.068017
CDI:12,1999-11-09,0.067984
CDI:12,1999-11-10,0.067247
CDI:12,1999-11-11,0.068184
CDI:12,1999-11-12,0.068251
CDI:12,1999-11-16,0.068285
CDI:12,1999-11-17,0.068285
CDI:12,1999-11-18,0.068352
CDI:12,1999-11-19,0.068385
CDI:12,1999-11-22,0.068352
CDI:12,1999-11-23,0.068318
CDI:12,1999-11-24,0.068318
CDI:12,1999-11-25,0.068318
CDI:12,1999-11-26,0.068385
CDI:12,1999-11-29,0.068318
CDI:12,1999-11-30,0.068418
CDI:12,1999-12-01,0.068418
CDI:12,1999-12-02,0.068385
CDI:12,1999-12-03,0.068418
CDI:12,1999-12-06,0.068452
CDI:12,1999-12-07,0.068318
CDI:12,1999-12-08,0.068218
CDI:12,1999-12-09,0.068218
CDI:12,1999-12-10,0.068184
CDI:12,1999-12-13,0.068184
CDI:12,1999-12-14,0.068184
CDI:12,1999-12-15,0.068184
CDI:12,1999-12-16,0.068251
CDI:12,1999-12-17,0.068218
CDI:12,1999-12-20,0.068285
CDI:12,1999-12-21,0.068318
CDI:12,1999-12-22,0.068285
CDI:12,1999-12-23,0.068318
CDI:12,1999-12-24,0.068318
CDI:12,1999-12-27,0.068184
CDI:12,1999-12-28,0.068184
CDI:12,1999-12-29,0.068151
CDI:12,1999-12-30,0.068485
CDI:12,1999-12-31,0.068485
CDI:12,2000-01-03,0.068318
CDI:12,2000-01-04,0.068218
CDI:12,2000-01-05,0.068184
CDI:12,2000-01-06,0.068218
CDI:12,2000-01-07,0.068218
CDI:12,2000-01-10,0.068218
CDI:12,2000-01-11,0.068285
CDI:12,2000-01-12,0.068184
CDI:12,2000-01-13,0.068184
CDI:12,2000-01-14,0.068251
CDI:12,2000-01-17,0.068184
CDI:12,2000-01-18,0.068151
CDI:12,2000-01-19,0.067984
CDI:12,2000-01-20,0.06795
CDI:12,2000-01-21,0.068251
CDI:12,2000-01-24,0.068251
CDI:12,2000-01-25,0.068285
CDI:12,2000-01-26,0.068117
CDI:12,2000-01-27,0.068017
CDI:12,2000-01-28,0.068017
CDI:12,2000-01-31,0.067984
CDI:12,2000-02-01,0.068084
CDI:12,2000-02-02,0.068051
CDI:12,2000-02-03,0.068051
CDI:12,2000-02-04,0.068117
CDI:12,2000-02-07,0.068017
CDI:12,2000-02-08,0.068117
CDI:12,2000-02-09,0.068017
CDI:12,2000-02-10,0.068084
CDI:12,2000-02-11,0.068051
CDI:12,2000-02-14,0.068051
CDI:12,2000-02-15,0.068084
CDI:12,2000-02-16,0.068151
CDI:12,2000-02-17,0.068051
CDI:12,2000-02-18,0.068184
CDI:12,2000-02-21,0.068318
CDI:12,2000-02-22,0.068251
CDI:12,2000-02-23,0.068251
CDI:12,2000-02-24,0.068218
CDI:12,2000-02-25,0.068184
CDI:12,2000-02-28,0.068151
CDI:12,2000-02-29,0.068251
CDI:12,2000-03-01,0.068218
CDI:12,2000-03-02,0.068251
CDI:12,2000-03-03,0.068218
CDI:12,2000-03-08,0.068218
CDI:12,2000-03-09,0.068251
CDI:12,2000-03-10,0.068251
CDI:12,2000-03-13,0.068251
CDI:12,2000-03-14,0.068318
CDI:12,2000-03-15,0.068318
CDI:12,2000-03-16,0.068318
CDI:12,2000-03-17,0.068251
CDI:12,2000-03-20,0.068251
CDI:12,2000-03-21,0.068285
CDI:12,2000-03-22,0.067682
CDI:12,2000-03-23,0.068084
CDI:12,2000-03-24,0.068352
CDI:12,2000-03-27,0.068318
CDI:12,2000-03-28,0.068251
CDI:12,2000-03-29,0.067079
CDI:12,2000-03-30,0.066979
CDI:12,2000-03-31,0.066945
CDI:12,2000-04-03,0.066878
CDI:12,2000-04-04,0.066912
CDI:12,2000-04-05,0.067046
CDI:12,2000-04-06,0.067079
CDI:12,2000-04-07,0.067046
CDI:12,2000-04-10,0.067012
CDI:12,2000-04-11,0.067046
CDI:12,2000-04-12,0.067079
CDI:12,2000-04-13,0.06718
CDI:12,2000-04-14,0.067314
CDI:12,2000-04-17,0.067314
CDI:12,2000-04-18,0.067314
CDI:12,2000-04-19,0.067146
CDI:12,2000-04-20,0.06728
CDI:12,2000-04-24,0.06728
CDI:12,2000-04-25,0.06728
CDI:12,2000-04-26,0.06728
CDI:12,2000-04-27,0.06728
CDI:12,2000-04-28,0.06728
CDI:12,2000-05-02,0.067347
CDI:12,2000-05-03,0.067347
CDI:12,2000-05-04,0.067414
CDI:12,2000-05-05,0.067414
CDI:12,2000-05-08,0.067314
CDI:12,2000-05-09,0.06718
CDI:12,2000-05-10,0.06718
CDI:12,2000-05-11,0.06718
CDI:12,2000-05-12,0.067113
CDI:12,2000-05-15,0.067113
CDI:12,2000-05-16,0.067113
CDI:12,2000-05-17,0.067079
CDI:12,2000-05-18,0.067079
CDI:12,2000-05-19,0.067079
CDI:12,2000-05-22,0.067079
CDI:12,2000-05-23,0.067079
CDI:12,2000-05-24,0.067113
CDI:12,2000-05-25,0.067113
CDI:12,2000-05-26,0.067146
CDI:12,2000-05-29,0.067113
CDI:12,2000-05-30,0.067046
CDI:12,2000-05-31,0.067012
CDI:12,2000-06-01,0.066979
CDI:12,2000-06-02,0.066945
CDI:12,2000-06-05,0.066878
CDI:12,2000-06-06,0.066777
CDI:12,2000-06-07,0.066643
CDI:12,2000-06-08,0.066576
CDI:12,2000-06-09,0.066576
CDI:12,2000-06-12,0.066542
CDI:12,2000-06-13,0.066509
CDI:12,2000-06-14,0.066475
CDI:12,2000-06-15,0.066509
CDI:12,2000-06-16,0.066542
CDI:12,2000-06-19,0.066509
CDI:12,2000-06-20,0.066206
CDI:12,2000-06-21,0.063779
CDI:12,2000-06-23,0.063678
CDI:12,2000-06-26,0.063509
CDI:12,2000-06-27,0.063407
CDI:12,2000-06-28,0.062967
CDI:12,2000-06-29,0.063102
CDI:12,2000-06-30,0.063035
CDI:12,2000-07-03,0.062899
CDI:12,2000-07-04,0.062933
CDI:12,2000-07-05,0.063001
CDI:12,2000-07-06,0.063068
CDI:12,2000-07-07,0.062967
CDI:12,2000-07-10,0.062119
CDI:12,2000-07-11,0.061983
CDI:12,2000-07-12,0.061949
CDI:12,2000-07-13,0.061915
CDI:12,2000-07-14,0.061949
CDI:12,2000-07-17,0.061949
CDI:12,2000-07-18,0.061915
CDI:12,2000-07-19,0.061745
CDI:12,2000-07-20,0.060588
CDI:12,2000-07-21,0.06052
CDI:12,2000-07-24,0.060452
CDI:12,2000-07-25,0.060383
CDI:12,2000-07-26,0.060349
CDI:12,2000-07-27,0.060315
CDI:12,2000-07-28,0.060281
CDI:12,2000-07-31,0.060213
CDI:12,2000-08-01,0.060179
CDI:12,2000-08-02,0.060179
CDI:12,2000-08-03,0.060179
CDI:12,2000-08-04,0.060179
CDI:12,2000-08-07,0.060213
CDI:12,2000-08-08,0.060247
CDI:12,2000-08-09,0.060213
CDI:12,2000-08-10,0.060281
CDI:12,2000-08-11,0.060383
CDI:12,2000-08-14,0.060452
CDI:12,2000-08-15,0.060315
CDI:12,2000-08-16,0.060247
CDI:12,2000-08-17,0.060315
CDI:12,2000-08-18,0.060349
CDI:12,2000-08-21,0.060554
CDI:12,2000-08-22,0.060315
CDI:12,2000-08-23,0.059427
CDI:12,2000-08-24,0.060213
CDI:12,2000-08-25,0.060315
CDI:12,2000-08-28,0.060349
CDI:12,2000-08-29,0.060383
CDI:12,2000-08-30,0.060315
CDI:12,2000-08-31,0.060179
CDI:12,2000-09-01,0.060145
CDI:12,2000-09-04,0.060247
CDI:12,2000-09-05,0.060281
CDI:12,2000-09-06,0.060417
CDI:12,2000-09-08,0.060452
CDI:12,2000-09-11,0.060588
CDI:12,2000-09-12,0.060588
CDI:12,2000-09-13,0.060622
CDI:12,2000-09-14,0.060656
CDI:12,2000-09-15,0.060622
CDI:12,2000-09-18,0.060622
CDI:12,2000-09-19,0.060588
CDI:12,2000-09-20,0.060588
CDI:12,2000-09-21,0.060622
CDI:12,2000-09-22,0.060588
CDI:12,2000-09-25,0.060554
CDI:12,2000-09-26,0.060486
CDI:12,2000-09-27,0.060383
CDI:12,2000-09-28,0.060417
CDI:12,2000-09-29,0.060588
CDI:12,2000-10-02,0.060622
CDI:12,2000-10-03,0.060588
CDI:12,2000-10-04,0.060656
CDI:12,2000-10-05,0.060656
CDI:12,2000-10-06,0.060554
CDI:12,2000-10-09,0.060554
CDI:12,2000-10-10,0.06052
CDI:12,2000-10-11,0.060452
CDI:12,2000-10-13,0.06052
CDI:12,2000-10-16,0.060554
CDI:12,2000-10-17,0.060554
CDI:12,2000-10-18,0.060554
CDI:12,2000-10-19,0.060554
CDI:12,2000-10-20,0.060588
CDI:12,2000-10-23,0.060554
CDI:12,2000-10-24,0.06052
CDI:12,2000-10-25,0.06052
CDI:12,2000-10-26,0.060554
CDI:12,2000-10-27,0.060554
CDI:12,2000-10-30,0.060554
CDI:12,2000-10-31,0.060588
CDI:12,2000-11-01,0.06052
CDI:12,2000-11-03,0.060417
CDI:12,2000-11-06,0.060281
CDI:12,2000-11-07,0.060349
CDI:12,2000-11-08,0.060486
CDI:12,2000-11-09,0.06052
CDI:12,2000-11-10,0.060554
CDI:12,2000-11-13,0.060554
CDI:12,2000-11-14,0.060588
CDI:12,2000-11-16,0.060588
CDI:12,2000-11-17,0.060622
CDI:12,2000-11-20,0.060588
CDI:12,2000-11-21,0.060588
CDI:12,2000-11-22,0.060349
CDI:12,2000-11-23,0.060349
CDI:12,2000-11-24,0.060315
CDI:12,2000-11-27,0.060281
CDI:12,2000-11-28,0.060315
CDI:12,2000-11-29,0.060213
CDI:12,2000-11-30,0.060145
CDI:12,2000-12-01,0.060179
CDI:12,2000-12-04,0.060145
CDI:12,2000-12-05,0.060145
CDI:12,2000-12-06,0.06011
CDI:12,2000-12-07,0.060076
CDI:12,2000-12-08,0.060076
CDI:12,2000-12-11,0.060042
CDI:12,2000-12-12,0.060008
CDI:12,2000-12-13,0.059974
CDI:12,2000-12-14,0.05994
CDI:12,2000-12-15,0.05994
CDI:12,2000-12-18,0.059871
CDI:12,2000-12-19,0.059803
CDI:12,2000-12-20,0.058983
CDI:12,2000-12-21,0.058023
CDI:12,2000-12-22,0.057989
CDI:12,2000-12-26,0.057955
CDI:12,2000-12-27,0.057886
CDI:12,2000-12-28,0.057955
CDI:12,2000-12-29,0.057955
CDI:12,2001-01-02,0.057989
CDI:12,2001-01-03,0.057886
CDI:12,2001-01-04,0.057852
CDI:12,2001-01-05,0.057886
CDI:12,2001-01-08,0.057852
CDI:12,2001-01-09,0.057852
CDI:12,2001-01-10,0.057646
CDI:12,2001-01-11,0.057577
CDI:12,2001-01-12,0.057508
CDI:12,2001-01-15,0.057474
CDI:12,2001-01-16,0.057508
CDI:12,2001-01-17,0.056442
CDI:12,2001-01-18,0.056166
CDI:12,2001-01-19,0.056166
CDI:12,2001-01-22,0.056097
CDI:12,2001-01-23,0.055994
CDI:12,2001-01-24,0.056063
CDI:12,2001-01-25,0.056097
CDI:12,2001-01-26,0.055891
CDI:12,2001-01-29,0.055787
CDI:12,2001-01-30,0.055753
CDI:12,2001-01-31,0.055615
CDI:12,2001-02-01,0.05558
CDI:12,2001-02-02,0.055546
CDI:12,2001-02-05,0.055615
CDI:12,2001-02-06,0.055649
CDI:12,2001-02-07,0.055753
CDI:12,2001-02-08,0.055822
CDI:12,2001-02-09,0.055891
CDI:12,2001-02-12,0.055822
CDI:12,2001-02-13,0.055753
CDI:12,2001-02-14,0.055442
CDI:12,2001-02-15,0.056063
CDI:12,2001-02-16,0.056063
CDI:12,2001-02-19,0.05596
CDI:12,2001-02-20,0.055994
CDI:12,2001-02-21,0.055994
CDI:12,2001-02-22,0.055994
CDI:12,2001-02-23,0.05596
CDI:12,2001-02-28,0.055891
CDI:12,2001-03-01,0.055787
CDI:12,2001-03-02,0.055787
CDI:12,2001-03-05,0.055787
CDI:12,2001-03-06,0.055753
CDI:12,2001-03-07,0.055718
CDI:12,2001-03-08,0.055718
CDI:12,2001-03-09,0.055649
CDI:12,2001-03-12,0.055649
CDI:12,2001-03-13,0.055684
CDI:12,2001-03-14,0.055684
CDI:12,2001-03-15,0.055684
CDI:12,2001-03-16,0.055891
CDI:12,2001-03-19,0.05596
CDI:12,2001-03-20,0.056097
CDI:12,2001-03-21,0.056097
CDI:12,2001-03-22,0.057955
CDI:12,2001-03-23,0.057989
CDI:12,2001-03-26,0.057955
CDI:12,2001-03-27,0.057955
CDI:12,2001-03-28,0.05792
CDI:12,2001-03-29,0.05792
CDI:12,2001-03-30,0.057955
CDI:12,2001-04-02,0.057955
CDI:12,2001-04-03,0.057989
CDI:12,2001-04-04,0.057955
CDI:12,2001-04-05,0.05792
CDI:12,2001-04-06,0.057955
CDI:12,2001-04-09,0.05792
CDI:12,2001-04-10,0.058023
CDI:12,2001-04-11,0.057989
CDI:12,2001-04-12,0.057989
CDI:12,2001-04-16,0.058058
CDI:12,2001-04-17,0.058058
CDI:12,2001-04-18,0.058298
CDI:12,2001-04-19,0.059701
CDI:12,2001-04-20,0.059701
CDI:12,2001-04-23,0.059701
CDI:12,2001-04-24,0.059701
CDI:12,2001-04-25,0.059701
CDI:12,2001-04-26,0.059701
CDI:12,2001-04-27,0.059769
CDI:12,2001-04-30,0.059701
CDI:12,2001-05-02,0.059667
CDI:12,2001-05-03,0.059632
CDI:12,2001-05-04,0.059701
CDI:12,2001-05-07,0.059701
CDI:12,2001-05-08,0.059735
CDI:12,2001-05-09,0.059769
CDI:12,2001-05-10,0.059769
CDI:12,2001-05-11,0.059769
CDI:12,2001-05-14,0.059735
CDI:12,2001-05-15,0.059769
CDI:12,2001-05-16,0.059735
CDI:12,2001-05-17,0.059769
CDI:12,2001-05-18,0.059769
CDI:12,2001-05-21,0.059735
CDI:12,2001-05-22,0.059769
CDI:12,2001-05-23,0.060997
CDI:12,2001-05-24,0.061371
CDI:12,2001-05-25,0.061473
CDI:12,2001-05-28,0.061507
CDI:12,2001-05-29,0.061541
CDI:12,2001-05-30,0.061541
CDI:12,2001-05-31,0.061507
CDI:12,2001-06-01,0.061541
CDI:12,2001-06-04,0.061507
CDI:12,2001-06-05,0.061473
CDI:12,2001-06-06,0.061405
CDI:12,2001-06-07,0.061337
CDI:12,2001-06-08,0.061201
CDI:12,2001-06-11,0.061099
CDI:12,2001-06-12,0.061167
CDI:12,2001-06-13,0.061099
CDI:12,2001-06-15,0.061201
CDI:12,2001-06-18,0.061473
CDI:12,2001-06-19,0.061575
CDI:12,2001-06-20,0.063068
CDI:12,2001-06-21,0.066576
CDI:12,2001-06-22,0.066609
CDI:12,2001-06-25,0.066609
CDI:12,2001-06-26,0.066576
CDI:12,2001-06-27,0.066643
CDI:12,2001-06-28,0.066643
CDI:12,2001-06-29,0.066643
CDI:12,2001-07-02,0.066677
CDI:12,2001-07-03,0.06671
CDI:12,2001-07-04,0.06671
CDI:12,2001-07-05,0.06671
CDI:12,2001-07-06,0.066777
CDI:12,2001-07-09,0.066744
CDI:12,2001-07-10,0.066811
CDI:12,2001-07-11,0.067146
CDI:12,2001-07-12,0.067314
CDI:12,2001-07-13,0.06718
CDI:12,2001-07-16,0.067046
CDI:12,2001-07-17,0.066945
CDI:12,2001-07-18,0.068051
CDI:12,2001-07-19,0.068886
CDI:12,2001-07-20,0.068953
CDI:12,2001-07-23,0.068853
CDI:12,2001-07-24,0.068886
CDI:12,2001-07-25,0.068886
CDI:12,2001-07-26,0.068786
CDI:12,2001-07-27,0.068919
CDI:12,2001-07-30,0.068919
CDI:12,2001-07-31,0.068919
CDI:12,2001-08-01,0.068953
CDI:12,2001-08-02,0.068919
CDI:12,2001-08-03,0.068953
CDI:12,2001-08-06,0.068986
CDI:12,2001-08-07,0.069053
CDI:12,2001-08-08,0.069053
CDI:12,2001-08-09,0.069053
CDI:12,2001-08-10,0.06902
CDI:12,2001-08-13,0.069086
CDI:12,2001-08-14,0.069086
CDI:12,2001-08-15,0.069086
CDI:12,2001-08-16,0.06912
CDI:12,2001-08-17,0.069153
CDI:12,2001-08-20,0.069153
CDI:12,2001-08-21,0.069186
CDI:12,2001-08-22,0.069253
CDI:12,2001-08-23,0.069153
CDI:12,2001-08-24,0.069186
CDI:12,2001-08-27,0.069153
CDI:12,2001-08-28,0.06912
CDI:12,2001-08-29,0.069053
CDI:12,2001-08-30,0.06912
CDI:12,2001-08-31,0.069186
CDI:12,2001-09-03,0.069186
CDI:12,2001-09-04,0.06912
CDI:12,2001-09-05,0.06912
CDI:12,2001-09-06,0.06912
CDI:12,2001-09-10,0.069186
CDI:12,2001-09-11,0.069153
CDI:12,2001-09-12,0.069153
CDI:12,2001-09-13,0.06912
CDI:12,2001-09-14,0.069186
CDI:12,2001-09-17,0.069186
CDI:12,2001-09-18,0.069186
CDI:12,2001-09-19,0.069153
CDI:12,2001-09-20,0.069153
CDI:12,2001-09-21,0.06922
CDI:12,2001-09-24,0.069186
CDI:12,2001-09-25,0.069253
CDI:12,2001-09-26,0.06932
CDI:12,2001-09-27,0.069353
CDI:12,2001-09-28,0.069353
CDI:12,2001-10-01,0.069386
CDI:12,2001-10-02,0.06942
CDI:12,2001-10-03,0.06942
CDI:12,2001-10-04,0.069353
CDI:12,2001-10-05,0.06932
CDI:12,2001-10-08,0.069286
CDI:12,2001-10-09,0.069253
CDI:12,2001-10-10,0.069186
CDI:12,2001-10-11,0.069186
CDI:12,2001-10-15,0.069186
CDI:12,2001-10-16,0.069153
CDI:12,2001-10-17,0.06912
CDI:12,2001-10-18,0.069186
CDI:12,2001-10-19,0.069153
CDI:12,2001-10-22,0.069153
CDI:12,2001-10-23,0.069186
CDI:12,2001-10-24,0.069186
CDI:12,2001-10-25,0.069153
CDI:12,2001-10-26,0.06912
CDI:12,2001-10-29,0.069186
CDI:12,2001-10-30,0.069153
CDI:12,2001-10-31,0.069153
CDI:12,2001-11-01,0.069153
CDI:12,2001-11-05,0.069186
CDI:12,2001-11-06,0.069186
CDI:12,2001-11-07,0.06922
CDI:12,2001-11-08,0.069186
CDI:12,2001-11-09,0.06922
CDI:12,2001-11-12,0.06922
CDI:12,2001-11-13,0.069186
CDI:12,2001-11-14,0.06922
CDI:12,2001-11-16,0.06922
CDI:12,2001-11-19,0.06922
CDI:12,2001-11-20,0.06922
CDI:12,2001-11-21,0.069153
CDI:12,2001-11-22,0.06922
CDI:12,2001-11-23,0.06922
CDI:12,2001-11-26,0.06922
CDI:12,2001-11-27,0.06922
CDI:12,2001-11-28,0.06922
CDI:12,2001-11-29,0.06922
CDI:12,2001-11-30,0.069253
CDI:12,2001-12-03,0.069253
CDI:12,2001-12-04,0.069253
CDI:12,2001-12-05,0.06932
CDI:12,2001-12-06,0.069286
CDI:12,2001-12-07,0.069286
CDI:12,2001-12-10,0.069253
CDI:12,2001-12-11,0.069286
CDI:12,2001-12-12,0.069253
CDI:12,2001-12-13,0.069186
CDI:12,2001-12-14,0.069186
CDI:12,2001-12-17,0.06922
CDI:12,2001-12-18,0.06922
CDI:12,2001-12-19,0.06922
CDI:12,2001-12-20,0.06922
CDI:12,2001-12-21,0.069253
CDI:12,2001-12-24,0.069253
CDI:12,2001-12-26,0.069153
CDI:12,2001-12-27,0.06912
CDI:12,2001-12-28,0.06912
CDI:12,2001-12-31,0.06912
CDI:12,2002-01-02,0.06912
CDI:12,2002-01-03,0.06912
CDI:12,2002-01-04,0.069153
CDI:12,2002-01-07,0.069153
CDI:12,2002-01-08,0.06912
CDI:12,2002-01-09,0.069153
CDI:12,2002-01-10,0.069153
CDI:12,2002-01-11,0.06912
CDI:12,2002-01-14,0.06912
CDI:12,2002-01-15,0.06912
CDI:12,2002-01-16,0.06912
CDI:12,2002-01-17,0.06912
CDI:12,2002-01-18,0.06912
CDI:12,2002-01-21,0.069153
CDI:12,2002-01-22,0.06912
CDI:12,2002-01-23,0.069086
CDI:12,2002-01-24,0.06912
CDI:12,2002-01-25,0.06912
CDI:12,2002-01-28,0.06912
CDI:12,2002-01-29,0.06912
CDI:12,2002-01-30,0.06912
CDI:12,2002-01-31,0.069153
CDI:12,2002-02-01,0.069186
CDI:12,2002-02-04,0.069186
CDI:12,2002-02-05,0.069186
CDI:12,2002-02-06,0.069186
CDI:12,2002-02-07,0.069186
CDI:12,2002-02-08,0.069186
CDI:12,2002-02-13,0.069186
CDI:12,2002-02-14,0.069186
CDI:12,2002-02-15,0.069186
CDI:12,2002-02-18,0.069186
CDI:12,2002-02-19,0.069153
CDI:12,2002-02-20,0.06912
CDI:12,2002-02-21,0.068318
CDI:12,2002-02-22,0.068318
CDI:12,2002-02-25,0.068352
CDI:12,2002-02-26,0.068318
CDI:12,2002-02-27,0.068385
CDI:12,2002-02-28,0.068352
CDI:12,2002-03-01,0.068352
CDI:12,2002-03-04,0.068352
CDI:12,2002-03-05,0.068352
CDI:12,2002-03-06,0.068352
CDI:12,2002-03-07,0.068352
CDI:12,2002-03-08,0.068352
CDI:12,2002-03-11,0.068352
CDI:12,2002-03-12,0.068352
CDI:12,2002-03-13,0.068352
CDI:12,2002-03-14,0.068352
CDI:12,2002-03-15,0.068352
CDI:12,2002-03-18,0.068352
CDI:12,2002-03-19,0.068352
CDI:12,2002-03-20,0.067247
CDI:12,2002-03-21,0.067515
CDI:12,2002-03-22,0.067515
CDI:12,2002-03-25,0.067548
CDI:12,2002-03-26,0.067582
CDI:12,2002-03-27,0.067582
CDI:12,2002-03-28,0.067548
CDI:12,2002-04-01,0.067448
CDI:12,2002-04-02,0.067247
CDI:12,2002-04-03,0.067113
CDI:12,2002-04-04,0.067079
CDI:12,2002-04-05,0.067046
CDI:12,2002-04-08,0.067012
CDI:12,2002-04-09,0.067012
CDI:12,2002-04-10,0.067012
CDI:12,2002-04-11,0.067012
CDI:12,2002-04-12,0.067012
CDI:12,2002-04-15,0.067012
CDI:12,2002-04-16,0.067012
CDI:12,2002-04-17,0.066844
CDI:12,2002-04-18,0.066979
CDI:12,2002-04-19,0.067012
CDI:12,2002-04-22,0.066878
CDI:12,2002-04-23,0.066844
CDI:12,2002-04-24,0.066811
CDI:12,2002-04-25,0.066811
CDI:12,2002-04-26,0.06671
CDI:12,2002-04-29,0.066542
CDI:12,2002-04-30,0.066106
CDI:12,2002-05-02,0.066609
CDI:12,2002-05-03,0.066542
CDI:12,2002-05-06,0.066408
CDI:12,2002-05-07,0.066139
CDI:12,2002-05-08,0.065769
CDI:12,2002-05-09,0.066005
CDI:12,2002-05-10,0.066341
CDI:12,2002-05-13,0.066677
CDI:12,2002-05-14,0.066844
CDI:12,2002-05-15,0.066878
CDI:12,2002-05-16,0.066811
CDI:12,2002-05-17,0.066811
CDI:12,2002-05-20,0.066677
CDI:12,2002-05-21,0.066139
CDI:12,2002-05-22,0.066206
CDI:12,2002-05-23,0.06671
CDI:12,2002-05-24,0.066844
CDI:12,2002-05-27,0.066744
CDI:12,2002-05-28,0.066509
CDI:12,2002-05-29,0.065904
CDI:12,2002-05-31,0.064792
CDI:12,2002-06-03,0.061983
CDI:12,2002-06-04,0.050928
CDI:12,2002-06-05,0.059598
CDI:12,2002-06-06,0.063339
CDI:12,2002-06-07,0.065163
CDI:12,2002-06-10,0.065971
CDI:12,2002-06-11,0.066139
CDI:12,2002-06-12,0.065904
CDI:12,2002-06-13,0.065534
CDI:12,2002-06-14,0.066542
CDI:12,2002-06-17,0.066945
CDI:12,2002-06-18,0.066844
CDI:12,2002-06-19,0.066979
CDI:12,2002-06-20,0.067046
CDI:12,2002-06-21,0.067012
CDI:12,2002-06-24,0.067012
CDI:12,2002-06-25,0.06718
CDI:12,2002-06-26,0.067213
CDI:12,2002-06-27,0.067113
CDI:12,2002-06-28,0.067213
CDI:12,2002-07-01,0.067146
CDI:12,2002-07-02,0.066912
CDI:12,2002-07-03,0.066945
CDI:12,2002-07-04,0.06671
CDI:12,2002-07-05,0.066979
CDI:12,2002-07-08,0.067146
CDI:12,2002-07-09,0.06718
CDI:12,2002-07-10,0.067046
CDI:12,2002-07-11,0.066912
CDI:12,2002-07-12,0.066542
CDI:12,2002-07-15,0.066811
CDI:12,2002-07-16,0.066878
CDI:12,2002-07-17,0.066475
CDI:12,2002-07-18,0.065332
CDI:12,2002-07-19,0.065231
CDI:12,2002-07-22,0.065264
CDI:12,2002-07-23,0.065163
CDI:12,2002-07-24,0.065433
CDI:12,2002-07-25,0.065298
CDI:12,2002-07-26,0.065365
CDI:12,2002-07-29,0.065365
CDI:12,2002-07-30,0.065298
CDI:12,2002-07-31,0.065231
CDI:12,2002-08-01,0.065197
CDI:12,2002-08-02,0.065298
CDI:12,2002-08-05,0.065163
CDI:12,2002-08-06,0.065399
CDI:12,2002-08-07,0.065365
CDI:12,2002-08-08,0.065332
CDI:12,2002-08-09,0.065332
CDI:12,2002-08-12,0.065163
CDI:12,2002-08-13,0.065365
CDI:12,2002-08-14,0.065197
CDI:12,2002-08-15,0.065231
CDI:12,2002-08-16,0.065298
CDI:12,2002-08-19,0.065332
CDI:12,2002-08-20,0.065332
CDI:12,2002-08-21,0.065332
CDI:12,2002-08-22,0.064927
CDI:12,2002-08-23,0.065096
CDI:12,2002-08-26,0.065197
CDI:12,2002-08-27,0.065264
CDI:12,2002-08-28,0.065298
CDI:12,2002-08-29,0.065298
CDI:12,2002-08-30,0.065264
CDI:12,2002-09-02,0.065399
CDI:12,2002-09-03,0.065433
CDI:12,2002-09-04,0.065231
CDI:12,2002-09-05,0.065298
CDI:12,2002-09-06,0.065264
CDI:12,2002-09-09,0.065298
CDI:12,2002-09-10,0.065332
CDI:12,2002-09-11,0.065332
CDI:12,2002-09-12,0.065298
CDI:12,2002-09-13,0.065298
CDI:12,2002-09-16,0.065332
CDI:12,2002-09-17,0.065298
CDI:12,2002-09-18,0.065365
CDI:12,2002-09-19,0.065332
CDI:12,2002-09-20,0.065332
CDI:12,2002-09-23,0.065365
CDI:12,2002-09-24,0.065264
CDI:12,2002-09-25,0.065298
CDI:12,2002-09-26,0.065298
CDI:12,2002-09-27,0.065332
CDI:12,2002-09-30,0.065365
CDI:12,2002-10-01,0.065332
CDI:12,2002-10-02,0.065365
CDI:12,2002-10-03,0.065332
CDI:12,2002-10-04,0.065231
CDI:12,2002-10-07,0.065197
CDI:12,2002-10-08,0.065163
CDI:12,2002-10-09,0.065163
CDI:12,2002-10-10,0.065197
CDI:12,2002-10-11,0.065163
CDI:12,2002-10-14,0.065298
CDI:12,2002-10-15,0.075245
CDI:12,2002-10-16,0.075212
CDI:12,2002-10-17,0.075146
CDI:12,2002-10-18,0.075146
CDI:12,2002-10-21,0.075146
CDI:12,2002-10-22,0.075113
CDI:12,2002-10-23,0.075048
CDI:12,2002-10-24,0.07508
CDI:12,2002-10-25,0.075048
CDI:12,2002-10-28,0.075048
CDI:12,2002-10-29,0.074982
CDI:12,2002-10-30,0.075048
CDI:12,2002-10-31,0.074982
CDI:12,2002-11-01,0.075015
CDI:12,2002-11-04,0.075048
CDI:12,2002-11-05,0.07508
CDI:12,2002-11-06,0.075113
CDI:12,2002-11-07,0.075113
CDI:12,2002-11-08,0.075113
CDI:12,2002-11-11,0.07508
CDI:12,2002-11-12,0.07508
CDI:12,2002-11-13,0.074982
CDI:12,2002-11-14,0.074982
CDI:12,2002-11-18,0.074949
CDI:12,2002-11-19,0.074949
CDI:12,2002-11-20,0.074982
CDI:12,2002-11-21,0.077636
CDI:12,2002-11-22,0.077962
CDI:12,2002-11-25,0.078191
CDI:12,2002-11-26,0.078354
CDI:12,2002-11-27,0.078386
CDI:12,2002-11-28,0.078321
CDI:12,2002-11-29,0.078126
CDI:12,2002-12-02,0.078321
CDI:12,2002-12-03,0.078419
CDI:12,2002-12-04,0.078386
CDI:12,2002-12-05,0.078419
CDI:12,2002-12-06,0.078419
CDI:12,2002-12-09,0.078354
CDI:12,2002-12-10,0.078289
CDI:12,2002-12-11,0.078158
CDI:12,2002-12-12,0.078126
CDI:12,2002-12-13,0.078093
CDI:12,2002-12-16,0.078093
CDI:12,2002-12-17,0.07806
CDI:12,2002-12-18,0.07806
CDI:12,2002-12-19,0.087729
CDI:12,2002-12-20,0.087793
CDI:12,2002-12-23,0.087825
CDI:12,2002-12-24,0.087729
CDI:12,2002-12-26,0.087761
CDI:12,2002-12-27,0.087857
CDI:12,2002-12-30,0.087984
CDI:12,2002-12-31,0.088048
CDI:12,2003-01-02,0.088016
CDI:12,2003-01-03,0.087984
CDI:12,2003-01-06,0.088048
CDI:12,2003-01-07,0.088048
CDI:12,2003-01-08,0.088016
CDI:12,2003-01-09,0.087984
CDI:12,2003-01-10,0.087984
CDI:12,2003-01-13,0.087952
CDI:12,2003-01-14,0.087984
CDI:12,2003-01-15,0.088048
CDI:12,2003-01-16,0.088111
CDI:12,2003-01-17,0.088111
CDI:12,2003-01-20,0.08808
CDI:12,2003-01-21,0.08808
CDI:12,2003-01-22,0.088111
CDI:12,2003-01-23,0.089477
CDI:12,2003-01-24,0.089604
CDI:12,2003-01-27,0.089635
CDI:12,2003-01-28,0.089287
CDI:12,2003-01-29,0.089572
CDI:12,2003-01-30,0.089635
CDI:12,2003-01-31,0.089477
CDI:12,2003-02-03,0.089635
CDI:12,2003-02-04,0.089699
CDI:12,2003-02-05,0.089762
CDI:12,2003-02-06,0.089762
CDI:12,2003-02-07,0.089699
CDI:12,2003-02-10,0.089667
CDI:12,2003-02-11,0.089635
CDI:12,2003-02-12,0.089477
CDI:12,2003-02-13,0.089445
CDI:12,2003-02-14,0.089509
CDI:12,2003-02-17,0.089604
CDI:12,2003-02-18,0.089509
CDI:12,2003-02-19,0.08954
CDI:12,2003-02-20,0.091974
CDI:12,2003-02-21,0.092352
CDI:12,2003-02-24,0.092446
CDI:12,2003-02-25,0.092477
CDI:12,2003-02-26,0.092477
CDI:12,2003-02-27,0.092509
CDI:12,2003-02-28,0.092635
CDI:12,2003-03-05,0.092698
CDI:12,2003-03-06,0.092666
CDI:12,2003-03-07,0.092666
CDI:12,2003-03-10,0.092761
CDI:12,2003-03-11,0.092698
CDI:12,2003-03-12,0.092666
CDI:12,2003-03-13,0.092603
CDI:12,2003-03-14,0.092603
CDI:12,2003-03-17,0.092603
CDI:12,2003-03-18,0.092509
CDI:12,2003-03-19,0.092477
CDI:12,2003-03-20,0.092509
CDI:12,2003-03-21,0.092477
CDI:12,2003-03-24,0.092446
CDI:12,2003-03-25,0.092352
CDI:12,2003-03-26,0.092383
CDI:12,2003-03-27,0.092352
CDI:12,2003-03-28,0.092446
CDI:12,2003-03-31,0.092477
CDI:12,2003-04-01,0.092415
CDI:12,2003-04-02,0.092415
CDI:12,2003-04-03,0.092415
CDI:12,2003-04-04,0.092415
CDI:12,2003-04-07,0.092446
CDI:12,2003-04-08,0.092446
CDI:12,2003-04-09,0.092415
CDI:12,2003-04-10,0.092352
CDI:12,2003-04-11,0.092383
CDI:12,2003-04-14,0.092383
CDI:12,2003-04-15,0.092415
CDI:12,2003-04-16,0.092603
CDI:12,2003-04-17,0.092666
CDI:12,2003-04-22,0.092635
CDI:12,2003-04-23,0.092635
CDI:12,2003-04-24,0.09254
CDI:12,2003-04-25,0.092446
CDI:12,2003-04-28,0.092477
CDI:12,2003-04-29,0.092477
CDI:12,2003-04-30,0.092635
CDI:12,2003-05-02,0.092666
CDI:12,2003-05-05,0.092635
CDI:12,2003-05-06,0.09254
CDI:12,2003-05-07,0.092509
CDI:12,2003-05-08,0.092477
CDI:12,2003-05-09,0.092477
CDI:12,2003-05-12,0.092446
CDI:12,2003-05-13,0.092415
CDI:12,2003-05-14,0.092477
CDI:12,2003-05-15,0.092383
CDI:12,2003-05-16,0.09254
CDI:12,2003-05-19,0.092572
CDI:12,2003-05-20,0.092509
CDI:12,2003-05-21,0.092383
CDI:12,2003-05-22,0.09232
CDI:12,2003-05-23,0.092352
CDI:12,2003-05-26,0.092352
CDI:12,2003-05-27,0.09232
CDI:12,2003-05-28,0.092289
CDI:12,2003-05-29,0.09232
CDI:12,2003-05-30,0.09232
CDI:12,2003-06-02,0.092352
CDI:12,2003-06-03,0.092383
CDI:12,2003-06-04,0.09232
CDI:12,2003-06-05,0.092352
CDI:12,2003-06-06,0.09232
CDI:12,2003-06-09,0.09232
CDI:12,2003-06-10,0.09232
CDI:12,2003-06-11,0.092289
CDI:12,2003-06-12,0.092257
CDI:12,2003-06-13,0.092257
CDI:12,2003-06-16,0.092257
CDI:12,2003-06-17,0.092257
CDI:12,2003-06-18,0.092194
CDI:12,2003-06-20,0.09068
CDI:12,2003-06-23,0.090648
CDI:12,2003-06-24,0.09068
CDI:12,2003-06-25,0.09068
CDI:12,2003-06-26,0.09068
CDI:12,2003-06-27,0.090711
CDI:12,2003-06-30,0.090743
CDI:12,2003-07-01,0.090648
CDI:12,2003-07-02,0.090648
CDI:12,2003-07-03,0.090617
CDI:12,2003-07-04,0.090585
CDI:12,2003-07-07,0.090553
CDI:12,2003-07-08,0.090585
CDI:12,2003-07-09,0.090585
CDI:12,2003-07-10,0.090522
CDI:12,2003-07-11,0.090522
CDI:12,2003-07-14,0.090553
CDI:12,2003-07-15,0.090585
CDI:12,2003-07-16,0.090553
CDI:12,2003-07-17,0.09049
CDI:12,2003-07-18,0.090585
CDI:12,2003-07-21,0.09049
CDI:12,2003-07-22,0.090427
CDI:12,2003-07-23,0.090364
CDI:12,2003-07-24,0.085974
CDI:12,2003-07-25,0.086006
CDI:12,2003-07-28,0.085974
CDI:12,2003-07-29,0.085974
CDI:12,2003-07-30,0.086006
CDI:12,2003-07-31,0.08607
CDI:12,2003-08-01,0.08607
CDI:12,2003-08-04,0.086166
CDI:12,2003-08-05,0.086166
CDI:12,2003-08-06,0.086166
CDI:12,2003-08-07,0.086102
CDI:12,2003-08-08,0.086166
CDI:12,2003-08-11,0.086198
CDI:12,2003-08-12,0.086198
CDI:12,2003-08-13,0.086134
CDI:12,2003-08-14,0.086038
CDI:12,2003-08-15,0.086038
CDI:12,2003-08-18,0.08607
CDI:12,2003-08-19,0.086038
CDI:12,2003-08-20,0.084982
CDI:12,2003-08-21,0.077995
CDI:12,2003-08-22,0.077897
CDI:12,2003-08-25,0.077865
CDI:12,2003-08-26,0.077832
CDI:12,2003-08-27,0.07793
CDI:12,2003-08-28,0.077962
CDI:12,2003-08-29,0.07793
CDI:12,2003-09-01,0.07793
CDI:12,2003-09-02,0.07793
CDI:12,2003-09-03,0.077962
CDI:12,2003-09-04,0.077962
CDI:12,2003-09-05,0.077995
CDI:12,2003-09-08,0.077995
CDI:12,2003-09-09,0.078028
CDI:12,2003-09-10,0.078028
CDI:12,2003-09-11,0.078028
CDI:12,2003-09-12,0.07806
CDI:12,2003-09-15,0.077995
CDI:12,2003-09-16,0.077865
CDI:12,2003-09-17,0.077603
CDI:12,2003-09-18,0.071349
CDI:12,2003-09-19,0.071316
CDI:12,2003-09-22,0.071382
CDI:12,2003-09-23,0.071448
CDI:12,2003-09-24,0.071448
CDI:12,2003-09-25,0.071415
CDI:12,2003-09-26,0.071415
CDI:12,2003-09-29,0.071415
CDI:12,2003-09-30,0.071415
CDI:12,2003-10-01,0.071448
CDI:12,2003-10-02,0.071481
CDI:12,2003-10-03,0.071481
CDI:12,2003-10-06,0.071448
CDI:12,2003-10-07,0.071448
CDI:12,2003-10-08,0.071448
CDI:12,2003-10-09,0.071415
CDI:12,2003-10-10,0.071481
CDI:12,2003-10-13,0.071515
CDI:12,2003-10-14,0.071515
CDI:12,2003-10-15,0.071515
CDI:12,2003-10-16,0.071548
CDI:12,2003-10-17,0.071581
CDI:12,2003-10-20,0.071548
CDI:12,2003-10-21,0.071481
CDI:12,2003-10-22,0.071349
CDI:12,2003-10-23,0.068117
CDI:12,2003-10-24,0.068051
CDI:12,2003-10-27,0.068051
CDI:12,2003-10-28,0.068051
CDI:12,2003-10-29,0.068184
CDI:12,2003-10-30,0.068184
CDI:12,2003-10-31,0.068218
CDI:12,2003-11-03,0.068184
CDI:12,2003-11-04,0.068218
CDI:12,2003-11-05,0.068251
CDI:12,2003-11-06,0.068251
CDI:12,2003-11-07,0.068218
CDI:12,2003-11-10,0.068218
CDI:12,2003-11-11,0.068218
CDI:12,2003-11-12,0.068251
CDI:12,2003-11-13,0.068251
CDI:12,2003-11-14,0.068251
CDI:12,2003-11-17,0.068251
CDI:12,2003-11-18,0.068218
CDI:12,2003-11-19,0.068151
CDI:12,2003-11-20,0.063305
CDI:12,2003-11-21,0.063272
CDI:12,2003-11-24,0.063305
CDI:12,2003-11-25,0.063238
CDI:12,2003-11-26,0.063238
CDI:12,2003-11-27,0.063204
CDI:12,2003-11-28,0.06317
CDI:12,2003-12-01,0.063102
CDI:12,2003-12-02,0.063035
CDI:12,2003-12-03,0.063068
CDI:12,2003-12-04,0.063068
CDI:12,2003-12-05,0.063068
CDI:12,2003-12-08,0.063102
CDI:12,2003-12-09,0.063068
CDI:12,2003-12-10,0.063102
CDI:12,2003-12-11,0.063035
CDI:12,2003-12-12,0.063001
CDI:12,2003-12-15,0.063001
CDI:12,2003-12-16,0.062967
CDI:12,2003-12-17,0.062933
CDI:12,2003-12-18,0.059598
CDI:12,2003-12-19,0.059701
CDI:12,2003-12-22,0.059701
CDI:12,2003-12-23,0.059735
CDI:12,2003-12-24,0.059701
CDI:12,2003-12-26,0.059667
CDI:12,2003-12-29,0.059701
CDI:12,2003-12-30,0.059735
CDI:12,2003-12-31,0.059837
CDI:12,2004-01-02,0.059803
CDI:12,2004-01-05,0.059769
CDI:12,2004-01-06,0.059735
CDI:12,2004-01-07,0.059701
CDI:12,2004-01-08,0.059667
CDI:12,2004-01-09,0.059667
CDI:12,2004-01-12,0.059667
CDI:12,2004-01-13,0.059667
CDI:12,2004-01-14,0.059667
CDI:12,2004-01-15,0.059632
CDI:12,2004-01-16,0.059598
CDI:12,2004-01-19,0.059598
CDI:12,2004-01-20,0.059598
CDI:12,2004-01-21,0.059598
CDI:12,2004-01-22,0.059701
CDI:12,2004-01-23,0.059735
CDI:12,2004-01-26,0.059701
CDI:12,2004-01-27,0.059701
CDI:12,2004-01-28,0.059632
CDI:12,2004-01-29,0.059564
CDI:12,2004-01-30,0.059667
CDI:12,2004-02-02,0.059667
CDI:12,2004-02-03,0.059667
CDI:12,2004-02-04,0.059667
CDI:12,2004-02-05,0.059667
CDI:12,2004-02-06,0.059632
CDI:12,2004-02-09,0.059598
CDI:12,2004-02-10,0.059564
CDI:12,2004-02-11,0.05953
CDI:12,2004-02-12,0.059598
CDI:12,2004-02-13,0.059701
CDI:12,2004-02-16,0.059735
CDI:12,2004-02-17,0.059735
CDI:12,2004-02-18,0.059735
CDI:12,2004-02-19,0.059701
CDI:12,2004-02-20,0.059769
CDI:12,2004-02-25,0.059735
CDI:12,2004-02-26,0.059735
CDI:12,2004-02-27,0.059735
CDI:12,2004-03-01,0.059701
CDI:12,2004-03-02,0.059701
CDI:12,2004-03-03,0.059667
CDI:12,2004-03-04,0.059632
CDI:12,2004-03-05,0.059667
CDI:12,2004-03-08,0.059701
CDI:12,2004-03-09,0.059667
CDI:12,2004-03-10,0.059701
CDI:12,2004-03-11,0.059632
CDI:12,2004-03-12,0.059632
CDI:12,2004-03-15,0.059598
CDI:12,2004-03-16,0.059598
CDI:12,2004-03-17,0.059598
CDI:12,2004-03-18,0.05888
CDI:12,2004-03-19,0.058948
CDI:12,2004-03-22,0.059085
CDI:12,2004-03-23,0.059188
CDI:12,2004-03-24,0.059051
CDI:12,2004-03-25,0.058983
CDI:12,2004-03-26,0.058983
CDI:12,2004-03-29,0.058948
CDI:12,2004-03-30,0.058914
CDI:12,2004-03-31,0.058983
CDI:12,2004-04-01,0.059017
CDI:12,2004-04-02,0.059017
CDI:12,2004-04-05,0.059017
CDI:12,2004-04-06,0.058983
CDI:12,2004-04-07,0.058948
CDI:12,2004-04-08,0.058948
CDI:12,2004-04-12,0.058914
CDI:12,2004-04-13,0.058914
CDI:12,2004-04-14,0.058777
CDI:12,2004-04-15,0.058092
CDI:12,2004-04-16,0.057955
CDI:12,2004-04-19,0.057989
CDI:12,2004-04-20,0.057989
CDI:12,2004-04-22,0.057955
CDI:12,2004-04-23,0.057955
CDI:12,2004-04-26,0.057955
CDI:12,2004-04-27,0.05792
CDI:12,2004-04-28,0.05792
CDI:12,2004-04-29,0.057886
CDI:12,2004-04-30,0.058023
CDI:12,2004-05-03,0.057955
CDI:12,2004-05-04,0.057989
CDI:12,2004-05-05,0.05792
CDI:12,2004-05-06,0.057955
CDI:12,2004-05-07,0.05792
CDI:12,2004-05-10,0.057886
CDI:12,2004-05-11,0.057886
CDI:12,2004-05-12,0.057886
CDI:12,2004-05-13,0.057886
CDI:12,2004-05-14,0.057955
CDI:12,2004-05-17,0.05792
CDI:12,2004-05-18,0.05792
CDI:12,2004-05-19,0.057886
CDI:12,2004-05-20,0.05792
CDI:12,2004-05-21,0.057989
CDI:12,2004-05-24,0.057989
CDI:12,2004-05-25,0.057955
CDI:12,2004-05-26,0.058126
CDI:12,2004-05-27,0.058263
CDI:12,2004-05-28,0.058298
CDI:12,2004-05-31,0.058263
CDI:12,2004-06-01,0.058058
CDI:12,2004-06-02,0.058023
CDI:12,2004-06-03,0.05792
CDI:12,2004-06-04,0.058058
CDI:12,2004-06-07,0.057989
CDI:12,2004-06-08,0.05792
CDI:12,2004-06-09,0.057886
CDI:12,2004-06-11,0.057886
CDI:12,2004-06-14,0.057886
CDI:12,2004-06-15,0.05792
CDI:12,2004-06-16,0.05792
CDI:12,2004-06-17,0.05792
CDI:12,2004-06-18,0.057886
CDI:12,2004-06-21,0.057955
CDI:12,2004-06-22,0.05792
CDI:12,2004-06-23,0.057886
CDI:12,2004-06-24,0.057886
CDI:12,2004-06-25,0.057852
CDI:12,2004-06-28,0.057886
CDI:12,2004-06-29,0.057886
CDI:12,2004-06-30,0.057955
CDI:12,2004-07-01,0.05792
CDI:12,2004-07-02,0.057852
CDI:12,2004-07-05,0.057852
CDI:12,2004-07-06,0.057886
CDI:12,2004-07-07,0.057852
CDI:12,2004-07-08,0.057989
CDI:12,2004-07-09,0.058126
CDI:12,2004-07-12,0.05792
CDI:12,2004-07-13,0.05792
CDI:12,2004-07-14,0.057852
CDI:12,2004-07-15,0.05792
CDI:12,2004-07-16,0.057886
CDI:12,2004-07-19,0.057886
CDI:12,2004-07-20,0.057886
CDI:12,2004-07-21,0.05792
CDI:12,2004-07-22,0.057852
CDI:12,2004-07-23,0.057886
CDI:12,2004-07-26,0.05792
CDI:12,2004-07-27,0.057886
CDI:12,2004-07-28,0.057886
CDI:12,2004-07-29,0.057886
CDI:12,2004-07-30,0.058023
CDI:12,2004-08-02,0.058058
CDI:12,2004-08-03,0.058092
CDI:12,2004-08-04,0.058126
CDI:12,2004-08-05,0.05816
CDI:12,2004-08-06,0.058126
CDI:12,2004-08-09,0.058126
CDI:12,2004-08-10,0.058092
CDI:12,2004-08-11,0.058126
CDI:12,2004-08-12,0.058092
CDI:12,2004-08-13,0.058058
CDI:12,2004-08-16,0.058092
CDI:12,2004-08-17,0.058058
CDI:12,2004-08-18,0.057989
CDI:12,2004-08-19,0.058023
CDI:12,2004-08-20,0.058023
CDI:12,2004-08-23,0.058126
CDI:12,2004-08-24,0.058126
CDI:12,2004-08-25,0.058023
CDI:12,2004-08-26,0.058023
CDI:12,2004-08-27,0.05816
CDI:12,2004-08-30,0.058263
CDI:12,2004-08-31,0.058298
CDI:12,2004-09-01,0.058195
CDI:12,2004-09-02,0.058263
CDI:12,2004-09-03,0.05816
CDI:12,2004-09-06,0.058195
CDI:12,2004-09-08,0.058229
CDI:12,2004-09-09,0.05816
CDI:12,2004-09-10,0.058263
CDI:12,2004-09-13,0.058435
CDI:12,2004-09-14,0.058469
CDI:12,2004-09-15,0.058537
CDI:12,2004-09-16,0.059461
CDI:12,2004-09-17,0.059427
CDI:12,2004-09-20,0.059496
CDI:12,2004-09-21,0.059325
CDI:12,2004-09-22,0.059427
CDI:12,2004-09-23,0.059393
CDI:12,2004-09-24,0.059496
CDI:12,2004-09-27,0.059496
CDI:12,2004-09-28,0.059496
CDI:12,2004-09-29,0.059393
CDI:12,2004-09-30,0.059496
CDI:12,2004-10-01,0.05953
CDI:12,2004-10-04,0.059461
CDI:12,2004-10-05,0.059427
CDI:12,2004-10-06,0.059427
CDI:12,2004-10-07,0.059427
CDI:12,2004-10-08,0.059427
CDI:12,2004-10-11,0.059427
CDI:12,2004-10-13,0.059496
CDI:12,2004-10-14,0.059461
CDI:12,2004-10-15,0.059461
CDI:12,2004-10-18,0.059461
CDI:12,2004-10-19,0.059427
CDI:12,2004-10-20,0.059427
CDI:12,2004-10-21,0.061065
CDI:12,2004-10-22,0.061201
CDI:12,2004-10-25,0.061269
CDI:12,2004-10-26,0.061269
CDI:12,2004-10-27,0.061201
CDI:12,2004-10-28,0.061201
CDI:12,2004-10-29,0.061167
CDI:12,2004-11-01,0.061201
CDI:12,2004-11-03,0.061303
CDI:12,2004-11-04,0.061303
CDI:12,2004-11-05,0.061337
CDI:12,2004-11-08,0.061337
CDI:12,2004-11-09,0.061337
CDI:12,2004-11-10,0.061337
CDI:12,2004-11-11,0.061337
CDI:12,2004-11-12,0.061371
CDI:12,2004-11-16,0.061405
CDI:12,2004-11-17,0.061371
CDI:12,2004-11-18,0.063035
CDI:12,2004-11-19,0.063035
CDI:12,2004-11-22,0.063035
CDI:12,2004-11-23,0.062967
CDI:12,2004-11-24,0.062967
CDI:12,2004-11-25,0.062899
CDI:12,2004-11-26,0.062899
CDI:12,2004-11-29,0.062933
CDI:12,2004-11-30,0.063001
CDI:12,2004-12-01,0.063068
CDI:12,2004-12-02,0.063035
CDI:12,2004-12-03,0.063001
CDI:12,2004-12-06,0.062967
CDI:12,2004-12-07,0.062967
CDI:12,2004-12-08,0.062899
CDI:12,2004-12-09,0.062899
CDI:12,2004-12-10,0.062967
CDI:12,2004-12-13,0.062967
CDI:12,2004-12-14,0.063001
CDI:12,2004-12-15,0.063001
CDI:12,2004-12-16,0.064657
CDI:12,2004-12-17,0.064657
CDI:12,2004-12-20,0.064691
CDI:12,2004-12-21,0.064657
CDI:12,2004-12-22,0.064691
CDI:12,2004-12-23,0.064725
CDI:12,2004-12-24,0.064725
CDI:12,2004-12-27,0.064725
CDI:12,2004-12-28,0.064691
CDI:12,2004-12-29,0.064759
CDI:12,2004-12-30,0.06486
CDI:12,2004-12-31,0.064893
CDI:12,2005-01-03,0.064893
CDI:12,2005-01-04,0.064759
CDI:12,2005-01-05,0.064759
CDI:12,2005-01-06,0.064759
CDI:12,2005-01-07,0.064725
CDI:12,2005-01-10,0.064725
CDI:12,2005-01-11,0.064691
CDI:12,2005-01-12,0.064759
CDI:12,2005-01-13,0.064691
CDI:12,2005-01-14,0.064759
CDI:12,2005-01-17,0.064826
CDI:12,2005-01-18,0.064792
CDI:12,2005-01-19,0.064792
CDI:12,2005-01-20,0.066442
CDI:12,2005-01-21,0.066475
CDI:12,2005-01-24,0.066509
CDI:12,2005-01-25,0.066509
CDI:12,2005-01-26,0.066442
CDI:12,2005-01-27,0.066475
CDI:12,2005-01-28,0.066442
CDI:12,2005-01-31,0.066542
CDI:12,2005-02-01,0.066542
CDI:12,2005-02-02,0.066576
CDI:12,2005-02-03,0.066542
CDI:12,2005-02-04,0.066542
CDI:12,2005-02-09,0.066542
CDI:12,2005-02-10,0.066475
CDI:12,2005-02-11,0.066475
CDI:12,2005-02-14,0.066442
CDI:12,2005-02-15,0.066442
CDI:12,2005-02-16,0.066374
CDI:12,2005-02-17,0.068051
CDI:12,2005-02-18,0.068017
CDI:12,2005-02-21,0.068017
CDI:12,2005-02-22,0.068017
CDI:12,2005-02-23,0.067984
CDI:12,2005-02-24,0.067984
CDI:12,2005-02-25,0.067984
CDI:12,2005-02-28,0.067984
CDI:12,2005-03-01,0.06795
CDI:12,2005-03-02,0.067883
CDI:12,2005-03-03,0.067883
CDI:12,2005-03-04,0.06785
CDI:12,2005-03-07,0.067917
CDI:12,2005-03-08,0.06785
CDI:12,2005-03-09,0.067816
CDI:12,2005-03-10,0.067783
CDI:12,2005-03-11,0.067783
CDI:12,2005-03-14,0.067783
CDI:12,2005-03-15,0.067816
CDI:12,2005-03-16,0.06785
CDI:12,2005-03-17,0.069553
CDI:12,2005-03-18,0.06962
CDI:12,2005-03-21,0.069653
CDI:12,2005-03-22,0.069686
CDI:12,2005-03-23,0.06972
CDI:12,2005-03-24,0.069753
CDI:12,2005-03-28,0.06972
CDI:12,2005-03-29,0.06972
CDI:12,2005-03-30,0.069686
CDI:12,2005-03-31,0.069753
CDI:12,2005-04-01,0.069753
CDI:12,2005-04-04,0.069753
CDI:12,2005-04-05,0.069786
CDI:12,2005-04-06,0.069753
CDI:12,2005-04-07,0.069753
CDI:12,2005-04-08,0.06972
CDI:12,2005-04-11,0.06972
CDI:12,2005-04-12,0.069653
CDI:12,2005-04-13,0.069686
CDI:12,2005-04-14,0.069686
CDI:12,2005-04-15,0.069653
CDI:12,2005-04-18,0.069653
CDI:12,2005-04-19,0.069686
CDI:12,2005-04-20,0.069653
CDI:12,2005-04-22,0.070352
CDI:12,2005-04-25,0.070419
CDI:12,2005-04-26,0.070419
CDI:12,2005-04-27,0.070485
CDI:12,2005-04-28,0.070518
CDI:12,2005-04-29,0.070585
CDI:12,2005-05-02,0.070651
CDI:12,2005-05-03,0.070651
CDI:12,2005-05-04,0.070651
CDI:12,2005-05-05,0.070651
CDI:12,2005-05-06,0.070685
CDI:12,2005-05-09,0.070618
CDI:12,2005-05-10,0.070618
CDI:12,2005-05-11,0.070618
CDI:12,2005-05-12,0.070618
CDI:12,2005-05-13,0.070585
CDI:12,2005-05-16,0.070651
CDI:12,2005-05-17,0.070651
CDI:12,2005-05-18,0.070618
CDI:12,2005-05-19,0.071415
CDI:12,2005-05-20,0.071415
CDI:12,2005-05-23,0.071415
CDI:12,2005-05-24,0.071415
CDI:12,2005-05-25,0.071382
CDI:12,2005-05-27,0.071415
CDI:12,2005-05-30,0.071481
CDI:12,2005-05-31,0.071614
CDI:12,2005-06-01,0.071614
CDI:12,2005-06-02,0.071548
CDI:12,2005-06-03,0.071515
CDI:12,2005-06-06,0.071481
CDI:12,2005-06-07,0.071481
CDI:12,2005-06-08,0.071415
CDI:12,2005-06-09,0.071415
CDI:12,2005-06-10,0.071448
CDI:12,2005-06-13,0.071481
CDI:12,2005-06-14,0.071481
CDI:12,2005-06-15,0.071481
CDI:12,2005-06-16,0.071448
CDI:12,2005-06-17,0.071481
CDI:12,2005-06-20,0.071448
CDI:12,2005-06-21,0.071415
CDI:12,2005-06-22,0.071448
CDI:12,2005-06-23,0.071448
CDI:12,2005-06-24,0.071481
CDI:12,2005-06-27,0.071515
CDI:12,2005-06-28,0.071515
CDI:12,2005-06-29,0.071515
CDI:12,2005-06-30,0.071515
CDI:12,2005-07-01,0.071481
CDI:12,2005-07-04,0.071515
CDI:12,2005-07-05,0.071448
CDI:12,2005-07-06,0.071448
CDI:12,2005-07-07,0.071415
CDI:12,2005-07-08,0.071349
CDI:12,2005-07-11,0.071415
CDI:12,2005-07-12,0.071382
CDI:12,2005-07-13,0.071382
CDI:12,2005-07-14,0.071415
CDI:12,2005-07-15,0.071415
CDI:12,2005-07-18,0.071382
CDI:12,2005-07-19,0.071382
CDI:12,2005-07-20,0.071349
CDI:12,2005-07-21,0.071349
CDI:12,2005-07-22,0.071349
CDI:12,2005-07-25,0.071349
CDI:12,2005-07-26,0.071316
CDI:12,2005-07-27,0.071282
CDI:12,2005-07-28,0.071282
CDI:12,2005-07-29,0.071316
CDI:12,2005-08-01,0.071349
CDI:12,2005-08-02,0.071382
CDI:12,2005-08-03,0.071382
CDI:12,2005-08-04,0.071382
CDI:12,2005-08-05,0.071349
CDI:12,2005-08-08,0.071349
CDI:12,2005-08-09,0.071316
CDI:12,2005-08-10,0.071316
CDI:12,2005-08-11,0.071316
CDI:12,2005-08-12,0.071316
CDI:12,2005-08-15,0.071282
CDI:12,2005-08-16,0.071249
CDI:12,2005-08-17,0.071183
CDI:12,2005-08-18,0.071116
CDI:12,2005-08-19,0.071216
CDI:12,2005-08-22,0.071249
CDI:12,2005-08-23,0.071249
CDI:12,2005-08-24,0.071282
CDI:12,2005-08-25,0.071282
CDI:12,2005-08-26,0.071249
CDI:12,2005-08-29,0.071349
CDI:12,2005-08-30,0.071349
CDI:12,2005-08-31,0.071415
CDI:12,2005-09-01,0.071448
CDI:12,2005-09-02,0.071448
CDI:12,2005-09-05,0.071448
CDI:12,2005-09-06,0.071415
CDI:12,2005-09-08,0.071349
CDI:12,2005-09-09,0.071349
CDI:12,2005-09-12,0.071382
CDI:12,2005-09-13,0.071349
CDI:12,2005-09-14,0.071349
CDI:12,2005-09-15,0.070585
CDI:12,2005-09-16,0.070585
CDI:12,2005-09-19,0.070585
CDI:12,2005-09-20,0.070552
CDI:12,2005-09-21,0.070452
CDI:12,2005-09-22,0.070485
CDI:12,2005-09-23,0.070452
CDI:12,2005-09-26,0.070518
CDI:12,2005-09-27,0.070485
CDI:12,2005-09-28,0.070518
CDI:12,2005-09-29,0.070552
CDI:12,2005-09-30,0.070751
CDI:12,2005-10-03,0.070618
CDI:12,2005-10-04,0.070485
CDI:12,2005-10-05,0.070452
CDI:12,2005-10-06,0.070385
CDI:12,2005-10-07,0.070419
CDI:12,2005-10-10,0.070385
CDI:12,2005-10-11,0.070419
CDI:12,2005-10-13,0.070319
CDI:12,2005-10-14,0.070319
CDI:12,2005-10-17,0.070252
CDI:12,2005-10-18,0.070286
CDI:12,2005-10-19,0.070286
CDI:12,2005-10-20,0.068719
CDI:12,2005-10-21,0.068686
CDI:12,2005-10-24,0.068652
CDI:12,2005-10-25,0.068686
CDI:12,2005-10-26,0.068619
CDI:12,2005-10-27,0.068652
CDI:12,2005-10-28,0.068619
CDI:12,2005-10-31,0.068786
CDI:12,2005-11-01,0.068919
CDI:12,2005-11-03,0.068819
CDI:12,2005-11-04,0.068886
CDI:12,2005-11-07,0.068886
CDI:12,2005-11-08,0.068853
CDI:12,2005-11-09,0.068886
CDI:12,2005-11-10,0.068886
CDI:12,2005-11-11,0.068853
CDI:12,2005-11-14,0.068886
CDI:12,2005-11-16,0.068786
CDI:12,2005-11-17,0.068786
CDI:12,2005-11-18,0.068786
CDI:12,2005-11-21,0.068686
CDI:12,2005-11-22,0.068686
CDI:12,2005-11-23,0.068585
CDI:12,2005-11-24,0.066979
CDI:12,2005-11-25,0.067012
CDI:12,2005-11-28,0.067012
CDI:12,2005-11-29,0.067079
CDI:12,2005-11-30,0.067146
CDI:12,2005-12-01,0.067146
CDI:12,2005-12-02,0.067113
CDI:12,2005-12-05,0.067146
CDI:12,2005-12-06,0.067113
CDI:12,2005-12-07,0.067113
CDI:12,2005-12-08,0.067012
CDI:12,2005-12-09,0.067012
CDI:12,2005-12-12,0.067012
CDI:12,2005-12-13,0.066979
CDI:12,2005-12-14,0.066912
CDI:12,2005-12-15,0.065365
CDI:12,2005-12-16,0.065399
CDI:12,2005-12-19,0.065466
CDI:12,2005-12-20,0.0655
CDI:12,2005-12-21,0.065534
CDI:12,2005-12-22,0.065534
CDI:12,2005-12-23,0.065534
CDI:12,2005-12-26,0.0655
CDI:12,2005-12-27,0.0655
CDI:12,2005-12-28,0.065466
CDI:12,2005-12-29,0.065635
CDI:12,2005-12-30,0.065668
CDI:12,2006-01-02,0.0655
CDI:12,2006-01-03,0.0655
CDI:12,2006-01-04,0.065466
CDI:12,2006-01-05,0.065433
CDI:12,2006-01-06,0.065433
CDI:12,2006-01-09,0.065399
CDI:12,2006-01-10,0.065332
CDI:12,2006-01-11,0.065332
CDI:12,2006-01-12,0.065365
CDI:12,2006-01-13,0.065332
CDI:12,2006-01-16,0.065332
CDI:12,2006-01-17,0.065298
CDI:12,2006-01-18,0.065298
CDI:12,2006-01-19,0.062696
CDI:12,2006-01-20,0.06273
CDI:12,2006-01-23,0.062865
CDI:12,2006-01-24,0.062967
CDI:12,2006-01-25,0.063035
CDI:12,2006-01-26,0.063272
CDI:12,2006-01-27,0.063001
CDI:12,2006-01-30,0.062763
CDI:12,2006-01-31,0.062662
CDI:12,2006-02-01,0.062831
CDI:12,2006-02-02,0.062933
CDI:12,2006-02-03,0.062933
CDI:12,2006-02-06,0.062933
CDI:12,2006-02-07,0.062933
CDI:12,2006-02-08,0.062933
CDI:12,2006-02-09,0.062933
CDI:12,2006-02-10,0.062899
CDI:12,2006-02-13,0.062865
CDI:12,2006-02-14,0.062899
CDI:12,2006-02-15,0.063068
CDI:12,2006-02-16,0.063035
CDI:12,2006-02-17,0.063068
CDI:12,2006-02-20,0.063068
CDI:12,2006-02-21,0.063068
CDI:12,2006-02-22,0.063136
CDI:12,2006-02-23,0.063136
CDI:12,2006-02-24,0.063305
CDI:12,2006-03-01,0.063305
CDI:12,2006-03-02,0.063305
CDI:12,2006-03-03,0.063272
CDI:12,2006-03-06,0.063238
CDI:12,2006-03-07,0.063204
CDI:12,2006-03-08,0.063136
CDI:12,2006-03-09,0.060656
CDI:12,2006-03-10,0.060588
CDI:12,2006-03-13,0.060588
CDI:12,2006-03-14,0.060554
CDI:12,2006-03-15,0.06052
CDI:12,2006-03-16,0.060486
CDI:12,2006-03-17,0.060486
CDI:12,2006-03-20,0.060486
CDI:12,2006-03-21,0.060486
CDI:12,2006-03-22,0.06052
CDI:12,2006-03-23,0.060588
CDI:12,2006-03-24,0.06052
CDI:12,2006-03-27,0.06052
CDI:12,2006-03-28,0.060554
CDI:12,2006-03-29,0.060554
CDI:12,2006-03-30,0.060588
CDI:12,2006-03-31,0.060656
CDI:12,2006-04-03,0.060452
CDI:12,2006-04-04,0.060383
CDI:12,2006-04-05,0.060349
CDI:12,2006-04-06,0.060315
CDI:12,2006-04-07,0.060281
CDI:12,2006-04-10,0.060281
CDI:12,2006-04-11,0.060281
CDI:12,2006-04-12,0.060281
CDI:12,2006-04-13,0.060281
CDI:12,2006-04-17,0.060281
CDI:12,2006-04-18,0.060281
CDI:12,2006-04-19,0.060281
CDI:12,2006-04-20,0.057714
CDI:12,2006-04-24,0.05768
CDI:12,2006-04-25,0.057646
CDI:12,2006-04-26,0.057611
CDI:12,2006-04-27,0.057646
CDI:12,2006-04-28,0.057886
CDI:12,2006-05-02,0.057852
CDI:12,2006-05-03,0.057852
CDI:12,2006-05-04,0.057783
CDI:12,2006-05-05,0.057852
CDI:12,2006-05-08,0.057886
CDI:12,2006-05-09,0.057817
CDI:12,2006-05-10,0.057749
CDI:12,2006-05-11,0.057714
CDI:12,2006-05-12,0.057749
CDI:12,2006-05-15,0.057852
CDI:12,2006-05-16,0.05792
CDI:12,2006-05-17,0.057749
CDI:12,2006-05-18,0.057714
CDI:12,2006-05-19,0.05768
CDI:12,2006-05-22,0.057646
CDI:12,2006-05-23,0.057646
CDI:12,2006-05-24,0.057646
CDI:12,2006-05-25,0.05768
CDI:12,2006-05-26,0.057646
CDI:12,2006-05-29,0.057646
CDI:12,2006-05-30,0.05768
CDI:12,2006-05-31,0.057714
CDI:12,2006-06-01,0.055994
CDI:12,2006-06-02,0.056063
CDI:12,2006-06-05,0.056097
CDI:12,2006-06-06,0.055994
CDI:12,2006-06-07,0.05596
CDI:12,2006-06-08,0.05596
CDI:12,2006-06-09,0.05596
CDI:12,2006-06-12,0.055994
CDI:12,2006-06-13,0.055994
CDI:12,2006-06-14,0.05596
CDI:12,2006-06-16,0.05596
CDI:12,2006-06-19,0.05596
CDI:12,2006-06-20,0.05596
CDI:12,2006-06-21,0.055994
CDI:12,2006-06-22,0.05596
CDI:12,2006-06-23,0.05596
CDI:12,2006-06-26,0.05596
CDI:12,2006-06-27,0.055925
CDI:12,2006-06-28,0.055925
CDI:12,2006-06-29,0.055891
CDI:12,2006-06-30,0.056097
CDI:12,2006-07-03,0.056097
CDI:12,2006-07-04,0.056028
CDI:12,2006-07-05,0.056028
CDI:12,2006-07-06,0.055994
CDI:12,2006-07-07,0.05596
CDI:12,2006-07-10,0.05596
CDI:12,2006-07-11,0.055925
CDI:12,2006-07-12,0.05596
CDI:12,2006-07-13,0.055925
CDI:12,2006-07-14,0.055891
CDI:12,2006-07-17,0.055925
CDI:12,2006-07-18,0.055925
CDI:12,2006-07-19,0.055891
CDI:12,2006-07-20,0.054197
CDI:12,2006-07-21,0.054162
CDI:12,2006-07-24,0.054128
CDI:12,2006-07-25,0.054128
CDI:12,2006-07-26,0.054093
CDI:12,2006-07-27,0.054058
CDI:12,2006-07-28,0.054058
CDI:12,2006-07-31,0.054197
CDI:12,2006-08-01,0.054128
CDI:12,2006-08-02,0.054128
CDI:12,2006-08-03,0.054128
CDI:12,2006-08-04,0.054128
CDI:12,2006-08-07,0.054093
CDI:12,2006-08-08,0.054128
CDI:12,2006-08-09,0.054128
CDI:12,2006-08-10,0.054093
CDI:12,2006-08-11,0.054162
CDI:12,2006-08-14,0.054197
CDI:12,2006-08-15,0.054232
CDI:12,2006-08-16,0.054232
CDI:12,2006-08-17,0.054197
CDI:12,2006-08-18,0.054232
CDI:12,2006-08-21,0.054232
CDI:12,2006-08-22,0.054232
CDI:12,2006-08-23,0.054197
CDI:12,2006-08-24,0.054162
CDI:12,2006-08-25,0.054162
CDI:12,2006-08-28,0.054128
CDI:12,2006-08-29,0.054128
CDI:12,2006-08-30,0.054058
CDI:12,2006-08-31,0.052392
CDI:12,2006-09-01,0.052461
CDI:12,2006-09-04,0.052461
CDI:12,2006-09-05,0.052427
CDI:12,2006-09-06,0.052461
CDI:12,2006-09-08,0.052427
CDI:12,2006-09-11,0.052392
CDI:12,2006-09-12,0.052322
CDI:12,2006-09-13,0.052357
CDI:12,2006-09-14,0.052357
CDI:12,2006-09-15,0.052322
CDI:12,2006-09-18,0.052322
CDI:12,2006-09-19,0.052357
CDI:12,2006-09-20,0.052322
CDI:12,2006-09-21,0.052322
CDI:12,2006-09-22,0.052322
CDI:12,2006-09-25,0.052392
CDI:12,2006-09-26,0.052357
CDI:12,2006-09-27,0.052461
CDI:12,2006-09-28,0.052461
CDI:12,2006-09-29,0.052635
CDI:12,2006-10-02,0.052566
CDI:12,2006-10-03,0.052496
CDI:12,2006-10-04,0.052496
CDI:12,2006-10-05,0.052496
CDI:12,2006-10-06,0.052461
CDI:12,2006-10-09,0.052392
CDI:12,2006-10-10,0.052357
CDI:12,2006-10-11,0.052322
CDI:12,2006-10-13,0.052287
CDI:12,2006-10-16,0.052287
CDI:12,2006-10-17,0.052322
CDI:12,2006-10-18,0.052357
CDI:12,2006-10-19,0.050613
CDI:12,2006-10-20,0.050613
CDI:12,2006-10-23,0.050613
CDI:12,2006-10-24,0.050613
CDI:12,2006-10-25,0.050613
CDI:12,2006-10-26,0.050613
CDI:12,2006-10-27,0.050613
CDI:12,2006-10-30,0.050578
CDI:12,2006-10-31,0.050788
CDI:12,2006-11-01,0.050753
CDI:12,2006-11-03,0.050753
CDI:12,2006-11-06,0.050893
CDI:12,2006-11-07,0.050858
CDI:12,2006-11-08,0.050788
CDI:12,2006-11-09,0.050718
CDI:12,2006-11-10,0.050718
CDI:12,2006-11-13,0.050718
CDI:12,2006-11-14,0.050718
CDI:12,2006-11-16,0.050683
CDI:12,2006-11-17,0.050648
CDI:12,2006-11-20,0.050648
CDI:12,2006-11-21,0.050683
CDI:12,2006-11-22,0.050648
CDI:12,2006-11-23,0.050683
CDI:12,2006-11-24,0.050648
CDI:12,2006-11-27,0.050648
CDI:12,2006-11-28,0.050613
CDI:12,2006-11-29,0.050613
CDI:12,2006-11-30,0.048967
CDI:12,2006-12-01,0.049002
CDI:12,2006-12-04,0.049037
CDI:12,2006-12-05,0.049037
CDI:12,2006-12-06,0.049002
CDI:12,2006-12-07,0.048932
CDI:12,2006-12-08,0.048967
CDI:12,2006-12-11,0.048897
CDI:12,2006-12-12,0.048862
CDI:12,2006-12-13,0.048862
CDI:12,2006-12-14,0.048862
CDI:12,2006-12-15,0.048897
CDI:12,2006-12-18,0.048932
CDI:12,2006-12-19,0.049002
CDI:12,2006-12-20,0.049037
CDI:12,2006-12-21,0.049037
CDI:12,2006-12-22,0.049002
CDI:12,2006-12-26,0.049073
CDI:12,2006-12-27,0.049073
CDI:12,2006-12-28,0.049108
CDI:12,2006-12-29,0.049108
CDI:12,2007-01-02,0.049073
CDI:12,2007-01-03,0.049073
CDI:12,2007-01-04,0.049073
CDI:12,2007-01-05,0.049108
CDI:12,2007-01-08,0.049143
CDI:12,2007-01-09,0.049143
CDI:12,2007-01-10,0.049037
CDI:12,2007-01-11,0.048932
CDI:12,2007-01-12,0.048967
CDI:12,2007-01-15,0.049002
CDI:12,2007-01-16,0.048932
CDI:12,2007-01-17,0.048932
CDI:12,2007-01-18,0.048967
CDI:12,2007-01-19,0.048897
CDI:12,2007-01-22,0.048932
CDI:12,2007-01-23,0.048932
CDI:12,2007-01-24,0.048511
CDI:12,2007-01-25,0.048054
CDI:12,2007-01-26,0.047948
CDI:12,2007-01-29,0.047983
CDI:12,2007-01-30,0.048054
CDI:12,2007-01-31,0.048194
CDI:12,2007-02-01,0.04823
CDI:12,2007-02-02,0.048194
CDI:12,2007-02-05,0.04823
CDI:12,2007-02-06,0.048159
CDI:12,2007-02-07,0.048124
CDI:12,2007-02-08,0.048124
CDI:12,2007-02-09,0.048089
CDI:12,2007-02-12,0.048089
CDI:12,2007-02-13,0.048124
CDI:12,2007-02-14,0.048124
CDI:12,2007-02-15,0.048089
CDI:12,2007-02-16,0.048124
CDI:12,2007-02-21,0.048194
CDI:12,2007-02-22,0.048054
CDI:12,2007-02-23,0.048054
CDI:12,2007-02-26,0.048054
CDI:12,2007-02-27,0.048019
CDI:12,2007-02-28,0.048159
CDI:12,2007-03-01,0.048159
CDI:12,2007-03-02,0.048159
CDI:12,2007-03-05,0.048159
CDI:12,2007-03-06,0.048124
CDI:12,2007-03-07,0.048054
CDI:12,2007-03-08,0.047244
CDI:12,2007-03-09,0.047314
CDI:12,2007-03-12,0.047279
CDI:12,2007-03-13,0.047173
CDI:12,2007-03-14,0.047209
CDI:12,2007-03-15,0.047209
CDI:12,2007-03-16,0.047279
CDI:12,2007-03-19,0.047279
CDI:12,2007-03-20,0.047244
CDI:12,2007-03-21,0.047279
CDI:12,2007-03-22,0.047209
CDI:12,2007-03-23,0.047138
CDI:12,2007-03-26,0.047103
CDI:12,2007-03-27,0.047103
CDI:12,2007-03-28,0.047138
CDI:12,2007-03-29,0.047173
CDI:12,2007-03-30,0.047314
CDI:12,2007-04-02,0.04735
CDI:12,2007-04-03,0.047279
CDI:12,2007-04-04,0.047244
CDI:12,2007-04-05,0.047314
CDI:12,2007-04-09,0.047279
CDI:12,2007-04-10,0.047209
CDI:12,2007-04-11,0.047209
CDI:12,2007-04-12,0.047209
CDI:12,2007-04-13,0.047209
CDI:12,2007-04-16,0.047244
CDI:12,2007-04-17,0.047173
CDI:12,2007-04-18,0.047103
CDI:12,2007-04-19,0.046291
CDI:12,2007-04-20,0.046291
CDI:12,2007-04-23,0.046256
CDI:12,2007-04-24,0.046185
CDI:12,2007-04-25,0.04615
CDI:12,2007-04-26,0.04615
CDI:12,2007-04-27,0.04615
CDI:12,2007-04-30,0.04615
CDI:12,2007-05-02,0.04615
CDI:12,2007-05-03,0.04615
CDI:12,2007-05-04,0.046185
CDI:12,2007-05-07,0.046256
CDI:12,2007-05-08,0.046221
CDI:12,2007-05-09,0.046221
CDI:12,2007-05-10,0.046256
CDI:12,2007-05-11,0.046221
CDI:12,2007-05-14,0.046256
CDI:12,2007-05-15,0.046221
CDI:12,2007-05-16,0.046185
CDI:12,2007-05-17,0.046256
CDI:12,2007-05-18,0.046221
CDI:12,2007-05-21,0.046221
CDI:12,2007-05-22,0.046221
CDI:12,2007-05-23,0.046221
CDI:12,2007-05-24,0.046185
CDI:12,2007-05-25,0.046256
CDI:12,2007-05-28,0.046291
CDI:12,2007-05-29,0.046327
CDI:12,2007-05-30,0.046291
CDI:12,2007-05-31,0.046362
CDI:12,2007-06-01,0.046362
CDI:12,2007-06-04,0.046362
CDI:12,2007-06-05,0.046397
CDI:12,2007-06-06,0.046327
CDI:12,2007-06-08,0.044556
CDI:12,2007-06-11,0.044556
CDI:12,2007-06-12,0.044521
CDI:12,2007-06-13,0.044521
CDI:12,2007-06-14,0.044485
CDI:12,2007-06-15,0.044485
CDI:12,2007-06-18,0.044521
CDI:12,2007-06-19,0.044521
CDI:12,2007-06-20,0.044485
CDI:12,2007-06-21,0.044485
CDI:12,2007-06-22,0.044485
CDI:12,2007-06-25,0.044485
CDI:12,2007-06-26,0.044485
CDI:12,2007-06-27,0.044485
CDI:12,2007-06-28,0.044521
CDI:12,2007-06-29,0.044592
CDI:12,2007-07-02,0.044556
CDI:12,2007-07-03,0.044521
CDI:12,2007-07-04,0.044521
CDI:12,2007-07-05,0.044521
CDI:12,2007-07-06,0.044556
CDI:12,2007-07-09,0.044592
CDI:12,2007-07-10,0.044521
CDI:12,2007-07-11,0.044556
CDI:12,2007-07-12,0.044521
CDI:12,2007-07-13,0.044485
CDI:12,2007-07-16,0.044485
CDI:12,2007-07-17,0.044485
CDI:12,2007-07-18,0.044556
CDI:12,2007-07-19,0.042671
CDI:12,2007-07-20,0.042742
CDI:12,2007-07-23,0.042778
CDI:12,2007-07-24,0.042814
CDI:12,2007-07-25,0.042778
CDI:12,2007-07-26,0.042742
CDI:12,2007-07-27,0.042778
CDI:12,2007-07-30,0.042778
CDI:12,2007-07-31,0.042742
CDI:12,2007-08-01,0.042778
CDI:12,2007-08-02,0.042814
CDI:12,2007-08-03,0.042849
CDI:12,2007-08-06,0.042849
CDI:12,2007-08-07,0.042778
CDI:12,2007-08-08,0.042742
CDI:12,2007-08-09,0.042707
CDI:12,2007-08-10,0.042742
CDI:12,2007-08-13,0.042707
CDI:12,2007-08-14,0.042742
CDI:12,2007-08-15,0.042707
CDI:12,2007-08-16,0.042707
CDI:12,2007-08-17,0.042742
CDI:12,2007-08-20,0.042742
CDI:12,2007-08-21,0.042707
CDI:12,2007-08-22,0.042707
CDI:12,2007-08-23,0.042671
CDI:12,2007-08-24,0.042742
CDI:12,2007-08-27,0.042707
CDI:12,2007-08-28,0.042707
CDI:12,2007-08-29,0.042707
CDI:12,2007-08-30,0.042707
CDI:12,2007-08-31,0.042921
CDI:12,2007-09-03,0.043027
CDI:12,2007-09-04,0.042814
CDI:12,2007-09-05,0.042742
CDI:12,2007-09-06,0.041922
CDI:12,2007-09-10,0.041922
CDI:12,2007-09-11,0.041886
CDI:12,2007-09-12,0.04185
CDI:12,2007-09-13,0.041814
CDI:12,2007-09-14,0.04185
CDI:12,2007-09-17,0.041814
CDI:12,2007-09-18,0.04185
CDI:12,2007-09-19,0.041779
CDI:12,2007-09-20,0.041743
CDI:12,2007-09-21,0.041743
CDI:12,2007-09-24,0.041707
CDI:12,2007-09-25,0.041707
CDI:12,2007-09-26,0.041743
CDI:12,2007-09-27,0.041779
CDI:12,2007-09-28,0.04185
CDI:12,2007-10-01,0.04185
CDI:12,2007-10-02,0.04185
CDI:12,2007-10-03,0.041814
CDI:12,2007-10-04,0.041814
CDI:12,2007-10-05,0.041814
CDI:12,2007-10-08,0.041814
CDI:12,2007-10-09,0.041814
CDI:12,2007-10-10,0.041814
CDI:12,2007-10-11,0.041814
CDI:12,2007-10-15,0.04185
CDI:12,2007-10-16,0.04185
CDI:12,2007-10-17,0.041743
CDI:12,2007-10-18,0.041779
CDI:12,2007-10-19,0.041814
CDI:12,2007-10-22,0.04185
CDI:12,2007-10-23,0.041814
CDI:12,2007-10-24,0.04185
CDI:12,2007-10-25,0.04185
CDI:12,2007-10-26,0.041814
CDI:12,2007-10-29,0.04185
CDI:12,2007-10-30,0.041814
CDI:12,2007-10-31,0.041743
CDI:12,2007-11-01,0.041779
CDI:12,2007-11-05,0.041814
CDI:12,2007-11-06,0.041814
CDI:12,2007-11-07,0.041814
CDI:12,2007-11-08,0.041779
CDI:12,2007-11-09,0.041779
CDI:12,2007-11-12,0.041814
CDI:12,2007-11-13,0.041886
CDI:12,2007-11-14,0.041814
CDI:12,2007-11-16,0.041779
CDI:12,2007-11-19,0.041886
CDI:12,2007-11-20,0.041886
CDI:12,2007-11-21,0.041886
CDI:12,2007-11-22,0.04185
CDI:12,2007-11-23,0.041779
CDI:12,2007-11-26,0.041814
CDI:12,2007-11-27,0.041886
CDI:12,2007-11-28,0.041814
CDI:12,2007-11-29,0.041779
CDI:12,2007-11-30,0.04185
CDI:12,2007-12-03,0.041886
CDI:12,2007-12-04,0.041886
CDI:12,2007-12-05,0.041922
CDI:12,2007-12-06,0.04185
CDI:12,2007-12-07,0.041779
CDI:12,2007-12-10,0.041814
CDI:12,2007-12-11,0.041743
CDI:12,2007-12-12,0.041743
CDI:12,2007-12-13,0.041707
CDI:12,2007-12-14,0.041707
CDI:12,2007-12-17,0.041707
CDI:12,2007-12-18,0.041743
CDI:12,2007-12-19,0.041779
CDI:12,2007-12-20,0.041743
CDI:12,2007-12-21,0.041886
CDI:12,2007-12-24,0.041886
CDI:12,2007-12-26,0.041814
CDI:12,2007-12-27,0.041814
CDI:12,2007-12-28,0.04185
CDI:12,2007-12-31,0.04185
CDI:12,2008-01-02,0.041743
CDI:12,2008-01-03,0.041743
CDI:12,2008-01-04,0.041564
CDI:12,2008-01-07,0.041707
CDI:12,2008-01-08,0.041743
CDI:12,2008-01-09,0.041779
CDI:12,2008-01-10,0.041814
CDI:12,2008-01-11,0.041743
CDI:12,2008-01-14,0.041743
CDI:12,2008-01-15,0.041707
CDI:12,2008-01-16,0.041707
CDI:12,2008-01-17,0.041672
CDI:12,2008-01-18,0.041672
CDI:12,2008-01-21,0.041707
CDI:12,2008-01-22,0.041707
CDI:12,2008-01-23,0.041707
CDI:12,2008-01-24,0.041743
CDI:12,2008-01-25,0.041743
CDI:12,2008-01-28,0.041743
CDI:12,2008-01-29,0.041707
CDI:12,2008-01-30,0.041743
CDI:12,2008-01-31,0.041779
CDI:12,2008-02-01,0.041743
CDI:12,2008-02-06,0.041779
CDI:12,2008-02-07,0.041743
CDI:12,2008-02-08,0.041707
CDI:12,2008-02-11,0.041743
CDI:12,2008-02-12,0.041743
CDI:12,2008-02-13,0.041707
CDI:12,2008-02-14,0.041672
CDI:12,2008-02-15,0.041636
CDI:12,2008-02-18,0.041672
CDI:12,2008-02-19,0.041636
CDI:12,2008-02-20,0.041636
CDI:12,2008-02-21,0.0416
CDI:12,2008-02-22,0.041636
CDI:12,2008-02-25,0.041636
CDI:12,2008-02-26,0.041672
CDI:12,2008-02-27,0.041672
CDI:12,2008-02-28,0.041707
CDI:12,2008-02-29,0.041707
CDI:12,2008-03-03,0.041779
CDI:12,2008-03-04,0.041743
CDI:12,2008-03-05,0.041707
CDI:12,2008-03-06,0.041707
CDI:12,2008-03-07,0.041743
CDI:12,2008-03-10,0.041743
CDI:12,2008-03-11,0.041779
CDI:12,2008-03-12,0.041707
CDI:12,2008-03-13,0.041707
CDI:12,2008-03-14,0.041779
CDI:12,2008-03-17,0.041743
CDI:12,2008-03-18,0.041743
CDI:12,2008-03-19,0.041779
CDI:12,2008-03-20,0.041814
CDI:12,2008-03-24,0.041779
CDI:12,2008-03-25,0.041779
CDI:12,2008-03-26,0.041743
CDI:12,2008-03-27,0.041743
CDI:12,2008-03-28,0.041743
CDI:12,2008-03-31,0.041957
CDI:12,2008-04-01,0.041922
CDI:12,2008-04-02,0.041779
CDI:12,2008-04-03,0.041957
CDI:12,2008-04-04,0.041886
CDI:12,2008-04-07,0.041957
CDI:12,2008-04-08,0.041814
CDI:12,2008-04-09,0.041779
CDI:12,2008-04-10,0.041814
CDI:12,2008-04-11,0.041814
CDI:12,2008-04-14,0.041814
CDI:12,2008-04-15,0.04185
CDI:12,2008-04-16,0.04185
CDI:12,2008-04-17,0.043633
CDI:12,2008-04-18,0.043633
CDI:12,2008-04-22,0.043597
CDI:12,2008-04-23,0.04349
CDI:12,2008-04-24,0.04349
CDI:12,2008-04-25,0.043526
CDI:12,2008-04-28,0.04349
CDI:12,2008-04-29,0.043455
CDI:12,2008-04-30,0.043455
CDI:12,2008-05-02,0.04349
CDI:12,2008-05-05,0.043419
CDI:12,2008-05-06,0.043419
CDI:12,2008-05-07,0.043384
CDI:12,2008-05-08,0.043384
CDI:12,2008-05-09,0.043419
CDI:12,2008-05-12,0.043419
CDI:12,2008-05-13,0.043419
CDI:12,2008-05-14,0.043348
CDI:12,2008-05-15,0.043348
CDI:12,2008-05-16,0.043348
CDI:12,2008-05-19,0.043312
CDI:12,2008-05-20,0.043384
CDI:12,2008-05-21,0.043384
CDI:12,2008-05-23,0.043348
CDI:12,2008-05-26,0.043384
CDI:12,2008-05-27,0.043384
CDI:12,2008-05-28,0.043348
CDI:12,2008-05-29,0.043312
CDI:12,2008-05-30,0.043384
CDI:12,2008-06-02,0.043419
CDI:12,2008-06-03,0.043348
CDI:12,2008-06-04,0.043312
CDI:12,2008-06-05,0.045088
CDI:12,2008-06-06,0.045088
CDI:12,2008-06-09,0.045124
CDI:12,2008-06-10,0.045194
CDI:12,2008-06-11,0.04523
CDI:12,2008-06-12,0.045265
CDI:12,2008-06-13,0.04523
CDI:12,2008-06-16,0.04523
CDI:12,2008-06-17,0.045265
CDI:12,2008-06-18,0.045194
CDI:12,2008-06-19,0.045194
CDI:12,2008-06-20,0.045194
CDI:12,2008-06-23,0.045301
CDI:12,2008-06-24,0.045265
CDI:12,2008-06-25,0.045265
CDI:12,2008-06-26,0.04523
CDI:12,2008-06-27,0.04523
CDI:12,2008-06-30,0.045301
CDI:12,2008-07-01,0.045619
CDI:12,2008-07-02,0.045442
CDI:12,2008-07-03,0.045336
CDI:12,2008-07-04,0.045407
CDI:12,2008-07-07,0.045372
CDI:12,2008-07-08,0.045442
CDI:12,2008-07-09,0.045478
CDI:12,2008-07-10,0.045407
CDI:12,2008-07-11,0.045372
CDI:12,2008-07-14,0.045301
CDI:12,2008-07-15,0.045265
CDI:12,2008-07-16,0.045336
CDI:12,2008-07-17,0.045301
CDI:12,2008-07-18,0.045301
CDI:12,2008-07-21,0.045336
CDI:12,2008-07-22,0.045265
CDI:12,2008-07-23,0.04523
CDI:12,2008-07-24,0.047948
CDI:12,2008-07-25,0.047948
CDI:12,2008-07-28,0.047913
CDI:12,2008-07-29,0.047913
CDI:12,2008-07-30,0.047948
CDI:12,2008-07-31,0.047983
CDI:12,2008-08-01,0.048089
CDI:12,2008-08-04,0.048019
CDI:12,2008-08-05,0.048054
CDI:12,2008-08-06,0.048054
CDI:12,2008-08-07,0.048054
CDI:12,2008-08-08,0.048019
CDI:12,2008-08-11,0.047948
CDI:12,2008-08-12,0.047948
CDI:12,2008-08-13,0.047983
CDI:12,2008-08-14,0.047983
CDI:12,2008-08-15,0.047983
CDI:12,2008-08-18,0.048089
CDI:12,2008-08-19,0.048054
CDI:12,2008-08-20,0.048019
CDI:12,2008-08-21,0.048019
CDI:12,2008-08-22,0.047948
CDI:12,2008-08-25,0.047983
CDI:12,2008-08-26,0.047948
CDI:12,2008-08-27,0.047948
CDI:12,2008-08-28,0.047948
CDI:12,2008-08-29,0.047878
CDI:12,2008-09-01,0.047948
CDI:12,2008-09-02,0.047913
CDI:12,2008-09-03,0.048054
CDI:12,2008-09-04,0.047948
CDI:12,2008-09-05,0.047843
CDI:12,2008-09-08,0.048124
CDI:12,2008-09-09,0.048019
CDI:12,2008-09-10,0.048089
CDI:12,2008-09-11,0.050718
CDI:12,2008-09-12,0.050578
CDI:12,2008-09-15,0.050578
CDI:12,2008-09-16,0.050613
CDI:12,2008-09-17,0.050543
CDI:12,2008-09-18,0.050543
CDI:12,2008-09-19,0.050788
CDI:12,2008-09-22,0.050893
CDI:12,2008-09-23,0.050683
CDI:12,2008-09-24,0.050578
CDI:12,2008-09-25,0.050613
CDI:12,2008-09-26,0.050613
CDI:12,2008-09-29,0.050543
CDI:12,2008-09-30,0.050578
CDI:12,2008-10-01,0.050543
CDI:12,2008-10-02,0.050648
CDI:12,2008-10-03,0.050788
CDI:12,2008-10-06,0.051137
CDI:12,2008-10-07,0.050963
CDI:12,2008-10-08,0.050858
CDI:12,2008-10-09,0.050788
CDI:12,2008-10-10,0.050823
CDI:12,2008-10-13,0.050998
CDI:12,2008-10-14,0.050753
CDI:12,2008-10-15,0.050893
CDI:12,2008-10-16,0.050823
CDI:12,2008-10-17,0.050753
CDI:12,2008-10-20,0.050858
CDI:12,2008-10-21,0.050683
CDI:12,2008-10-22,0.050439
CDI:12,2008-10-23,0.050613
CDI:12,2008-10-24,0.050718
CDI:12,2008-10-27,0.050718
CDI:12,2008-10-28,0.050753
CDI:12,2008-10-29,0.050683
CDI:12,2008-10-30,0.050508
CDI:12,2008-10-31,0.050578
CDI:12,2008-11-03,0.050543
CDI:12,2008-11-04,0.050474
CDI:12,2008-11-05,0.050474
CDI:12,2008-11-06,0.050264
CDI:12,2008-11-07,0.050229
CDI:12,2008-11-10,0.050264
CDI:12,2008-11-11,0.050124
CDI:12,2008-11-12,0.049914
CDI:12,2008-11-13,0.049353
CDI:12,2008-11-14,0.049388
CDI:12,2008-11-17,0.049493
CDI:12,2008-11-18,0.049388
CDI:12,2008-11-19,0.04823
CDI:12,2008-11-20,0.048054
CDI:12,2008-11-21,0.048792
CDI:12,2008-11-24,0.049073
CDI:12,2008-11-25,0.049002
CDI:12,2008-11-26,0.049037
CDI:12,2008-11-27,0.049283
CDI:12,2008-11-28,0.049774
CDI:12,2008-12-01,0.050159
CDI:12,2008-12-02,0.050194
CDI:12,2008-12-03,0.050124
CDI:12,2008-12-04,0.050159
CDI:12,2008-12-05,0.050124
CDI:12,2008-12-08,0.050124
CDI:12,2008-12-09,0.050159
CDI:12,2008-12-10,0.050124
CDI:12,2008-12-11,0.050124
CDI:12,2008-12-12,0.050089
CDI:12,2008-12-15,0.050124
CDI:12,2008-12-16,0.050124
CDI:12,2008-12-17,0.050194
CDI:12,2008-12-18,0.050264
CDI:12,2008-12-19,0.050124
CDI:12,2008-12-22,0.050299
CDI:12,2008-12-23,0.050159
CDI:12,2008-12-24,0.050334
CDI:12,2008-12-26,0.050299
CDI:12,2008-12-29,0.050578
CDI:12,2008-12-30,0.050648
CDI:12,2008-12-31,0.050683
CDI:12,2009-01-02,0.050683
CDI:12,2009-01-05,0.050578
CDI:12,2009-01-06,0.050613
CDI:12,2009-01-07,0.050648
CDI:12,2009-01-08,0.050613
CDI:12,2009-01-09,0.050648
CDI:12,2009-01-12,0.050613
CDI:12,2009-01-13,0.050613
CDI:12,2009-01-14,0.050613
CDI:12,2009-01-15,0.050683
CDI:12,2009-01-16,0.050648
CDI:12,2009-01-19,0.049844
CDI:12,2009-01-20,0.050089
CDI:12,2009-01-21,0.050648
CDI:12,2009-01-22,0.047138
CDI:12,2009-01-23,0.047138
CDI:12,2009-01-26,0.047173
CDI:12,2009-01-27,0.047173
CDI:12,2009-01-28,0.047173
CDI:12,2009-01-29,0.047173
CDI:12,2009-01-30,0.047138
CDI:12,2009-02-02,0.047209
CDI:12,2009-02-03,0.047173
CDI:12,2009-02-04,0.047209
CDI:12,2009-02-05,0.047209
CDI:12,2009-02-06,0.047209
CDI:12,2009-02-09,0.047173
CDI:12,2009-02-10,0.047209
CDI:12,2009-02-11,0.047173
CDI:12,2009-02-12,0.047209
CDI:12,2009-02-13,0.047173
CDI:12,2009-02-16,0.047209
CDI:12,2009-02-17,0.047173
CDI:12,2009-02-18,0.047173
CDI:12,2009-02-19,0.047173
CDI:12,2009-02-20,0.047173
CDI:12,2009-02-25,0.047173
CDI:12,2009-02-26,0.047173
CDI:12,2009-02-27,0.047103
CDI:12,2009-03-02,0.047138
CDI:12,2009-03-03,0.047173
CDI:12,2009-03-04,0.047173
CDI:12,2009-03-05,0.047173
CDI:12,2009-03-06,0.047173
CDI:12,2009-03-09,0.047173
CDI:12,2009-03-10,0.047173
CDI:12,2009-03-11,0.047103
CDI:12,2009-03-12,0.04185
CDI:12,2009-03-13,0.04185
CDI:12,2009-03-16,0.0416
CDI:12,2009-03-17,0.041493
CDI:12,2009-03-18,0.041814
CDI:12,2009-03-19,0.041886
CDI:12,2009-03-20,0.041886
CDI:12,2009-03-23,0.041886
CDI:12,2009-03-24,0.04185
CDI:12,2009-03-25,0.04185
CDI:12,2009-03-26,0.04185
CDI:12,2009-03-27,0.041779
CDI:12,2009-03-30,0.041529
CDI:12,2009-03-31,0.041707
CDI:12,2009-04-01,0.041886
CDI:12,2009-04-02,0.041886
CDI:12,2009-04-03,0.041886
CDI:12,2009-04-06,0.041886
CDI:12,2009-04-07,0.041886
CDI:12,2009-04-08,0.041886
CDI:12,2009-04-09,0.041886
CDI:12,2009-04-13,0.041529
CDI:12,2009-04-14,0.041493
CDI:12,2009-04-15,0.041886
CDI:12,2009-04-16,0.041886
CDI:12,2009-04-17,0.041636
CDI:12,2009-04-20,0.041672
CDI:12,2009-04-22,0.04185
CDI:12,2009-04-23,0.041886
CDI:12,2009-04-24,0.041886
CDI:12,2009-04-27,0.041886
CDI:12,2009-04-28,0.04185
CDI:12,2009-04-29,0.041386
CDI:12,2009-04-30,0.038261
CDI:12,2009-05-04,0.038298
CDI:12,2009-05-05,0.038298
CDI:12,2009-05-06,0.038298
CDI:12,2009-05-07,0.038298
CDI:12,2009-05-08,0.038261
CDI:12,2009-05-11,0.038261
CDI:12,2009-05-12,0.038261
CDI:12,2009-05-13,0.038261
CDI:12,2009-05-14,0.038261
CDI:12,2009-05-15,0.038298
CDI:12,2009-05-18,0.038298
CDI:12,2009-05-19,0.038298
CDI:12,2009-05-20,0.038298
CDI:12,2009-05-21,0.037901
CDI:12,2009-05-22,0.037793
CDI:12,2009-05-25,0.037756
CDI:12,2009-05-26,0.038261
CDI:12,2009-05-27,0.038261
CDI:12,2009-05-28,0.038189
CDI:12,2009-05-29,0.037865
CDI:12,2009-06-01,0.037829
CDI:12,2009-06-02,0.038189
CDI:12,2009-06-03,0.038009
CDI:12,2009-06-04,0.038153
CDI:12,2009-06-05,0.038189
CDI:12,2009-06-08,0.037865
CDI:12,2009-06-09,0.037468
CDI:12,2009-06-10,0.037612
CDI:12,2009-06-12,0.034604
CDI:12,2009-06-15,0.03424
CDI:12,2009-06-16,0.034167
CDI:12,2009-06-17,0.034167
CDI:12,2009-06-18,0.034203
CDI:12,2009-06-19,0.03424
CDI:12,2009-06-22,0.034131
CDI:12,2009-06-23,0.034131
CDI:12,2009-06-24,0.034094
CDI:12,2009-06-25,0.034167
CDI:12,2009-06-26,0.03464
CDI:12,2009-06-29,0.034604
CDI:12,2009-06-30,0.034058
CDI:12,2009-07-01,0.034495
CDI:12,2009-07-02,0.034567
CDI:12,2009-07-03,0.034604
CDI:12,2009-07-06,0.03464
CDI:12,2009-07-07,0.03464
CDI:12,2009-07-08,0.034276
CDI:12,2009-07-09,0.03424
CDI:12,2009-07-10,0.034677
CDI:12,2009-07-13,0.03464
CDI:12,2009-07-14,0.034203
CDI:12,2009-07-15,0.034058
CDI:12,2009-07-16,0.034677
CDI:12,2009-07-17,0.034677
CDI:12,2009-07-20,0.034677
CDI:12,2009-07-21,0.03464
CDI:12,2009-07-22,0.034203
CDI:12,2009-07-23,0.032817
CDI:12,2009-07-24,0.032817
CDI:12,2009-07-27,0.032817
CDI:12,2009-07-28,0.032415
CDI:12,2009-07-29,0.032817
CDI:12,2009-07-30,0.03278
CDI:12,2009-07-31,0.03278
CDI:12,2009-08-03,0.032854
CDI:12,2009-08-04,0.03278
CDI:12,2009-08-05,0.03278
CDI:12,2009-08-06,0.032817
CDI:12,2009-08-07,0.032817
CDI:12,2009-08-10,0.032817
CDI:12,2009-08-11,0.032817
CDI:12,2009-08-12,0.032817
CDI:12,2009-08-13,0.032817
CDI:12,2009-08-14,0.032817
CDI:12,2009-08-17,0.032817
CDI:12,2009-08-18,0.032817
CDI:12,2009-08-19,0.032854
CDI:12,2009-08-20,0.032854
CDI:12,2009-08-21,0.032817
CDI:12,2009-08-24,0.032817
CDI:12,2009-08-25,0.032817
CDI:12,2009-08-26,0.032817
CDI:12,2009-08-27,0.032817
CDI:12,2009-08-28,0.032817
CDI:12,2009-08-31,0.032817
CDI:12,2009-09-01,0.032817
CDI:12,2009-09-02,0.032817
CDI:12,2009-09-03,0.032817
CDI:12,2009-09-04,0.032817
CDI:12,2009-09-08,0.032817
CDI:12,2009-09-09,0.032854
CDI:12,2009-09-10,0.032854
CDI:12,2009-09-11,0.032854
CDI:12,2009-09-14,0.032854
CDI:12,2009-09-15,0.032817
CDI:12,2009-09-16,0.032854
CDI:12,2009-09-17,0.032817
CDI:12,2009-09-18,0.032854
CDI:12,2009-09-21,0.032817
CDI:12,2009-09-22,0.032854
CDI:12,2009-09-23,0.032854
CDI:12,2009-09-24,0.032817
CDI:12,2009-09-25,0.032817
CDI:12,2009-09-28,0.032817
CDI:12,2009-09-29,0.032707
CDI:12,2009-09-30,0.032744
CDI:12,2009-10-01,0.032817
CDI:12,2009-10-02,0.032817
CDI:12,2009-10-05,0.032817
CDI:12,2009-10-06,0.032817
CDI:12,2009-10-07,0.032817
CDI:12,2009-10-08,0.03278
CDI:12,2009-10-09,0.03278
CDI:12,2009-10-13,0.03278
CDI:12,2009-10-14,0.03278
CDI:12,2009-10-15,0.03278
CDI:12,2009-10-16,0.032817
CDI:12,2009-10-19,0.032817
CDI:12,2009-10-20,0.032817
CDI:12,2009-10-21,0.032817
CDI:12,2009-10-22,0.032817
CDI:12,2009-10-23,0.032817
CDI:12,2009-10-26,0.032817
CDI:12,2009-10-27,0.032817
CDI:12,2009-10-28,0.03278
CDI:12,2009-10-29,0.032817
CDI:12,2009-10-30,0.032817
CDI:12,2009-11-03,0.032854
CDI:12,2009-11-04,0.032854
CDI:12,2009-11-05,0.032854
CDI:12,2009-11-06,0.032854
CDI:12,2009-11-09,0.032854
CDI:12,2009-11-10,0.032854
CDI:12,2009-11-11,0.03289
CDI:12,2009-11-12,0.032854
CDI:12,2009-11-13,0.032854
CDI:12,2009-11-16,0.032854
CDI:12,2009-11-17,0.032817
CDI:12,2009-11-18,0.032817
CDI:12,2009-11-19,0.032817
CDI:12,2009-11-20,0.032854
CDI:12,2009-11-23,0.03278
CDI:12,2009-11-24,0.03289
CDI:12,2009-11-25,0.032927
CDI:12,2009-11-26,0.032927
CDI:12,2009-11-27,0.032744
CDI:12,2009-11-30,0.032817
CDI:12,2009-12-01,0.032744
CDI:12,2009-12-02,0.032854
CDI:12,2009-12-03,0.032854
CDI:12,2009-12-04,0.032817
CDI:12,2009-12-07,0.032598
CDI:12,2009-12-08,0.03278
CDI:12,2009-12-09,0.032854
CDI:12,2009-12-10,0.032817
CDI:12,2009-12-11,0.032817
CDI:12,2009-12-14,0.032817
CDI:12,2009-12-15,0.032854
CDI:12,2009-12-16,0.032854
CDI:12,2009-12-17,0.032854
CDI:12,2009-12-18,0.032854
CDI:12,2009-12-21,0.03289
CDI:12,2009-12-22,0.032817
CDI:12,2009-12-23,0.03278
CDI:12,2009-12-24,0.03278
CDI:12,2009-12-28,0.032817
CDI:12,2009-12-29,0.032817
CDI:12,2009-12-30,0.032561
CDI:12,2009-12-31,0.032561
CDI:12,2010-01-04,0.03278
CDI:12,2010-01-05,0.03278
CDI:12,2010-01-06,0.03278
CDI:12,2010-01-07,0.032817
CDI:12,2010-01-08,0.032817
CDI:12,2010-01-11,0.032817
CDI:12,2010-01-12,0.032817
CDI:12,2010-01-13,0.032817
CDI:12,2010-01-14,0.032817
CDI:12,2010-01-15,0.03278
CDI:12,2010-01-18,0.03278
CDI:12,2010-01-19,0.03278
CDI:12,2010-01-20,0.032817
CDI:12,2010-01-21,0.032817
CDI:12,2010-01-22,0.032817
CDI:12,2010-01-25,0.032817
CDI:12,2010-01-26,0.032817
CDI:12,2010-01-27,0.032817
CDI:12,2010-01-28,0.032817
CDI:12,2010-01-29,0.032854
CDI:12,2010-02-01,0.032854
CDI:12,2010-02-02,0.032817
CDI:12,2010-02-03,0.03278
CDI:12,2010-02-04,0.032817
CDI:12,2010-02-05,0.032817
CDI:12,2010-02-08,0.032817
CDI:12,2010-02-09,0.032817
CDI:12,2010-02-10,0.032817
CDI:12,2010-02-11,0.032817
CDI:12,2010-02-12,0.032817
CDI:12,2010-02-17,0.032817
CDI:12,2010-02-18,0.032854
CDI:12,2010-02-19,0.032854
CDI:12,2010-02-22,0.032854
CDI:12,2010-02-23,0.032854
CDI:12,2010-02-24,0.032817
CDI:12,2010-02-25,0.032817
CDI:12,2010-02-26,0.032817
CDI:12,2010-03-01,0.03278
CDI:12,2010-03-02,0.032817
CDI:12,2010-03-03,0.032817
CDI:12,2010-03-04,0.03278
CDI:12,2010-03-05,0.03278
CDI:12,2010-03-08,0.032854
CDI:12,2010-03-09,0.032854
CDI:12,2010-03-10,0.032854
CDI:12,2010-03-11,0.032817
CDI:12,2010-03-12,0.03278
CDI:12,2010-03-15,0.032817
CDI:12,2010-03-16,0.03278
CDI:12,2010-03-17,0.032817
CDI:12,2010-03-18,0.03278
CDI:12,2010-03-19,0.032817
CDI:12,2010-03-22,0.032817
CDI:12,2010-03-23,0.032817
CDI:12,2010-03-24,0.032817
CDI:12,2010-03-25,0.03278
CDI:12,2010-03-26,0.032744
CDI:12,2010-03-29,0.032598
CDI:12,2010-03-30,0.032707
CDI:12,2010-03-31,0.03278
CDI:12,2010-04-01,0.032671
CDI:12,2010-04-05,0.03278
CDI:12,2010-04-06,0.032817
CDI:12,2010-04-07,0.032854
CDI:12,2010-04-08,0.032817
CDI:12,2010-04-09,0.032817
CDI:12,2010-04-12,0.032854
CDI:12,2010-04-13,0.032817
CDI:12,2010-04-14,0.03278
CDI:12,2010-04-15,0.032817
CDI:12,2010-04-16,0.032854
CDI:12,2010-04-19,0.032854
CDI:12,2010-04-20,0.032854
CDI:12,2010-04-22,0.032817
CDI:12,2010-04-23,0.032817
CDI:12,2010-04-26,0.032817
CDI:12,2010-04-27,0.032854
CDI:12,2010-04-28,0.032817
CDI:12,2010-04-29,0.035585
CDI:12,2010-04-30,0.035585
CDI:12,2010-05-03,0.035694
CDI:12,2010-05-04,0.035694
CDI:12,2010-05-05,0.035694
CDI:12,2010-05-06,0.035621
CDI:12,2010-05-07,0.035621
CDI:12,2010-05-10,0.035585
CDI:12,2010-05-11,0.035549
CDI:12,2010-05-12,0.035585
CDI:12,2010-05-13,0.035585
CDI:12,2010-05-14,0.035585
CDI:12,2010-05-17,0.035585
CDI:12,2010-05-18,0.035549
CDI:12,2010-05-19,0.035549
CDI:12,2010-05-20,0.035549
CDI:12,2010-05-21,0.035549
CDI:12,2010-05-24,0.035585
CDI:12,2010-05-25,0.035585
CDI:12,2010-05-26,0.035585
CDI:12,2010-05-27,0.035549
CDI:12,2010-05-28,0.035585
CDI:12,2010-05-31,0.035549
CDI:12,2010-06-01,0.035657
CDI:12,2010-06-02,0.035657
CDI:12,2010-06-04,0.035621
CDI:12,2010-06-07,0.035657
CDI:12,2010-06-08,0.035621
CDI:12,2010-06-09,0.035585
CDI:12,2010-06-10,0.038261
CDI:12,2010-06-11,0.038117
CDI:12,2010-06-14,0.038225
CDI:12,2010-06-15,0.038298
CDI:12,2010-06-16,0.038261
CDI:12,2010-06-17,0.038261
CDI:12,2010-06-18,0.038298
CDI:12,2010-06-21,0.038298
CDI:12,2010-06-22,0.038298
CDI:12,2010-06-23,0.038298
CDI:12,2010-06-24,0.038298
CDI:12,2010-06-25,0.038298
CDI:12,2010-06-28,0.038298
CDI:12,2010-06-29,0.038298
CDI:12,2010-06-30,0.038261
CDI:12,2010-07-01,0.038334
CDI:12,2010-07-02,0.038334
CDI:12,2010-07-05,0.038334
CDI:12,2010-07-06,0.038334
CDI:12,2010-07-07,0.038334
CDI:12,2010-07-08,0.038334
CDI:12,2010-07-09,0.038334
CDI:12,2010-07-12,0.038334
CDI:12,2010-07-13,0.038334
CDI:12,2010-07-14,0.038298
CDI:12,2010-07-15,0.038334
CDI:12,2010-07-16,0.038334
CDI:12,2010-07-19,0.038298
CDI:12,2010-07-20,0.038334
CDI:12,2010-07-21,0.038334
CDI:12,2010-07-22,0.040132
CDI:12,2010-07-23,0.040132
CDI:12,2010-07-26,0.040132
CDI:12,2010-07-27,0.040096
CDI:12,2010-07-28,0.040096
CDI:12,2010-07-29,0.040096
CDI:12,2010-07-30,0.040096
CDI:12,2010-08-02,0.040168
CDI:12,2010-08-03,0.040132
CDI:12,2010-08-04,0.040132
CDI:12,2010-08-05,0.040132
CDI:12,2010-08-06,0.040132
CDI:12,2010-08-09,0.040132
CDI:12,2010-08-10,0.040132
CDI:12,2010-08-11,0.040132
CDI:12,2010-08-12,0.040132
CDI:12,2010-08-13,0.040132
CDI:12,2010-08-16,0.040132
CDI:12,2010-08-17,0.040132
CDI:12,2010-08-18,0.040096
CDI:12,2010-08-19,0.040096
CDI:12,2010-08-20,0.040096
CDI:12,2010-08-23,0.040096
CDI:12,2010-08-24,0.040096
CDI:12,2010-08-25,0.040132
CDI:12,2010-08-26,0.040096
CDI:12,2010-08-27,0.040132
CDI:12,2010-08-30,0.040024
CDI:12,2010-08-31,0.040096
CDI:12,2010-09-01,0.040096
CDI:12,2010-09-02,0.040096
CDI:12,2010-09-03,0.04006
CDI:12,2010-09-06,0.040024
CDI:12,2010-09-08,0.04006
CDI:12,2010-09-09,0.040132
CDI:12,2010-09-10,0.040096
CDI:12,2010-09-13,0.04006
CDI:12,2010-09-14,0.04006
CDI:12,2010-09-15,0.039916
CDI:12,2010-09-16,0.039988
CDI:12,2010-09-17,0.04006
CDI:12,2010-09-20,0.04006
CDI:12,2010-09-21,0.04006
CDI:12,2010-09-22,0.04006
CDI:12,2010-09-23,0.040096
CDI:12,2010-09-24,0.040096
CDI:12,2010-09-27,0.040096
CDI:12,2010-09-28,0.04006
CDI:12,2010-09-29,0.039988
CDI:12,2010-09-30,0.040024
CDI:12,2010-10-01,0.040132
CDI:12,2010-10-04,0.040132
CDI:12,2010-10-05,0.040132
CDI:12,2010-10-06,0.040132
CDI:12,2010-10-07,0.040132
CDI:12,2010-10-08,0.040132
CDI:12,2010-10-11,0.040132
CDI:12,2010-10-13,0.040132
CDI:12,2010-10-14,0.040096
CDI:12,2010-10-15,0.040132
CDI:12,2010-10-18,0.040132
CDI:12,2010-10-19,0.040132
CDI:12,2010-10-20,0.040132
CDI:12,2010-10-21,0.040132
CDI:12,2010-10-22,0.040132
CDI:12,2010-10-25,0.040132
CDI:12,2010-10-26,0.040132
CDI:12,2010-10-27,0.040132
CDI:12,2010-10-28,0.040132
CDI:12,2010-10-29,0.040132
CDI:12,2010-11-01,0.040132
CDI:12,2010-11-03,0.040132
CDI:12,2010-11-04,0.040132
CDI:12,2010-11-05,0.040132
CDI:12,2010-11-08,0.040132
CDI:12,2010-11-09,0.040132
CDI:12,2010-11-10,0.040096
CDI:12,2010-11-11,0.040096
CDI:12,2010-11-12,0.040132
CDI:12,2010-11-16,0.040132
CDI:12,2010-11-17,0.040132
CDI:12,2010-11-18,0.040132
CDI:12,2010-11-19,0.040132
CDI:12,2010-11-22,0.040132
CDI:12,2010-11-23,0.040132
CDI:12,2010-11-24,0.040132
CDI:12,2010-11-25,0.040132
CDI:12,2010-11-26,0.040132
CDI:12,2010-11-29,0.040132
CDI:12,2010-11-30,0.040132
CDI:12,2010-12-01,0.040132
CDI:12,2010-12-02,0.040132
CDI:12,2010-12-03,0.040132
CDI:12,2010-12-06,0.040132
CDI:12,2010-12-07,0.040132
CDI:12,2010-12-08,0.040132
CDI:12,2010-12-09,0.040132
CDI:12,2010-12-10,0.040168
CDI:12,2010-12-13,0.040132
CDI:12,2010-12-14,0.040132
CDI:12,2010-12-15,0.040132
CDI:12,2010-12-16,0.040132
CDI:12,2010-12-17,0.040132
CDI:12,2010-12-20,0.040132
CDI:12,2010-12-21,0.040132
CDI:12,2010-12-22,0.040132
CDI:12,2010-12-23,0.040132
CDI:12,2010-12-24,0.040132
CDI:12,2010-12-27,0.040132
CDI:12,2010-12-28,0.040132
CDI:12,2010-12-29,0.040132
CDI:12,2010-12-30,0.040132
CDI:12,2010-12-31,0.040132
CDI:12,2011-01-03,0.040132
CDI:12,2011-01-04,0.040132
CDI:12,2011-01-05,0.040132
CDI:12,2011-01-06,0.040132
CDI:12,2011-01-07,0.040132
CDI:12,2011-01-10,0.040132
CDI:12,2011-01-11,0.040132
CDI:12,2011-01-12,0.040132
CDI:12,2011-01-13,0.040132
CDI:12,2011-01-14,0.040132
CDI:12,2011-01-17,0.040132
CDI:12,2011-01-18,0.040132
CDI:12,2011-01-19,0.040132
CDI:12,2011-01-20,0.041922
CDI:12,2011-01-21,0.041922
CDI:12,2011-01-24,0.041922
CDI:12,2011-01-25,0.041922
CDI:12,2011-01-26,0.041922
CDI:12,2011-01-27,0.041922
CDI:12,2011-01-28,0.041922
CDI:12,2011-01-31,0.041922
CDI:12,2011-02-01,0.041922
CDI:12,2011-02-02,0.041922
CDI:12,2011-02-03,0.041922
CDI:12,2011-02-04,0.041922
CDI:12,2011-02-07,0.041922
CDI:12,2011-02-08,0.041922
CDI:12,2011-02-09,0.041922
CDI:12,2011-02-10,0.041957
CDI:12,2011-02-11,0.041922
CDI:12,2011-02-14,0.041957
CDI:12,2011-02-15,0.041957
CDI:12,2011-02-16,0.041957
CDI:12,2011-02-17,0.041957
CDI:12,2011-02-18,0.041993
CDI:12,2011-02-21,0.041993
CDI:12,2011-02-22,0.041993
CDI:12,2011-02-23,0.041993
CDI:12,2011-02-24,0.041993
CDI:12,2011-02-25,0.041993
CDI:12,2011-02-28,0.041957
CDI:12,2011-03-01,0.041993
CDI:12,2011-03-02,0.041993
CDI:12,2011-03-03,0.043704
CDI:12,2011-03-04,0.043704
CDI:12,2011-03-09,0.043704
CDI:12,2011-03-10,0.043704
CDI:12,2011-03-11,0.043704
CDI:12,2011-03-14,0.043704
CDI:12,2011-03-15,0.043739
CDI:12,2011-03-16,0.043739
CDI:12,2011-03-17,0.043704
CDI:12,2011-03-18,0.043739
CDI:12,2011-03-21,0.043704
CDI:12,2011-03-22,0.043704
CDI:12,2011-03-23,0.043739
CDI:12,2011-03-24,0.043739
CDI:12,2011-03-25,0.043739
CDI:12,2011-03-28,0.043775
CDI:12,2011-03-29,0.043775
CDI:12,2011-03-30,0.043775
CDI:12,2011-03-31,0.043775
CDI:12,2011-04-01,0.04381
CDI:12,2011-04-04,0.043775
CDI:12,2011-04-05,0.043739
CDI:12,2011-04-06,0.043704
CDI:12,2011-04-07,0.043739
CDI:12,2011-04-08,0.043704
CDI:12,2011-04-11,0.043704
CDI:12,2011-04-12,0.043668
CDI:12,2011-04-13,0.043739
CDI:12,2011-04-14,0.043775
CDI:12,2011-04-15,0.043775
CDI:12,2011-04-18,0.043881
CDI:12,2011-04-19,0.043775
CDI:12,2011-04-20,0.043704
CDI:12,2011-04-25,0.044556
CDI:12,2011-04-26,0.044592
CDI:12,2011-04-27,0.044592
CDI:12,2011-04-28,0.044592
CDI:12,2011-04-29,0.044663
CDI:12,2011-05-02,0.044627
CDI:12,2011-05-03,0.044627
CDI:12,2011-05-04,0.044627
CDI:12,2011-05-05,0.044627
CDI:12,2011-05-06,0.044627
CDI:12,2011-05-09,0.044592
CDI:12,2011-05-10,0.044592
CDI:12,2011-05-11,0.044556
CDI:12,2011-05-12,0.044521
CDI:12,2011-05-13,0.044521
CDI:12,2011-05-16,0.044485
CDI:12,2011-05-17,0.044556
CDI:12,2011-05-18,0.044556
CDI:12,2011-05-19,0.044556
CDI:12,2011-05-20,0.044627
CDI:12,2011-05-23,0.044627
CDI:12,2011-05-24,0.044592
CDI:12,2011-05-25,0.044592
CDI:12,2011-05-26,0.044556
CDI:12,2011-05-27,0.044592
CDI:12,2011-05-30,0.044556
CDI:12,2011-05-31,0.04445
CDI:12,2011-06-01,0.044663
CDI:12,2011-06-02,0.044592
CDI:12,2011-06-03,0.044592
CDI:12,2011-06-06,0.044663
CDI:12,2011-06-07,0.044592
CDI:12,2011-06-08,0.044556
CDI:12,2011-06-09,0.04523
CDI:12,2011-06-10,0.045301
CDI:12,2011-06-13,0.04523
CDI:12,2011-06-14,0.045194
CDI:12,2011-06-15,0.045442
CDI:12,2011-06-16,0.045442
CDI:12,2011-06-17,0.045442
CDI:12,2011-06-20,0.045407
CDI:12,2011-06-21,0.045478
CDI:12,2011-06-22,0.045442
CDI:12,2011-06-24,0.045407
CDI:12,2011-06-27,0.045407
CDI:12,2011-06-28,0.045372
CDI:12,2011-06-29,0.045407
CDI:12,2011-06-30,0.045513
CDI:12,2011-07-01,0.045513
CDI:12,2011-07-04,0.045513
CDI:12,2011-07-05,0.045549
CDI:12,2011-07-06,0.045513
CDI:12,2011-07-07,0.045513
CDI:12,2011-07-08,0.045513
CDI:12,2011-07-11,0.045513
CDI:12,2011-07-12,0.045513
CDI:12,2011-07-13,0.045549
CDI:12,2011-07-14,0.045549
CDI:12,2011-07-15,0.045549
CDI:12,2011-07-18,0.045549
CDI:12,2011-07-19,0.045513
CDI:12,2011-07-20,0.045513
CDI:12,2011-07-21,0.046397
CDI:12,2011-07-22,0.046397
CDI:12,2011-07-25,0.046432
CDI:12,2011-07-26,0.046397
CDI:12,2011-07-27,0.046397
CDI:12,2011-07-28,0.046397
CDI:12,2011-07-29,0.046397
CDI:12,2011-08-01,0.046432
CDI:12,2011-08-02,0.046397
CDI:12,2011-08-03,0.046397
CDI:12,2011-08-04,0.046397
CDI:12,2011-08-05,0.046397
CDI:12,2011-08-08,0.046397
CDI:12,2011-08-09,0.046397
CDI:12,2011-08-10,0.046397
CDI:12,2011-08-11,0.046397
CDI:12,2011-08-12,0.046397
CDI:12,2011-08-15,0.046397
CDI:12,2011-08-16,0.046397
CDI:12,2011-08-17,0.046397
CDI:12,2011-08-18,0.046362
CDI:12,2011-08-19,0.046397
CDI:12,2011-08-22,0.046362
CDI:12,2011-08-23,0.046397
CDI:12,2011-08-24,0.046397
CDI:12,2011-08-25,0.046362
CDI:12,2011-08-26,0.046362
CDI:12,2011-08-29,0.046362
CDI:12,2011-08-30,0.046362
CDI:12,2011-08-31,0.046362
CDI:12,2011-09-01,0.044556
CDI:12,2011-09-02,0.044556
CDI:12,2011-09-05,0.044556
CDI:12,2011-09-06,0.044556
CDI:12,2011-09-08,0.044556
CDI:12,2011-09-09,0.044556
CDI:12,2011-09-12,0.044556
CDI:12,2011-09-13,0.044556
CDI:12,2011-09-14,0.044556
CDI:12,2011-09-15,0.044556
CDI:12,2011-09-16,0.044556
CDI:12,2011-09-19,0.044521
CDI:12,2011-09-20,0.044521
CDI:12,2011-09-21,0.044556
CDI:12,2011-09-22,0.044556
CDI:12,2011-09-23,0.044556
CDI:12,2011-09-26,0.044556
CDI:12,2011-09-27,0.044556
CDI:12,2011-09-28,0.044556
CDI:12,2011-09-29,0.044556
CDI:12,2011-09-30,0.044556
CDI:12,2011-10-03,0.044592
CDI:12,2011-10-04,0.044556
CDI:12,2011-10-05,0.044556
CDI:12,2011-10-06,0.044556
CDI:12,2011-10-07,0.044556
CDI:12,2011-10-10,0.044556
CDI:12,2011-10-11,0.044556
CDI:12,2011-10-13,0.044521
CDI:12,2011-10-14,0.044521
CDI:12,2011-10-17,0.044521
CDI:12,2011-10-18,0.044521
CDI:12,2011-10-19,0.044556
CDI:12,2011-10-20,0.042814
CDI:12,2011-10-21,0.042814
CDI:12,2011-10-24,0.042814
CDI:12,2011-10-25,0.042814
CDI:12,2011-10-26,0.042814
CDI:12,2011-10-27,0.042814
CDI:12,2011-10-28,0.042814
CDI:12,2011-10-31,0.042814
CDI:12,2011-11-01,0.042814
CDI:12,2011-11-03,0.042849
CDI:12,2011-11-04,0.042814
CDI:12,2011-11-07,0.042921
CDI:12,2011-11-08,0.042814
CDI:12,2011-11-09,0.042778
CDI:12,2011-11-10,0.042742
CDI:12,2011-11-11,0.042742
CDI:12,2011-11-14,0.042671
CDI:12,2011-11-16,0.042707
CDI:12,2011-11-17,0.042707
CDI:12,2011-11-18,0.042742
CDI:12,2011-11-21,0.042778
CDI:12,2011-11-22,0.042778
CDI:12,2011-11-23,0.042778
CDI:12,2011-11-24,0.042778
CDI:12,2011-11-25,0.042707
CDI:12,2011-11-28,0.042671
CDI:12,2011-11-29,0.042635
CDI:12,2011-11-30,0.042707
CDI:12,2011-12-01,0.040956
CDI:12,2011-12-02,0.040992
CDI:12,2011-12-05,0.041028
CDI:12,2011-12-06,0.040992
CDI:12,2011-12-07,0.040956
CDI:12,2011-12-08,0.040884
CDI:12,2011-12-09,0.040813
CDI:12,2011-12-12,0.040777
CDI:12,2011-12-13,0.040813
CDI:12,2011-12-14,0.04092
CDI:12,2011-12-15,0.040956
CDI:12,2011-12-16,0.040992
CDI:12,2011-12-19,0.041028
CDI:12,2011-12-20,0.041063
CDI:12,2011-12-21,0.041028
CDI:12,2011-12-22,0.040992
CDI:12,2011-12-23,0.040992
CDI:12,2011-12-26,0.040884
CDI:12,2011-12-27,0.04092
CDI:12,2011-12-28,0.040884
CDI:12,2011-12-29,0.040956
CDI:12,2011-12-30,0.040956
CDI:12,2012-01-02,0.041028
CDI:12,2012-01-03,0.040992
CDI:12,2012-01-04,0.040992
CDI:12,2012-01-05,0.040884
CDI:12,2012-01-06,0.04092
CDI:12,2012-01-09,0.040777
CDI:12,2012-01-10,0.040813
CDI:12,2012-01-11,0.040777
CDI:12,2012-01-12,0.040741
CDI:12,2012-01-13,0.040777
CDI:12,2012-01-16,0.040777
CDI:12,2012-01-17,0.040741
CDI:12,2012-01-18,0.040705
CDI:12,2012-01-19,0.038946
CDI:12,2012-01-20,0.038982
CDI:12,2012-01-23,0.038982
CDI:12,2012-01-24,0.039018
CDI:12,2012-01-25,0.039018
CDI:12,2012-01-26,0.038946
CDI:12,2012-01-27,0.03891
CDI:12,2012-01-30,0.03891
CDI:12,2012-01-31,0.038946
CDI:12,2012-02-01,0.03891
CDI:12,2012-02-02,0.03891
CDI:12,2012-02-03,0.038982
CDI:12,2012-02-06,0.03891
CDI:12,2012-02-07,0.03891
CDI:12,2012-02-08,0.038874
CDI:12,2012-02-09,0.03891
CDI:12,2012-02-10,0.03891
CDI:12,2012-02-13,0.038838
CDI:12,2012-02-14,0.038874
CDI:12,2012-02-15,0.038874
CDI:12,2012-02-16,0.038838
CDI:12,2012-02-17,0.038982
CDI:12,2012-02-22,0.038874
CDI:12,2012-02-23,0.038874
CDI:12,2012-02-24,0.038946
CDI:12,2012-02-27,0.038946
CDI:12,2012-02-28,0.038838
CDI:12,2012-02-29,0.038802
CDI:12,2012-03-01,0.038802
CDI:12,2012-03-02,0.038766
CDI:12,2012-03-05,0.038766
CDI:12,2012-03-06,0.03873
CDI:12,2012-03-07,0.038622
CDI:12,2012-03-08,0.036129
CDI:12,2012-03-09,0.036056
CDI:12,2012-03-12,0.035948
CDI:12,2012-03-13,0.035875
CDI:12,2012-03-14,0.035839
CDI:12,2012-03-15,0.035839
CDI:12,2012-03-16,0.035984
CDI:12,2012-03-19,0.035948
CDI:12,2012-03-20,0.035948
CDI:12,2012-03-21,0.035948
CDI:12,2012-03-22,0.035948
CDI:12,2012-03-23,0.036093
CDI:12,2012-03-26,0.035984
CDI:12,2012-03-27,0.035984
CDI:12,2012-03-28,0.035948
CDI:12,2012-03-29,0.035948
CDI:12,2012-03-30,0.036093
CDI:12,2012-04-02,0.03602
CDI:12,2012-04-03,0.03602
CDI:12,2012-04-04,0.036129
CDI:12,2012-04-05,0.036093
CDI:12,2012-04-09,0.03602
CDI:12,2012-04-10,0.036093
CDI:12,2012-04-11,0.035984
CDI:12,2012-04-12,0.035948
CDI:12,2012-04-13,0.035948
CDI:12,2012-04-16,0.035911
CDI:12,2012-04-17,0.035875
CDI:12,2012-04-18,0.035911
CDI:12,2012-04-19,0.033182
CDI:12,2012-04-20,0.033219
CDI:12,2012-04-23,0.033365
CDI:12,2012-04-24,0.033182
CDI:12,2012-04-25,0.033182
CDI:12,2012-04-26,0.033182
CDI:12,2012-04-27,0.033219
CDI:12,2012-04-30,0.033109
CDI:12,2012-05-02,0.033328
CDI:12,2012-05-03,0.033328
CDI:12,2012-05-04,0.033146
CDI:12,2012-05-07,0.033146
CDI:12,2012-05-08,0.033073
CDI:12,2012-05-09,0.033073
CDI:12,2012-05-10,0.033036
CDI:12,2012-05-11,0.033036
CDI:12,2012-05-14,0.032854
CDI:12,2012-05-15,0.033182
CDI:12,2012-05-16,0.033219
CDI:12,2012-05-17,0.033255
CDI:12,2012-05-18,0.033328
CDI:12,2012-05-21,0.033219
CDI:12,2012-05-22,0.033365
CDI:12,2012-05-23,0.033401
CDI:12,2012-05-24,0.033401
CDI:12,2012-05-25,0.033438
CDI:12,2012-05-28,0.033401
CDI:12,2012-05-29,0.033438
CDI:12,2012-05-30,0.033511
CDI:12,2012-05-31,0.031756
CDI:12,2012-06-01,0.031792
CDI:12,2012-06-04,0.031829
CDI:12,2012-06-05,0.031866
CDI:12,2012-06-06,0.031719
CDI:12,2012-06-08,0.031866
CDI:12,2012-06-11,0.031719
CDI:12,2012-06-12,0.031792
CDI:12,2012-06-13,0.031829
CDI:12,2012-06-14,0.031792
CDI:12,2012-06-15,0.031719
CDI:12,2012-06-18,0.031829
CDI:12,2012-06-19,0.031719
CDI:12,2012-06-20,0.031902
CDI:12,2012-06-21,0.031939
CDI:12,2012-06-22,0.031866
CDI:12,2012-06-25,0.031939
CDI:12,2012-06-26,0.031829
CDI:12,2012-06-27,0.031902
CDI:12,2012-06-28,0.031866
CDI:12,2012-06-29,0.031939
CDI:12,2012-07-02,0.031866
CDI:12,2012-07-03,0.031866
CDI:12,2012-07-04,0.031902
CDI:12,2012-07-05,0.031866
CDI:12,2012-07-06,0.031792
CDI:12,2012-07-09,0.031866
CDI:12,2012-07-10,0.031719
CDI:12,2012-07-11,0.031646
CDI:12,2012-07-12,0.029993
CDI:12,2012-07-13,0.029919
CDI:12,2012-07-16,0.029993
CDI:12,2012-07-17,0.029883
CDI:12,2012-07-18,0.029809
CDI:12,2012-07-19,0.029919
CDI:12,2012-07-20,0.029956
CDI:12,2012-07-23,0.029956
CDI:12,2012-07-24,0.029883
CDI:12,2012-07-25,0.029956
CDI:12,2012-07-26,0.029846
CDI:12,2012-07-27,0.029772
CDI:12,2012-07-30,0.029919
CDI:12,2012-07-31,0.029919
CDI:12,2012-08-01,0.029919
CDI:12,2012-08-02,0.029883
CDI:12,2012-08-03,0.029919
CDI:12,2012-08-06,0.029883
CDI:12,2012-08-07,0.029883
CDI:12,2012-08-08,0.029883
CDI:12,2012-08-09,0.029883
CDI:12,2012-08-10,0.029883
CDI:12,2012-08-13,0.029809
CDI:12,2012-08-14,0.029919
CDI:12,2012-08-15,0.029919
CDI:12,2012-08-16,0.029883
CDI:12,2012-08-17,0.029956
CDI:12,2012-08-20,0.029993
CDI:12,2012-08-21,0.029883
CDI:12,2012-08-22,0.029846
CDI:12,2012-08-23,0.029846
CDI:12,2012-08-24,0.029883
CDI:12,2012-08-27,0.029919
CDI:12,2012-08-28,0.029919
CDI:12,2012-08-29,0.029883
CDI:12,2012-08-30,0.028259
CDI:12,2012-08-31,0.028259
CDI:12,2012-09-03,0.02837
CDI:12,2012-09-04,0.028296
CDI:12,2012-09-05,0.028296
CDI:12,2012-09-06,0.028296
CDI:12,2012-09-10,0.028259
CDI:12,2012-09-11,0.028222
CDI:12,2012-09-12,0.028186
CDI:12,2012-09-13,0.028186
CDI:12,2012-09-14,0.028149
CDI:12,2012-09-17,0.028112
CDI:12,2012-09-18,0.028075
CDI:12,2012-09-19,0.028075
CDI:12,2012-09-20,0.028149
CDI:12,2012-09-21,0.028149
CDI:12,2012-09-24,0.028149
CDI:12,2012-09-25,0.028259
CDI:12,2012-09-26,0.028222
CDI:12,2012-09-27,0.028186
CDI:12,2012-09-28,0.028186
CDI:12,2012-10-01,0.028186
CDI:12,2012-10-02,0.028149
CDI:12,2012-10-03,0.028186
CDI:12,2012-10-04,0.028186
CDI:12,2012-10-05,0.028186
CDI:12,2012-10-08,0.028186
CDI:12,2012-10-09,0.028149
CDI:12,2012-10-10,0.028075
CDI:12,2012-10-11,0.027001
CDI:12,2012-10-15,0.027001
CDI:12,2012-10-16,0.027038
CDI:12,2012-10-17,0.027075
CDI:12,2012-10-18,0.027149
CDI:12,2012-10-19,0.027149
CDI:12,2012-10-22,0.027297
CDI:12,2012-10-23,0.027297
CDI:12,2012-10-24,0.027334
CDI:12,2012-10-25,0.02726
CDI:12,2012-10-26,0.027186
CDI:12,2012-10-29,0.027149
CDI:12,2012-10-30,0.027112
CDI:12,2012-10-31,0.027186
CDI:12,2012-11-01,0.02726
CDI:12,2012-11-05,0.027297
CDI:12,2012-11-06,0.027297
CDI:12,2012-11-07,0.027334
CDI:12,2012-11-08,0.027186
CDI:12,2012-11-09,0.027186
CDI:12,2012-11-12,0.027112
CDI:12,2012-11-13,0.027075
CDI:12,2012-11-14,0.027075
CDI:12,2012-11-16,0.027038
CDI:12,2012-11-19,0.026964
CDI:12,2012-11-20,0.026889
CDI:12,2012-11-21,0.026815
CDI:12,2012-11-22,0.027186
CDI:12,2012-11-23,0.027297
CDI:12,2012-11-26,0.027334
CDI:12,2012-11-27,0.027297
CDI:12,2012-11-28,0.02726
CDI:12,2012-11-29,0.027112
CDI:12,2012-11-30,0.027075
CDI:12,2012-12-03,0.027112
CDI:12,2012-12-04,0.027112
CDI:12,2012-12-05,0.027075
CDI:12,2012-12-06,0.027038
CDI:12,2012-12-07,0.027001
CDI:12,2012-12-10,0.026889
CDI:12,2012-12-11,0.026741
CDI:12,2012-12-12,0.026741
CDI:12,2012-12-13,0.026667
CDI:12,2012-12-14,0.026481
CDI:12,2012-12-17,0.026444
CDI:12,2012-12-18,0.02637
CDI:12,2012-12-19,0.026258
CDI:12,2012-12-20,0.026295
CDI:12,2012-12-21,0.02637
CDI:12,2012-12-24,0.02637
CDI:12,2012-12-26,0.026481
CDI:12,2012-12-27,0.026481
CDI:12,2012-12-28,0.026481
CDI:12,2012-12-31,0.026481
CDI:12,2013-01-02,0.026555
CDI:12,2013-01-03,0.026555
CDI:12,2013-01-04,0.026593
CDI:12,2013-01-07,0.026555
CDI:12,2013-01-08,0.026518
CDI:12,2013-01-09,0.026481
CDI:12,2013-01-10,0.026518
CDI:12,2013-01-11,0.026555
CDI:12,2013-01-14,0.026593
CDI:12,2013-01-15,0.02663
CDI:12,2013-01-16,0.02663
CDI:12,2013-01-17,0.02663
CDI:12,2013-01-18,0.026555
CDI:12,2013-01-21,0.026593
CDI:12,2013-01-22,0.026593
CDI:12,2013-01-23,0.026593
CDI:12,2013-01-24,0.026593
CDI:12,2013-01-25,0.02663
CDI:12,2013-01-28,0.02663
CDI:12,2013-01-29,0.026667
CDI:12,2013-01-30,0.026667
CDI:12,2013-01-31,0.026667
CDI:12,2013-02-01,0.026667
CDI:12,2013-02-04,0.026704
CDI:12,2013-02-05,0.026704
CDI:12,2013-02-06,0.026704
CDI:12,2013-02-07,0.026667
CDI:12,2013-02-08,0.026667
CDI:12,2013-02-13,0.026667
CDI:12,2013-02-14,0.02663
CDI:12,2013-02-15,0.02663
CDI:12,2013-02-18,0.02663
CDI:12,2013-02-19,0.026593
CDI:12,2013-02-20,0.026667
CDI:12,2013-02-21,0.026667
CDI:12,2013-02-22,0.026704
CDI:12,2013-02-25,0.026852
CDI:12,2013-02-26,0.026778
CDI:12,2013-02-27,0.026778
CDI:12,2013-02-28,0.026778
CDI:12,2013-03-01,0.026778
CDI:12,2013-03-04,0.026815
CDI:12,2013-03-05,0.026815
CDI:12,2013-03-06,0.026815
CDI:12,2013-03-07,0.026815
CDI:12,2013-03-08,0.026815
CDI:12,2013-03-11,0.026815
CDI:12,2013-03-12,0.026815
CDI:12,2013-03-13,0.026815
CDI:12,2013-03-14,0.026815
CDI:12,2013-03-15,0.026815
CDI:12,2013-03-18,0.026815
CDI:12,2013-03-19,0.026815
CDI:12,2013-03-20,0.026815
CDI:12,2013-03-21,0.026815
CDI:12,2013-03-22,0.026815
CDI:12,2013-03-25,0.026815
CDI:12,2013-03-26,0.026815
CDI:12,2013-03-27,0.026815
CDI:12,2013-03-28,0.026889
CDI:12,2013-04-01,0.026926
CDI:12,2013-04-02,0.026926
CDI:12,2013-04-03,0.026889
CDI:12,2013-04-04,0.026889
CDI:12,2013-04-05,0.026889
CDI:12,2013-04-08,0.026889
CDI:12,2013-04-09,0.026889
CDI:12,2013-04-10,0.026889
CDI:12,2013-04-11,0.026889
CDI:12,2013-04-12,0.026889
CDI:12,2013-04-15,0.026889
CDI:12,2013-04-16,0.026852
CDI:12,2013-04-17,0.026852
CDI:12,2013-04-18,0.027742
CDI:12,2013-04-19,0.027742
CDI:12,2013-04-22,0.027742
CDI:12,2013-04-23,0.027742
CDI:12,2013-04-24,0.027742
CDI:12,2013-04-25,0.027742
CDI:12,2013-04-26,0.027705
CDI:12,2013-04-29,0.027705
CDI:12,2013-04-30,0.027705
CDI:12,2013-05-02,0.027705
CDI:12,2013-05-03,0.027705
CDI:12,2013-05-06,0.027742
CDI:12,2013-05-07,0.027742
CDI:12,2013-05-08,0.027705
CDI:12,2013-05-09,0.027742
CDI:12,2013-05-10,0.027705
CDI:12,2013-05-13,0.027668
CDI:12,2013-05-14,0.027668
CDI:12,2013-05-15,0.027668
CDI:12,2013-05-16,0.027668
CDI:12,2013-05-17,0.027668
CDI:12,2013-05-20,0.027668
CDI:12,2013-05-21,0.027668
CDI:12,2013-05-22,0.027668
CDI:12,2013-05-23,0.027668
CDI:12,2013-05-24,0.027668
CDI:12,2013-05-27,0.027668
CDI:12,2013-05-28,0.027668
CDI:12,2013-05-29,0.027668
CDI:12,2013-05-31,0.029514
CDI:12,2013-06-03,0.029514
CDI:12,2013-06-04,0.029514
CDI:12,2013-06-05,0.029514
CDI:12,2013-06-06,0.029514
CDI:12,2013-06-07,0.029514
CDI:12,2013-06-10,0.029514
CDI:12,2013-06-11,0.029514
CDI:12,2013-06-12,0.029514
CDI:12,2013-06-13,0.029514
CDI:12,2013-06-14,0.029514
CDI:12,2013-06-17,0.029514
CDI:12,2013-06-18,0.029514
CDI:12,2013-06-19,0.029514
CDI:12,2013-06-20,0.029514
CDI:12,2013-06-21,0.029514
CDI:12,2013-06-24,0.029514
CDI:12,2013-06-25,0.029514
CDI:12,2013-06-26,0.029514
CDI:12,2013-06-27,0.029514
CDI:12,2013-06-28,0.029514
CDI:12,2013-07-01,0.029514
CDI:12,2013-07-02,0.029514
CDI:12,2013-07-03,0.029514
CDI:12,2013-07-04,0.029514
CDI:12,2013-07-05,0.029514
CDI:12,2013-07-08,0.029514
CDI:12,2013-07-09,0.029514
CDI:12,2013-07-10,0.029514
CDI:12,2013-07-11,0.031353
CDI:12,2013-07-12,0.031353
CDI:12,2013-07-15,0.031353
CDI:12,2013-07-16,0.031353
CDI:12,2013-07-17,0.031353
CDI:12,2013-07-18,0.031353
CDI:12,2013-07-19,0.031353
CDI:12,2013-07-22,0.031353
CDI:12,2013-07-23,0.031353
CDI:12,2013-07-24,0.031353
CDI:12,2013-07-25,0.031353
CDI:12,2013-07-26,0.031353
CDI:12,2013-07-29,0.031353
CDI:12,2013-07-30,0.031353
CDI:12,2013-07-31,0.031353
CDI:12,2013-08-01,0.031389
CDI:12,2013-08-02,0.031389
CDI:12,2013-08-05,0.031353
CDI:12,2013-08-06,0.031353
CDI:12,2013-08-07,0.031353
CDI:12,2013-08-08,0.031353
CDI:12,2013-08-09,0.031353
CDI:12,2013-08-12,0.031353
CDI:12,2013-08-13,0.031353
CDI:12,2013-08-14,0.031353
CDI:12,2013-08-15,0.031353
CDI:12,2013-08-16,0.031353
CDI:12,2013-08-19,0.031353
CDI:12,2013-08-20,0.031353
CDI:12,2013-08-21,0.031353
CDI:12,2013-08-22,0.031353
CDI:12,2013-08-23,0.031353
CDI:12,2013-08-26,0.031353
CDI:12,2013-08-27,0.031353
CDI:12,2013-08-28,0.031353
CDI:12,2013-08-29,0.033182
CDI:12,2013-08-30,0.033182
CDI:12,2013-09-02,0.033182
CDI:12,2013-09-03,0.033182
CDI:12,2013-09-04,0.033182
CDI:12,2013-09-05,0.033182
CDI:12,2013-09-06,0.033182
CDI:12,2013-09-09,0.033182
CDI:12,2013-09-10,0.033182
CDI:12,2013-09-11,0.033182
CDI:12,2013-09-12,0.033182
CDI:12,2013-09-13,0.033182
CDI:12,2013-09-16,0.033182
CDI:12,2013-09-17,0.033182
CDI:12,2013-09-18,0.033182
CDI:12,2013-09-19,0.033146
CDI:12,2013-09-20,0.033109
CDI:12,2013-09-23,0.033109
CDI:12,2013-09-24,0.033109
CDI:12,2013-09-25,0.033511
CDI:12,2013-09-26,0.033182
CDI:12,2013-09-27,0.033146
CDI:12,2013-09-30,0.033146
CDI:12,2013-10-01,0.033146
CDI:12,2013-10-02,0.033109
CDI:12,2013-10-03,0.033109
CDI:12,2013-10-04,0.033584
CDI:12,2013-10-07,0.033511
CDI:12,2013-10-08,0.033511
CDI:12,2013-10-09,0.033657
CDI:12,2013-10-10,0.035512
CDI:12,2013-10-11,0.035367
CDI:12,2013-10-14,0.035476
CDI:12,2013-10-15,0.035476
CDI:12,2013-10-16,0.035476
CDI:12,2013-10-17,0.035476
CDI:12,2013-10-18,0.035367
CDI:12,2013-10-21,0.035476
CDI:12,2013-10-22,0.035476
CDI:12,2013-10-23,0.035367
CDI:12,2013-10-24,0.035367
CDI:12,2013-10-25,0.035367
CDI:12,2013-10-28,0.035367
CDI:12,2013-10-29,0.035367
CDI:12,2013-10-30,0.035367
CDI:12,2013-10-31,0.035367
CDI:12,2013-11-01,0.035367
CDI:12,2013-11-04,0.035222
CDI:12,2013-11-05,0.035222
CDI:12,2013-11-06,0.035222
CDI:12,2013-11-07,0.035222
CDI:12,2013-11-08,0.035222
CDI:12,2013-11-11,0.035222
CDI:12,2013-11-12,0.035222
CDI:12,2013-11-13,0.035222
CDI:12,2013-11-14,0.035222
CDI:12,2013-11-18,0.035222
CDI:12,2013-11-19,0.035222
CDI:12,2013-11-20,0.035222
CDI:12,2013-11-21,0.035222
CDI:12,2013-11-22,0.035222
CDI:12,2013-11-25,0.035222
CDI:12,2013-11-26,0.035222
CDI:12,2013-11-27,0.035222
CDI:12,2013-11-28,0.036998
CDI:12,2013-11-29,0.036998
CDI:12,2013-12-02,0.036998
CDI:12,2013-12-03,0.036998
CDI:12,2013-12-04,0.036998
CDI:12,2013-12-05,0.036998
CDI:12,2013-12-06,0.036962
CDI:12,2013-12-09,0.037287
CDI:12,2013-12-10,0.036998
CDI:12,2013-12-11,0.036998
CDI:12,2013-12-12,0.036998
CDI:12,2013-12-13,0.036998
CDI:12,2013-12-16,0.037287
CDI:12,2013-12-17,0.036998
CDI:12,2013-12-18,0.036998
CDI:12,2013-12-19,0.036998
CDI:12,2013-12-20,0.036998
CDI:12,2013-12-23,0.036998
CDI:12,2013-12-24,0.036998
CDI:12,2013-12-26,0.036998
CDI:12,2013-12-27,0.036998
CDI:12,2013-12-30,0.036998
CDI:12,2013-12-31,0.036998
CDI:12,2014-01-02,0.036998
CDI:12,2014-01-03,0.036998
CDI:12,2014-01-06,0.036998
CDI:12,2014-01-07,0.036998
CDI:12,2014-01-08,0.036998
CDI:12,2014-01-09,0.036998
CDI:12,2014-01-10,0.036998
CDI:12,2014-01-13,0.036998
CDI:12,2014-01-14,0.036998
CDI:12,2014-01-15,0.036998
CDI:12,2014-01-16,0.038802
CDI:12,2014-01-17,0.039054
CDI:12,2014-01-20,0.03909
CDI:12,2014-01-21,0.03909
CDI:12,2014-01-22,0.038802
CDI:12,2014-01-23,0.038802
CDI:12,2014-01-24,0.038802
CDI:12,2014-01-27,0.038802
CDI:12,2014-01-28,0.038802
CDI:12,2014-01-29,0.038802
CDI:12,2014-01-30,0.038802
CDI:12,2014-01-31,0.038802
CDI:12,2014-02-03,0.038802
CDI:12,2014-02-04,0.038874
CDI:12,2014-02-05,0.038874
CDI:12,2014-02-06,0.038874
CDI:12,2014-02-07,0.038874
CDI:12,2014-02-10,0.038874
CDI:12,2014-02-11,0.038874
CDI:12,2014-02-12,0.038874
CDI:12,2014-02-13,0.038874
CDI:12,2014-02-14,0.038874
CDI:12,2014-02-17,0.038874
CDI:12,2014-02-18,0.038874
CDI:12,2014-02-19,0.038874
CDI:12,2014-02-20,0.038874
CDI:12,2014-02-21,0.038874
CDI:12,2014-02-24,0.038874
CDI:12,2014-02-25,0.038874
CDI:12,2014-02-26,0.03909
CDI:12,2014-02-27,0.039952
CDI:12,2014-02-28,0.039952
CDI:12,2014-03-05,0.039809
CDI:12,2014-03-06,0.039809
CDI:12,2014-03-07,0.039809
CDI:12,2014-03-10,0.039809
CDI:12,2014-03-11,0.039809
CDI:12,2014-03-12,0.039809
CDI:12,2014-03-13,0.039809
CDI:12,2014-03-14,0.039809
CDI:12,2014-03-17,0.039809
CDI:12,2014-03-18,0.039809
CDI:12,2014-03-19,0.039952
CDI:12,2014-03-20,0.039952
CDI:12,2014-03-21,0.039952
CDI:12,2014-03-24,0.039952
CDI:12,2014-03-25,0.039952
CDI:12,2014-03-26,0.039952
CDI:12,2014-03-27,0.039809
CDI:12,2014-03-28,0.039809
CDI:12,2014-03-31,0.039809
CDI:12,2014-04-01,0.039809
CDI:12,2014-04-02,0.039809
CDI:12,2014-04-03,0.040705
CDI:12,2014-04-04,0.040705
CDI:12,2014-04-07,0.040705
CDI:12,2014-04-08,0.040705
CDI:12,2014-04-09,0.040705
CDI:12,2014-04-10,0.040705
CDI:12,2014-04-11,0.040705
CDI:12,2014-04-14,0.040705
CDI:12,2014-04-15,0.040705
CDI:12,2014-04-16,0.040705
CDI:12,2014-04-17,0.040705
CDI:12,2014-04-22,0.040705
CDI:12,2014-04-23,0.040705
CDI:12,2014-04-24,0.040705
CDI:12,2014-04-25,0.040705
CDI:12,2014-04-28,0.040705
CDI:12,2014-04-29,0.040705
CDI:12,2014-04-30,0.040705
CDI:12,2014-05-02,0.040705
CDI:12,2014-05-05,0.040705
CDI:12,2014-05-06,0.040705
CDI:12,2014-05-07,0.040705
CDI:12,2014-05-08,0.040705
CDI:12,2014-05-09,0.040705
CDI:12,2014-05-12,0.040705
CDI:12,2014-05-13,0.040705
CDI:12,2014-05-14,0.040705
CDI:12,2014-05-15,0.040705
CDI:12,2014-05-16,0.040705
CDI:12,2014-05-19,0.040705
CDI:12,2014-05-20,0.040705
CDI:12,2014-05-21,0.040705
CDI:12,2014-05-22,0.040705
CDI:12,2014-05-23,0.040705
CDI:12,2014-05-26,0.040705
CDI:12,2014-05-27,0.040705
CDI:12,2014-05-28,0.040705
CDI:12,2014-05-29,0.040705
CDI:12,2014-05-30,0.040705
CDI:12,2014-06-02,0.040705
CDI:12,2014-06-03,0.040705
CDI:12,2014-06-04,0.040705
CDI:12,2014-06-05,0.040705
CDI:12,2014-06-06,0.040705
CDI:12,2014-06-09,0.040849
CDI:12,2014-06-10,0.040705
CDI:12,2014-06-11,0.040705
CDI:12,2014-06-12,0.040705
CDI:12,2014-06-13,0.040705
CDI:12,2014-06-16,0.040705
CDI:12,2014-06-17,0.040705
CDI:12,2014-06-18,0.040705
CDI:12,2014-06-20,0.040705
CDI:12,2014-06-23,0.040705
CDI:12,2014-06-24,0.040705
CDI:12,2014-06-25,0.040705
CDI:12,2014-06-26,0.040705
CDI:12,2014-06-27,0.040705
CDI:12,2014-06-30,0.040705
CDI:12,2014-07-01,0.040705
CDI:12,2014-07-02,0.040705
CDI:12,2014-07-03,0.040705
CDI:12,2014-07-04,0.040705
CDI:12,2014-07-07,0.040705
CDI:12,2014-07-08,0.040705
CDI:12,2014-07-09,0.040705
CDI:12,2014-07-10,0.040705
CDI:12,2014-07-11,0.040705
CDI:12,2014-07-14,0.040705
CDI:12,2014-07-15,0.040705
CDI:12,2014-07-16,0.040705
CDI:12,2014-07-17,0.040705
CDI:12,2014-07-18,0.040705
CDI:12,2014-07-21,0.040705
CDI:12,2014-07-22,0.040705
CDI:12,2014-07-23,0.040705
CDI:12,2014-07-24,0.040705
CDI:12,2014-07-25,0.040705
CDI:12,2014-07-28,0.040705
CDI:12,2014-07-29,0.040705
CDI:12,2014-07-30,0.040705
CDI:12,2014-07-31,0.040705
CDI:12,2014-08-01,0.040705
CDI:12,2014-08-04,0.040741
CDI:12,2014-08-05,0.040741
CDI:12,2014-08-06,0.040741
CDI:12,2014-08-07,0.040741
CDI:12,2014-08-08,0.040741
CDI:12,2014-08-11,0.040741
CDI:12,2014-08-12,0.040741
CDI:12,2014-08-13,0.040741
CDI:12,2014-08-14,0.040741
CDI:12,2014-08-15,0.040777
CDI:12,2014-08-18,0.040741
CDI:12,2014-08-19,0.040741
CDI:12,2014-08-20,0.040849
CDI:12,2014-08-21,0.040777
CDI:12,2014-08-22,0.040741
CDI:12,2014-08-25,0.040849
CDI:12,2014-08-26,0.040849
CDI:12,2014-08-27,0.040741
CDI:12,2014-08-28,0.040849
CDI:12,2014-08-29,0.040741
CDI:12,2014-09-01,0.040741
CDI:12,2014-09-02,0.040741
CDI:12,2014-09-03,0.040741
CDI:12,2014-09-04,0.040741
CDI:12,2014-09-05,0.040741
CDI:12,2014-09-08,0.040741
CDI:12,2014-09-09,0.040741
CDI:12,2014-09-10,0.040849
CDI:12,2014-09-11,0.040741
CDI:12,2014-09-12,0.040741
CDI:12,2014-09-15,0.040741
CDI:12,2014-09-16,0.040741
CDI:12,2014-09-17,0.040741
CDI:12,2014-09-18,0.040741
CDI:12,2014-09-19,0.040741
CDI:12,2014-09-22,0.040741
CDI:12,2014-09-23,0.040849
CDI:12,2014-09-24,0.040849
CDI:12,2014-09-25,0.040849
CDI:12,2014-09-26,0.040741
CDI:12,2014-09-29,0.040741
CDI:12,2014-09-30,0.040741
CDI:12,2014-10-01,0.040741
CDI:12,2014-10-02,0.040741
CDI:12,2014-10-03,0.040741
CDI:12,2014-10-06,0.040741
CDI:12,2014-10-07,0.040849
CDI:12,2014-10-08,0.040849
CDI:12,2014-10-09,0.040849
CDI:12,2014-10-10,0.040849
CDI:12,2014-10-13,0.040741
CDI:12,2014-10-14,0.040849
CDI:12,2014-10-15,0.040741
CDI:12,2014-10-16,0.040849
CDI:12,2014-10-17,0.040849
CDI:12,2014-10-20,0.040849
CDI:12,2014-10-21,0.040849
CDI:12,2014-10-22,0.040849
CDI:12,2014-10-23,0.040849
CDI:12,2014-10-24,0.040849
CDI:12,2014-10-27,0.040849
CDI:12,2014-10-28,0.040849
CDI:12,2014-10-29,0.040849
CDI:12,2014-10-30,0.041743
CDI:12,2014-10-31,0.041636
CDI:12,2014-11-03,0.041636
CDI:12,2014-11-04,0.041636
CDI:12,2014-11-05,0.041743
CDI:12,2014-11-06,0.041743
CDI:12,2014-11-07,0.041743
CDI:12,2014-11-10,0.041743
CDI:12,2014-11-11,0.041743
CDI:12,2014-11-12,0.041743
CDI:12,2014-11-13,0.041743
CDI:12,2014-11-14,0.041743
CDI:12,2014-11-17,0.041743
CDI:12,2014-11-18,0.041743
CDI:12,2014-11-19,0.041743
CDI:12,2014-11-20,0.041743
CDI:12,2014-11-21,0.041743
CDI:12,2014-11-24,0.041743
CDI:12,2014-11-25,0.041743
CDI:12,2014-11-26,0.041743
CDI:12,2014-11-27,0.041743
CDI:12,2014-11-28,0.041636
CDI:12,2014-12-01,0.041636
CDI:12,2014-12-02,0.041636
CDI:12,2014-12-03,0.041743
CDI:12,2014-12-04,0.043526
CDI:12,2014-12-05,0.043526
CDI:12,2014-12-08,0.043526
CDI:12,2014-12-09,0.043455
CDI:12,2014-12-10,0.043455
CDI:12,2014-12-11,0.043526
CDI:12,2014-12-12,0.043526
CDI:12,2014-12-15,0.043526
CDI:12,2014-12-16,0.043526
CDI:12,2014-12-17,0.043526
CDI:12,2014-12-18,0.043526
CDI:12,2014-12-19,0.043526
CDI:12,2014-12-22,0.043526
CDI:12,2014-12-23,0.043455
CDI:12,2014-12-24,0.043455
CDI:12,2014-12-26,0.043455
CDI:12,2014-12-29,0.043526
CDI:12,2014-12-30,0.043455
CDI:12,2014-12-31,0.043455
CDI:12,2015-01-02,0.043455
CDI:12,2015-01-05,0.043455
CDI:12,2015-01-06,0.043455
CDI:12,2015-01-07,0.043455
CDI:12,2015-01-08,0.043455
CDI:12,2015-01-09,0.043455
CDI:12,2015-01-12,0.043455
CDI:12,2015-01-13,0.043455
CDI:12,2015-01-14,0.043455
CDI:12,2015-01-15,0.043455
CDI:12,2015-01-16,0.043455
CDI:12,2015-01-19,0.043455
CDI:12,2015-01-20,0.043455
CDI:12,2015-01-21,0.043455
CDI:12,2015-01-22,0.045301
CDI:12,2015-01-23,0.045265
CDI:12,2015-01-26,0.045265
CDI:12,2015-01-27,0.045265
CDI:12,2015-01-28,0.045265
CDI:12,2015-01-29,0.045265
CDI:12,2015-01-30,0.045265
CDI:12,2015-02-02,0.045265
CDI:12,2015-02-03,0.045301
CDI:12,2015-02-04,0.045301
CDI:12,2015-02-05,0.045301
CDI:12,2015-02-06,0.045301
CDI:12,2015-02-09,0.045301
CDI:12,2015-02-10,0.045301
CDI:12,2015-02-11,0.045301
CDI:12,2015-02-12,0.045301
CDI:12,2015-02-13,0.045301
CDI:12,2015-02-18,0.045301
CDI:12,2015-02-19,0.045301
CDI:12,2015-02-20,0.045301
CDI:12,2015-02-23,0.045301
CDI:12,2015-02-24,0.045301
CDI:12,2015-02-25,0.045301
CDI:12,2015-02-26,0.045301
CDI:12,2015-02-27,0.045301
CDI:12,2015-03-02,0.045301
CDI:12,2015-03-03,0.045301
CDI:12,2015-03-04,0.045301
CDI:12,2015-03-05,0.047103
CDI:12,2015-03-06,0.047103
CDI:12,2015-03-09,0.047103
CDI:12,2015-03-10,0.047103
CDI:12,2015-03-11,0.047103
CDI:12,2015-03-12,0.047103
CDI:12,2015-03-13,0.047103
CDI:12,2015-03-16,0.047103
CDI:12,2015-03-17,0.047103
CDI:12,2015-03-18,0.047103
CDI:12,2015-03-19,0.047103
CDI:12,2015-03-20,0.047103
CDI:12,2015-03-23,0.047138
CDI:12,2015-03-24,0.047138
CDI:12,2015-03-25,0.047138
CDI:12,2015-03-26,0.047138
CDI:12,2015-03-27,0.047138
CDI:12,2015-03-30,0.047103
CDI:12,2015-03-31,0.047103
CDI:12,2015-04-01,0.047103
CDI:12,2015-04-02,0.047103
CDI:12,2015-04-06,0.047103
CDI:12,2015-04-07,0.047103
CDI:12,2015-04-08,0.047103
CDI:12,2015-04-09,0.047103
CDI:12,2015-04-10,0.047103
CDI:12,2015-04-13,0.047103
CDI:12,2015-04-14,0.047103
CDI:12,2015-04-15,0.047103
CDI:12,2015-04-16,0.047103
CDI:12,2015-04-17,0.047103
CDI:12,2015-04-20,0.047103
CDI:12,2015-04-22,0.047103
CDI:12,2015-04-23,0.047103
CDI:12,2015-04-24,0.047103
CDI:12,2015-04-27,0.047138
CDI:12,2015-04-28,0.047173
CDI:12,2015-04-29,0.047173
CDI:12,2015-04-30,0.048897
CDI:12,2015-05-04,0.048897
CDI:12,2015-05-05,0.048967
CDI:12,2015-05-06,0.048967
CDI:12,2015-05-07,0.048967
CDI:12,2015-05-08,0.048967
CDI:12,2015-05-11,0.048967
CDI:12,2015-05-12,0.048967
CDI:12,2015-05-13,0.048967
CDI:12,2015-05-14,0.048967
CDI:12,2015-05-15,0.048967
CDI:12,2015-05-18,0.048967
CDI:12,2015-05-19,0.048967
CDI:12,2015-05-20,0.048967
CDI:12,2015-05-21,0.048967
CDI:12,2015-05-22,0.048967
CDI:12,2015-05-25,0.048967
CDI:12,2015-05-26,0.048967
CDI:12,2015-05-27,0.048967
CDI:12,2015-05-28,0.048967
CDI:12,2015-05-29,0.048967
CDI:12,2015-06-01,0.048967
CDI:12,2015-06-02,0.048967
CDI:12,2015-06-03,0.048967
CDI:12,2015-06-05,0.050753
CDI:12,2015-06-08,0.050753
CDI:12,2015-06-09,0.050753
CDI:12,2015-06-10,0.050753
CDI:12,2015-06-11,0.050753
CDI:12,2015-06-12,0.050753
CDI:12,2015-06-15,0.050753
CDI:12,2015-06-16,0.050753
CDI:12,2015-06-17,0.050753
CDI:12,2015-06-18,0.050753
CDI:12,2015-06-19,0.050753
CDI:12,2015-06-22,0.050753
CDI:12,2015-06-23,0.050753
CDI:12,2015-06-24,0.050753
CDI:12,2015-06-25,0.050753
CDI:12,2015-06-26,0.050753
CDI:12,2015-06-29,0.050753
CDI:12,2015-06-30,0.050753
CDI:12,2015-07-01,0.050753
CDI:12,2015-07-02,0.050753
CDI:12,2015-07-03,0.050753
CDI:12,2015-07-06,0.050753
CDI:12,2015-07-07,0.050753
CDI:12,2015-07-08,0.050753
CDI:12,2015-07-09,0.050753
CDI:12,2015-07-10,0.050753
CDI:12,2015-07-13,0.050753
CDI:12,2015-07-14,0.050753
CDI:12,2015-07-15,0.050753
CDI:12,2015-07-16,0.050753
CDI:12,2015-07-17,0.050753
CDI:12,2015-07-20,0.050753
CDI:12,2015-07-21,0.050753
CDI:12,2015-07-22,0.050753
CDI:12,2015-07-23,0.050753
CDI:12,2015-07-24,0.050753
CDI:12,2015-07-27,0.050753
CDI:12,2015-07-28,0.050753
CDI:12,2015-07-29,0.050753
CDI:12,2015-07-30,0.052461
CDI:12,2015-07-31,0.052461
CDI:12,2015-08-03,0.052461
CDI:12,2015-08-04,0.052461
CDI:12,2015-08-05,0.052461
CDI:12,2015-08-06,0.052461
CDI:12,2015-08-07,0.052461
CDI:12,2015-08-10,0.052461
CDI:12,2015-08-11,0.052461
CDI:12,2015-08-12,0.052461
CDI:12,2015-08-13,0.052461
CDI:12,2015-08-14,0.052461
CDI:12,2015-08-17,0.052461
CDI:12,2015-08-18,0.052461
CDI:12,2015-08-19,0.052461
CDI:12,2015-08-20,0.052461
CDI:12,2015-08-21,0.052461
CDI:12,2015-08-24,0.052461
CDI:12,2015-08-25,0.052461
CDI:12,2015-08-26,0.052461
CDI:12,2015-08-27,0.052461
CDI:12,2015-08-28,0.052461
CDI:12,2015-08-31,0.052461
CDI:12,2015-09-01,0.052461
CDI:12,2015-09-02,0.052461
CDI:12,2015-09-03,0.052461
CDI:12,2015-09-04,0.052461
CDI:12,2015-09-08,0.052461
CDI:12,2015-09-09,0.052461
CDI:12,2015-09-10,0.052461
CDI:12,2015-09-11,0.052461
CDI:12,2015-09-14,0.052461
CDI:12,2015-09-15,0.052461
CDI:12,2015-09-16,0.052461
CDI:12,2015-09-17,0.052461
CDI:12,2015-09-18,0.052461
CDI:12,2015-09-21,0.052461
CDI:12,2015-09-22,0.052461
CDI:12,2015-09-23,0.052461
CDI:12,2015-09-24,0.052461
CDI:12,2015-09-25,0.052461
CDI:12,2015-09-28,0.052461
CDI:12,2015-09-29,0.052461
CDI:12,2015-09-30,0.052461
CDI:12,2015-10-01,0.052461
CDI:12,2015-10-02,0.052461
CDI:12,2015-10-05,0.052461
CDI:12,2015-10-06,0.052461
CDI:12,2015-10-07,0.052461
CDI:12,2015-10-08,0.052461
CDI:12,2015-10-09,0.052461
CDI:12,2015-10-13,0.052461
CDI:12,2015-10-14,0.052461
CDI:12,2015-10-15,0.052461
CDI:12,2015-10-16,0.052461
CDI:12,2015-10-19,0.052461
CDI:12,2015-10-20,0.052461
CDI:12,2015-10-21,0.052461
CDI:12,2015-10-22,0.052496
CDI:12,2015-10-23,0.052496
CDI:12,2015-10-26,0.052496
CDI:12,2015-10-27,0.052496
CDI:12,2015-10-28,0.052496
CDI:12,2015-10-29,0.052496
CDI:12,2015-10-30,0.052496
CDI:12,2015-11-03,0.052496
CDI:12,2015-11-04,0.052496
CDI:12,2015-11-05,0.052496
CDI:12,2015-11-06,0.052496
CDI:12,2015-11-09,0.052496
CDI:12,2015-11-10,0.052496
CDI:12,2015-11-11,0.052496
CDI:12,2015-11-12,0.052496
CDI:12,2015-11-13,0.052496
CDI:12,2015-11-16,0.052496
CDI:12,2015-11-17,0.052496
CDI:12,2015-11-18,0.052496
CDI:12,2015-11-19,0.052496
CDI:12,2015-11-20,0.052496
CDI:12,2015-11-23,0.052496
CDI:12,2015-11-24,0.052496
CDI:12,2015-11-25,0.052496
CDI:12,2015-11-26,0.052496
CDI:12,2015-11-27,0.052496
CDI:12,2015-11-30,0.052496
CDI:12,2015-12-01,0.052496
CDI:12,2015-12-02,0.052496
CDI:12,2015-12-03,0.052496
CDI:12,2015-12-04,0.052496
CDI:12,2015-12-07,0.052496
CDI:12,2015-12-08,0.052496
CDI:12,2015-12-09,0.052496
CDI:12,2015-12-10,0.052496
CDI:12,2015-12-11,0.052496
CDI:12,2015-12-14,0.052496
CDI:12,2015-12-15,0.052496
CDI:12,2015-12-16,0.052496
CDI:12,2015-12-17,0.052496
CDI:12,2015-12-18,0.052496
CDI:12,2015-12-21,0.052496
CDI:12,2015-12-22,0.052496
CDI:12,2015-12-23,0.052496
CDI:12,2015-12-24,0.052496
CDI:12,2015-12-28,0.052496
CDI:12,2015-12-29,0.052496
CDI:12,2015-12-30,0.052496
CDI:12,2015-12-31,0.052496
CDI:12,2016-01-04,0.052496
CDI:12,2016-01-05,0.052496
CDI:12,2016-01-06,0.052496
CDI:12,2016-01-07,0.052496
CDI:12,2016-01-08,0.052496
CDI:12,2016-01-11,0.052496
CDI:12,2016-01-12,0.052496
CDI:12,2016-01-13,0.052496
CDI:12,2016-01-14,0.052496
CDI:12,2016-01-15,0.052496
CDI:12,2016-01-18,0.052496
CDI:12,2016-01-19,0.052496
CDI:12,2016-01-20,0.052496
CDI:12,2016-01-21,0.052461
CDI:12,2016-01-22,0.052461
CDI:12,2016-01-25,0.052461
CDI:12,2016-01-26,0.052461
CDI:12,2016-01-27,0.052461
CDI:12,2016-01-28,0.052461
CDI:12,2016-01-29,0.052461
CDI:12,2016-02-01,0.052461
CDI:12,2016-02-02,0.052461
CDI:12,2016-02-03,0.052461
CDI:12,2016-02-04,0.052461
CDI:12,2016-02-05,0.052461
CDI:12,2016-02-10,0.052461
CDI:12,2016-02-11,0.052461
CDI:12,2016-02-12,0.052461
CDI:12,2016-02-15,0.052461
CDI:12,2016-02-16,0.052461
CDI:12,2016-02-17,0.052461
CDI:12,2016-02-18,0.052461
CDI:12,2016-02-19,0.052461
CDI:12,2016-02-22,0.052461
CDI:12,2016-02-23,0.052461
CDI:12,2016-02-24,0.052461
CDI:12,2016-02-25,0.052461
CDI:12,2016-02-26,0.052461
CDI:12,2016-02-29,0.052461
CDI:12,2016-03-01,0.052461
CDI:12,2016-03-02,0.052461
CDI:12,2016-03-03,0.052461
CDI:12,2016-03-04,0.052461
CDI:12,2016-03-07,0.052461
CDI:12,2016-03-08,0.052461
CDI:12,2016-03-09,0.052461
CDI:12,2016-03-10,0.052461
CDI:12,2016-03-11,0.052461
CDI:12,2016-03-14,0.052461
CDI:12,2016-03-15,0.052461
CDI:12,2016-03-16,0.052461
CDI:12,2016-03-17,0.052461
CDI:12,2016-03-18,0.052461
CDI:12,2016-03-21,0.052461
CDI:12,2016-03-22,0.052461
CDI:12,2016-03-23,0.052461
CDI:12,2016-03-24,0.052461
CDI:12,2016-03-28,0.052461
CDI:12,2016-03-29,0.052461
CDI:12,2016-03-30,0.052461
CDI:12,2016-03-31,0.052461
CDI:12,2016-04-01,0.052461
CDI:12,2016-04-04,0.052461
CDI:12,2016-04-05,0.052461
CDI:12,2016-04-06,0.052461
CDI:12,2016-04-07,0.052461
CDI:12,2016-04-08,0.052461
CDI:12,2016-04-11,0.052461
CDI:12,2016-04-12,0.052461
CDI:12,2016-04-13,0.052461
CDI:12,2016-04-14,0.052461
CDI:12,2016-04-15,0.052461
CDI:12,2016-04-18,0.052461
CDI:12,2016-04-19,0.052461
CDI:12,2016-04-20,0.052461
CDI:12,2016-04-22,0.052461
CDI:12,2016-04-25,0.052461
CDI:12,2016-04-26,0.052461
CDI:12,2016-04-27,0.052461
CDI:12,2016-04-28,0.052461
CDI:12,2016-04-29,0.052461
CDI:12,2016-05-02,0.052461
CDI:12,2016-05-03,0.052461
CDI:12,2016-05-04,0.052461
CDI:12,2016-05-05,0.052461
CDI:12,2016-05-06,0.052461
CDI:12,2016-05-09,0.052461
CDI:12,2016-05-10,0.052461
CDI:12,2016-05-11,0.052461
CDI:12,2016-05-12,0.052461
CDI:12,2016-05-13,0.052461
CDI:12,2016-05-16,0.052461
CDI:12,2016-05-17,0.052461
CDI:12,2016-05-18,0.052461
CDI:12,2016-05-19,0.052461
CDI:12,2016-05-20,0.052461
CDI:12,2016-05-23,0.052461
CDI:12,2016-05-24,0.052461
CDI:12,2016-05-25,0.052461
CDI:12,2016-05-27,0.052461
CDI:12,2016-05-30,0.052461
CDI:12,2016-05-31,0.052461
CDI:12,2016-06-01,0.052461
CDI:12,2016-06-02,0.052461
CDI:12,2016-06-03,0.052461
CDI:12,2016-06-06,0.052461
CDI:12,2016-06-07,0.052461
CDI:12,2016-06-08,0.052461
CDI:12,2016-06-09,0.052461
CDI:12,2016-06-10,0.052461
CDI:12,2016-06-13,0.052461
CDI:12,2016-06-14,0.052461
CDI:12,2016-06-15,0.052461
CDI:12,2016-06-16,0.052461
CDI:12,2016-06-17,0.052461
CDI:12,2016-06-20,0.052461
CDI:12,2016-06-21,0.052461
CDI:12,2016-06-22,0.052461
CDI:12,2016-06-23,0.052461
CDI:12,2016-06-24,0.052461
CDI:12,2016-06-27,0.052461
CDI:12,2016-06-28,0.052461
CDI:12,2016-06-29,0.052461
CDI:12,2016-06-30,0.052461
CDI:12,2016-07-01,0.052461
CDI:12,2016-07-04,0.052461
CDI:12,2016-07-05,0.052461
CDI:12,2016-07-06,0.052461
CDI:12,2016-07-07,0.052461
CDI:12,2016-07-08,0.052461
CDI:12,2016-07-11,0.052461
CDI:12,2016-07-12,0.052461
CDI:12,2016-07-13,0.052461
CDI:12,2016-07-14,0.052461
CDI:12,2016-07-15,0.052461
CDI:12,2016-07-18,0.052461
CDI:12,2016-07-19,0.052461
CDI:12,2016-07-20,0.052461
CDI:12,2016-07-21,0.052461
CDI:12,2016-07-22,0.052461
CDI:12,2016-07-25,0.052461
CDI:12,2016-07-26,0.052461
CDI:12,2016-07-27,0.052461
CDI:12,2016-07-28,0.052461
CDI:12,2016-07-29,0.052461
CDI:12,2016-08-01,0.052461
CDI:12,2016-08-02,0.052461
CDI:12,2016-08-03,0.052461
CDI:12,2016-08-04,0.052461
CDI:12,2016-08-05,0.052461
CDI:12,2016-08-08,0.052461
CDI:12,2016-08-09,0.052461
CDI:12,2016-08-10,0.052461
CDI:12,2016-08-11,0.052461
CDI:12,2016-08-12,0.052461
CDI:12,2016-08-15,0.052461
CDI:12,2016-08-16,0.052461
CDI:12,2016-08-17,0.052461
CDI:12,2016-08-18,0.052461
CDI:12,2016-08-19,0.052461
CDI:12,2016-08-22,0.052461
CDI:12,2016-08-23,0.052461
CDI:12,2016-08-24,0.052461
CDI:12,2016-08-25,0.052461
CDI:12,2016-08-26,0.052461
CDI:12,2016-08-29,0.052461
CDI:12,2016-08-30,0.052461
CDI:12,2016-08-31,0.052461
CDI:12,2016-09-01,0.052461
CDI:12,2016-09-02,0.052461
CDI:12,2016-09-05,0.052461
CDI:12,2016-09-06,0.052461
CDI:12,2016-09-08,0.052461
CDI:12,2016-09-09,0.052461
CDI:12,2016-09-12,0.052461
CDI:12,2016-09-13,0.052461
CDI:12,2016-09-14,0.052461
CDI:12,2016-09-15,0.052461
CDI:12,2016-09-16,0.052461
CDI:12,2016-09-19,0.052461
CDI:12,2016-09-20,0.052461
CDI:12,2016-09-21,0.052461
CDI:12,2016-09-22,0.052461
CDI:12,2016-09-23,0.052461
CDI:12,2016-09-26,0.052461
CDI:12,2016-09-27,0.052461
CDI:12,2016-09-28,0.052461
CDI:12,2016-09-29,0.052461
CDI:12,2016-09-30,0.052461
CDI:12,2016-10-03,0.052461
CDI:12,2016-10-04,0.052461
CDI:12,2016-10-05,0.052461
CDI:12,2016-10-06,0.052461
CDI:12,2016-10-07,0.052461
CDI:12,2016-10-10,0.052461
CDI:12,2016-10-11,0.052461
CDI:12,2016-10-13,0.052461
CDI:12,2016-10-14,0.052461
CDI:12,2016-10-17,0.052461
CDI:12,2016-10-18,0.052461
CDI:12,2016-10-19,0.052461
CDI:12,2016-10-20,0.051591
CDI:12,2016-10-21,0.051591
CDI:12,2016-10-24,0.051591
CDI:12,2016-10-25,0.051591
CDI:12,2016-10-26,0.051591
CDI:12,2016-10-27,0.051591
CDI:12,2016-10-28,0.051591
CDI:12,2016-10-31,0.051591
CDI:12,2016-11-01,0.051591
CDI:12,2016-11-03,0.051591
CDI:12,2016-11-04,0.051591
CDI:12,2016-11-07,0.051591
CDI:12,2016-11-08,0.051591
CDI:12,2016-11-09,0.051591
CDI:12,2016-11-10,0.051591
CDI:12,2016-11-11,0.051591
CDI:12,2016-11-14,0.051591
CDI:12,2016-11-16,0.051591
CDI:12,2016-11-17,0.051591
CDI:12,2016-11-18,0.051591
CDI:12,2016-11-21,0.051591
CDI:12,2016-11-22,0.051591
CDI:12,2016-11-23,0.051591
CDI:12,2016-11-24,0.051591
CDI:12,2016-11-25,0.051591
CDI:12,2016-11-28,0.051591
CDI:12,2016-11-29,0.051591
CDI:12,2016-11-30,0.051591
CDI:12,2016-12-01,0.050718
CDI:12,2016-12-02,0.050718
CDI:12,2016-12-05,0.050718
CDI:12,2016-12-06,0.050718
CDI:12,2016-12-07,0.050718
CDI:12,2016-12-08,0.050718
CDI:12,2016-12-09,0.050718
CDI:12,2016-12-12,0.050718
CDI:12,2016-12-13,0.050718
CDI:12,2016-12-14,0.050718
CDI:12,2016-12-15,0.050718
CDI:12,2016-12-16,0.050718
CDI:12,2016-12-19,0.050718
CDI:12,2016-12-20,0.050718
CDI:12,2016-12-21,0.050718
CDI:12,2016-12-22,0.050718
CDI:12,2016-12-23,0.050718
CDI:12,2016-12-26,0.050718
CDI:12,2016-12-27,0.050718
CDI:12,2016-12-28,0.050718
CDI:12,2016-12-29,0.050718
CDI:12,2016-12-30,0.050718
CDI:12,2017-01-02,0.050718
CDI:12,2017-01-03,0.050718
CDI:12,2017-01-04,0.050718
CDI:12,2017-01-05,0.050718
CDI:12,2017-01-06,0.050718
CDI:12,2017-01-09,0.050718
CDI:12,2017-01-10,0.050718
CDI:12,2017-01-11,0.050718
CDI:12,2017-01-12,0.048089
CDI:12,2017-01-13,0.048089
CDI:12,2017-01-16,0.048089
CDI:12,2017-01-17,0.048089
CDI:12,2017-01-18,0.048089
CDI:12,2017-01-19,0.048089
CDI:12,2017-01-20,0.048089
CDI:12,2017-01-23,0.048089
CDI:12,2017-01-24,0.048089
CDI:12,2017-01-25,0.048089
CDI:12,2017-01-26,0.048089
CDI:12,2017-01-27,0.048089
CDI:12,2017-01-30,0.048089
CDI:12,2017-01-31,0.048089
CDI:12,2017-02-01,0.048089
CDI:12,2017-02-02,0.048089
CDI:12,2017-02-03,0.048089
CDI:12,2017-02-06,0.048089
CDI:12,2017-02-07,0.048089
CDI:12,2017-02-08,0.048089
CDI:12,2017-02-09,0.048089
CDI:12,2017-02-10,0.048089
CDI:12,2017-02-13,0.048089
CDI:12,2017-02-14,0.048089
CDI:12,2017-02-15,0.048089
CDI:12,2017-02-16,0.048089
CDI:12,2017-02-17,0.048089
CDI:12,2017-02-20,0.048089
CDI:12,2017-02-21,0.048089
CDI:12,2017-02-22,0.048089
CDI:12,2017-02-23,0.045442
CDI:12,2017-02-24,0.045442
CDI:12,2017-03-01,0.045442
CDI:12,2017-03-02,0.045442
CDI:12,2017-03-03,0.045442
CDI:12,2017-03-06,0.045442
CDI:12,2017-03-07,0.045442
CDI:12,2017-03-08,0.045442
CDI:12,2017-03-09,0.045442
CDI:12,2017-03-10,0.045442
CDI:12,2017-03-13,0.045442
CDI:12,2017-03-14,0.045442
CDI:12,2017-03-15,0.045442
CDI:12,2017-03-16,0.045442
CDI:12,2017-03-17,0.045442
CDI:12,2017-03-20,0.045442
CDI:12,2017-03-21,0.045442
CDI:12,2017-03-22,0.045442
CDI:12,2017-03-23,0.045442
CDI:12,2017-03-24,0.045442
CDI:12,2017-03-27,0.045442
CDI:12,2017-03-28,0.045442
CDI:12,2017-03-29,0.045442
CDI:12,2017-03-30,0.045442
CDI:12,2017-03-31,0.045442
CDI:12,2017-04-03,0.045442
CDI:12,2017-04-04,0.045442
CDI:12,2017-04-05,0.045442
CDI:12,2017-04-06,0.045442
CDI:12,2017-04-07,0.045442
CDI:12,2017-04-10,0.045442
CDI:12,2017-04-11,0.045442
CDI:12,2017-04-12,0.045442
CDI:12,2017-04-13,0.041886
CDI:12,2017-04-17,0.041886
CDI:12,2017-04-18,0.041886
CDI:12,2017-04-19,0.041886
CDI:12,2017-04-20,0.041886
CDI:12,2017-04-24,0.041886
CDI:12,2017-04-25,0.041886
CDI:12,2017-04-26,0.041886
CDI:12,2017-04-27,0.041886
CDI:12,2017-04-28,0.041886
CDI:12,2017-05-02,0.041886
CDI:12,2017-05-03,0.041886
CDI:12,2017-05-04,0.041886
CDI:12,2017-05-05,0.041886
CDI:12,2017-05-08,0.041886
CDI:12,2017-05-09,0.041886
CDI:12,2017-05-10,0.041886
CDI:12,2017-05-11,0.041886
CDI:12,2017-05-12,0.041886
CDI:12,2017-05-15,0.041886
CDI:12,2017-05-16,0.041886
CDI:12,2017-05-17,0.041886
CDI:12,2017-05-18,0.041886
CDI:12,2017-05-19,0.041886
CDI:12,2017-05-22,0.041886
CDI:12,2017-05-23,0.041886
CDI:12,2017-05-24,0.041886
CDI:12,2017-05-25,0.041886
CDI:12,2017-05-26,0.041886
CDI:12,2017-05-29,0.041886
CDI:12,2017-05-30,0.041886
CDI:12,2017-05-31,0.041886
CDI:12,2017-06-01,0.038334
CDI:12,2017-06-02,0.038334
CDI:12,2017-06-05,0.038334
CDI:12,2017-06-06,0.038334
CDI:12,2017-06-07,0.038334
CDI:12,2017-06-08,0.038334
CDI:12,2017-06-09,0.038334
CDI:12,2017-06-12,0.038334
CDI:12,2017-06-13,0.038334
CDI:12,2017-06-14,0.038334
CDI:12,2017-06-16,0.038334
CDI:12,2017-06-19,0.038334
CDI:12,2017-06-20,0.038334
CDI:12,2017-06-21,0.038334
CDI:12,2017-06-22,0.038334
CDI:12,2017-06-23,0.038334
CDI:12,2017-06-26,0.038334
CDI:12,2017-06-27,0.038334
CDI:12,2017-06-28,0.038334
CDI:12,2017-06-29,0.038334
CDI:12,2017-06-30,0.038334
CDI:12,2017-07-03,0.038334
CDI:12,2017-07-04,0.038334
CDI:12,2017-07-05,0.038334
CDI:12,2017-07-06,0.038334
CDI:12,2017-07-07,0.038334
CDI:12,2017-07-10,0.038334
CDI:12,2017-07-11,0.038334
CDI:12,2017-07-12,0.038334
CDI:12,2017-07-13,0.038334
CDI:12,2017-07-14,0.038334
CDI:12,2017-07-17,0.038334
CDI:12,2017-07-18,0.038334
CDI:12,2017-07-19,0.038334
CDI:12,2017-07-20,0.038334
CDI:12,2017-07-21,0.038334
CDI:12,2017-07-24,0.038334
CDI:12,2017-07-25,0.038334
CDI:12,2017-07-26,0.038334
CDI:12,2017-07-27,0.034713
CDI:12,2017-07-28,0.034713
CDI:12,2017-07-31,0.034713
CDI:12,2017-08-01,0.034713
CDI:12,2017-08-02,0.034713
CDI:12,2017-08-03,0.034713
CDI:12,2017-08-04,0.034713
CDI:12,2017-08-07,0.034713
CDI:12,2017-08-08,0.034713
CDI:12,2017-08-09,0.034713
CDI:12,2017-08-10,0.034713
CDI:12,2017-08-11,0.034713
CDI:12,2017-08-14,0.034713
CDI:12,2017-08-15,0.034713
CDI:12,2017-08-16,0.034713
CDI:12,2017-08-17,0.034713
CDI:12,2017-08-18,0.034713
CDI:12,2017-08-21,0.034713
CDI:12,2017-08-22,0.034713
CDI:12,2017-08-23,0.034713
CDI:12,2017-08-24,0.034713
CDI:12,2017-08-25,0.034713
CDI:12,2017-08-28,0.034713
CDI:12,2017-08-29,0.034713
CDI:12,2017-08-30,0.034713
CDI:12,2017-08-31,0.034713
CDI:12,2017-09-01,0.034713
CDI:12,2017-09-04,0.034713
CDI:12,2017-09-05,0.034713
CDI:12,2017-09-06,0.034713
CDI:12,2017-09-08,0.031059
CDI:12,2017-09-11,0.031059
CDI:12,2017-09-12,0.031059
CDI:12,2017-09-13,0.031059
CDI:12,2017-09-14,0.031059
CDI:12,2017-09-15,0.031059
CDI:12,2017-09-18,0.031059
CDI:12,2017-09-19,0.031059
CDI:12,2017-09-20,0.031059
CDI:12,2017-09-21,0.031059
CDI:12,2017-09-22,0.031059
CDI:12,2017-09-25,0.031059
CDI:12,2017-09-26,0.031059
CDI:12,2017-09-27,0.031059
CDI:12,2017-09-28,0.031059
CDI:12,2017-09-29,0.031059
CDI:12,2017-10-02,0.031059
CDI:12,2017-10-03,0.031059
CDI:12,2017-10-04,0.031059
CDI:12,2017-10-05,0.031059
CDI:12,2017-10-06,0.031059
CDI:12,2017-10-09,0.031059
CDI:12,2017-10-10,0.031059
CDI:12,2017-10-11,0.031059
CDI:12,2017-10-13,0.031059
CDI:12,2017-10-16,0.031059
CDI:12,2017-10-17,0.031059
CDI:12,2017-10-18,0.031059
CDI:12,2017-10-19,0.031059
CDI:12,2017-10-20,0.031059
CDI:12,2017-10-23,0.031059
CDI:12,2017-10-24,0.031059
CDI:12,2017-10-25,0.031059
CDI:12,2017-10-26,0.028296
CDI:12,2017-10-27,0.028296
CDI:12,2017-10-30,0.028296
CDI:12,2017-10-31,0.028296
CDI:12,2017-11-01,0.028296
CDI:12,2017-11-03,0.028296
CDI:12,2017-11-06,0.028296
CDI:12,2017-11-07,0.028296
CDI:12,2017-11-08,0.028296
CDI:12,2017-11-09,0.028296
CDI:12,2017-11-10,0.028296
CDI:12,2017-11-13,0.028296
CDI:12,2017-11-14,0.028296
CDI:12,2017-11-16,0.028296
CDI:12,2017-11-17,0.028296
CDI:12,2017-11-20,0.028296
CDI:12,2017-11-21,0.028296
CDI:12,2017-11-22,0.028296
CDI:12,2017-11-23,0.028296
CDI:12,2017-11-24,0.028296
CDI:12,2017-11-27,0.028296
CDI:12,2017-11-28,0.028296
CDI:12,2017-11-29,0.028296
CDI:12,2017-11-30,0.028296
CDI:12,2017-12-01,0.028296
CDI:12,2017-12-04,0.028296
CDI:12,2017-12-05,0.028296
CDI:12,2017-12-06,0.028296
CDI:12,2017-12-07,0.026444
CDI:12,2017-12-08,0.026444
CDI:12,2017-12-11,0.026444
CDI:12,2017-12-12,0.026444
CDI:12,2017-12-13,0.026444
CDI:12,2017-12-14,0.026444
CDI:12,2017-12-15,0.026444
CDI:12,2017-12-18,0.026444
CDI:12,2017-12-19,0.026444
CDI:12,2017-12-20,0.026444
CDI:12,2017-12-21,0.026444
CDI:12,2017-12-22,0.026444
CDI:12,2017-12-26,0.026444
CDI:12,2017-12-27,0.026444
CDI:12,2017-12-28,0.026444
CDI:12,2017-12-29,0.026444
CDI:12,2018-01-02,0.026444
CDI:12,2018-01-03,0.026444
CDI:12,2018-01-04,0.026444
CDI:12,2018-01-05,0.026444
CDI:12,2018-01-08,0.026444
CDI:12,2018-01-09,0.026444
CDI:12,2018-01-10,0.026444
CDI:12,2018-01-11,0.026444
CDI:12,2018-01-12,0.026444
CDI:12,2018-01-15,0.026444
CDI:12,2018-01-16,0.026444
CDI:12,2018-01-17,0.026444
CDI:12,2018-01-18,0.026444
CDI:12,2018-01-19,0.026444
CDI:12,2018-01-22,0.026444
CDI:12,2018-01-23,0.026444
CDI:12,2018-01-24,0.026444
CDI:12,2018-01-25,0.026444
CDI:12,2018-01-26,0.026444
CDI:12,2018-01-29,0.026444
CDI:12,2018-01-30,0.026444
CDI:12,2018-01-31,0.026444
CDI:12,2018-02-01,0.026444
CDI:12,2018-02-02,0.026444
CDI:12,2018-02-05,0.026444
CDI:12,2018-02-06,0.026444
CDI:12,2018-02-07,0.026444
CDI:12,2018-02-08,0.025515
CDI:12,2018-02-09,0.025515
CDI:12,2018-02-14,0.025515
CDI:12,2018-02-15,0.025515
CDI:12,2018-02-16,0.025515
CDI:12,2018-02-19,0.025515
CDI:12,2018-02-20,0.025515
CDI:12,2018-02-21,0.025515
CDI:12,2018-02-22,0.025515
CDI:12,2018-02-23,0.025515
CDI:12,2018-02-26,0.025515
CDI:12,2018-02-27,0.025515
CDI:12,2018-02-28,0.025515
CDI:12,2018-03-01,0.025515
CDI:12,2018-03-02,0.025515
CDI:12,2018-03-05,0.025515
CDI:12,2018-03-06,0.025515
CDI:12,2018-03-07,0.025515
CDI:12,2018-03-08,0.025515
CDI:12,2018-03-09,0.025515
CDI:12,2018-03-12,0.025515
CDI:12,2018-03-13,0.025515
CDI:12,2018-03-14,0.025515
CDI:12,2018-03-15,0.025515
CDI:12,2018-03-16,0.025515
CDI:12,2018-03-19,0.025515
CDI:12,2018-03-20,0.025515
CDI:12,2018-03-21,0.025515
CDI:12,2018-03-22,0.024583
CDI:12,2018-03-23,0.024583
CDI:12,2018-03-26,0.024583
CDI:12,2018-03-27,0.024583
CDI:12,2018-03-28,0.024583
CDI:12,2018-03-29,0.024583
CDI:12,2018-04-02,0.024583
CDI:12,2018-04-03,0.024583
CDI:12,2018-04-04,0.024583
CDI:12,2018-04-05,0.024583
CDI:12,2018-04-06,0.024583
CDI:12,2018-04-09,0.024583
CDI:12,2018-04-10,0.024583
CDI:12,2018-04-11,0.024583
CDI:12,2018-04-12,0.024583
CDI:12,2018-04-13,0.024583
CDI:12,2018-04-16,0.024583
CDI:12,2018-04-17,0.024583
CDI:12,2018-04-18,0.024583
CDI:12,2018-04-19,0.024583
CDI:12,2018-04-20,0.024583
CDI:12,2018-04-23,0.024583
CDI:12,2018-04-24,0.024583
CDI:12,2018-04-25,0.024583
CDI:12,2018-04-26,0.024583
CDI:12,2018-04-27,0.024583
CDI:12,2018-04-30,0.024583
CDI:12,2018-05-02,0.024583
CDI:12,2018-05-03,0.024583
CDI:12,2018-05-04,0.024583
CDI:12,2018-05-07,0.024583
CDI:12,2018-05-08,0.024583
CDI:12,2018-05-09,0.024583
CDI:12,2018-05-10,0.024583
CDI:12,2018-05-11,0.024583
CDI:12,2018-05-14,0.024583
CDI:12,2018-05-15,0.024583
CDI:12,2018-05-16,0.024583
CDI:12,2018-05-17,0.024583
CDI:12,2018-05-18,0.024583
CDI:12,2018-05-21,0.024583
CDI:12,2018-05-22,0.024583
CDI:12,2018-05-23,0.024583
CDI:12,2018-05-24,0.024583
CDI:12,2018-05-25,0.024583
CDI:12,2018-05-28,0.024583
CDI:12,2018-05-29,0.024583
CDI:12,2018-05-30,0.024583
CDI:12,2018-06-01,0.024583
CDI:12,2018-06-04,0.024583
CDI:12,2018-06-05,0.024583
CDI:12,2018-06-06,0.024583
CDI:12,2018-06-07,0.024583
CDI:12,2018-06-08,0.024583
CDI:12,2018-06-11,0.024583
CDI:12,2018-06-12,0.024583
CDI:12,2018-06-13,0.024583
CDI:12,2018-06-14,0.024583
CDI:12,2018-06-15,0.024583
CDI:12,2018-06-18,0.024583
CDI:12,2018-06-19,0.024583
CDI:12,2018-06-20,0.024583
CDI:12,2018-06-21,0.024583
CDI:12,2018-06-22,0.024583
CDI:12,2018-06-25,0.024583
CDI:12,2018-06-26,0.024583
CDI:12,2018-06-27,0.024583
CDI:12,2018-06-28,0.024583
CDI:12,2018-06-29,0.024583
CDI:12,2018-07-02,0.024583
CDI:12,2018-07-03,0.024583
CDI:12,2018-07-04,0.024583
CDI:12,2018-07-05,0.024583
CDI:12,2018-07-06,0.024583
CDI:12,2018-07-09,0.024583
CDI:12,2018-07-10,0.024583
CDI:12,2018-07-11,0.024583
CDI:12,2018-07-12,0.024583
CDI:12,2018-07-13,0.024583
CDI:12,2018-07-16,0.024583
CDI:12,2018-07-17,0.024583
CDI:12,2018-07-18,0.024583
CDI:12,2018-07-19,0.024583
CDI:12,2018-07-20,0.024583
CDI:12,2018-07-23,0.024583
CDI:12,2018-07-24,0.024583
CDI:12,2018-07-25,0.024583
CDI:12,2018-07-26,0.024583
CDI:12,2018-07-27,0.024583
CDI:12,2018-07-30,0.024583
CDI:12,2018-07-31,0.024583
CDI:12,2018-08-01,0.024583
CDI:12,2018-08-02,0.024583
CDI:12,2018-08-03,0.024583
CDI:12,2018-08-06,0.024583
CDI:12,2018-08-07,0.024583
CDI:12,2018-08-08,0.024583
CDI:12,2018-08-09,0.024583
CDI:12,2018-08-10,0.024583
CDI:12,2018-08-13,0.024583
CDI:12,2018-08-14,0.024583
CDI:12,2018-08-15,0.024583
CDI:12,2018-08-16,0.024583
CDI:12,2018-08-17,0.024583
CDI:12,2018-08-20,0.024583
CDI:12,2018-08-21,0.024583
CDI:12,2018-08-22,0.024583
CDI:12,2018-08-23,0.024583
CDI:12,2018-08-24,0.024583
CDI:12,2018-08-27,0.024583
CDI:12,2018-08-28,0.024583
CDI:12,2018-08-29,0.024583
CDI:12,2018-08-30,0.024583
CDI:12,2018-08-31,0.024583
CDI:12,2018-09-03,0.024583
CDI:12,2018-09-04,0.024583
CDI:12,2018-09-05,0.024583
CDI:12,2018-09-06,0.024583
CDI:12,2018-09-10,0.024583
CDI:12,2018-09-11,0.024583
CDI:12,2018-09-12,0.024583
CDI:12,2018-09-13,0.024583
CDI:12,2018-09-14,0.024583
CDI:12,2018-09-17,0.024583
CDI:12,2018-09-18,0.024583
CDI:12,2018-09-19,0.024583
CDI:12,2018-09-20,0.024583
CDI:12,2018-09-21,0.024583
CDI:12,2018-09-24,0.024583
CDI:12,2018-09-25,0.024583
CDI:12,2018-09-26,0.024583
CDI:12,2018-09-27,0.024583
CDI:12,2018-09-28,0.024583
CDI:12,2018-10-01,0.02462
CDI:12,2018-10-02,0.02462
CDI:12,2018-10-03,0.02462
CDI:12,2018-10-04,0.02462
CDI:12,2018-10-05,0.02462
CDI:12,2018-10-08,0.02462
CDI:12,2018-10-09,0.02462
CDI:12,2018-10-10,0.02462
CDI:12,2018-10-11,0.02462
CDI:12,2018-10-15,0.02462
CDI:12,2018-10-16,0.02462
CDI:12,2018-10-17,0.02462
CDI:12,2018-10-18,0.02462
CDI:12,2018-10-19,0.02462
CDI:12,2018-10-22,0.02462
CDI:12,2018-10-23,0.02462
CDI:12,2018-10-24,0.02462
CDI:12,2018-10-25,0.02462
CDI:12,2018-10-26,0.02462
CDI:12,2018-10-29,0.02462
CDI:12,2018-10-30,0.02462
CDI:12,2018-10-31,0.02462
CDI:12,2018-11-01,0.02462
CDI:12,2018-11-05,0.02462
CDI:12,2018-11-06,0.02462
CDI:12,2018-11-07,0.02462
CDI:12,2018-11-08,0.02462
CDI:12,2018-11-09,0.02462
CDI:12,2018-11-12,0.02462
CDI:12,2018-11-13,0.02462
CDI:12,2018-11-14,0.02462
CDI:12,2018-11-16,0.02462
CDI:12,2018-11-19,0.02462
CDI:12,2018-11-20,0.02462
CDI:12,2018-11-21,0.02462
CDI:12,2018-11-22,0.02462
CDI:12,2018-11-23,0.02462
CDI:12,2018-11-26,0.02462
CDI:12,2018-11-27,0.02462
CDI:12,2018-11-28,0.02462
CDI:12,2018-11-29,0.02462
CDI:12,2018-11-30,0.02462
CDI:12,2018-12-03,0.02462
CDI:12,2018-12-04,0.02462
CDI:12,2018-12-05,0.02462
CDI:12,2018-12-06,0.02462
CDI:12,2018-12-07,0.02462
CDI:12,2018-12-10,0.02462
CDI:12,2018-12-11,0.02462
CDI:12,2018-12-12,0.02462
CDI:12,2018-12-13,0.02462
CDI:12,2018-12-14,0.02462
CDI:12,2018-12-17,0.02462
CDI:12,2018-12-18,0.02462
CDI:12,2018-12-19,0.02462
CDI:12,2018-12-20,0.02462
CDI:12,2018-12-21,0.02462
CDI:12,2018-12-24,0.02462
CDI:12,2018-12-26,0.02462
CDI:12,2018-12-27,0.02462
CDI:12,2018-12-28,0.02462
CDI:12,2018-12-31,0.02462
CDI:12,2019-01-02,0.02462
CDI:12,2019-01-03,0.02462
CDI:12,2019-01-04,0.02462
CDI:12,2019-01-07,0.02462
CDI:12,2019-01-08,0.02462
CDI:12,2019-01-09,0.02462
CDI:12,2019-01-10,0.02462
CDI:12,2019-01-11,0.02462
CDI:12,2019-01-14,0.02462
CDI:12,2019-01-15,0.02462
CDI:12,2019-01-16,0.02462
CDI:12,2019-01-17,0.02462
CDI:12,2019-01-18,0.02462
CDI:12,2019-01-21,0.02462
CDI:12,2019-01-22,0.02462
CDI:12,2019-01-23,0.02462
CDI:12,2019-01-24,0.02462
CDI:12,2019-01-25,0.02462
CDI:12,2019-01-28,0.02462
CDI:12,2019-01-29,0.02462
CDI:12,2019-01-30,0.02462
CDI:12,2019-01-31,0.02462
CDI:12,2019-02-01,0.02462
CDI:12,2019-02-04,0.02462
CDI:12,2019-02-05,0.02462
CDI:12,2019-02-06,0.02462
CDI:12,2019-02-07,0.02462
CDI:12,2019-02-08,0.02462
CDI:12,2019-02-11,0.02462
CDI:12,2019-02-12,0.02462
CDI:12,2019-02-13,0.02462
CDI:12,2019-02-14,0.02462
CDI:12,2019-02-15,0.02462
CDI:12,2019-02-18,0.02462
CDI:12,2019-02-19,0.02462
CDI:12,2019-02-20,0.02462
CDI:12,2019-02-21,0.02462
CDI:12,2019-02-22,0.02462
CDI:12,2019-02-25,0.02462
CDI:12,2019-02-26,0.02462
CDI:12,2019-02-27,0.02462
CDI:12,2019-02-28,0.02462
CDI:12,2019-03-01,0.02462
CDI:12,2019-03-06,0.02462
CDI:12,2019-03-07,0.02462
CDI:12,2019-03-08,0.02462
CDI:12,2019-03-11,0.02462
CDI:12,2019-03-12,0.02462
CDI:12,2019-03-13,0.02462
CDI:12,2019-03-14,0.02462
CDI:12,2019-03-15,0.02462
CDI:12,2019-03-18,0.02462
CDI:12,2019-03-19,0.02462
CDI:12,2019-03-20,0.02462
CDI:12,2019-03-21,0.02462
CDI:12,2019-03-22,0.02462
CDI:12,2019-03-25,0.02462
CDI:12,2019-03-26,0.02462
CDI:12,2019-03-27,0.02462
CDI:12,2019-03-28,0.02462
CDI:12,2019-03-29,0.02462
CDI:12,2019-04-01,0.02462
CDI:12,2019-04-02,0.02462
CDI:12,2019-04-03,0.02462
CDI:12,2019-04-04,0.02462
CDI:12,2019-04-05,0.02462
CDI:12,2019-04-08,0.02462
CDI:12,2019-04-09,0.02462
CDI:12,2019-04-10,0.02462
CDI:12,2019-04-11,0.02462
CDI:12,2019-04-12,0.02462
CDI:12,2019-04-15,0.02462
CDI:12,2019-04-16,0.02462
CDI:12,2019-04-17,0.02462
CDI:12,2019-04-18,0.02462
CDI:12,2019-04-22,0.02462
CDI:12,2019-04-23,0.02462
CDI:12,2019-04-24,0.02462
CDI:12,2019-04-25,0.02462
CDI:12,2019-04-26,0.02462
CDI:12,2019-04-29,0.02462
CDI:12,2019-04-30,0.02462
CDI:12,2019-05-02,0.02462
CDI:12,2019-05-03,0.02462
CDI:12,2019-05-06,0.02462
CDI:12,2019-05-07,0.02462
CDI:12,2019-05-08,0.02462
CDI:12,2019-05-09,0.02462
CDI:12,2019-05-10,0.02462
CDI:12,2019-05-13,0.02462
CDI:12,2019-05-14,0.02462
CDI:12,2019-05-15,0.02462
CDI:12,2019-05-16,0.02462
CDI:12,2019-05-17,0.02462
CDI:12,2019-05-20,0.02462
CDI:12,2019-05-21,0.02462
CDI:12,2019-05-22,0.02462
CDI:12,2019-05-23,0.02462
CDI:12,2019-05-24,0.02462
CDI:12,2019-05-27,0.02462
CDI:12,2019-05-28,0.02462
CDI:12,2019-05-29,0.02462
CDI:12,2019-05-30,0.02462
CDI:12,2019-05-31,0.02462
CDI:12,2019-06-03,0.02462
CDI:12,2019-06-04,0.02462
CDI:12,2019-06-05,0.02462
CDI:12,2019-06-06,0.02462
CDI:12,2019-06-07,0.02462
CDI:12,2019-06-10,0.02462
CDI:12,2019-06-11,0.02462
CDI:12,2019-06-12,0.02462
CDI:12,2019-06-13,0.02462
CDI:12,2019-06-14,0.02462
CDI:12,2019-06-17,0.02462
CDI:12,2019-06-18,0.02462
CDI:12,2019-06-19,0.02462
CDI:12,2019-06-21,0.02462
CDI:12,2019-06-24,0.02462
CDI:12,2019-06-25,0.02462
CDI:12,2019-06-26,0.02462
CDI:12,2019-06-27,0.02462
CDI:12,2019-06-28,0.02462
CDI:12,2019-07-01,0.02462
CDI:12,2019-07-02,0.02462
CDI:12,2019-07-03,0.02462
CDI:12,2019-07-04,0.02462
CDI:12,2019-07-05,0.02462
CDI:12,2019-07-08,0.02462
CDI:12,2019-07-09,0.02462
CDI:12,2019-07-10,0.02462
CDI:12,2019-07-11,0.02462
CDI:12,2019-07-12,0.02462
CDI:12,2019-07-15,0.02462
CDI:12,2019-07-16,0.02462
CDI:12,2019-07-17,0.02462
CDI:12,2019-07-18,0.02462
CDI:12,2019-07-19,0.02462
CDI:12,2019-07-22,0.02462
CDI:12,2019-07-23,0.02462
CDI:12,2019-07-24,0.02462
CDI:12,2019-07-25,0.02462
CDI:12,2019-07-26,0.02462
CDI:12,2019-07-29,0.02462
CDI:12,2019-07-30,0.02462
CDI:12,2019-07-31,0.02462
CDI:12,2019-08-01,0.022751
CDI:12,2019-08-02,0.022751
CDI:12,2019-08-05,0.022751
CDI:12,2019-08-06,0.022751
CDI:12,2019-08-07,0.022751
CDI:12,2019-08-08,0.022751
CDI:12,2019-08-09,0.022751
CDI:12,2019-08-12,0.022751
CDI:12,2019-08-13,0.022751
CDI:12,2019-08-14,0.022751
CDI:12,2019-08-15,0.022751
CDI:12,2019-08-16,0.022751
CDI:12,2019-08-19,0.022751
CDI:12,2019-08-20,0.022751
CDI:12,2019-08-21,0.022751
CDI:12,2019-08-22,0.022751
CDI:12,2019-08-23,0.022751
CDI:12,2019-08-26,0.022751
CDI:12,2019-08-27,0.022751
CDI:12,2019-08-28,0.022751
CDI:12,2019-08-29,0.022751
CDI:12,2019-08-30,0.022751
CDI:12,2019-09-02,0.022751
CDI:12,2019-09-03,0.022751
CDI:12,2019-09-04,0.022751
CDI:12,2019-09-05,0.022751
CDI:12,2019-09-06,0.022751
CDI:12,2019-09-09,0.022751
CDI:12,2019-09-10,0.022751
CDI:12,2019-09-11,0.022751
CDI:12,2019-09-12,0.022751
CDI:12,2019-09-13,0.022751
CDI:12,2019-09-16,0.022751
CDI:12,2019-09-17,0.022751
CDI:12,2019-09-18,0.022751
CDI:12,2019-09-19,0.020872
CDI:12,2019-09-20,0.020872
CDI:12,2019-09-23,0.020872
CDI:12,2019-09-24,0.020872
CDI:12,2019-09-25,0.020872
CDI:12,2019-09-26,0.020872
CDI:12,2019-09-27,0.020872
CDI:12,2019-09-30,0.020872
CDI:12,2019-10-01,0.020872
CDI:12,2019-10-02,0.020872
CDI:12,2019-10-03,0.020872
CDI:12,2019-10-04,0.020872
CDI:12,2019-10-07,0.020872
CDI:12,2019-10-08,0.020872
CDI:12,2019-10-09,0.020872
CDI:12,2019-10-10,0.020872
CDI:12,2019-10-11,0.020872
CDI:12,2019-10-14,0.020872
CDI:12,2019-10-15,0.020872
CDI:12,2019-10-16,0.020872
CDI:12,2019-10-17,0.020872
CDI:12,2019-10-18,0.020872
CDI:12,2019-10-21,0.020872
CDI:12,2019-10-22,0.020872
CDI:12,2019-10-23,0.020872
CDI:12,2019-10-24,0.020872
CDI:12,2019-10-25,0.020872
CDI:12,2019-10-28,0.020872
CDI:12,2019-10-29,0.020872
CDI:12,2019-10-30,0.020872
CDI:12,2019-10-31,0.018985
CDI:12,2019-11-01,0.018985
CDI:12,2019-11-04,0.018985
CDI:12,2019-11-05,0.018985
CDI:12,2019-11-06,0.018985
CDI:12,2019-11-07,0.018985
CDI:12,2019-11-08,0.018985
CDI:12,2019-11-11,0.018985
CDI:12,2019-11-12,0.018985
CDI:12,2019-11-13,0.018985
CDI:12,2019-11-14,0.018985
CDI:12,2019-11-18,0.018985
CDI:12,2019-11-19,0.018985
CDI:12,2019-11-20,0.018985
CDI:12,2019-11-21,0.018985
CDI:12,2019-11-22,0.018985
CDI:12,2019-11-25,0.018985
CDI:12,2019-11-26,0.018985
CDI:12,2019-11-27,0.018985
CDI:12,2019-11-28,0.018985
CDI:12,2019-11-29,0.018985
CDI:12,2019-12-02,0.018985
CDI:12,2019-12-03,0.018985
CDI:12,2019-12-04,0.018985
CDI:12,2019-12-05,0.018985
CDI:12,2019-12-06,0.018985
CDI:12,2019-12-09,0.018985
CDI:12,2019-12-10,0.018985
CDI:12,2019-12-11,0.018985
CDI:12,2019-12-12,0.017089
CDI:12,2019-12-13,0.017089
CDI:12,2019-12-16,0.017089
CDI:12,2019-12-17,0.017089
CDI:12,2019-12-18,0.017089
CDI:12,2019-12-19,0.017089
CDI:12,2019-12-20,0.017089
CDI:12,2019-12-23,0.017089
CDI:12,2019-12-24,0.017089
CDI:12,2019-12-26,0.017089
CDI:12,2019-12-27,0.017089
CDI:12,2019-12-30,0.017089
CDI:12,2019-12-31,0.017089
CDI:12,2020-01-02,0.017089
CDI:12,2020-01-03,0.017089
CDI:12,2020-01-06,0.017089
CDI:12,2020-01-07,0.017089
CDI:12,2020-01-08,0.017089
CDI:12,2020-01-09,0.017089
CDI:12,2020-01-10,0.017089
CDI:12,2020-01-13,0.017089
CDI:12,2020-01-14,0.017089
CDI:12,2020-01-15,0.017089
CDI:12,2020-01-16,0.017089
CDI:12,2020-01-17,0.017089
CDI:12,2020-01-20,0.017089
CDI:12,2020-01-21,0.017089
CDI:12,2020-01-22,0.017089
CDI:12,2020-01-23,0.017089
CDI:12,2020-01-24,0.017089
CDI:12,2020-01-27,0.017089
CDI:12,2020-01-28,0.017089
CDI:12,2020-01-29,0.017089
CDI:12,2020-01-30,0.017089
CDI:12,2020-01-31,0.017089
CDI:12,2020-02-03,0.017089
CDI:12,2020-02-04,0.017089
CDI:12,2020-02-05,0.017089
CDI:12,2020-02-06,0.016137
CDI:12,2020-02-07,0.016137
CDI:12,2020-02-10,0.016137
CDI:12,2020-02-11,0.016137
CDI:12,2020-02-12,0.016137
CDI:12,2020-02-13,0.016137
CDI:12,2020-02-14,0.016137
CDI:12,2020-02-17,0.016137
CDI:12,2020-02-18,0.016137
CDI:12,2020-02-19,0.016137
CDI:12,2020-02-20,0.016137
CDI:12,2020-02-21,0.016137
CDI:12,2020-02-26,0.016137
CDI:12,2020-02-27,0.016137
CDI:12,2020-02-28,0.016137
CDI:12,2020-03-02,0.016137
CDI:12,2020-03-03,0.016137
CDI:12,2020-03-04,0.016137
CDI:12,2020-03-05,0.016137
CDI:12,2020-03-06,0.016137
CDI:12,2020-03-09,0.016137
CDI:12,2020-03-10,0.016137
CDI:12,2020-03-11,0.016137
CDI:12,2020-03-12,0.016137
CDI:12,2020-03-13,0.016137
CDI:12,2020-03-16,0.016137
CDI:12,2020-03-17,0.016137
CDI:12,2020-03-18,0.016137
CDI:12,2020-03-19,0.014227
CDI:12,2020-03-20,0.014227
CDI:12,2020-03-23,0.014227
CDI:12,2020-03-24,0.014227
CDI:12,2020-03-25,0.014227
CDI:12,2020-03-26,0.014227
CDI:12,2020-03-27,0.014227
CDI:12,2020-03-30,0.014227
CDI:12,2020-03-31,0.014227
CDI:12,2020-04-01,0.014227
CDI:12,2020-04-02,0.014227
CDI:12,2020-04-03,0.014227
CDI:12,2020-04-06,0.014227
CDI:12,2020-04-07,0.014227
CDI:12,2020-04-08,0.014227
CDI:12,2020-04-09,0.014227
CDI:12,2020-04-13,0.014227
CDI:12,2020-04-14,0.014227
CDI:12,2020-04-15,0.014227
CDI:12,2020-04-16,0.014227
CDI:12,2020-04-17,0.014227
CDI:12,2020-04-20,0.014227
CDI:12,2020-04-22,0.014227
CDI:12,2020-04-23,0.014227
CDI:12,2020-04-24,0.014227
CDI:12,2020-04-27,0.014227
CDI:12,2020-04-28,0.014227
CDI:12,2020-04-29,0.014227
CDI:12,2020-04-30,0.014227
CDI:12,2020-05-04,0.014227
CDI:12,2020-05-05,0.014227
CDI:12,2020-05-06,0.014227
CDI:12,2020-05-07,0.011345
CDI:12,2020-05-08,0.011345
CDI:12,2020-05-11,0.011345
CDI:12,2020-05-12,0.011345
CDI:12,2020-05-13,0.011345
CDI:12,2020-05-14,0.011345
CDI:12,2020-05-15,0.011345
CDI:12,2020-05-18,0.011345
CDI:12,2020-05-19,0.011345
CDI:12,2020-05-20,0.011345
CDI:12,2020-05-21,0.011345
CDI:12,2020-05-22,0.011345
CDI:12,2020-05-25,0.011345
CDI:12,2020-05-26,0.011345
CDI:12,2020-05-27,0.011345
CDI:12,2020-05-28,0.011345
CDI:12,2020-05-29,0.011345
CDI:12,2020-06-01,0.011345
CDI:12,2020-06-02,0.011345
CDI:12,2020-06-03,0.011345
CDI:12,2020-06-04,0.011345
CDI:12,2020-06-05,0.011345
CDI:12,2020-06-08,0.011345
CDI:12,2020-06-09,0.011345
CDI:12,2020-06-10,0.011345
CDI:12,2020-06-12,0.011345
CDI:12,2020-06-15,0.011345
CDI:12,2020-06-16,0.011345
CDI:12,2020-06-17,0.011345
CDI:12,2020-06-18,0.008442
CDI:12,2020-06-19,0.008442
CDI:12,2020-06-22,0.008442
CDI:12,2020-06-23,0.008442
CDI:12,2020-06-24,0.008442
CDI:12,2020-06-25,0.008442
CDI:12,2020-06-26,0.008442
CDI:12,2020-06-29,0.008442
CDI:12,2020-06-30,0.008442
CDI:12,2020-07-01,0.008442
CDI:12,2020-07-02,0.008442
CDI:12,2020-07-03,0.008442
CDI:12,2020-07-06,0.008442
CDI:12,2020-07-07,0.008442
CDI:12,2020-07-08,0.008442
CDI:12,2020-07-09,0.008442
CDI:12,2020-07-10,0.008442
CDI:12,2020-07-13,0.008442
CDI:12,2020-07-14,0.008442
CDI:12,2020-07-15,0.008442
CDI:12,2020-07-16,0.008442
CDI:12,2020-07-17,0.008442
CDI:12,2020-07-20,0.008442
CDI:12,2020-07-21,0.008442
CDI:12,2020-07-22,0.008442
CDI:12,2020-07-23,0.008442
CDI:12,2020-07-24,0.008442
CDI:12,2020-07-27,0.008442
CDI:12,2020-07-28,0.008442
CDI:12,2020-07-29,0.008442
CDI:12,2020-07-30,0.008442
CDI:12,2020-07-31,0.008442
CDI:12,2020-08-03,0.008442
CDI:12,2020-08-04,0.008442
CDI:12,2020-08-05,0.008442
CDI:12,2020-08-06,0.007469
CDI:12,2020-08-07,0.007469
CDI:12,2020-08-10,0.007469
CDI:12,2020-08-11,0.007469
CDI:12,2020-08-12,0.007469
CDI:12,2020-08-13,0.007469
CDI:12,2020-08-14,0.007469
CDI:12,2020-08-17,0.007469
CDI:12,2020-08-18,0.007469
CDI:12,2020-08-19,0.007469
CDI:12,2020-08-20,0.007469
CDI:12,2020-08-21,0.007469
CDI:12,2020-08-24,0.007469
CDI:12,2020-08-25,0.007469
CDI:12,2020-08-26,0.007469
CDI:12,2020-08-27,0.007469
CDI:12,2020-08-28,0.007469
CDI:12,2020-08-31,0.007469
CDI:12,2020-09-01,0.007469
CDI:12,2020-09-02,0.007469
CDI:12,2020-09-03,0.007469
CDI:12,2020-09-04,0.007469
CDI:12,2020-09-08,0.007469
CDI:12,2020-09-09,0.007469
CDI:12,2020-09-10,0.007469
CDI:12,2020-09-11,0.007469
CDI:12,2020-09-14,0.007469
CDI:12,2020-09-15,0.007469
CDI:12,2020-09-16,0.007469
CDI:12,2020-09-17,0.007469
CDI:12,2020-09-18,0.007469
CDI:12,2020-09-21,0.007469
CDI:12,2020-09-22,0.007469
CDI:12,2020-09-23,0.007469
CDI:12,2020-09-24,0.007469
CDI:12,2020-09-25,0.007469
CDI:12,2020-09-28,0.007469
CDI:12,2020-09-29,0.007469
CDI:12,2020-09-30,0.007469
CDI:12,2020-10-01,0.007469
CDI:12,2020-10-02,0.007469
CDI:12,2020-10-05,0.007469
CDI:12,2020-10-06,0.007469
CDI:12,2020-10-07,0.007469
CDI:12,2020-10-08,0.007469
CDI:12,2020-10-09,0.007469
CDI:12,2020-10-13,0.007469
CDI:12,2020-10-14,0.007469
CDI:12,2020-10-15,0.007469
CDI:12,2020-10-16,0.007469
CDI:12,2020-10-19,0.007469
CDI:12,2020-10-20,0.007469
CDI:12,2020-10-21,0.007469
CDI:12,2020-10-22,0.007469
CDI:12,2020-10-23,0.007469
CDI:12,2020-10-26,0.007469
CDI:12,2020-10-27,0.007469
CDI:12,2020-10-28,0.007469
CDI:12,2020-10-29,0.007469
CDI:12,2020-10-30,0.007469
CDI:12,2020-11-03,0.007469
CDI:12,2020-11-04,0.007469
CDI:12,2020-11-05,0.007469
CDI:12,2020-11-06,0.007469
CDI:12,2020-11-09,0.007469
CDI:12,2020-11-10,0.007469
CDI:12,2020-11-11,0.007469
CDI:12,2020-11-12,0.007469
CDI:12,2020-11-13,0.007469
CDI:12,2020-11-16,0.007469
CDI:12,2020-11-17,0.007469
CDI:12,2020-11-18,0.007469
CDI:12,2020-11-19,0.007469
CDI:12,2020-11-20,0.007469
CDI:12,2020-11-23,0.007469
CDI:12,2020-11-24,0.007469
CDI:12,2020-11-25,0.007469
CDI:12,2020-11-26,0.007469
CDI:12,2020-11-27,0.007469
CDI:12,2020-11-30,0.007469
CDI:12,2020-12-01,0.007469
CDI:12,2020-12-02,0.007469
CDI:12,2020-12-03,0.007469
CDI:12,2020-12-04,0.007469
CDI:12,2020-12-07,0.007469
CDI:12,2020-12-08,0.007469
CDI:12,2020-12-09,0.007469
CDI:12,2020-12-10,0.007469
CDI:12,2020-12-11,0.007469
CDI:12,2020-12-14,0.007469
CDI:12,2020-12-15,0.007469
CDI:12,2020-12-16,0.007469
CDI:12,2020-12-17,0.007469
CDI:12,2020-12-18,0.007469
CDI:12,2020-12-21,0.007469
CDI:12,2020-12-22,0.007469
CDI:12,2020-12-23,0.007469
CDI:12,2020-12-24,0.007469
CDI:12,2020-12-28,0.007469
CDI:12,2020-12-29,0.007469
CDI:12,2020-12-30,0.007469
CDI:12,2020-12-31,0.007469
CDI:12,2021-01-04,0.007469
CDI:12,2021-01-05,0.007469
CDI:12,2021-01-06,0.007469
CDI:12,2021-01-07,0.007469
CDI:12,2021-01-08,0.007469
CDI:12,2021-01-11,0.007469
CDI:12,2021-01-12,0.007469
CDI:12,2021-01-13,0.007469
CDI:12,2021-01-14,0.007469
CDI:12,2021-01-15,0.007469
CDI:12,2021-01-18,0.007469
CDI:12,2021-01-19,0.007469
CDI:12,2021-01-20,0.007469
CDI:12,2021-01-21,0.007469
CDI:12,2021-01-22,0.007469
CDI:12,2021-01-25,0.007469
CDI:12,2021-01-26,0.007469
CDI:12,2021-01-27,0.007469
CDI:12,2021-01-28,0.007469
CDI:12,2021-01-29,0.007469
CDI:12,2021-02-01,0.007469
CDI:12,2021-02-02,0.007469
CDI:12,2021-02-03,0.007469
CDI:12,2021-02-04,0.007469
CDI:12,2021-02-05,0.007469
CDI:12,2021-02-08,0.007469
CDI:12,2021-02-09,0.007469
CDI:12,2021-02-10,0.007469
CDI:12,2021-02-11,0.007469
CDI:12,2021-02-12,0.007469
CDI:12,2021-02-17,0.007469
CDI:12,2021-02-18,0.007469
CDI:12,2021-02-19,0.007469
CDI:12,2021-02-22,0.007469
CDI:12,2021-02-23,0.007469
CDI:12,2021-02-24,0.007469
CDI:12,2021-02-25,0.007469
CDI:12,2021-02-26,0.007469
CDI:12,2021-03-01,0.007469
CDI:12,2021-03-02,0.007469
CDI:12,2021-03-03,0.007469
CDI:12,2021-03-04,0.007469
CDI:12,2021-03-05,0.007469
CDI:12,2021-03-08,0.007469
CDI:12,2021-03-09,0.007469
CDI:12,2021-03-10,0.007469
CDI:12,2021-03-11,0.007469
CDI:12,2021-03-12,0.007469
CDI:12,2021-03-15,0.007469
CDI:12,2021-03-16,0.007469
CDI:12,2021-03-17,0.007469
CDI:12,2021-03-18,0.010379
CDI:12,2021-03-19,0.010379
CDI:12,2021-03-22,0.010379
CDI:12,2021-03-23,0.010379
CDI:12,2021-03-24,0.010379
CDI:12,2021-03-25,0.010379
CDI:12,2021-03-26,0.010379
CDI:12,2021-03-29,0.010379
CDI:12,2021-03-30,0.010379
CDI:12,2021-03-31,0.010379
CDI:12,2021-04-01,0.010379
CDI:12,2021-04-05,0.010379
CDI:12,2021-04-06,0.010379
CDI:12,2021-04-07,0.010379
CDI:12,2021-04-08,0.010379
CDI:12,2021-04-09,0.010379
CDI:12,2021-04-12,0.010379
CDI:12,2021-04-13,0.010379
CDI:12,2021-04-14,0.010379
CDI:12,2021-04-15,0.010379
CDI:12,2021-04-16,0.010379
CDI:12,2021-04-19,0.010379
CDI:12,2021-04-20,0.010379
CDI:12,2021-04-22,0.010379
CDI:12,2021-04-23,0.010379
CDI:12,2021-04-26,0.010379
CDI:12,2021-04-27,0.010379
CDI:12,2021-04-28,0.010379
CDI:12,2021-04-29,0.010379
CDI:12,2021-04-30,0.010379
CDI:12,2021-05-03,0.010379
CDI:12,2021-05-04,0.010379
CDI:12,2021-05-05,0.010379
CDI:12,2021-05-06,0.013269
CDI:12,2021-05-07,0.013269
CDI:12,2021-05-10,0.013269
CDI:12,2021-05-11,0.013269
CDI:12,2021-05-12,0.013269
CDI:12,2021-05-13,0.013269
CDI:12,2021-05-14,0.013269
CDI:12,2021-05-17,0.013269
CDI:12,2021-05-18,0.013269
CDI:12,2021-05-19,0.013269
CDI:12,2021-05-20,0.013269
CDI:12,2021-05-21,0.013269
CDI:12,2021-05-24,0.013269
CDI:12,2021-05-25,0.013269
CDI:12,2021-05-26,0.013269
CDI:12,2021-05-27,0.013269
CDI:12,2021-05-28,0.013269
CDI:12,2021-05-31,0.013269
CDI:12,2021-06-01,0.013269
CDI:12,2021-06-02,0.013269
CDI:12,2021-06-04,0.013269
CDI:12,2021-06-07,0.013269
CDI:12,2021-06-08,0.013269
CDI:12,2021-06-09,0.013269
CDI:12,2021-06-10,0.013269
CDI:12,2021-06-11,0.013269
CDI:12,2021-06-14,0.013269
CDI:12,2021-06-15,0.013269
CDI:12,2021-06-16,0.013269
CDI:12,2021-06-17,0.016137
CDI:12,2021-06-18,0.016137
CDI:12,2021-06-21,0.016137
CDI:12,2021-06-22,0.016137
CDI:12,2021-06-23,0.016137
CDI:12,2021-06-24,0.016137
CDI:12,2021-06-25,0.016137
CDI:12,2021-06-28,0.016137
CDI:12,2021-06-29,0.016137
CDI:12,2021-06-30,0.016137
CDI:12,2021-07-01,0.016137
CDI:12,2021-07-02,0.016137
CDI:12,2021-07-05,0.016137
CDI:12,2021-07-06,0.016137
CDI:12,2021-07-07,0.016137
CDI:12,2021-07-08,0.016137
CDI:12,2021-07-09,0.016137
CDI:12,2021-07-12,0.016137
CDI:12,2021-07-13,0.016137
CDI:12,2021-07-14,0.016137
CDI:12,2021-07-15,0.016137
CDI:12,2021-07-16,0.016137
CDI:12,2021-07-19,0.016137
CDI:12,2021-07-20,0.016137
CDI:12,2021-07-21,0.016137
CDI:12,2021-07-22,0.016137
CDI:12,2021-07-23,0.016137
CDI:12,2021-07-26,0.016137
CDI:12,2021-07-27,0.016137
CDI:12,2021-07-28,0.016137
CDI:12,2021-07-29,0.016137
CDI:12,2021-07-30,0.016137
CDI:12,2021-08-02,0.016137
CDI:12,2021-08-03,0.016137
CDI:12,2021-08-04,0.016137
CDI:12,2021-08-05,0.01993
CDI:12,2021-08-06,0.01993
CDI:12,2021-08-09,0.01993
CDI:12,2021-08-10,0.01993
CDI:12,2021-08-11,0.01993
CDI:12,2021-08-12,0.01993
CDI:12,2021-08-13,0.01993
CDI:12,2021-08-16,0.01993
CDI:12,2021-08-17,0.01993
CDI:12,2021-08-18,0.01993
CDI:12,2021-08-19,0.01993
CDI:12,2021-08-20,0.01993
CDI:12,2021-08-23,0.01993
CDI:12,2021-08-24,0.01993
CDI:12,2021-08-25,0.01993
CDI:12,2021-08-26,0.01993
CDI:12,2021-08-27,0.01993
CDI:12,2021-08-30,0.01993
CDI:12,2021-08-31,0.01993
CDI:12,2021-09-01,0.01993
CDI:12,2021-09-02,0.01993
CDI:12,2021-09-03,0.01993
CDI:12,2021-09-06,0.01993
CDI:12,2021-09-08,0.01993
CDI:12,2021-09-09,0.01993
CDI:12,2021-09-10,0.01993
CDI:12,2021-09-13,0.01993
CDI:12,2021-09-14,0.01993
CDI:12,2021-09-15,0.01993
CDI:12,2021-09-16,0.01993
CDI:12,2021-09-17,0.01993
CDI:12,2021-09-20,0.01993
CDI:12,2021-09-21,0.01993
CDI:12,2021-09-22,0.01993
CDI:12,2021-09-23,0.023687
CDI:12,2021-09-24,0.023687
CDI:12,2021-09-27,0.023687
CDI:12,2021-09-28,0.023687
CDI:12,2021-09-29,0.023687
CDI:12,2021-09-30,0.023687
CDI:12,2021-10-01,0.023687
CDI:12,2021-10-04,0.023687
CDI:12,2021-10-05,0.023687
CDI:12,2021-10-06,0.023687
CDI:12,2021-10-07,0.023687
CDI:12,2021-10-08,0.023687
CDI:12,2021-10-11,0.023687
CDI:12,2021-10-13,0.023687
CDI:12,2021-10-14,0.023687
CDI:12,2021-10-15,0.023687
CDI:12,2021-10-18,0.023687
CDI:12,2021-10-19,0.023687
CDI:12,2021-10-20,0.023687
CDI:12,2021-10-21,0.023687
CDI:12,2021-10-22,0.023687
CDI:12,2021-10-25,0.023687
CDI:12,2021-10-26,0.023687
CDI:12,2021-10-27,0.023687
CDI:12,2021-10-28,0.029256
CDI:12,2021-10-29,0.029256
CDI:12,2021-11-01,0.029256
CDI:12,2021-11-03,0.029256
CDI:12,2021-11-04,0.029256
CDI:12,2021-11-05,0.029256
CDI:12,2021-11-08,0.029256
CDI:12,2021-11-09,0.029256
CDI:12,2021-11-10,0.029256
CDI:12,2021-11-11,0.029256
CDI:12,2021-11-12,0.029256
CDI:12,2021-11-16,0.029256
CDI:12,2021-11-17,0.029256
CDI:12,2021-11-18,0.029256
CDI:12,2021-11-19,0.029256
CDI:12,2021-11-22,0.029256
CDI:12,2021-11-23,0.029256
CDI:12,2021-11-24,0.029256
CDI:12,2021-11-25,0.029256
CDI:12,2021-11-26,0.029256
CDI:12,2021-11-29,0.029256
CDI:12,2021-11-30,0.029256
CDI:12,2021-12-01,0.029256
CDI:12,2021-12-02,0.029256
CDI:12,2021-12-03,0.029256
CDI:12,2021-12-06,0.029256
CDI:12,2021-12-07,0.029256
CDI:12,2021-12-08,0.029256
CDI:12,2021-12-09,0.034749
CDI:12,2021-12-10,0.034749
CDI:12,2021-12-13,0.034749
CDI:12,2021-12-14,0.034749
CDI:12,2021-12-15,0.034749
CDI:12,2021-12-16,0.034749
CDI:12,2021-12-17,0.034749
CDI:12,2021-12-20,0.034749
CDI:12,2021-12-21,0.034749
CDI:12,2021-12-22,0.034749
CDI:12,2021-12-23,0.034749
CDI:12,2021-12-24,0.034749
CDI:12,2021-12-27,0.034749
CDI:12,2021-12-28,0.034749
CDI:12,2021-12-29,0.034749
CDI:12,2021-12-30,0.034749
CDI:12,2021-12-31,0.034749
CDI:12,2022-01-03,0.034749
CDI:12,2022-01-04,0.034749
CDI:12,2022-01-05,0.034749
CDI:12,2022-01-06,0.034749
CDI:12,2022-01-07,0.034749
CDI:12,2022-01-10,0.034749
CDI:12,2022-01-11,0.034749
CDI:12,2022-01-12,0.034749
CDI:12,2022-01-13,0.034749
CDI:12,2022-01-14,0.034749
CDI:12,2022-01-17,0.034749
CDI:12,2022-01-18,0.034749
CDI:12,2022-01-19,0.034749
CDI:12,2022-01-20,0.034749
CDI:12,2022-01-21,0.034749
CDI:12,2022-01-24,0.034749
CDI:12,2022-01-25,0.034749
CDI:12,2022-01-26,0.034749
CDI:12,2022-01-27,0.034749
CDI:12,2022-01-28,0.034749
CDI:12,2022-01-31,0.034749
CDI:12,2022-02-01,0.034749
CDI:12,2022-02-02,0.034749
CDI:12,2022-02-03,0.040168
CDI:12,2022-02-04,0.040168
CDI:12,2022-02-07,0.040168
CDI:12,2022-02-08,0.040168
CDI:12,2022-02-09,0.040168
CDI:12,2022-02-10,0.040168
CDI:12,2022-02-11,0.040168
CDI:12,2022-02-14,0.040168
CDI:12,2022-02-15,0.040168
CDI:12,2022-02-16,0.040168
CDI:12,2022-02-17,0.040168
CDI:12,2022-02-18,0.040168
CDI:12,2022-02-21,0.040168
CDI:12,2022-02-22,0.040168
CDI:12,2022-02-23,0.040168
CDI:12,2022-02-24,0.040168
CDI:12,2022-02-25,0.040168
CDI:12,2022-03-02,0.040168
CDI:12,2022-03-03,0.040168
CDI:12,2022-03-04,0.040168
CDI:12,2022-03-07,0.040168
CDI:12,2022-03-08,0.040168
CDI:12,2022-03-09,0.040168
CDI:12,2022-03-10,0.040168
CDI:12,2022-03-11,0.040168
CDI:12,2022-03-14,0.040168
CDI:12,2022-03-15,0.040168
CDI:12,2022-03-16,0.040168
CDI:12,2022-03-17,0.043739
CDI:12,2022-03-18,0.043739
CDI:12,2022-03-21,0.043739
CDI:12,2022-03-22,0.043739
CDI:12,2022-03-23,0.043739
CDI:12,2022-03-24,0.043739
CDI:12,2022-03-25,0.043739
CDI:12,2022-03-28,0.043739
CDI:12,2022-03-29,0.043739
CDI:12,2022-03-30,0.043739
CDI:12,2022-03-31,0.043739
CDI:12,2022-04-01,0.043739
CDI:12,2022-04-04,0.043739
CDI:12,2022-04-05,0.043739
CDI:12,2022-04-06,0.043739
CDI:12,2022-04-07,0.043739
CDI:12,2022-04-08,0.043739
CDI:12,2022-04-11,0.043739
CDI:12,2022-04-12,0.043739
CDI:12,2022-04-13,0.043739
CDI:12,2022-04-14,0.043739
CDI:12,2022-04-18,0.043739
CDI:12,2022-04-19,0.043739
CDI:12,2022-04-20,0.043739
CDI:12,2022-04-22,0.043739
CDI:12,2022-04-25,0.043739
CDI:12,2022-04-26,0.043739
CDI:12,2022-04-27,0.043739
CDI:12,2022-04-28,0.043739
CDI:12,2022-04-29,0.043739
CDI:12,2022-05-02,0.043739
CDI:12,2022-05-03,0.043739
CDI:12,2022-05-04,0.043739
CDI:12,2022-05-05,0.047279
CDI:12,2022-05-06,0.047279
CDI:12,2022-05-09,0.047279
CDI:12,2022-05-10,0.047279
CDI:12,2022-05-11,0.047279
CDI:12,2022-05-12,0.047279
CDI:12,2022-05-13,0.047279
CDI:12,2022-05-16,0.047279
CDI:12,2022-05-17,0.047279
CDI:12,2022-05-18,0.047279
CDI:12,2022-05-19,0.047279
CDI:12,2022-05-20,0.047279
CDI:12,2022-05-23,0.047279
CDI:12,2022-05-24,0.047279
CDI:12,2022-05-25,0.047279
CDI:12,2022-05-26,0.047279
CDI:12,2022-05-27,0.047279
CDI:12,2022-05-30,0.047279
CDI:12,2022-05-31,0.047279
CDI:12,2022-06-01,0.047279
CDI:12,2022-06-02,0.047279
CDI:12,2022-06-03,0.047279
CDI:12,2022-06-06,0.047279
CDI:12,2022-06-07,0.047279
CDI:12,2022-06-08,0.047279
CDI:12,2022-06-09,0.047279
CDI:12,2022-06-10,0.047279
CDI:12,2022-06-13,0.047279
CDI:12,2022-06-14,0.047279
CDI:12,2022-06-15,0.047279
CDI:12,2022-06-17,0.049037
CDI:12,2022-06-20,0.049037
CDI:12,2022-06-21,0.049037
CDI:12,2022-06-22,0.049037
CDI:12,2022-06-23,0.049037
CDI:12,2022-06-24,0.049037
CDI:12,2022-06-27,0.049037
CDI:12,2022-06-28,0.049037
CDI:12,2022-06-29,0.049037
CDI:12,2022-06-30,0.049037
CDI:12,2022-07-01,0.049037
CDI:12,2022-07-04,0.049037
CDI:12,2022-07-05,0.049037
CDI:12,2022-07-06,0.049037
CDI:12,2022-07-07,0.049037
CDI:12,2022-07-08,0.049037
CDI:12,2022-07-11,0.049037
CDI:12,2022-07-12,0.049037
CDI:12,2022-07-13,0.049037
CDI:12,2022-07-14,0.049037
CDI:12,2022-07-15,0.049037
CDI:12,2022-07-18,0.049037
CDI:12,2022-07-19,0.049037
CDI:12,2022-07-20,0.049037
CDI:12,2022-07-21,0.049037
CDI:12,2022-07-22,0.049037
CDI:12,2022-07-25,0.049037
CDI:12,2022-07-26,0.049037
CDI:12,2022-07-27,0.049037
CDI:12,2022-07-28,0.049037
CDI:12,2022-07-29,0.049037
CDI:12,2022-08-01,0.049037
CDI:12,2022-08-02,0.049037
CDI:12,2022-08-03,0.049037
CDI:12,2022-08-04,0.050788
CDI:12,2022-08-05,0.050788
CDI:12,2022-08-08,0.050788
CDI:12,2022-08-09,0.050788
CDI:12,2022-08-10,0.050788
CDI:12,2022-08-11,0.050788
CDI:12,2022-08-12,0.050788
CDI:12,2022-08-15,0.050788
CDI:12,2022-08-16,0.050788
CDI:12,2022-08-17,0.050788
CDI:12,2022-08-18,0.050788
CDI:12,2022-08-19,0.050788
CDI:12,2022-08-22,0.050788
CDI:12,2022-08-23,0.050788
CDI:12,2022-08-24,0.050788
CDI:12,2022-08-25,0.050788
CDI:12,2022-08-26,0.050788
CDI:12,2022-08-29,0.050788
CDI:12,2022-08-30,0.050788
CDI:12,2022-08-31,0.050788
CDI:12,2022-09-01,0.050788
CDI:12,2022-09-02,0.050788
CDI:12,2022-09-05,0.050788
CDI:12,2022-09-06,0.050788
CDI:12,2022-09-08,0.050788
CDI:12,2022-09-09,0.050788
CDI:12,2022-09-12,0.050788
CDI:12,2022-09-13,0.050788
CDI:12,2022-09-14,0.050788
CDI:12,2022-09-15,0.050788
CDI:12,2022-09-16,0.050788
CDI:12,2022-09-19,0.050788
CDI:12,2022-09-20,0.050788
CDI:12,2022-09-21,0.050788
CDI:12,2022-09-22,0.050788
CDI:12,2022-09-23,0.050788
CDI:12,2022-09-26,0.050788
CDI:12,2022-09-27,0.050788
CDI:12,2022-09-28,0.050788
CDI:12,2022-09-29,0.050788
CDI:12,2022-09-30,0.050788
CDI:12,2022-10-03,0.050788
CDI:12,2022-10-04,0.050788
CDI:12,2022-10-05,0.050788
CDI:12,2022-10-06,0.050788
CDI:12,2022-10-07,0.050788
CDI:12,2022-10-10,0.050788
CDI:12,2022-10-11,0.050788
CDI:12,2022-10-13,0.050788
CDI:12,2022-10-14,0.050788
CDI:12,2022-10-17,0.050788
CDI:12,2022-10-18,0.050788
CDI:12,2022-10-19,0.050788
CDI:12,2022-10-20,0.050788
CDI:12,2022-10-21,0.050788
CDI:12,2022-10-24,0.050788
CDI:12,2022-10-25,0.050788
CDI:12,2022-10-26,0.050788
CDI:12,2022-10-27,0.050788
CDI:12,2022-10-28,0.050788
CDI:12,2022-10-31,0.050788
CDI:12,2022-11-01,0.050788
CDI:12,2022-11-03,0.050788
CDI:12,2022-11-04,0.050788
CDI:12,2022-11-07,0.050788
CDI:12,2022-11-08,0.050788
CDI:12,2022-11-09,0.050788
CDI:12,2022-11-10,0.050788
CDI:12,2022-11-11,0.050788
CDI:12,2022-11-14,0.050788
CDI:12,2022-11-16,0.050788
CDI:12,2022-11-17,0.050788
CDI:12,2022-11-18,0.050788
CDI:12,2022-11-21,0.050788
CDI:12,2022-11-22,0.050788
CDI:12,2022-11-23,0.050788
CDI:12,2022-11-24,0.050788
CDI:12,2022-11-25,0.050788
CDI:12,2022-11-28,0.050788
CDI:12,2022-11-29,0.050788
CDI:12,2022-11-30,0.050788
CDI:12,2022-12-01,0.050788
CDI:12,2022-12-02,0.050788
CDI:12,2022-12-05,0.050788
CDI:12,2022-12-06,0.050788
CDI:12,2022-12-07,0.050788
CDI:12,2022-12-08,0.050788
CDI:12,2022-12-09,0.050788
CDI:12,2022-12-12,0.050788
CDI:12,2022-12-13,0.050788
CDI:12,2022-12-14,0.050788
CDI:12,2022-12-15,0.050788
CDI:12,2022-12-16,0.050788
CDI:12,2022-12-19,0.050788
CDI:12,2022-12-20,0.050788
CDI:12,2022-12-21,0.050788
CDI:12,2022-12-22,0.050788
CDI:12,2022-12-23,0.050788
CDI:12,2022-12-26,0.050788
CDI:12,2022-12-27,0.050788
CDI:12,2022-12-28,0.050788
CDI:12,2022-12-29,0.050788
CDI:12,2022-12-30,0.050788
CDI:12,2023-01-02,0.050788
CDI:12,2023-01-03,0.050788
CDI:12,2023-01-04,0.050788
CDI:12,2023-01-05,0.050788
CDI:12,2023-01-06,0.050788
CDI:12,2023-01-09,0.050788
CDI:12,2023-01-10,0.050788
CDI:12,2023-01-11,0.050788
CDI:12,2023-01-12,0.050788
CDI:12,2023-01-13,0.050788
CDI:12,2023-01-16,0.050788
CDI:12,2023-01-17,0.050788
CDI:12,2023-01-18,0.050788
CDI:12,2023-01-19,0.050788
CDI:12,2023-01-20,0.050788
CDI:12,2023-01-23,0.050788
CDI:12,2023-01-24,0.050788
CDI:12,2023-01-25,0.050788
CDI:12,2023-01-26,0.050788
CDI:12,2023-01-27,0.050788
CDI:12,2023-01-30,0.050788
CDI:12,2023-01-31,0.050788
CDI:12,2023-02-01,0.050788
CDI:12,2023-02-02,0.050788
CDI:12,2023-02-03,0.050788
CDI:12,2023-02-06,0.050788
CDI:12,2023-02-07,0.050788
CDI:12,2023-02-08,0.050788
CDI:12,2023-02-09,0.050788
CDI:12,2023-02-10,0.050788
CDI:12,2023-02-13,0.050788
CDI:12,2023-02-14,0.050788
CDI:12,2023-02-15,0.050788
CDI:12,2023-02-16,0.050788
CDI:12,2023-02-17,0.050788
CDI:12,2023-02-22,0.050788
CDI:12,2023-02-23,0.050788
CDI:12,2023-02-24,0.050788
CDI:12,2023-02-27,0.050788
CDI:12,2023-02-28,0.050788
CDI:12,2023-03-01,0.050788
CDI:12,2023-03-02,0.050788
CDI:12,2023-03-03,0.050788
CDI:12,2023-03-06,0.050788
CDI:12,2023-03-07,0.050788
CDI:12,2023-03-08,0.050788
CDI:12,2023-03-09,0.050788
CDI:12,2023-03-10,0.050788
CDI:12,2023-03-13,0.050788
CDI:12,2023-03-14,0.050788
CDI:12,2023-03-15,0.050788
CDI:12,2023-03-16,0.050788
CDI:12,2023-03-17,0.050788
CDI:12,2023-03-20,0.050788
CDI:12,2023-03-21,0.050788
CDI:12,2023-03-22,0.050788
CDI:12,2023-03-23,0.050788
CDI:12,2023-03-24,0.050788
CDI:12,2023-03-27,0.050788
CDI:12,2023-03-28,0.050788
CDI:12,2023-03-29,0.050788
CDI:12,2023-03-30,0.050788
CDI:12,2023-03-31,0.050788
CDI:12,2023-04-03,0.050788
CDI:12,2023-04-04,0.050788
CDI:12,2023-04-05,0.050788
CDI:12,2023-04-06,0.050788
CDI:12,2023-04-10,0.050788
CDI:12,2023-04-11,0.050788
CDI:12,2023-04-12,0.050788
CDI:12,2023-04-13,0.050788
CDI:12,2023-04-14,0.050788
CDI:12,2023-04-17,0.050788
CDI:12,2023-04-18,0.050788
CDI:12,2023-04-19,0.050788
CDI:12,2023-04-20,0.050788
CDI:12,2023-04-24,0.050788
CDI:12,2023-04-25,0.050788
CDI:12,2023-04-26,0.050788
CDI:12,2023-04-27,0.050788
CDI:12,2023-04-28,0.050788
CDI:12,2023-05-02,0.050788
CDI:12,2023-05-03,0.050788
CDI:12,2023-05-04,0.050788
CDI:12,2023-05-05,0.050788
CDI:12,2023-05-08,0.050788
CDI:12,2023-05-09,0.050788
CDI:12,2023-05-10,0.050788
CDI:12,2023-05-11,0.050788
CDI:12,2023-05-12,0.050788
CDI:12,2023-05-15,0.050788
CDI:12,2023-05-16,0.050788
CDI:12,2023-05-17,0.050788
CDI:12,2023-05-18,0.050788
CDI:12,2023-05-19,0.050788
CDI:12,2023-05-22,0.050788
CDI:12,2023-05-23,0.050788
CDI:12,2023-05-24,0.050788
CDI:12,2023-05-25,0.050788
CDI:12,2023-05-26,0.050788
CDI:12,2023-05-29,0.050788
CDI:12,2023-05-30,0.050788
CDI:12,2023-05-31,0.050788
CDI:12,2023-06-01,0.050788
CDI:12,2023-06-02,0.050788
CDI:12,2023-06-05,0.050788
CDI:12,2023-06-06,0.050788
CDI:12,2023-06-07,0.050788
CDI:12,2023-06-09,0.050788
CDI:12,2023-06-12,0.050788
CDI:12,2023-06-13,0.050788
CDI:12,2023-06-14,0.050788
CDI:12,2023-06-15,0.050788
CDI:12,2023-06-16,0.050788
CDI:12,2023-06-19,0.050788
CDI:12,2023-06-20,0.050788
CDI:12,2023-06-21,0.050788
CDI:12,2023-06-22,0.050788
CDI:12,2023-06-23,0.050788
CDI:12,2023-06-26,0.050788
CDI:12,2023-06-27,0.050788
CDI:12,2023-06-28,0.050788
CDI:12,2023-06-29,0.050788
CDI:12,2023-06-30,0.050788
CDI:12,2023-07-03,0.050788
CDI:12,2023-07-04,0.050788
CDI:12,2023-07-05,0.050788
CDI:12,2023-07-06,0.050788
CDI:12,2023-07-07,0.050788
CDI:12,2023-07-10,0.050788
CDI:12,2023-07-11,0.050788
CDI:12,2023-07-12,0.050788
CDI:12,2023-07-13,0.050788
CDI:12,2023-07-14,0.050788
CDI:12,2023-07-17,0.050788
CDI:12,2023-07-18,0.050788
CDI:12,2023-07-19,0.050788
CDI:12,2023-07-20,0.050788
CDI:12,2023-07-21,0.050788
CDI:12,2023-07-24,0.050788
CDI:12,2023-07-25,0.050788
CDI:12,2023-07-26,0.050788
CDI:12,2023-07-27,0.050788
CDI:12,2023-07-28,0.050788
CDI:12,2023-07-31,0.050788
CDI:12,2023-08-01,0.050788
CDI:12,2023-08-02,0.050788
CDI:12,2023-08-03,0.049037
CDI:12,2023-08-04,0.049037
CDI:12,2023-08-07,0.049037
CDI:12,2023-08-08,0.049037
CDI:12,2023-08-09,0.049037
CDI:12,2023-08-10,0.049037
CDI:12,2023-08-11,0.049037
CDI:12,2023-08-14,0.049037
CDI:12,2023-08-15,0.049037
CDI:12,2023-08-16,0.049037
CDI:12,2023-08-17,0.049037
CDI:12,2023-08-18,0.049037
CDI:12,2023-08-21,0.049037
CDI:12,2023-08-22,0.049037
CDI:12,2023-08-23,0.049037
CDI:12,2023-08-24,0.049037
CDI:12,2023-08-25,0.049037
CDI:12,2023-08-28,0.049037
CDI:12,2023-08-29,0.049037
CDI:12,2023-08-30,0.049037
CDI:12,2023-08-31,0.049037
CDI:12,2023-09-01,0.049037
CDI:12,2023-09-04,0.049037
CDI:12,2023-09-05,0.049037
CDI:12,2023-09-06,0.049037
CDI:12,2023-09-08,0.049037
CDI:12,2023-09-11,0.049037
CDI:12,2023-09-12,0.049037
CDI:12,2023-09-13,0.049037
CDI:12,2023-09-14,0.049037
CDI:12,2023-09-15,0.049037
CDI:12,2023-09-18,0.049037
CDI:12,2023-09-19,0.049037
CDI:12,2023-09-20,0.049037
CDI:12,2023-09-21,0.047279
CDI:12,2023-09-22,0.047279
CDI:12,2023-09-25,0.047279
CDI:12,2023-09-26,0.047279
CDI:12,2023-09-27,0.047279
CDI:12,2023-09-28,0.047279
CDI:12,2023-09-29,0.047279
CDI:12,2023-10-02,0.047279
CDI:12,2023-10-03,0.047279
CDI:12,2023-10-04,0.047279
CDI:12,2023-10-05,0.047279
CDI:12,2023-10-06,0.047279
CDI:12,2023-10-09,0.047279
CDI:12,2023-10-10,0.047279
CDI:12,2023-10-11,0.047279
CDI:12,2023-10-13,0.047279
CDI:12,2023-10-16,0.047279
CDI:12,2023-10-17,0.047279
CDI:12,2023-10-18,0.047279
CDI:12,2023-10-19,0.047279
CDI:12,2023-10-20,0.047279
CDI:12,2023-10-23,0.047279
CDI:12,2023-10-24,0.047279
CDI:12,2023-10-25,0.047279
CDI:12,2023-10-26,0.047279
CDI:12,2023-10-27,0.047279
CDI:12,2023-10-30,0.047279
CDI:12,2023-10-31,0.047279
CDI:12,2023-11-01,0.047279
CDI:12,2023-11-03,0.045513
CDI:12,2023-11-06,0.045513
CDI:12,2023-11-07,0.045513
CDI:12,2023-11-08,0.045513
CDI:12,2023-11-09,0.045513
CDI:12,2023-11-10,0.045513
CDI:12,2023-11-13,0.045513
CDI:12,2023-11-14,0.045513
CDI:12,2023-11-16,0.045513
CDI:12,2023-11-17,0.045513
CDI:12,2023-11-20,0.045513
CDI:12,2023-11-21,0.045513
CDI:12,2023-11-22,0.045513
CDI:12,2023-11-23,0.045513
CDI:12,2023-11-24,0.045513
CDI:12,2023-11-27,0.045513
CDI:12,2023-11-28,0.045513
CDI:12,2023-11-29,0.045513
CDI:12,2023-11-30,0.045513
CDI:12,2023-12-01,0.045513
CDI:12,2023-12-04,0.045513
CDI:12,2023-12-05,0.045513
CDI:12,2023-12-06,0.045513
CDI:12,2023-12-07,0.045513
CDI:12,2023-12-08,0.045513
CDI:12,2023-12-11,0.045513
CDI:12,2023-12-12,0.045513
CDI:12,2023-12-13,0.045513
CDI:12,2023-12-14,0.043739
CDI:12,2023-12-15,0.043739
CDI:12,2023-12-18,0.043739
CDI:12,2023-12-19,0.043739
CDI:12,2023-12-20,0.043739
CDI:12,2023-12-21,0.043739
CDI:12,2023-12-22,0.043739
CDI:12,2023-12-26,0.043739
CDI:12,2023-12-27,0.043739
CDI:12,2023-12-28,0.043739
CDI:12,2023-12-29,0.043739
CDI:12,2024-01-02,0.043739
CDI:12,2024-01-03,0.043739
CDI:12,2024-01-04,0.043739
CDI:12,2024-01-05,0.043739
CDI:12,2024-01-08,0.043739
CDI:12,2024-01-09,0.043739
CDI:12,2024-01-10,0.043739
CDI:12,2024-01-11,0.043739
CDI:12,2024-01-12,0.043739
CDI:12,2024-01-15,0.043739
CDI:12,2024-01-16,0.043739
CDI:12,2024-01-17,0.043739
CDI:12,2024-01-18,0.043739
CDI:12,2024-01-19,0.043739
CDI:12,2024-01-22,0.043739
CDI:12,2024-01-23,0.043739
CDI:12,2024-01-24,0.043739
CDI:12,2024-01-25,0.043739
CDI:12,2024-01-26,0.043739
CDI:12,2024-01-29,0.043739
CDI:12,2024-01-30,0.043739
CDI:12,2024-01-31,0.043739
CDI:12,2024-02-01,0.041957
CDI:12,2024-02-02,0.041957
CDI:12,2024-02-05,0.041957
CDI:12,2024-02-06,0.041957
CDI:12,2024-02-07,0.041957
CDI:12,2024-02-08,0.041957
CDI:12,2024-02-09,0.041957
CDI:12,2024-02-14,0.041957
CDI:12,2024-02-15,0.041957
CDI:12,2024-02-16,0.041957
CDI:12,2024-02-19,0.041957
CDI:12,2024-02-20,0.041957
CDI:12,2024-02-21,0.041957
CDI:12,2024-02-22,0.041957
CDI:12,2024-02-23,0.041957
CDI:12,2024-02-26,0.041957
CDI:12,2024-02-27,0.041957
CDI:12,2024-02-28,0.041957
CDI:12,2024-02-29,0.041957
CDI:12,2024-03-01,0.041957
CDI:12,2024-03-04,0.041957
CDI:12,2024-03-05,0.041957
CDI:12,2024-03-06,0.041957
CDI:12,2024-03-07,0.041957
CDI:12,2024-03-08,0.041957
CDI:12,2024-03-11,0.041957
CDI:12,2024-03-12,0.041957
CDI:12,2024-03-13,0.041957
CDI:12,2024-03-14,0.041957
CDI:12,2024-03-15,0.041957
CDI:12,2024-03-18,0.041957
CDI:12,2024-03-19,0.041957
CDI:12,2024-03-20,0.041957
CDI:12,2024-03-21,0.040168
CDI:12,2024-03-22,0.040168
CDI:12,2024-03-25,0.040168
CDI:12,2024-03-26,0.040168
CDI:12,2024-03-27,0.040168
CDI:12,2024-03-28,0.040168
CDI:12,2024-04-01,0.040168
CDI:12,2024-04-02,0.040168
CDI:12,2024-04-03,0.040168
CDI:12,2024-04-04,0.040168
CDI:12,2024-04-05,0.040168
CDI:12,2024-04-08,0.040168
CDI:12,2024-04-09,0.040168
CDI:12,2024-04-10,0.040168
CDI:12,2024-04-11,0.040168
CDI:12,2024-04-12,0.040168
CDI:12,2024-04-15,0.040168
CDI:12,2024-04-16,0.040168
CDI:12,2024-04-17,0.040168
CDI:12,2024-04-18,0.040168
CDI:12,2024-04-19,0.040168
CDI:12,2024-04-22,0.040168
CDI:12,2024-04-23,0.040168
CDI:12,2024-04-24,0.040168
CDI:12,2024-04-25,0.040168
CDI:12,2024-04-26,0.040168
CDI:12,2024-04-29,0.040168
CDI:12,2024-04-30,0.040168
CDI:12,2024-05-02,0.040168
CDI:12,2024-05-03,0.040168
CDI:12,2024-05-06,0.040168
CDI:12,2024-05-07,0.040168
CDI:12,2024-05-08,0.040168
CDI:12,2024-05-09,0.03927
CDI:12,2024-05-10,0.03927
CDI:12,2024-05-13,0.03927
CDI:12,2024-05-14,0.03927
CDI:12,2024-05-15,0.03927
CDI:12,2024-05-16,0.03927
CDI:12,2024-05-17,0.03927
CDI:12,2024-05-20,0.03927
CDI:12,2024-05-21,0.03927
CDI:12,2024-05-22,0.03927
CDI:12,2024-05-23,0.03927
CDI:12,2024-05-24,0.03927
CDI:12,2024-05-27,0.03927
CDI:12,2024-05-28,0.03927
CDI:12,2024-05-29,0.03927
CDI:12,2024-05-31,0.03927
CDI:12,2024-06-03,0.03927
CDI:12,2024-06-04,0.03927
CDI:12,2024-06-05,0.03927
CDI:12,2024-06-06,0.03927
CDI:12,2024-06-07,0.03927
CDI:12,2024-06-10,0.03927
CDI:12,2024-06-11,0.03927
CDI:12,2024-06-12,0.03927
CDI:12,2024-06-13,0.03927
CDI:12,2024-06-14,0.03927
CDI:12,2024-06-17,0.03927
CDI:12,2024-06-18,0.03927
CDI:12,2024-06-19,0.03927
CDI:12,2024-06-20,0.03927
CDI:12,2024-06-21,0.03927
CDI:12,2024-06-24,0.03927
CDI:12,2024-06-25,0.03927
CDI:12,2024-06-26,0.03927
CDI:12,2024-06-27,0.03927
CDI:12,2024-06-28,0.03927
CDI:12,2024-07-01,0.03927
CDI:12,2024-07-02,0.03927
CDI:12,2024-07-03,0.03927
CDI:12,2024-07-04,0.03927
CDI:12,2024-07-05,0.03927
CDI:12,2024-07-08,0.03927
CDI:12,2024-07-09,0.03927
CDI:12,2024-07-10,0.03927
CDI:12,2024-07-11,0.03927
CDI:12,2024-07-12,0.03927
CDI:12,2024-07-15,0.03927
CDI:12,2024-07-16,0.03927
CDI:12,2024-07-17,0.03927
CDI:12,2024-07-18,0.03927
CDI:12,2024-07-19,0.03927
CDI:12,2024-07-22,0.03927
CDI:12,2024-07-23,0.03927
CDI:12,2024-07-24,0.03927
CDI:12,2024-07-25,0.03927
CDI:12,2024-07-26,0.03927
CDI:12,2024-07-29,0.03927
CDI:12,2024-07-30,0.03927
CDI:12,2024-07-31,0.03927
CDI:12,2024-08-01,0.03927
CDI:12,2024-08-02,0.03927
CDI:12,2024-08-05,0.03927
CDI:12,2024-08-06,0.03927
CDI:12,2024-08-07,0.03927
CDI:12,2024-08-08,0.03927
CDI:12,2024-08-09,0.03927
CDI:12,2024-08-12,0.03927
CDI:12,2024-08-13,0.03927
CDI:12,2024-08-14,0.03927
CDI:12,2024-08-15,0.03927
CDI:12,2024-08-16,0.03927
CDI:12,2024-08-19,0.03927
CDI:12,2024-08-20,0.03927
CDI:12,2024-08-21,0.03927
CDI:12,2024-08-22,0.03927
CDI:12,2024-08-23,0.03927
CDI:12,2024-08-26,0.03927
CDI:12,2024-08-27,0.03927
CDI:12,2024-08-28,0.03927
CDI:12,2024-08-29,0.03927
CDI:12,2024-08-30,0.03927
CDI:12,2024-09-02,0.03927
CDI:12,2024-09-03,0.03927
CDI:12,2024-09-04,0.03927
CDI:12,2024-09-05,0.03927
CDI:12,2024-09-06,0.03927
CDI:12,2024-09-09,0.03927
CDI:12,2024-09-10,0.03927
CDI:12,2024-09-11,0.03927
CDI:12,2024-09-12,0.03927
CDI:12,2024-09-13,0.03927
CDI:12,2024-09-16,0.03927
CDI:12,2024-09-17,0.03927
CDI:12,2024-09-18,0.03927
CDI:12,2024-09-19,0.040168
CDI:12,2024-09-20,0.040168
CDI:12,2024-09-23,0.040168
CDI:12,2024-09-24,0.040168
CDI:12,2024-09-25,0.040168
CDI:12,2024-09-26,0.040168
CDI:12,2024-09-27,0.040168
CDI:12,2024-09-30,0.040168
CDI:12,2024-10-01,0.040168
CDI:12,2024-10-02,0.040168
CDI:12,2024-10-03,0.040168
CDI:12,2024-10-04,0.040168
CDI:12,2024-10-07,0.040168
CDI:12,2024-10-08,0.040168
CDI:12,2024-10-09,0.040168
CDI:12,2024-10-10,0.040168
CDI:12,2024-10-11,0.040168
CDI:12,2024-10-14,0.040168
CDI:12,2024-10-15,0.040168
CDI:12,2024-10-16,0.040168
CDI:12,2024-10-17,0.040168
CDI:12,2024-10-18,0.040168
CDI:12,2024-10-21,0.040168
CDI:12,2024-10-22,0.040168
CDI:12,2024-10-23,0.040168
CDI:12,2024-10-24,0.040168
CDI:12,2024-10-25,0.040168
CDI:12,2024-10-28,0.040168
CDI:12,2024-10-29,0.040168
CDI:12,2024-10-30,0.040168
CDI:12,2024-10-31,0.040168
CDI:12,2024-11-01,0.040168
CDI:12,2024-11-04,0.040168
CDI:12,2024-11-05,0.040168
CDI:12,2024-11-06,0.040168
CDI:12,2024-11-07,0.041957
CDI:12,2024-11-08,0.041957
CDI:12,2024-11-11,0.041957
CDI:12,2024-11-12,0.041957
CDI:12,2024-11-13,0.041957
CDI:12,2024-11-14,0.041957
CDI:12,2024-11-18,0.041957
CDI:12,2024-11-19,0.041957
CDI:12,2024-11-21,0.041957
CDI:12,2024-11-22,0.041957
CDI:12,2024-11-25,0.041957
CDI:12,2024-11-26,0.041957
CDI:12,2024-11-27,0.041957
CDI:12,2024-11-28,0.041957
CDI:12,2024-11-29,0.041957
CDI:12,2024-12-02,0.041957
CDI:12,2024-12-03,0.041957
CDI:12,2024-12-04,0.041957
CDI:12,2024-12-05,0.041957
CDI:12,2024-12-06,0.041957
CDI:12,2024-12-09,0.041957
CDI:12,2024-12-10,0.041957
CDI:12,2024-12-11,0.041957
CDI:12,2024-12-12,0.045513
CDI:12,2024-12-13,0.045513
CDI:12,2024-12-16,0.045513
CDI:12,2024-12-17,0.045513
CDI:12,2024-12-18,0.045513
CDI:12,2024-12-19,0.045513
CDI:12,2024-12-20,0.045513
CDI:12,2024-12-23,0.045513
CDI:12,2024-12-24,0.045513
CDI:12,2024-12-26,0.045513
CDI:12,2024-12-27,0.045513
CDI:12,2024-12-30,0.045513
CDI:12,2024-12-31,0.045513
CDI:12,2025-01-02,0.045513
CDI:12,2025-01-03,0.045513
CDI:12,2025-01-06,0.045513
CDI:12,2025-01-07,0.045513
CDI:12,2025-01-08,0.045513
CDI:12,2025-01-09,0.045513
CDI:12,2025-01-10,0.045513
CDI:12,2025-01-13,0.045513
CDI:12,2025-01-14,0.045513
CDI:12,2025-01-15,0.045513
CDI:12,2025-01-16,0.045513
CDI:12,2025-01-17,0.045513
CDI:12,2025-01-20,0.045513
CDI:12,2025-01-21,0.045513
CDI:12,2025-01-22,0.045513
CDI:12,2025-01-23,0.045513
CDI:12,2025-01-24,0.045513
CDI:12,2025-01-27,0.045513
CDI:12,2025-01-28,0.045513
CDI:12,2025-01-29,0.045513
CDI:12,2025-01-30,0.049037
CDI:12,2025-01-31,0.049037
CDI:12,2025-02-03,0.049037
CDI:12,2025-02-04,0.049037
CDI:12,2025-02-05,0.049037
CDI:12,2025-02-06,0.049037
CDI:12,2025-02-07,0.049037
CDI:12,2025-02-10,0.049037
CDI:12,2025-02-11,0.049037
CDI:12,2025-02-12,0.049037
CDI:12,2025-02-13,0.049037
CDI:12,2025-02-14,0.049037
CDI:12,2025-02-17,0.049037
CDI:12,2025-02-18,0.049037
CDI:12,2025-02-19,0.049037
CDI:12,2025-02-20,0.049037
CDI:12,2025-02-21,0.049037
CDI:12,2025-02-24,0.049037
CDI:12,2025-02-25,0.049037
CDI:12,2025-02-26,0.049037
CDI:12,2025-02-27,0.049037
CDI:12,2025-02-28,0.049037
CDI:12,2025-03-05,0.049037
CDI:12,2025-03-06,0.049037
CDI:12,2025-03-07,0.049037
CDI:12,2025-03-10,0.049037
CDI:12,2025-03-11,0.049037
CDI:12,2025-03-12,0.049037
CDI:12,2025-03-13,0.049037
CDI:12,2025-03-14,0.049037
CDI:12,2025-03-17,0.049037
CDI:12,2025-03-18,0.049037
CDI:12,2025-03-19,0.049037
CDI:12,2025-03-20,0.052531
CDI:12,2025-03-21,0.052531
CDI:12,2025-03-24,0.052531
CDI:12,2025-03-25,0.052531
CDI:12,2025-03-26,0.052531
CDI:12,2025-03-27,0.052531
CDI:12,2025-03-28,0.052531
CDI:12,2025-03-31,0.052531
CDI:12,2025-04-01,0.052531
CDI:12,2025-04-02,0.052531
CDI:12,2025-04-03,0.052531
CDI:12,2025-04-04,0.052531
CDI:12,2025-04-07,0.052531
CDI:12,2025-04-08,0.052531
CDI:12,2025-04-09,0.052531
CDI:12,2025-04-10,0.052531
CDI:12,2025-04-11,0.052531
CDI:12,2025-04-14,0.052531
CDI:12,2025-04-15,0.052531
CDI:12,2025-04-16,0.052531
CDI:12,2025-04-17,0.052531
CDI:12,2025-04-22,0.052531
CDI:12,2025-04-23,0.052531
CDI:12,2025-04-24,0.052531
CDI:12,2025-04-25,0.052531
CDI:12,2025-04-28,0.052531
CDI:12,2025-04-29,0.052531
CDI:12,2025-04-30,0.052531
CDI:12,2025-05-02,0.052531
CDI:12,2025-05-05,0.052531
CDI:12,2025-05-06,0.052531
CDI:12,2025-05-07,0.052531
CDI:12,2025-05-08,0.054266
CDI:12,2025-05-09,0.054266
CDI:12,2025-05-12,0.054266
CDI:12,2025-05-13,0.054266
CDI:12,2025-05-14,0.054266
CDI:12,2025-05-15,0.054266
CDI:12,2025-05-16,0.054266
CDI:12,2025-05-19,0.054266
CDI:12,2025-05-20,0.054266
CDI:12,2025-05-21,0.054266
CDI:12,2025-05-22,0.054266
CDI:12,2025-05-23,0.054266
CDI:12,2025-05-26,0.054266
CDI:12,2025-05-27,0.054266
CDI:12,2025-05-28,0.054266
CDI:12,2025-05-29,0.054266
CDI:12,2025-05-30,0.054266
CDI:12,2025-06-02,0.054266
CDI:12,2025-06-03,0.054266
CDI:12,2025-06-04,0.054266
CDI:12,2025-06-05,0.054266
CDI:12,2025-06-06,0.054266
CDI:12,2025-06-09,0.054266
CDI:12,2025-06-10,0.054266
CDI:12,2025-06-11,0.054266
CDI:12,2025-06-12,0.054266
CDI:12,2025-06-13,0.054266
CDI:12,2025-06-16,0.054266
CDI:12,2025-06-17,0.054266
CDI:12,2025-06-18,0.054266
CDI:12,2025-06-20,0.055131
CDI:12,2025-06-23,0.055131
CDI:12,2025-06-24,0.055131
CDI:12,2025-06-25,0.055131
CDI:12,2025-06-26,0.055131
CDI:12,2025-06-27,0.055131
CDI:12,2025-06-30,0.055131
CDI:12,2025-07-01,0.055131
CDI:12,2025-07-02,0.055131
CDI:12,2025-07-03,0.055131
CDI:12,2025-07-04,0.055131
CDI:12,2025-07-07,0.055131
CDI:12,2025-07-08,0.055131
CDI:12,2025-07-09,0.055131
CDI:12,2025-07-10,0.055131
CDI:12,2025-07-11,0.055131
CDI:12,2025-07-14,0.055131
CDI:12,2025-07-15,0.055131
CDI:12,2025-07-16,0.055131
CDI:12,2025-07-17,0.055131
CDI:12,2025-07-18,0.055131
CDI:12,2025-07-21,0.055131
CDI:12,2025-07-22,0.055131
CDI:12,2025-07-23,0.055131
CDI:12,2025-07-24,0.055131
CDI:12,2025-07-25,0.055131
CDI:12,2025-07-28,0.055131
CDI:12,2025-07-29,0.055131
CDI:12,2025-07-30,0.055131
CDI:12,2025-07-31,0.055131
CDI:12,2025-08-01,0.055131
CDI:12,2025-08-04,0.055131
CDI:12,2025-08-05,0.055131
CDI:12,2025-08-06,0.055131
CDI:12,2025-08-07,0.055131
CDI:12,2025-08-08,0.055131
CDI:12,2025-08-11,0.055131
CDI:12,2025-08-12,0.055131
CDI:12,2025-08-13,0.055131
CDI:12,2025-08-14,0.055131
CDI:12,2025-08-15,0.055131
CDI:12,2025-08-18,0.055131
CDI:12,2025-08-19,0.055131
CDI:12,2025-08-20,0.055131
CDI:12,2025-08-21,0.055131
CDI:12,2025-08-22,0.055131
CDI:12,2025-08-25,0.055131
CDI:12,2025-08-26,0.055131
CDI:12,2025-08-27,0.055131
CDI:12,2025-08-28,0.055131
CDI:12,2025-08-29,0.055131
CDI:12,2025-09-01,0.055131
CDI:12,2025-09-02,0.055131
CDI:12,2025-09-03,0.055131
CDI:12,2025-09-04,0.055131
CDI:12,2025-09-05,0.055131
CDI:12,2025-09-08,0.055131
CDI:12,2025-09-09,0.055131
CDI:12,2025-09-10,0.055131
CDI:12,2025-09-11,0.055131
CDI:12,2025-09-12,0.055131
CDI:12,2025-09-15,0.055131
CDI:12,2025-09-16,0.055131
CDI:12,2025-09-17,0.055131
CDI:12,2025-09-18,0.055131
CDI:12,2025-09-19,0.055131
CDI:12,2025-09-22,0.055131
CDI:12,2025-09-23,0.055131
CDI:12,2025-09-24,0.055131
CDI:12,2025-09-25,0.055131
CDI:12,2025-09-26,0.055131
CDI:12,2025-09-29,0.055131
CDI:12,2025-09-30,0.055131
CDI:12,2025-10-01,0.055131
CDI:12,2025-10-02,0.055131
CDI:12,2025-10-03,0.055131
CDI:12,2025-10-06,0.055131
CDI:12,2025-10-07,0.055131
CDI:12,2025-10-08,0.055131
CDI:12,2025-10-09,0.055131
CDI:12,2025-10-10,0.055131
CDI:12,2025-10-13,0.055131
CDI:12,2025-10-14,0.055131
CDI:12,2025-10-15,0.055131
CDI:12,2025-10-16,0.055131
CDI:12,2025-10-17,0.055131
CDI:12,2025-10-20,0.055131
CDI:12,2025-10-21,0.055131
CDI:12,2025-10-22,0.055131
CDI:12,2025-10-23,0.055131
CDI:12,2025-10-24,0.055131
CDI:12,2025-10-27,0.055131
CDI:12,2025-10-28,0.055131
CDI:12,2025-10-29,0.055131
CDI:12,2025-10-30,0.055131
CDI:12,2025-10-31,0.055131
CDI:12,2025-11-03,0.055131
CDI:12,2025-11-04,0.055131
CDI:12,2025-11-05,0.055131
CDI:12,2025-11-06,0.055131
CDI:12,2025-11-07,0.055131
CDI:12,2025-11-10,0.055131
CDI:12,2025-11-11,0.055131
CDI:12,2025-11-12,0.055131
CDI:12,2025-11-13,0.055131
CDI:12,2025-11-14,0.055131
CDI:12,2025-11-17,0.055131
CDI:12,2025-11-18,0.055131
CDI:12,2025-11-19,0.055131
CDI:12,2025-11-21,0.055131
CDI:12,2025-11-24,0.055131
CDI:12,2025-11-25,0.055131
CDI:12,2025-11-26,0.055131
CDI:12,2025-11-27,0.055131
CDI:12,2025-11-28,0.055131
CDI:12,2025-12-01,0.055131
CDI:12,2025-12-02,0.055131
CDI:12,2025-12-03,0.055131
CDI:12,2025-12-04,0.055131
CDI:12,2025-12-05,0.055131
CDI:12,2025-12-08,0.055131
CDI:12,2025-12-09,0.055131
CDI:12,2025-12-10,0.055131
CDI:12,2025-12-11,0.055131
CDI:12,2025-12-12,0.055131
CDI:12,2025-12-15,0.055131
CDI:12,2025-12-16,0.055131
CDI:12,2025-12-17,0.055131
CDI:12,2025-12-18,0.055131
CDI:12,2025-12-19,0.055131
CDI:12,2025-12-22,0.055131
CDI:12,2025-12-23,0.055131
CDI:12,2025-12-24,0.055131
CDI:12,2025-12-26,0.055131
CDI:12,2025-12-29,0.055131
CDI:12,2025-12-30,0.055131
CDI:12,2025-12-31,0.055131
CDI:12,2026-01-02,0.055131
CDI:12,2026-01-05,0.055131
CDI:12,2026-01-06,0.055131
CDI:12,2026-01-07,0.055131
CDI:12,2026-01-08,0.055131
CDI:12,2026-01-09,0.055131
CDI:12,2026-01-12,0.055131
CDI:12,2026-01-13,0.055131
CDI:12,2026-01-14,0.055131
CDI:12,2026-01-15,0.055131
CDI:12,2026-01-16,0.055131
CDI:12,2026-01-19,0.055131
CDI:12,2026-01-20,0.055131
CDI:12,2026-01-21,0.055131
CDI:12,2026-01-22,0.055131
CDI:12,2026-01-23,0.055131
CDI:12,2026-01-26,0.055131
CDI:12,2026-01-27,0.055131
CDI:12,2026-01-28,0.055131
CDI:12,2026-01-29,0.055131
CDI:12,2026-01-30,0.055131
CDI:12,2026-02-02,0.055131
CDI:12,2026-02-03,0.055131
CDI:12,2026-02-04,0.055131
CDI:12,2026-02-05,0.055131
CDI:12,2026-02-06,0.055131
CDI:12,2026-02-09,0.055131
CDI:12,2026-02-10,0.055131
CDI:12,2026-02-11,0.055131
CDI:12,2026-02-12,0.055131
CDI:12,2026-02-13,0.055131
CDI:12,2026-02-18,0.055131
CDI:12,2026-02-19,0.055131
CDI:12,2026-02-20,0.055131
CDI:12,2026-02-23,0.055131
CDI:12,2026-02-24,0.055131
CDI:12,2026-02-25,0.055131
CDI:12,2026-02-26,0.055131
CDI:12,2026-02-27,0.055131
CDI:12,2026-03-02,0.055131
CDI:12,2026-03-03,0.055131
CDI:12,2026-03-04,0.055131
CDI:12,2026-03-05,0.055131
CDI:12,2026-03-06,0.055131
CDI:12,2026-03-09,0.055131
CDI:12,2026-03-10,0.055131
CDI:12,2026-03-11,0.055131
CDI:12,2026-03-12,0.055131
CDI:12,2026-03-13,0.055131
CDI:12,2026-03-16,0.055131
CDI:12,2026-03-17,0.055131
CDI:12,2026-03-18,0.055131
CDI:12,2026-03-19,0.054266
CDI:12,2026-03-20,0.054266
CDI:12,2026-03-23,0.054266
CDI:12,2026-03-24,0.054266
CDI:12,2026-03-25,0.054266
CDI:12,2026-03-26,0.054266
CDI:12,2026-03-27,0.054266
CDI:12,2026-03-30,0.054266
CDI:12,2026-03-31,0.054266
CDI:12,2026-04-01,0.054266
CDI:12,2026-04-02,0.054266
CDI:12,2026-04-06,0.054266
CDI:12,2026-04-07,0.054266
CDI:12,2026-04-08,0.054266
CDI:12,2026-04-09,0.054266
CDI:12,2026-04-10,0.054266
CDI:12,2026-04-13,0.054266
CDI:12,2026-04-14,0.054266
CDI:12,2026-04-15,0.054266
CDI:12,2026-04-16,0.054266
CDI:12,2026-04-17,0.054266
CDI:12,2026-04-20,0.054266
CDI:12,2026-04-22,0.054266
CDI:12,2026-04-23,0.054266
CDI:12,2026-04-24,0.054266
CDI:12,2026-04-27,0.054266
CDI:12,2026-04-28,0.054266
CDI:12,2026-04-29,0.054266
CDI:12,2026-04-30,0.0534
CDI:12,2026-05-04,0.0534
CDI:12,2026-05-05,0.0534
CDI:12,2026-05-06,0.0534
CDI:12,2026-05-07,0.0534
CDI:12,2026-05-08,0.0534
CDI:12,2026-05-11,0.0534
CDI:12,2026-05-12,0.0534
CDI:12,2026-05-13,0.0534
CDI:12,2026-05-14,0.0534
CDI:12,2026-05-15,0.0534
CDI:12,2026-05-18,0.0534
CDI:12,2026-05-19,0.0534
CDI:12,2026-05-20,0.0534
CDI:12,2026-05-21,0.0534
CDI:12,2026-05-22,0.0534
CDI:12,2026-05-25,0.0534
CDI:12,2026-05-26,0.0534
CDI:12,2026-05-27,0.0534
CDI:12,2026-05-28,0.0534
CDI:12,2026-05-29,0.0534
CDI:12,2026-06-01,0.0534
CDI:12,2026-06-02,0.0534
CDI:12,2026-06-03,0.0534
CDI:12,2026-06-05,0.0534
CDI:12,2026-06-08,0.0534
CDI:12,2026-06-09,0.0534
CDI:12,2026-06-10,0.0534
CDI:12,2026-06-11,0.0534
CDI:12,2026-06-12,0.0534
CDI:12,2026-06-15,0.0534
CDI:12,2026-06-16,0.0534
CDI:12,2026-06-17,0.0534
CDI:12,2026-06-18,0.052531
CDI:12,2026-06-19,0.052531
CDI:12,2026-06-22,0.052531
CDI:12,2026-06-23,0.052531
CDI:12,2026-06-24,0.052531
CDI:12,2026-06-25,0.052531
CDI:12,2026-06-26,0.052531
CDI:12,2026-06-29,0.052531
CDI:12,2026-06-30,0.052531
CDI:12,2026-07-01,0.052531
CDI:12,2026-07-02,0.052531
CDI:12,2026-07-03,0.052531
CDI:12,2026-07-06,0.052531
CDI:12,2026-07-07,0.052531
CDI:12,2026-07-08,0.052531
CDI:12,2026-07-09,0.052531
CDI:12,2026-07-10,0.052531
CDI:12,2026-07-13,0.052531
CDI:12,2026-07-14,0.052531
CDI:12,2026-07-15,0.052531
CDI:12,2026-07-16,0.052531
CDI:12,2026-07-17,0.052531
CDI:12,2026-07-20,0.052531
CDI:12,2026-07-21,0.052531
CDI:12,2026-07-22,0.052531
