series_id,obs_date,value
DST:FIKS22:BRANCHE07=A:BELØB=0:SÆSON=EJSÆSON,2009-01-01,5008.0
DST:FIKS22:BRANCHE07=A:BELØB=0:SÆSON=EJSÆSON,2009-02-01,5123.0
DST:FIKS22:BRANCHE07=A:BELØB=0:SÆSON=EJSÆSON,2009-03-01,6279.0
DST:FIKS22:BRANCHE07=A:BELØB=0:SÆSON=EJSÆSON,2009-04-01,6101.0
DST:FIKS22:BRANCHE07=A:BELØB=0:SÆSON=EJSÆSON,2009-05-01,5687.0
DST:FIKS22:BRANCHE07=A:BELØB=0:SÆSON=EJSÆSON,2009-06-01,7286.0
DST:FIKS22:BRANCHE07=A:BELØB=0:SÆSON=EJSÆSON,2009-07-01,5458.0
DST:FIKS22:BRANCHE07=A:BELØB=0:SÆSON=EJSÆSON,2009-08-01,6145.0
DST:FIKS22:BRANCHE07=A:BELØB=0:SÆSON=EJSÆSON,2009-09-01,6622.0
DST:FIKS22:BRANCHE07=A:BELØB=0:SÆSON=EJSÆSON,2009-10-01,5204.0
DST:FIKS22:BRANCHE07=A:BELØB=0:SÆSON=EJSÆSON,2009-11-01,4968.0
DST:FIKS22:BRANCHE07=A:BELØB=0:SÆSON=EJSÆSON,2009-12-01,8595.0
DST:FIKS22:BRANCHE07=A:BELØB=0:SÆSON=EJSÆSON,2010-01-01,4110.0
DST:FIKS22:BRANCHE07=A:BELØB=0:SÆSON=EJSÆSON,2010-02-01,4298.0
DST:FIKS22:BRANCHE07=A:BELØB=0:SÆSON=EJSÆSON,2010-03-01,5895.0
DST:FIKS22:BRANCHE07=A:BELØB=0:SÆSON=EJSÆSON,2010-04-01,5733.0
DST:FIKS22:BRANCHE07=A:BELØB=0:SÆSON=EJSÆSON,2010-05-01,5685.0
DST:FIKS22:BRANCHE07=A:BELØB=0:SÆSON=EJSÆSON,2010-06-01,7016.0
DST:FIKS22:BRANCHE07=A:BELØB=0:SÆSON=EJSÆSON,2010-07-01,5338.0
DST:FIKS22:BRANCHE07=A:BELØB=0:SÆSON=EJSÆSON,2010-08-01,6196.0
DST:FIKS22:BRANCHE07=A:BELØB=0:SÆSON=EJSÆSON,2010-09-01,7206.0
DST:FIKS22:BRANCHE07=A:BELØB=0:SÆSON=EJSÆSON,2010-10-01,5812.0
DST:FIKS22:BRANCHE07=A:BELØB=0:SÆSON=EJSÆSON,2010-11-01,6033.0
DST:FIKS22:BRANCHE07=A:BELØB=0:SÆSON=EJSÆSON,2010-12-01,8914.0
DST:FIKS22:BRANCHE07=A:BELØB=0:SÆSON=EJSÆSON,2011-01-01,4949.0
DST:FIKS22:BRANCHE07=A:BELØB=0:SÆSON=EJSÆSON,2011-02-01,5037.0
DST:FIKS22:BRANCHE07=A:BELØB=0:SÆSON=EJSÆSON,2011-03-01,6563.0
DST:FIKS22:BRANCHE07=A:BELØB=0:SÆSON=EJSÆSON,2011-04-01,6584.0
DST:FIKS22:BRANCHE07=A:BELØB=0:SÆSON=EJSÆSON,2011-05-01,6679.0
DST:FIKS22:BRANCHE07=A:BELØB=0:SÆSON=EJSÆSON,2011-06-01,7191.0
DST:FIKS22:BRANCHE07=A:BELØB=0:SÆSON=EJSÆSON,2011-07-01,5526.0
DST:FIKS22:BRANCHE07=A:BELØB=0:SÆSON=EJSÆSON,2011-08-01,6680.0
DST:FIKS22:BRANCHE07=A:BELØB=0:SÆSON=EJSÆSON,2011-09-01,7439.0
DST:FIKS22:BRANCHE07=A:BELØB=0:SÆSON=EJSÆSON,2011-10-01,6095.0
DST:FIKS22:BRANCHE07=A:BELØB=0:SÆSON=EJSÆSON,2011-11-01,6069.0
DST:FIKS22:BRANCHE07=A:BELØB=0:SÆSON=EJSÆSON,2011-12-01,9727.0
DST:FIKS22:BRANCHE07=A:BELØB=0:SÆSON=EJSÆSON,2012-01-01,5299.0
DST:FIKS22:BRANCHE07=A:BELØB=0:SÆSON=EJSÆSON,2012-02-01,5556.0
DST:FIKS22:BRANCHE07=A:BELØB=0:SÆSON=EJSÆSON,2012-03-01,6971.0
DST:FIKS22:BRANCHE07=A:BELØB=0:SÆSON=EJSÆSON,2012-04-01,6395.0
DST:FIKS22:BRANCHE07=A:BELØB=0:SÆSON=EJSÆSON,2012-05-01,6447.0
DST:FIKS22:BRANCHE07=A:BELØB=0:SÆSON=EJSÆSON,2012-06-01,7791.0
DST:FIKS22:BRANCHE07=A:BELØB=0:SÆSON=EJSÆSON,2012-07-01,6020.0
DST:FIKS22:BRANCHE07=A:BELØB=0:SÆSON=EJSÆSON,2012-08-01,7398.0
DST:FIKS22:BRANCHE07=A:BELØB=0:SÆSON=EJSÆSON,2012-09-01,8059.0
DST:FIKS22:BRANCHE07=A:BELØB=0:SÆSON=EJSÆSON,2012-10-01,6699.0
DST:FIKS22:BRANCHE07=A:BELØB=0:SÆSON=EJSÆSON,2012-11-01,6633.0
DST:FIKS22:BRANCHE07=A:BELØB=0:SÆSON=EJSÆSON,2012-12-01,10247.0
DST:FIKS22:BRANCHE07=A:BELØB=0:SÆSON=EJSÆSON,2013-01-01,5639.0
DST:FIKS22:BRANCHE07=A:BELØB=0:SÆSON=EJSÆSON,2013-02-01,5794.0
DST:FIKS22:BRANCHE07=A:BELØB=0:SÆSON=EJSÆSON,2013-03-01,6777.0
DST:FIKS22:BRANCHE07=A:BELØB=0:SÆSON=EJSÆSON,2013-04-01,7567.0
DST:FIKS22:BRANCHE07=A:BELØB=0:SÆSON=EJSÆSON,2013-05-01,7650.0
DST:FIKS22:BRANCHE07=A:BELØB=0:SÆSON=EJSÆSON,2013-06-01,8476.0
DST:FIKS22:BRANCHE07=A:BELØB=0:SÆSON=EJSÆSON,2013-07-01,6631.0
DST:FIKS22:BRANCHE07=A:BELØB=0:SÆSON=EJSÆSON,2013-08-01,7845.0
DST:FIKS22:BRANCHE07=A:BELØB=0:SÆSON=EJSÆSON,2013-09-01,8009.0
DST:FIKS22:BRANCHE07=A:BELØB=0:SÆSON=EJSÆSON,2013-10-01,6874.0
DST:FIKS22:BRANCHE07=A:BELØB=0:SÆSON=EJSÆSON,2013-11-01,6521.0
DST:FIKS22:BRANCHE07=A:BELØB=0:SÆSON=EJSÆSON,2013-12-01,11488.0
DST:FIKS22:BRANCHE07=A:BELØB=0:SÆSON=EJSÆSON,2014-01-01,6045.0
DST:FIKS22:BRANCHE07=A:BELØB=0:SÆSON=EJSÆSON,2014-02-01,6089.0
DST:FIKS22:BRANCHE07=A:BELØB=0:SÆSON=EJSÆSON,2014-03-01,6559.0
DST:FIKS22:BRANCHE07=A:BELØB=0:SÆSON=EJSÆSON,2014-04-01,7032.0
DST:FIKS22:BRANCHE07=A:BELØB=0:SÆSON=EJSÆSON,2014-05-01,6574.0
DST:FIKS22:BRANCHE07=A:BELØB=0:SÆSON=EJSÆSON,2014-06-01,8081.0
DST:FIKS22:BRANCHE07=A:BELØB=0:SÆSON=EJSÆSON,2014-07-01,6652.0
DST:FIKS22:BRANCHE07=A:BELØB=0:SÆSON=EJSÆSON,2014-08-01,7338.0
DST:FIKS22:BRANCHE07=A:BELØB=0:SÆSON=EJSÆSON,2014-09-01,7882.0
DST:FIKS22:BRANCHE07=A:BELØB=0:SÆSON=EJSÆSON,2014-10-01,5816.0
DST:FIKS22:BRANCHE07=A:BELØB=0:SÆSON=EJSÆSON,2014-11-01,6053.0
DST:FIKS22:BRANCHE07=A:BELØB=0:SÆSON=EJSÆSON,2014-12-01,10824.0
DST:FIKS22:BRANCHE07=A:BELØB=0:SÆSON=EJSÆSON,2015-01-01,5366.0
DST:FIKS22:BRANCHE07=A:BELØB=0:SÆSON=EJSÆSON,2015-02-01,5687.0
DST:FIKS22:BRANCHE07=A:BELØB=0:SÆSON=EJSÆSON,2015-03-01,6879.0
DST:FIKS22:BRANCHE07=A:BELØB=0:SÆSON=EJSÆSON,2015-04-01,6374.0
DST:FIKS22:BRANCHE07=A:BELØB=0:SÆSON=EJSÆSON,2015-05-01,6037.0
DST:FIKS22:BRANCHE07=A:BELØB=0:SÆSON=EJSÆSON,2015-06-01,8724.0
DST:FIKS22:BRANCHE07=A:BELØB=0:SÆSON=EJSÆSON,2015-07-01,6169.0
DST:FIKS22:BRANCHE07=A:BELØB=0:SÆSON=EJSÆSON,2015-08-01,7096.0
DST:FIKS22:BRANCHE07=A:BELØB=0:SÆSON=EJSÆSON,2015-09-01,8003.0
DST:FIKS22:BRANCHE07=A:BELØB=0:SÆSON=EJSÆSON,2015-10-01,6576.0
DST:FIKS22:BRANCHE07=A:BELØB=0:SÆSON=EJSÆSON,2015-11-01,5996.0
DST:FIKS22:BRANCHE07=A:BELØB=0:SÆSON=EJSÆSON,2015-12-01,10680.0
DST:FIKS22:BRANCHE07=A:BELØB=0:SÆSON=EJSÆSON,2016-01-01,5436.0
DST:FIKS22:BRANCHE07=A:BELØB=0:SÆSON=EJSÆSON,2016-02-01,5875.0
DST:FIKS22:BRANCHE07=A:BELØB=0:SÆSON=EJSÆSON,2016-03-01,6487.0
DST:FIKS22:BRANCHE07=A:BELØB=0:SÆSON=EJSÆSON,2016-04-01,6899.0
DST:FIKS22:BRANCHE07=A:BELØB=0:SÆSON=EJSÆSON,2016-05-01,5956.0
DST:FIKS22:BRANCHE07=A:BELØB=0:SÆSON=EJSÆSON,2016-06-01,8405.0
DST:FIKS22:BRANCHE07=A:BELØB=0:SÆSON=EJSÆSON,2016-07-01,6077.0
DST:FIKS22:BRANCHE07=A:BELØB=0:SÆSON=EJSÆSON,2016-08-01,7251.0
DST:FIKS22:BRANCHE07=A:BELØB=0:SÆSON=EJSÆSON,2016-09-01,7932.0
DST:FIKS22:BRANCHE07=A:BELØB=0:SÆSON=EJSÆSON,2016-10-01,5753.0
DST:FIKS22:BRANCHE07=A:BELØB=0:SÆSON=EJSÆSON,2016-11-01,6397.0
DST:FIKS22:BRANCHE07=A:BELØB=0:SÆSON=EJSÆSON,2016-12-01,10642.0
DST:FIKS22:BRANCHE07=A:BELØB=0:SÆSON=EJSÆSON,2017-01-01,5404.0
DST:FIKS22:BRANCHE07=A:BELØB=0:SÆSON=EJSÆSON,2017-02-01,5459.0
DST:FIKS22:BRANCHE07=A:BELØB=0:SÆSON=EJSÆSON,2017-03-01,6996.0
DST:FIKS22:BRANCHE07=A:BELØB=0:SÆSON=EJSÆSON,2017-04-01,6592.0
DST:FIKS22:BRANCHE07=A:BELØB=0:SÆSON=EJSÆSON,2017-05-01,6525.0
DST:FIKS22:BRANCHE07=A:BELØB=0:SÆSON=EJSÆSON,2017-06-01,8733.0
DST:FIKS22:BRANCHE07=A:BELØB=0:SÆSON=EJSÆSON,2017-07-01,6150.0
DST:FIKS22:BRANCHE07=A:BELØB=0:SÆSON=EJSÆSON,2017-08-01,7437.0
DST:FIKS22:BRANCHE07=A:BELØB=0:SÆSON=EJSÆSON,2017-09-01,9090.0
DST:FIKS22:BRANCHE07=A:BELØB=0:SÆSON=EJSÆSON,2017-10-01,5875.0
DST:FIKS22:BRANCHE07=A:BELØB=0:SÆSON=EJSÆSON,2017-11-01,6626.0
DST:FIKS22:BRANCHE07=A:BELØB=0:SÆSON=EJSÆSON,2017-12-01,11419.0
DST:FIKS22:BRANCHE07=A:BELØB=0:SÆSON=EJSÆSON,2018-01-01,5737.0
DST:FIKS22:BRANCHE07=A:BELØB=0:SÆSON=EJSÆSON,2018-02-01,5626.0
DST:FIKS22:BRANCHE07=A:BELØB=0:SÆSON=EJSÆSON,2018-03-01,6509.0
DST:FIKS22:BRANCHE07=A:BELØB=0:SÆSON=EJSÆSON,2018-04-01,7094.0
DST:FIKS22:BRANCHE07=A:BELØB=0:SÆSON=EJSÆSON,2018-05-01,7092.0
DST:FIKS22:BRANCHE07=A:BELØB=0:SÆSON=EJSÆSON,2018-06-01,8669.0
DST:FIKS22:BRANCHE07=A:BELØB=0:SÆSON=EJSÆSON,2018-07-01,6688.0
DST:FIKS22:BRANCHE07=A:BELØB=0:SÆSON=EJSÆSON,2018-08-01,7880.0
DST:FIKS22:BRANCHE07=A:BELØB=0:SÆSON=EJSÆSON,2018-09-01,7458.0
DST:FIKS22:BRANCHE07=A:BELØB=0:SÆSON=EJSÆSON,2018-10-01,6171.0
DST:FIKS22:BRANCHE07=A:BELØB=0:SÆSON=EJSÆSON,2018-11-01,6510.0
DST:FIKS22:BRANCHE07=A:BELØB=0:SÆSON=EJSÆSON,2018-12-01,10865.0
DST:FIKS22:BRANCHE07=A:BELØB=0:SÆSON=EJSÆSON,2019-01-01,6098.0
DST:FIKS22:BRANCHE07=A:BELØB=0:SÆSON=EJSÆSON,2019-02-01,5927.0
DST:FIKS22:BRANCHE07=A:BELØB=0:SÆSON=EJSÆSON,2019-03-01,6318.0
DST:FIKS22:BRANCHE07=A:BELØB=0:SÆSON=EJSÆSON,2019-04-01,6875.0
DST:FIKS22:BRANCHE07=A:BELØB=0:SÆSON=EJSÆSON,2019-05-01,6658.0
DST:FIKS22:BRANCHE07=A:BELØB=0:SÆSON=EJSÆSON,2019-06-01,8595.0
DST:FIKS22:BRANCHE07=A:BELØB=0:SÆSON=EJSÆSON,2019-07-01,6616.0
DST:FIKS22:BRANCHE07=A:BELØB=0:SÆSON=EJSÆSON,2019-08-01,7755.0
DST:FIKS22:BRANCHE07=A:BELØB=0:SÆSON=EJSÆSON,2019-09-01,8107.0
DST:FIKS22:BRANCHE07=A:BELØB=0:SÆSON=EJSÆSON,2019-10-01,6402.0
DST:FIKS22:BRANCHE07=A:BELØB=0:SÆSON=EJSÆSON,2019-11-01,6872.0
DST:FIKS22:BRANCHE07=A:BELØB=0:SÆSON=EJSÆSON,2019-12-01,11817.0
DST:FIKS22:BRANCHE07=A:BELØB=0:SÆSON=EJSÆSON,2020-01-01,6590.0
DST:FIKS22:BRANCHE07=A:BELØB=0:SÆSON=EJSÆSON,2020-02-01,5999.0
DST:FIKS22:BRANCHE07=A:BELØB=0:SÆSON=EJSÆSON,2020-03-01,7049.0
DST:FIKS22:BRANCHE07=A:BELØB=0:SÆSON=EJSÆSON,2020-04-01,7262.0
DST:FIKS22:BRANCHE07=A:BELØB=0:SÆSON=EJSÆSON,2020-05-01,6698.0
DST:FIKS22:BRANCHE07=A:BELØB=0:SÆSON=EJSÆSON,2020-06-01,8801.0
DST:FIKS22:BRANCHE07=A:BELØB=0:SÆSON=EJSÆSON,2020-07-01,6527.0
DST:FIKS22:BRANCHE07=A:BELØB=0:SÆSON=EJSÆSON,2020-08-01,7893.0
DST:FIKS22:BRANCHE07=A:BELØB=0:SÆSON=EJSÆSON,2020-09-01,8153.0
DST:FIKS22:BRANCHE07=A:BELØB=0:SÆSON=EJSÆSON,2020-10-01,6447.0
DST:FIKS22:BRANCHE07=A:BELØB=0:SÆSON=EJSÆSON,2020-11-01,6534.0
DST:FIKS22:BRANCHE07=A:BELØB=0:SÆSON=EJSÆSON,2020-12-01,12134.0
DST:FIKS22:BRANCHE07=A:BELØB=0:SÆSON=EJSÆSON,2021-01-01,6399.0
DST:FIKS22:BRANCHE07=A:BELØB=0:SÆSON=EJSÆSON,2021-02-01,5759.0
DST:FIKS22:BRANCHE07=A:BELØB=0:SÆSON=EJSÆSON,2021-03-01,7379.0
DST:FIKS22:BRANCHE07=A:BELØB=0:SÆSON=EJSÆSON,2021-04-01,6824.0
DST:FIKS22:BRANCHE07=A:BELØB=0:SÆSON=EJSÆSON,2021-05-01,6529.0
DST:FIKS22:BRANCHE07=A:BELØB=0:SÆSON=EJSÆSON,2021-06-01,9132.0
DST:FIKS22:BRANCHE07=A:BELØB=0:SÆSON=EJSÆSON,2021-07-01,6715.0
DST:FIKS22:BRANCHE07=A:BELØB=0:SÆSON=EJSÆSON,2021-08-01,7920.0
DST:FIKS22:BRANCHE07=A:BELØB=0:SÆSON=EJSÆSON,2021-09-01,8554.0
DST:FIKS22:BRANCHE07=A:BELØB=0:SÆSON=EJSÆSON,2021-10-01,6394.0
DST:FIKS22:BRANCHE07=A:BELØB=0:SÆSON=EJSÆSON,2021-11-01,7783.0
DST:FIKS22:BRANCHE07=A:BELØB=0:SÆSON=EJSÆSON,2021-12-01,12713.0
DST:FIKS22:BRANCHE07=A:BELØB=0:SÆSON=EJSÆSON,2022-01-01,9982.0
DST:FIKS22:BRANCHE07=A:BELØB=0:SÆSON=EJSÆSON,2022-02-01,6480.0
DST:FIKS22:BRANCHE07=A:BELØB=0:SÆSON=EJSÆSON,2022-03-01,8349.0
DST:FIKS22:BRANCHE07=A:BELØB=0:SÆSON=EJSÆSON,2022-04-01,7558.0
DST:FIKS22:BRANCHE07=A:BELØB=0:SÆSON=EJSÆSON,2022-05-01,7811.0
DST:FIKS22:BRANCHE07=A:BELØB=0:SÆSON=EJSÆSON,2022-06-01,10245.0
DST:FIKS22:BRANCHE07=A:BELØB=0:SÆSON=EJSÆSON,2022-07-01,7167.0
DST:FIKS22:BRANCHE07=A:BELØB=0:SÆSON=EJSÆSON,2022-08-01,10175.0
DST:FIKS22:BRANCHE07=A:BELØB=0:SÆSON=EJSÆSON,2022-09-01,9986.0
DST:FIKS22:BRANCHE07=A:BELØB=0:SÆSON=EJSÆSON,2022-10-01,7541.0
DST:FIKS22:BRANCHE07=A:BELØB=0:SÆSON=EJSÆSON,2022-11-01,8863.0
DST:FIKS22:BRANCHE07=A:BELØB=0:SÆSON=EJSÆSON,2022-12-01,15228.0
DST:FIKS22:BRANCHE07=A:BELØB=0:SÆSON=EJSÆSON,2023-01-01,9038.0
DST:FIKS22:BRANCHE07=A:BELØB=0:SÆSON=EJSÆSON,2023-02-01,6378.0
DST:FIKS22:BRANCHE07=A:BELØB=0:SÆSON=EJSÆSON,2023-03-01,8608.0
DST:FIKS22:BRANCHE07=A:BELØB=0:SÆSON=EJSÆSON,2023-04-01,7657.0
DST:FIKS22:BRANCHE07=A:BELØB=0:SÆSON=EJSÆSON,2023-05-01,7356.0
DST:FIKS22:BRANCHE07=A:BELØB=0:SÆSON=EJSÆSON,2023-06-01,10821.0
DST:FIKS22:BRANCHE07=A:BELØB=0:SÆSON=EJSÆSON,2023-07-01,7023.0
DST:FIKS22:BRANCHE07=A:BELØB=0:SÆSON=EJSÆSON,2023-08-01,9049.0
DST:FIKS22:BRANCHE07=A:BELØB=0:SÆSON=EJSÆSON,2023-09-01,8924.0
DST:FIKS22:BRANCHE07=A:BELØB=0:SÆSON=EJSÆSON,2023-10-01,7365.0
DST:FIKS22:BRANCHE07=A:BELØB=0:SÆSON=EJSÆSON,2023-11-01,7901.0
DST:FIKS22:BRANCHE07=A:BELØB=0:SÆSON=EJSÆSON,2023-12-01,12354.0
DST:FIKS22:BRANCHE07=A:BELØB=0:SÆSON=EJSÆSON,2024-01-01,7089.0
DST:FIKS22:BRANCHE07=A:BELØB=0:SÆSON=EJSÆSON,2024-02-01,7023.0
DST:FIKS22:BRANCHE07=A:BELØB=0:SÆSON=EJSÆSON,2024-03-01,8090.0
DST:FIKS22:BRANCHE07=A:BELØB=0:SÆSON=EJSÆSON,2024-04-01,8808.0
DST:FIKS22:BRANCHE07=A:BELØB=0:SÆSON=EJSÆSON,2024-05-01,8259.0
DST:FIKS22:BRANCHE07=A:BELØB=0:SÆSON=EJSÆSON,2024-06-01,8962.0
DST:FIKS22:BRANCHE07=A:BELØB=0:SÆSON=EJSÆSON,2024-07-01,7596.0
DST:FIKS22:BRANCHE07=A:BELØB=0:SÆSON=EJSÆSON,2024-08-01,8499.0
DST:FIKS22:BRANCHE07=A:BELØB=0:SÆSON=EJSÆSON,2024-09-01,9169.0
DST:FIKS22:BRANCHE07=A:BELØB=0:SÆSON=EJSÆSON,2024-10-01,8188.0
DST:FIKS22:BRANCHE07=A:BELØB=0:SÆSON=EJSÆSON,2024-11-01,7998.0
DST:FIKS22:BRANCHE07=A:BELØB=0:SÆSON=EJSÆSON,2024-12-01,12077.0
DST:FIKS22:BRANCHE07=A:BELØB=0:SÆSON=EJSÆSON,2025-01-01,7425.0
DST:FIKS22:BRANCHE07=A:BELØB=0:SÆSON=EJSÆSON,2025-02-01,7272.0
DST:FIKS22:BRANCHE07=A:BELØB=0:SÆSON=EJSÆSON,2025-03-01,8557.0
DST:FIKS22:BRANCHE07=A:BELØB=0:SÆSON=EJSÆSON,2025-04-01,8772.0
DST:FIKS22:BRANCHE07=A:BELØB=0:SÆSON=EJSÆSON,2025-05-01,8248.0
DST:FIKS22:BRANCHE07=A:BELØB=0:SÆSON=EJSÆSON,2025-06-01,9743.0
DST:FIKS22:BRANCHE07=A:BELØB=0:SÆSON=EJSÆSON,2025-07-01,8085.0
DST:FIKS22:BRANCHE07=A:BELØB=0:SÆSON=EJSÆSON,2025-08-01,9083.0
DST:FIKS22:BRANCHE07=A:BELØB=0:SÆSON=EJSÆSON,2025-09-01,9845.0
DST:FIKS22:BRANCHE07=A:BELØB=0:SÆSON=EJSÆSON,2025-10-01,8438.0
DST:FIKS22:BRANCHE07=A:BELØB=0:SÆSON=EJSÆSON,2025-11-01,7887.0
DST:FIKS22:BRANCHE07=A:BELØB=0:SÆSON=EJSÆSON,2025-12-01,12269.0
DST:FIKS22:BRANCHE07=A:BELØB=0:SÆSON=EJSÆSON,2026-01-01,7061.0
DST:FIKS22:BRANCHE07=A:BELØB=0:SÆSON=EJSÆSON,2026-02-01,6949.0
DST:FIKS22:BRANCHE07=A:BELØB=0:SÆSON=EJSÆSON,2026-03-01,8685.0
DST:FIKS22:BRANCHE07=A:BELØB=0:SÆSON=SÆSON,2009-01-01,6524.0
DST:FIKS22:BRANCHE07=A:BELØB=0:SÆSON=SÆSON,2009-02-01,6552.0
DST:FIKS22:BRANCHE07=A:BELØB=0:SÆSON=SÆSON,2009-03-01,6283.0
DST:FIKS22:BRANCHE07=A:BELØB=0:SÆSON=SÆSON,2009-04-01,6126.0
DST:FIKS22:BRANCHE07=A:BELØB=0:SÆSON=SÆSON,2009-05-01,6005.0
DST:FIKS22:BRANCHE07=A:BELØB=0:SÆSON=SÆSON,2009-06-01,6353.0
DST:FIKS22:BRANCHE07=A:BELØB=0:SÆSON=SÆSON,2009-07-01,6133.0
DST:FIKS22:BRANCHE07=A:BELØB=0:SÆSON=SÆSON,2009-08-01,6189.0
DST:FIKS22:BRANCHE07=A:BELØB=0:SÆSON=SÆSON,2009-09-01,5763.0
DST:FIKS22:BRANCHE07=A:BELØB=0:SÆSON=SÆSON,2009-10-01,5616.0
DST:FIKS22:BRANCHE07=A:BELØB=0:SÆSON=SÆSON,2009-11-01,5577.0
DST:FIKS22:BRANCHE07=A:BELØB=0:SÆSON=SÆSON,2009-12-01,5632.0
DST:FIKS22:BRANCHE07=A:BELØB=0:SÆSON=SÆSON,2010-01-01,5488.0
DST:FIKS22:BRANCHE07=A:BELØB=0:SÆSON=SÆSON,2010-02-01,5483.0
DST:FIKS22:BRANCHE07=A:BELØB=0:SÆSON=SÆSON,2010-03-01,5800.0
DST:FIKS22:BRANCHE07=A:BELØB=0:SÆSON=SÆSON,2010-04-01,5859.0
DST:FIKS22:BRANCHE07=A:BELØB=0:SÆSON=SÆSON,2010-05-01,6023.0
DST:FIKS22:BRANCHE07=A:BELØB=0:SÆSON=SÆSON,2010-06-01,5926.0
DST:FIKS22:BRANCHE07=A:BELØB=0:SÆSON=SÆSON,2010-07-01,6036.0
DST:FIKS22:BRANCHE07=A:BELØB=0:SÆSON=SÆSON,2010-08-01,6052.0
DST:FIKS22:BRANCHE07=A:BELØB=0:SÆSON=SÆSON,2010-09-01,6311.0
DST:FIKS22:BRANCHE07=A:BELØB=0:SÆSON=SÆSON,2010-10-01,6503.0
DST:FIKS22:BRANCHE07=A:BELØB=0:SÆSON=SÆSON,2010-11-01,6529.0
DST:FIKS22:BRANCHE07=A:BELØB=0:SÆSON=SÆSON,2010-12-01,5752.0
DST:FIKS22:BRANCHE07=A:BELØB=0:SÆSON=SÆSON,2011-01-01,6537.0
DST:FIKS22:BRANCHE07=A:BELØB=0:SÆSON=SÆSON,2011-02-01,6398.0
DST:FIKS22:BRANCHE07=A:BELØB=0:SÆSON=SÆSON,2011-03-01,6353.0
DST:FIKS22:BRANCHE07=A:BELØB=0:SÆSON=SÆSON,2011-04-01,6742.0
DST:FIKS22:BRANCHE07=A:BELØB=0:SÆSON=SÆSON,2011-05-01,6729.0
DST:FIKS22:BRANCHE07=A:BELØB=0:SÆSON=SÆSON,2011-06-01,6364.0
DST:FIKS22:BRANCHE07=A:BELØB=0:SÆSON=SÆSON,2011-07-01,6464.0
DST:FIKS22:BRANCHE07=A:BELØB=0:SÆSON=SÆSON,2011-08-01,6412.0
DST:FIKS22:BRANCHE07=A:BELØB=0:SÆSON=SÆSON,2011-09-01,6467.0
DST:FIKS22:BRANCHE07=A:BELØB=0:SÆSON=SÆSON,2011-10-01,6888.0
DST:FIKS22:BRANCHE07=A:BELØB=0:SÆSON=SÆSON,2011-11-01,6613.0
DST:FIKS22:BRANCHE07=A:BELØB=0:SÆSON=SÆSON,2011-12-01,6320.0
DST:FIKS22:BRANCHE07=A:BELØB=0:SÆSON=SÆSON,2012-01-01,6707.0
DST:FIKS22:BRANCHE07=A:BELØB=0:SÆSON=SÆSON,2012-02-01,6799.0
DST:FIKS22:BRANCHE07=A:BELØB=0:SÆSON=SÆSON,2012-03-01,6897.0
DST:FIKS22:BRANCHE07=A:BELØB=0:SÆSON=SÆSON,2012-04-01,6702.0
DST:FIKS22:BRANCHE07=A:BELØB=0:SÆSON=SÆSON,2012-05-01,6709.0
DST:FIKS22:BRANCHE07=A:BELØB=0:SÆSON=SÆSON,2012-06-01,6857.0
DST:FIKS22:BRANCHE07=A:BELØB=0:SÆSON=SÆSON,2012-07-01,6877.0
DST:FIKS22:BRANCHE07=A:BELØB=0:SÆSON=SÆSON,2012-08-01,7057.0
DST:FIKS22:BRANCHE07=A:BELØB=0:SÆSON=SÆSON,2012-09-01,7389.0
DST:FIKS22:BRANCHE07=A:BELØB=0:SÆSON=SÆSON,2012-10-01,7293.0
DST:FIKS22:BRANCHE07=A:BELØB=0:SÆSON=SÆSON,2012-11-01,7238.0
DST:FIKS22:BRANCHE07=A:BELØB=0:SÆSON=SÆSON,2012-12-01,7138.0
DST:FIKS22:BRANCHE07=A:BELØB=0:SÆSON=SÆSON,2013-01-01,7160.0
DST:FIKS22:BRANCHE07=A:BELØB=0:SÆSON=SÆSON,2013-02-01,7234.0
DST:FIKS22:BRANCHE07=A:BELØB=0:SÆSON=SÆSON,2013-03-01,7377.0
DST:FIKS22:BRANCHE07=A:BELØB=0:SÆSON=SÆSON,2013-04-01,7432.0
DST:FIKS22:BRANCHE07=A:BELØB=0:SÆSON=SÆSON,2013-05-01,7995.0
DST:FIKS22:BRANCHE07=A:BELØB=0:SÆSON=SÆSON,2013-06-01,7405.0
DST:FIKS22:BRANCHE07=A:BELØB=0:SÆSON=SÆSON,2013-07-01,7432.0
DST:FIKS22:BRANCHE07=A:BELØB=0:SÆSON=SÆSON,2013-08-01,7487.0
DST:FIKS22:BRANCHE07=A:BELØB=0:SÆSON=SÆSON,2013-09-01,7291.0
DST:FIKS22:BRANCHE07=A:BELØB=0:SÆSON=SÆSON,2013-10-01,7446.0
DST:FIKS22:BRANCHE07=A:BELØB=0:SÆSON=SÆSON,2013-11-01,7312.0
DST:FIKS22:BRANCHE07=A:BELØB=0:SÆSON=SÆSON,2013-12-01,7682.0
DST:FIKS22:BRANCHE07=A:BELØB=0:SÆSON=SÆSON,2014-01-01,7572.0
DST:FIKS22:BRANCHE07=A:BELØB=0:SÆSON=SÆSON,2014-02-01,7549.0
DST:FIKS22:BRANCHE07=A:BELØB=0:SÆSON=SÆSON,2014-03-01,6798.0
DST:FIKS22:BRANCHE07=A:BELØB=0:SÆSON=SÆSON,2014-04-01,7215.0
DST:FIKS22:BRANCHE07=A:BELØB=0:SÆSON=SÆSON,2014-05-01,7050.0
DST:FIKS22:BRANCHE07=A:BELØB=0:SÆSON=SÆSON,2014-06-01,7183.0
DST:FIKS22:BRANCHE07=A:BELØB=0:SÆSON=SÆSON,2014-07-01,7300.0
DST:FIKS22:BRANCHE07=A:BELØB=0:SÆSON=SÆSON,2014-08-01,7217.0
DST:FIKS22:BRANCHE07=A:BELØB=0:SÆSON=SÆSON,2014-09-01,6919.0
DST:FIKS22:BRANCHE07=A:BELØB=0:SÆSON=SÆSON,2014-10-01,6486.0
DST:FIKS22:BRANCHE07=A:BELØB=0:SÆSON=SÆSON,2014-11-01,6968.0
DST:FIKS22:BRANCHE07=A:BELØB=0:SÆSON=SÆSON,2014-12-01,7155.0
DST:FIKS22:BRANCHE07=A:BELØB=0:SÆSON=SÆSON,2015-01-01,6848.0
DST:FIKS22:BRANCHE07=A:BELØB=0:SÆSON=SÆSON,2015-02-01,7041.0
DST:FIKS22:BRANCHE07=A:BELØB=0:SÆSON=SÆSON,2015-03-01,6961.0
DST:FIKS22:BRANCHE07=A:BELØB=0:SÆSON=SÆSON,2015-04-01,6599.0
DST:FIKS22:BRANCHE07=A:BELØB=0:SÆSON=SÆSON,2015-05-01,6886.0
DST:FIKS22:BRANCHE07=A:BELØB=0:SÆSON=SÆSON,2015-06-01,7187.0
DST:FIKS22:BRANCHE07=A:BELØB=0:SÆSON=SÆSON,2015-07-01,6812.0
DST:FIKS22:BRANCHE07=A:BELØB=0:SÆSON=SÆSON,2015-08-01,7009.0
DST:FIKS22:BRANCHE07=A:BELØB=0:SÆSON=SÆSON,2015-09-01,7084.0
DST:FIKS22:BRANCHE07=A:BELØB=0:SÆSON=SÆSON,2015-10-01,7481.0
DST:FIKS22:BRANCHE07=A:BELØB=0:SÆSON=SÆSON,2015-11-01,6826.0
DST:FIKS22:BRANCHE07=A:BELØB=0:SÆSON=SÆSON,2015-12-01,6747.0
DST:FIKS22:BRANCHE07=A:BELØB=0:SÆSON=SÆSON,2016-01-01,7068.0
DST:FIKS22:BRANCHE07=A:BELØB=0:SÆSON=SÆSON,2016-02-01,7066.0
DST:FIKS22:BRANCHE07=A:BELØB=0:SÆSON=SÆSON,2016-03-01,6933.0
DST:FIKS22:BRANCHE07=A:BELØB=0:SÆSON=SÆSON,2016-04-01,6878.0
DST:FIKS22:BRANCHE07=A:BELØB=0:SÆSON=SÆSON,2016-05-01,6485.0
DST:FIKS22:BRANCHE07=A:BELØB=0:SÆSON=SÆSON,2016-06-01,6754.0
DST:FIKS22:BRANCHE07=A:BELØB=0:SÆSON=SÆSON,2016-07-01,6951.0
DST:FIKS22:BRANCHE07=A:BELØB=0:SÆSON=SÆSON,2016-08-01,6851.0
DST:FIKS22:BRANCHE07=A:BELØB=0:SÆSON=SÆSON,2016-09-01,7024.0
DST:FIKS22:BRANCHE07=A:BELØB=0:SÆSON=SÆSON,2016-10-01,6921.0
DST:FIKS22:BRANCHE07=A:BELØB=0:SÆSON=SÆSON,2016-11-01,6994.0
DST:FIKS22:BRANCHE07=A:BELØB=0:SÆSON=SÆSON,2016-12-01,6704.0
DST:FIKS22:BRANCHE07=A:BELØB=0:SÆSON=SÆSON,2017-01-01,6603.0
DST:FIKS22:BRANCHE07=A:BELØB=0:SÆSON=SÆSON,2017-02-01,6832.0
DST:FIKS22:BRANCHE07=A:BELØB=0:SÆSON=SÆSON,2017-03-01,7073.0
DST:FIKS22:BRANCHE07=A:BELØB=0:SÆSON=SÆSON,2017-04-01,7107.0
DST:FIKS22:BRANCHE07=A:BELØB=0:SÆSON=SÆSON,2017-05-01,7039.0
DST:FIKS22:BRANCHE07=A:BELØB=0:SÆSON=SÆSON,2017-06-01,7066.0
DST:FIKS22:BRANCHE07=A:BELØB=0:SÆSON=SÆSON,2017-07-01,7081.0
DST:FIKS22:BRANCHE07=A:BELØB=0:SÆSON=SÆSON,2017-08-01,6909.0
DST:FIKS22:BRANCHE07=A:BELØB=0:SÆSON=SÆSON,2017-09-01,8289.0
DST:FIKS22:BRANCHE07=A:BELØB=0:SÆSON=SÆSON,2017-10-01,6931.0
DST:FIKS22:BRANCHE07=A:BELØB=0:SÆSON=SÆSON,2017-11-01,7260.0
DST:FIKS22:BRANCHE07=A:BELØB=0:SÆSON=SÆSON,2017-12-01,7701.0
DST:FIKS22:BRANCHE07=A:BELØB=0:SÆSON=SÆSON,2018-01-01,6910.0
DST:FIKS22:BRANCHE07=A:BELØB=0:SÆSON=SÆSON,2018-02-01,7105.0
DST:FIKS22:BRANCHE07=A:BELØB=0:SÆSON=SÆSON,2018-03-01,7056.0
DST:FIKS22:BRANCHE07=A:BELØB=0:SÆSON=SÆSON,2018-04-01,7341.0
DST:FIKS22:BRANCHE07=A:BELØB=0:SÆSON=SÆSON,2018-05-01,7476.0
DST:FIKS22:BRANCHE07=A:BELØB=0:SÆSON=SÆSON,2018-06-01,7339.0
DST:FIKS22:BRANCHE07=A:BELØB=0:SÆSON=SÆSON,2018-07-01,7508.0
DST:FIKS22:BRANCHE07=A:BELØB=0:SÆSON=SÆSON,2018-08-01,7421.0
DST:FIKS22:BRANCHE07=A:BELØB=0:SÆSON=SÆSON,2018-09-01,7009.0
DST:FIKS22:BRANCHE07=A:BELØB=0:SÆSON=SÆSON,2018-10-01,7220.0
DST:FIKS22:BRANCHE07=A:BELØB=0:SÆSON=SÆSON,2018-11-01,7042.0
DST:FIKS22:BRANCHE07=A:BELØB=0:SÆSON=SÆSON,2018-12-01,7311.0
DST:FIKS22:BRANCHE07=A:BELØB=0:SÆSON=SÆSON,2019-01-01,7234.0
DST:FIKS22:BRANCHE07=A:BELØB=0:SÆSON=SÆSON,2019-02-01,7527.0
DST:FIKS22:BRANCHE07=A:BELØB=0:SÆSON=SÆSON,2019-03-01,6701.0
DST:FIKS22:BRANCHE07=A:BELØB=0:SÆSON=SÆSON,2019-04-01,7104.0
DST:FIKS22:BRANCHE07=A:BELØB=0:SÆSON=SÆSON,2019-05-01,7156.0
DST:FIKS22:BRANCHE07=A:BELØB=0:SÆSON=SÆSON,2019-06-01,7458.0
DST:FIKS22:BRANCHE07=A:BELØB=0:SÆSON=SÆSON,2019-07-01,7364.0
DST:FIKS22:BRANCHE07=A:BELØB=0:SÆSON=SÆSON,2019-08-01,7315.0
DST:FIKS22:BRANCHE07=A:BELØB=0:SÆSON=SÆSON,2019-09-01,7600.0
DST:FIKS22:BRANCHE07=A:BELØB=0:SÆSON=SÆSON,2019-10-01,7390.0
DST:FIKS22:BRANCHE07=A:BELØB=0:SÆSON=SÆSON,2019-11-01,7604.0
DST:FIKS22:BRANCHE07=A:BELØB=0:SÆSON=SÆSON,2019-12-01,7650.0
DST:FIKS22:BRANCHE07=A:BELØB=0:SÆSON=SÆSON,2020-01-01,7607.0
DST:FIKS22:BRANCHE07=A:BELØB=0:SÆSON=SÆSON,2020-02-01,7452.0
DST:FIKS22:BRANCHE07=A:BELØB=0:SÆSON=SÆSON,2020-03-01,7267.0
DST:FIKS22:BRANCHE07=A:BELØB=0:SÆSON=SÆSON,2020-04-01,7621.0
DST:FIKS22:BRANCHE07=A:BELØB=0:SÆSON=SÆSON,2020-05-01,7512.0
DST:FIKS22:BRANCHE07=A:BELØB=0:SÆSON=SÆSON,2020-06-01,7378.0
DST:FIKS22:BRANCHE07=A:BELØB=0:SÆSON=SÆSON,2020-07-01,7323.0
DST:FIKS22:BRANCHE07=A:BELØB=0:SÆSON=SÆSON,2020-08-01,7747.0
DST:FIKS22:BRANCHE07=A:BELØB=0:SÆSON=SÆSON,2020-09-01,7385.0
DST:FIKS22:BRANCHE07=A:BELØB=0:SÆSON=SÆSON,2020-10-01,7570.0
DST:FIKS22:BRANCHE07=A:BELØB=0:SÆSON=SÆSON,2020-11-01,7326.0
DST:FIKS22:BRANCHE07=A:BELØB=0:SÆSON=SÆSON,2020-12-01,7522.0
DST:FIKS22:BRANCHE07=A:BELØB=0:SÆSON=SÆSON,2021-01-01,7687.0
DST:FIKS22:BRANCHE07=A:BELØB=0:SÆSON=SÆSON,2021-02-01,7330.0
DST:FIKS22:BRANCHE07=A:BELØB=0:SÆSON=SÆSON,2021-03-01,7415.0
DST:FIKS22:BRANCHE07=A:BELØB=0:SÆSON=SÆSON,2021-04-01,7291.0
DST:FIKS22:BRANCHE07=A:BELØB=0:SÆSON=SÆSON,2021-05-01,7325.0
DST:FIKS22:BRANCHE07=A:BELØB=0:SÆSON=SÆSON,2021-06-01,7481.0
DST:FIKS22:BRANCHE07=A:BELØB=0:SÆSON=SÆSON,2021-07-01,7640.0
DST:FIKS22:BRANCHE07=A:BELØB=0:SÆSON=SÆSON,2021-08-01,7545.0
DST:FIKS22:BRANCHE07=A:BELØB=0:SÆSON=SÆSON,2021-09-01,7801.0
DST:FIKS22:BRANCHE07=A:BELØB=0:SÆSON=SÆSON,2021-10-01,7683.0
DST:FIKS22:BRANCHE07=A:BELØB=0:SÆSON=SÆSON,2021-11-01,8354.0
DST:FIKS22:BRANCHE07=A:BELØB=0:SÆSON=SÆSON,2021-12-01,7854.0
DST:FIKS22:BRANCHE07=A:BELØB=0:SÆSON=SÆSON,2022-01-01,11884.0
DST:FIKS22:BRANCHE07=A:BELØB=0:SÆSON=SÆSON,2022-02-01,8225.0
DST:FIKS22:BRANCHE07=A:BELØB=0:SÆSON=SÆSON,2022-03-01,8152.0
DST:FIKS22:BRANCHE07=A:BELØB=0:SÆSON=SÆSON,2022-04-01,8044.0
DST:FIKS22:BRANCHE07=A:BELØB=0:SÆSON=SÆSON,2022-05-01,8579.0
DST:FIKS22:BRANCHE07=A:BELØB=0:SÆSON=SÆSON,2022-06-01,8576.0
DST:FIKS22:BRANCHE07=A:BELØB=0:SÆSON=SÆSON,2022-07-01,8461.0
DST:FIKS22:BRANCHE07=A:BELØB=0:SÆSON=SÆSON,2022-08-01,9575.0
DST:FIKS22:BRANCHE07=A:BELØB=0:SÆSON=SÆSON,2022-09-01,9015.0
DST:FIKS22:BRANCHE07=A:BELØB=0:SÆSON=SÆSON,2022-10-01,8972.0
DST:FIKS22:BRANCHE07=A:BELØB=0:SÆSON=SÆSON,2022-11-01,9483.0
DST:FIKS22:BRANCHE07=A:BELØB=0:SÆSON=SÆSON,2022-12-01,9673.0
DST:FIKS22:BRANCHE07=A:BELØB=0:SÆSON=SÆSON,2023-01-01,10432.0
DST:FIKS22:BRANCHE07=A:BELØB=0:SÆSON=SÆSON,2023-02-01,8052.0
DST:FIKS22:BRANCHE07=A:BELØB=0:SÆSON=SÆSON,2023-03-01,8446.0
DST:FIKS22:BRANCHE07=A:BELØB=0:SÆSON=SÆSON,2023-04-01,8307.0
DST:FIKS22:BRANCHE07=A:BELØB=0:SÆSON=SÆSON,2023-05-01,8071.0
DST:FIKS22:BRANCHE07=A:BELØB=0:SÆSON=SÆSON,2023-06-01,9035.0
DST:FIKS22:BRANCHE07=A:BELØB=0:SÆSON=SÆSON,2023-07-01,8344.0
DST:FIKS22:BRANCHE07=A:BELØB=0:SÆSON=SÆSON,2023-08-01,8409.0
DST:FIKS22:BRANCHE07=A:BELØB=0:SÆSON=SÆSON,2023-09-01,8258.0
DST:FIKS22:BRANCHE07=A:BELØB=0:SÆSON=SÆSON,2023-10-01,8350.0
DST:FIKS22:BRANCHE07=A:BELØB=0:SÆSON=SÆSON,2023-11-01,8466.0
DST:FIKS22:BRANCHE07=A:BELØB=0:SÆSON=SÆSON,2023-12-01,8579.0
DST:FIKS22:BRANCHE07=A:BELØB=0:SÆSON=SÆSON,2024-01-01,8293.0
DST:FIKS22:BRANCHE07=A:BELØB=0:SÆSON=SÆSON,2024-02-01,8397.0
DST:FIKS22:BRANCHE07=A:BELØB=0:SÆSON=SÆSON,2024-03-01,8710.0
DST:FIKS22:BRANCHE07=A:BELØB=0:SÆSON=SÆSON,2024-04-01,8736.0
DST:FIKS22:BRANCHE07=A:BELØB=0:SÆSON=SÆSON,2024-05-01,8811.0
DST:FIKS22:BRANCHE07=A:BELØB=0:SÆSON=SÆSON,2024-06-01,7872.0
DST:FIKS22:BRANCHE07=A:BELØB=0:SÆSON=SÆSON,2024-07-01,8596.0
DST:FIKS22:BRANCHE07=A:BELØB=0:SÆSON=SÆSON,2024-08-01,8077.0
DST:FIKS22:BRANCHE07=A:BELØB=0:SÆSON=SÆSON,2024-09-01,8628.0
DST:FIKS22:BRANCHE07=A:BELØB=0:SÆSON=SÆSON,2024-10-01,8852.0
DST:FIKS22:BRANCHE07=A:BELØB=0:SÆSON=SÆSON,2024-11-01,8665.0
DST:FIKS22:BRANCHE07=A:BELØB=0:SÆSON=SÆSON,2024-12-01,8240.0
DST:FIKS22:BRANCHE07=A:BELØB=0:SÆSON=SÆSON,2025-01-01,8740.0
DST:FIKS22:BRANCHE07=A:BELØB=0:SÆSON=SÆSON,2025-02-01,9092.0
DST:FIKS22:BRANCHE07=A:BELØB=0:SÆSON=SÆSON,2025-03-01,8731.0
DST:FIKS22:BRANCHE07=A:BELØB=0:SÆSON=SÆSON,2025-04-01,8959.0
DST:FIKS22:BRANCHE07=A:BELØB=0:SÆSON=SÆSON,2025-05-01,8876.0
DST:FIKS22:BRANCHE07=A:BELØB=0:SÆSON=SÆSON,2025-06-01,8837.0
DST:FIKS22:BRANCHE07=A:BELØB=0:SÆSON=SÆSON,2025-07-01,8986.0
DST:FIKS22:BRANCHE07=A:BELØB=0:SÆSON=SÆSON,2025-08-01,8943.0
DST:FIKS22:BRANCHE07=A:BELØB=0:SÆSON=SÆSON,2025-09-01,8903.0
DST:FIKS22:BRANCHE07=A:BELØB=0:SÆSON=SÆSON,2025-10-01,9137.0
DST:FIKS22:BRANCHE07=A:BELØB=0:SÆSON=SÆSON,2025-11-01,8762.0
DST:FIKS22:BRANCHE07=A:BELØB=0:SÆSON=SÆSON,2025-12-01,8406.0
DST:FIKS22:BRANCHE07=A:BELØB=0:SÆSON=SÆSON,2026-01-01,8559.0
DST:FIKS22:BRANCHE07=A:BELØB=0:SÆSON=SÆSON,2026-02-01,8659.0
DST:FIKS22:BRANCHE07=A:BELØB=0:SÆSON=SÆSON,2026-03-01,8618.0
DST:FIKS22:BRANCHE07=A:BELØB=1:SÆSON=EJSÆSON,2009-01-01,5790.0
DST:FIKS22:BRANCHE07=A:BELØB=1:SÆSON=EJSÆSON,2009-02-01,5582.0
DST:FIKS22:BRANCHE07=A:BELØB=1:SÆSON=EJSÆSON,2009-03-01,6860.0
DST:FIKS22:BRANCHE07=A:BELØB=1:SÆSON=EJSÆSON,2009-04-01,6975.0
DST:FIKS22:BRANCHE07=A:BELØB=1:SÆSON=EJSÆSON,2009-05-01,6287.0
DST:FIKS22:BRANCHE07=A:BELØB=1:SÆSON=EJSÆSON,2009-06-01,6601.0
DST:FIKS22:BRANCHE07=A:BELØB=1:SÆSON=EJSÆSON,2009-07-01,6111.0
DST:FIKS22:BRANCHE07=A:BELØB=1:SÆSON=EJSÆSON,2009-08-01,6370.0
DST:FIKS22:BRANCHE07=A:BELØB=1:SÆSON=EJSÆSON,2009-09-01,7366.0
DST:FIKS22:BRANCHE07=A:BELØB=1:SÆSON=EJSÆSON,2009-10-01,6860.0
DST:FIKS22:BRANCHE07=A:BELØB=1:SÆSON=EJSÆSON,2009-11-01,6734.0
DST:FIKS22:BRANCHE07=A:BELØB=1:SÆSON=EJSÆSON,2009-12-01,8374.0
DST:FIKS22:BRANCHE07=A:BELØB=1:SÆSON=EJSÆSON,2010-01-01,5180.0
DST:FIKS22:BRANCHE07=A:BELØB=1:SÆSON=EJSÆSON,2010-02-01,5531.0
DST:FIKS22:BRANCHE07=A:BELØB=1:SÆSON=EJSÆSON,2010-03-01,7364.0
DST:FIKS22:BRANCHE07=A:BELØB=1:SÆSON=EJSÆSON,2010-04-01,6783.0
DST:FIKS22:BRANCHE07=A:BELØB=1:SÆSON=EJSÆSON,2010-05-01,6871.0
DST:FIKS22:BRANCHE07=A:BELØB=1:SÆSON=EJSÆSON,2010-06-01,7507.0
DST:FIKS22:BRANCHE07=A:BELØB=1:SÆSON=EJSÆSON,2010-07-01,6371.0
DST:FIKS22:BRANCHE07=A:BELØB=1:SÆSON=EJSÆSON,2010-08-01,7588.0
DST:FIKS22:BRANCHE07=A:BELØB=1:SÆSON=EJSÆSON,2010-09-01,8237.0
DST:FIKS22:BRANCHE07=A:BELØB=1:SÆSON=EJSÆSON,2010-10-01,7225.0
DST:FIKS22:BRANCHE07=A:BELØB=1:SÆSON=EJSÆSON,2010-11-01,7838.0
DST:FIKS22:BRANCHE07=A:BELØB=1:SÆSON=EJSÆSON,2010-12-01,10159.0
DST:FIKS22:BRANCHE07=A:BELØB=1:SÆSON=EJSÆSON,2011-01-01,6241.0
DST:FIKS22:BRANCHE07=A:BELØB=1:SÆSON=EJSÆSON,2011-02-01,6668.0
DST:FIKS22:BRANCHE07=A:BELØB=1:SÆSON=EJSÆSON,2011-03-01,8456.0
DST:FIKS22:BRANCHE07=A:BELØB=1:SÆSON=EJSÆSON,2011-04-01,8083.0
DST:FIKS22:BRANCHE07=A:BELØB=1:SÆSON=EJSÆSON,2011-05-01,7744.0
DST:FIKS22:BRANCHE07=A:BELØB=1:SÆSON=EJSÆSON,2011-06-01,7679.0
DST:FIKS22:BRANCHE07=A:BELØB=1:SÆSON=EJSÆSON,2011-07-01,6249.0
DST:FIKS22:BRANCHE07=A:BELØB=1:SÆSON=EJSÆSON,2011-08-01,7771.0
DST:FIKS22:BRANCHE07=A:BELØB=1:SÆSON=EJSÆSON,2011-09-01,9060.0
DST:FIKS22:BRANCHE07=A:BELØB=1:SÆSON=EJSÆSON,2011-10-01,7652.0
DST:FIKS22:BRANCHE07=A:BELØB=1:SÆSON=EJSÆSON,2011-11-01,8079.0
DST:FIKS22:BRANCHE07=A:BELØB=1:SÆSON=EJSÆSON,2011-12-01,11002.0
DST:FIKS22:BRANCHE07=A:BELØB=1:SÆSON=EJSÆSON,2012-01-01,6723.0
DST:FIKS22:BRANCHE07=A:BELØB=1:SÆSON=EJSÆSON,2012-02-01,7240.0
DST:FIKS22:BRANCHE07=A:BELØB=1:SÆSON=EJSÆSON,2012-03-01,8569.0
DST:FIKS22:BRANCHE07=A:BELØB=1:SÆSON=EJSÆSON,2012-04-01,8328.0
DST:FIKS22:BRANCHE07=A:BELØB=1:SÆSON=EJSÆSON,2012-05-01,7985.0
DST:FIKS22:BRANCHE07=A:BELØB=1:SÆSON=EJSÆSON,2012-06-01,8565.0
DST:FIKS22:BRANCHE07=A:BELØB=1:SÆSON=EJSÆSON,2012-07-01,7184.0
DST:FIKS22:BRANCHE07=A:BELØB=1:SÆSON=EJSÆSON,2012-08-01,8725.0
DST:FIKS22:BRANCHE07=A:BELØB=1:SÆSON=EJSÆSON,2012-09-01,10264.0
DST:FIKS22:BRANCHE07=A:BELØB=1:SÆSON=EJSÆSON,2012-10-01,8463.0
DST:FIKS22:BRANCHE07=A:BELØB=1:SÆSON=EJSÆSON,2012-11-01,8745.0
DST:FIKS22:BRANCHE07=A:BELØB=1:SÆSON=EJSÆSON,2012-12-01,11432.0
DST:FIKS22:BRANCHE07=A:BELØB=1:SÆSON=EJSÆSON,2013-01-01,7896.0
DST:FIKS22:BRANCHE07=A:BELØB=1:SÆSON=EJSÆSON,2013-02-01,8572.0
DST:FIKS22:BRANCHE07=A:BELØB=1:SÆSON=EJSÆSON,2013-03-01,8017.0
DST:FIKS22:BRANCHE07=A:BELØB=1:SÆSON=EJSÆSON,2013-04-01,9155.0
DST:FIKS22:BRANCHE07=A:BELØB=1:SÆSON=EJSÆSON,2013-05-01,8413.0
DST:FIKS22:BRANCHE07=A:BELØB=1:SÆSON=EJSÆSON,2013-06-01,9550.0
DST:FIKS22:BRANCHE07=A:BELØB=1:SÆSON=EJSÆSON,2013-07-01,7508.0
DST:FIKS22:BRANCHE07=A:BELØB=1:SÆSON=EJSÆSON,2013-08-01,8769.0
DST:FIKS22:BRANCHE07=A:BELØB=1:SÆSON=EJSÆSON,2013-09-01,10165.0
DST:FIKS22:BRANCHE07=A:BELØB=1:SÆSON=EJSÆSON,2013-10-01,8548.0
DST:FIKS22:BRANCHE07=A:BELØB=1:SÆSON=EJSÆSON,2013-11-01,8668.0
DST:FIKS22:BRANCHE07=A:BELØB=1:SÆSON=EJSÆSON,2013-12-01,11423.0
DST:FIKS22:BRANCHE07=A:BELØB=1:SÆSON=EJSÆSON,2014-01-01,7853.0
DST:FIKS22:BRANCHE07=A:BELØB=1:SÆSON=EJSÆSON,2014-02-01,7895.0
DST:FIKS22:BRANCHE07=A:BELØB=1:SÆSON=EJSÆSON,2014-03-01,8992.0
DST:FIKS22:BRANCHE07=A:BELØB=1:SÆSON=EJSÆSON,2014-04-01,9713.0
DST:FIKS22:BRANCHE07=A:BELØB=1:SÆSON=EJSÆSON,2014-05-01,7603.0
DST:FIKS22:BRANCHE07=A:BELØB=1:SÆSON=EJSÆSON,2014-06-01,8561.0
DST:FIKS22:BRANCHE07=A:BELØB=1:SÆSON=EJSÆSON,2014-07-01,7788.0
DST:FIKS22:BRANCHE07=A:BELØB=1:SÆSON=EJSÆSON,2014-08-01,8630.0
DST:FIKS22:BRANCHE07=A:BELØB=1:SÆSON=EJSÆSON,2014-09-01,9429.0
DST:FIKS22:BRANCHE07=A:BELØB=1:SÆSON=EJSÆSON,2014-10-01,8027.0
DST:FIKS22:BRANCHE07=A:BELØB=1:SÆSON=EJSÆSON,2014-11-01,8810.0
DST:FIKS22:BRANCHE07=A:BELØB=1:SÆSON=EJSÆSON,2014-12-01,9779.0
DST:FIKS22:BRANCHE07=A:BELØB=1:SÆSON=EJSÆSON,2015-01-01,6845.0
DST:FIKS22:BRANCHE07=A:BELØB=1:SÆSON=EJSÆSON,2015-02-01,7372.0
DST:FIKS22:BRANCHE07=A:BELØB=1:SÆSON=EJSÆSON,2015-03-01,8630.0
DST:FIKS22:BRANCHE07=A:BELØB=1:SÆSON=EJSÆSON,2015-04-01,8298.0
DST:FIKS22:BRANCHE07=A:BELØB=1:SÆSON=EJSÆSON,2015-05-01,7697.0
DST:FIKS22:BRANCHE07=A:BELØB=1:SÆSON=EJSÆSON,2015-06-01,8300.0
DST:FIKS22:BRANCHE07=A:BELØB=1:SÆSON=EJSÆSON,2015-07-01,7065.0
DST:FIKS22:BRANCHE07=A:BELØB=1:SÆSON=EJSÆSON,2015-08-01,8216.0
DST:FIKS22:BRANCHE07=A:BELØB=1:SÆSON=EJSÆSON,2015-09-01,8176.0
DST:FIKS22:BRANCHE07=A:BELØB=1:SÆSON=EJSÆSON,2015-10-01,8986.0
DST:FIKS22:BRANCHE07=A:BELØB=1:SÆSON=EJSÆSON,2015-11-01,8459.0
DST:FIKS22:BRANCHE07=A:BELØB=1:SÆSON=EJSÆSON,2015-12-01,10668.0
DST:FIKS22:BRANCHE07=A:BELØB=1:SÆSON=EJSÆSON,2016-01-01,5937.0
DST:FIKS22:BRANCHE07=A:BELØB=1:SÆSON=EJSÆSON,2016-02-01,7278.0
DST:FIKS22:BRANCHE07=A:BELØB=1:SÆSON=EJSÆSON,2016-03-01,7800.0
DST:FIKS22:BRANCHE07=A:BELØB=1:SÆSON=EJSÆSON,2016-04-01,8027.0
DST:FIKS22:BRANCHE07=A:BELØB=1:SÆSON=EJSÆSON,2016-05-01,7558.0
DST:FIKS22:BRANCHE07=A:BELØB=1:SÆSON=EJSÆSON,2016-06-01,8199.0
DST:FIKS22:BRANCHE07=A:BELØB=1:SÆSON=EJSÆSON,2016-07-01,6991.0
DST:FIKS22:BRANCHE07=A:BELØB=1:SÆSON=EJSÆSON,2016-08-01,8395.0
DST:FIKS22:BRANCHE07=A:BELØB=1:SÆSON=EJSÆSON,2016-09-01,9154.0
DST:FIKS22:BRANCHE07=A:BELØB=1:SÆSON=EJSÆSON,2016-10-01,8234.0
DST:FIKS22:BRANCHE07=A:BELØB=1:SÆSON=EJSÆSON,2016-11-01,8607.0
DST:FIKS22:BRANCHE07=A:BELØB=1:SÆSON=EJSÆSON,2016-12-01,11591.0
DST:FIKS22:BRANCHE07=A:BELØB=1:SÆSON=EJSÆSON,2017-01-01,6345.0
DST:FIKS22:BRANCHE07=A:BELØB=1:SÆSON=EJSÆSON,2017-02-01,7263.0
DST:FIKS22:BRANCHE07=A:BELØB=1:SÆSON=EJSÆSON,2017-03-01,8996.0
DST:FIKS22:BRANCHE07=A:BELØB=1:SÆSON=EJSÆSON,2017-04-01,7770.0
DST:FIKS22:BRANCHE07=A:BELØB=1:SÆSON=EJSÆSON,2017-05-01,9012.0
DST:FIKS22:BRANCHE07=A:BELØB=1:SÆSON=EJSÆSON,2017-06-01,9081.0
DST:FIKS22:BRANCHE07=A:BELØB=1:SÆSON=EJSÆSON,2017-07-01,9065.0
DST:FIKS22:BRANCHE07=A:BELØB=1:SÆSON=EJSÆSON,2017-08-01,9590.0
DST:FIKS22:BRANCHE07=A:BELØB=1:SÆSON=EJSÆSON,2017-09-01,9775.0
DST:FIKS22:BRANCHE07=A:BELØB=1:SÆSON=EJSÆSON,2017-10-01,8447.0
DST:FIKS22:BRANCHE07=A:BELØB=1:SÆSON=EJSÆSON,2017-11-01,9311.0
DST:FIKS22:BRANCHE07=A:BELØB=1:SÆSON=EJSÆSON,2017-12-01,12321.0
DST:FIKS22:BRANCHE07=A:BELØB=1:SÆSON=EJSÆSON,2018-01-01,6442.0
DST:FIKS22:BRANCHE07=A:BELØB=1:SÆSON=EJSÆSON,2018-02-01,7171.0
DST:FIKS22:BRANCHE07=A:BELØB=1:SÆSON=EJSÆSON,2018-03-01,8377.0
DST:FIKS22:BRANCHE07=A:BELØB=1:SÆSON=EJSÆSON,2018-04-01,8662.0
DST:FIKS22:BRANCHE07=A:BELØB=1:SÆSON=EJSÆSON,2018-05-01,8574.0
DST:FIKS22:BRANCHE07=A:BELØB=1:SÆSON=EJSÆSON,2018-06-01,8494.0
DST:FIKS22:BRANCHE07=A:BELØB=1:SÆSON=EJSÆSON,2018-07-01,7370.0
DST:FIKS22:BRANCHE07=A:BELØB=1:SÆSON=EJSÆSON,2018-08-01,9163.0
DST:FIKS22:BRANCHE07=A:BELØB=1:SÆSON=EJSÆSON,2018-09-01,9385.0
DST:FIKS22:BRANCHE07=A:BELØB=1:SÆSON=EJSÆSON,2018-10-01,8593.0
DST:FIKS22:BRANCHE07=A:BELØB=1:SÆSON=EJSÆSON,2018-11-01,9047.0
DST:FIKS22:BRANCHE07=A:BELØB=1:SÆSON=EJSÆSON,2018-12-01,10563.0
DST:FIKS22:BRANCHE07=A:BELØB=1:SÆSON=EJSÆSON,2019-01-01,6474.0
DST:FIKS22:BRANCHE07=A:BELØB=1:SÆSON=EJSÆSON,2019-02-01,7682.0
DST:FIKS22:BRANCHE07=A:BELØB=1:SÆSON=EJSÆSON,2019-03-01,7429.0
DST:FIKS22:BRANCHE07=A:BELØB=1:SÆSON=EJSÆSON,2019-04-01,8547.0
DST:FIKS22:BRANCHE07=A:BELØB=1:SÆSON=EJSÆSON,2019-05-01,8654.0
DST:FIKS22:BRANCHE07=A:BELØB=1:SÆSON=EJSÆSON,2019-06-01,8659.0
DST:FIKS22:BRANCHE07=A:BELØB=1:SÆSON=EJSÆSON,2019-07-01,8579.0
DST:FIKS22:BRANCHE07=A:BELØB=1:SÆSON=EJSÆSON,2019-08-01,9402.0
DST:FIKS22:BRANCHE07=A:BELØB=1:SÆSON=EJSÆSON,2019-09-01,10221.0
DST:FIKS22:BRANCHE07=A:BELØB=1:SÆSON=EJSÆSON,2019-10-01,10052.0
DST:FIKS22:BRANCHE07=A:BELØB=1:SÆSON=EJSÆSON,2019-11-01,9776.0
DST:FIKS22:BRANCHE07=A:BELØB=1:SÆSON=EJSÆSON,2019-12-01,13056.0
DST:FIKS22:BRANCHE07=A:BELØB=1:SÆSON=EJSÆSON,2020-01-01,8053.0
DST:FIKS22:BRANCHE07=A:BELØB=1:SÆSON=EJSÆSON,2020-02-01,8447.0
DST:FIKS22:BRANCHE07=A:BELØB=1:SÆSON=EJSÆSON,2020-03-01,9588.0
DST:FIKS22:BRANCHE07=A:BELØB=1:SÆSON=EJSÆSON,2020-04-01,9239.0
DST:FIKS22:BRANCHE07=A:BELØB=1:SÆSON=EJSÆSON,2020-05-01,8198.0
DST:FIKS22:BRANCHE07=A:BELØB=1:SÆSON=EJSÆSON,2020-06-01,8923.0
DST:FIKS22:BRANCHE07=A:BELØB=1:SÆSON=EJSÆSON,2020-07-01,8223.0
DST:FIKS22:BRANCHE07=A:BELØB=1:SÆSON=EJSÆSON,2020-08-01,9039.0
DST:FIKS22:BRANCHE07=A:BELØB=1:SÆSON=EJSÆSON,2020-09-01,10117.0
DST:FIKS22:BRANCHE07=A:BELØB=1:SÆSON=EJSÆSON,2020-10-01,9453.0
DST:FIKS22:BRANCHE07=A:BELØB=1:SÆSON=EJSÆSON,2020-11-01,10292.0
DST:FIKS22:BRANCHE07=A:BELØB=1:SÆSON=EJSÆSON,2020-12-01,11817.0
DST:FIKS22:BRANCHE07=A:BELØB=1:SÆSON=EJSÆSON,2021-01-01,7164.0
DST:FIKS22:BRANCHE07=A:BELØB=1:SÆSON=EJSÆSON,2021-02-01,7575.0
DST:FIKS22:BRANCHE07=A:BELØB=1:SÆSON=EJSÆSON,2021-03-01,9896.0
DST:FIKS22:BRANCHE07=A:BELØB=1:SÆSON=EJSÆSON,2021-04-01,8498.0
DST:FIKS22:BRANCHE07=A:BELØB=1:SÆSON=EJSÆSON,2021-05-01,8580.0
DST:FIKS22:BRANCHE07=A:BELØB=1:SÆSON=EJSÆSON,2021-06-01,9902.0
DST:FIKS22:BRANCHE07=A:BELØB=1:SÆSON=EJSÆSON,2021-07-01,8853.0
DST:FIKS22:BRANCHE07=A:BELØB=1:SÆSON=EJSÆSON,2021-08-01,9033.0
DST:FIKS22:BRANCHE07=A:BELØB=1:SÆSON=EJSÆSON,2021-09-01,9857.0
DST:FIKS22:BRANCHE07=A:BELØB=1:SÆSON=EJSÆSON,2021-10-01,8859.0
DST:FIKS22:BRANCHE07=A:BELØB=1:SÆSON=EJSÆSON,2021-11-01,10053.0
DST:FIKS22:BRANCHE07=A:BELØB=1:SÆSON=EJSÆSON,2021-12-01,13849.0
DST:FIKS22:BRANCHE07=A:BELØB=1:SÆSON=EJSÆSON,2022-01-01,10637.0
DST:FIKS22:BRANCHE07=A:BELØB=1:SÆSON=EJSÆSON,2022-02-01,7826.0
DST:FIKS22:BRANCHE07=A:BELØB=1:SÆSON=EJSÆSON,2022-03-01,10332.0
DST:FIKS22:BRANCHE07=A:BELØB=1:SÆSON=EJSÆSON,2022-04-01,9122.0
DST:FIKS22:BRANCHE07=A:BELØB=1:SÆSON=EJSÆSON,2022-05-01,9281.0
DST:FIKS22:BRANCHE07=A:BELØB=1:SÆSON=EJSÆSON,2022-06-01,10347.0
DST:FIKS22:BRANCHE07=A:BELØB=1:SÆSON=EJSÆSON,2022-07-01,9817.0
DST:FIKS22:BRANCHE07=A:BELØB=1:SÆSON=EJSÆSON,2022-08-01,12051.0
DST:FIKS22:BRANCHE07=A:BELØB=1:SÆSON=EJSÆSON,2022-09-01,12754.0
DST:FIKS22:BRANCHE07=A:BELØB=1:SÆSON=EJSÆSON,2022-10-01,11290.0
DST:FIKS22:BRANCHE07=A:BELØB=1:SÆSON=EJSÆSON,2022-11-01,12114.0
DST:FIKS22:BRANCHE07=A:BELØB=1:SÆSON=EJSÆSON,2022-12-01,17354.0
DST:FIKS22:BRANCHE07=A:BELØB=1:SÆSON=EJSÆSON,2023-01-01,12319.0
DST:FIKS22:BRANCHE07=A:BELØB=1:SÆSON=EJSÆSON,2023-02-01,9153.0
DST:FIKS22:BRANCHE07=A:BELØB=1:SÆSON=EJSÆSON,2023-03-01,11719.0
DST:FIKS22:BRANCHE07=A:BELØB=1:SÆSON=EJSÆSON,2023-04-01,9327.0
DST:FIKS22:BRANCHE07=A:BELØB=1:SÆSON=EJSÆSON,2023-05-01,10359.0
DST:FIKS22:BRANCHE07=A:BELØB=1:SÆSON=EJSÆSON,2023-06-01,11696.0
DST:FIKS22:BRANCHE07=A:BELØB=1:SÆSON=EJSÆSON,2023-07-01,8702.0
DST:FIKS22:BRANCHE07=A:BELØB=1:SÆSON=EJSÆSON,2023-08-01,11562.0
DST:FIKS22:BRANCHE07=A:BELØB=1:SÆSON=EJSÆSON,2023-09-01,11506.0
DST:FIKS22:BRANCHE07=A:BELØB=1:SÆSON=EJSÆSON,2023-10-01,9964.0
DST:FIKS22:BRANCHE07=A:BELØB=1:SÆSON=EJSÆSON,2023-11-01,11102.0
DST:FIKS22:BRANCHE07=A:BELØB=1:SÆSON=EJSÆSON,2023-12-01,14115.0
DST:FIKS22:BRANCHE07=A:BELØB=1:SÆSON=EJSÆSON,2024-01-01,9306.0
DST:FIKS22:BRANCHE07=A:BELØB=1:SÆSON=EJSÆSON,2024-02-01,9849.0
DST:FIKS22:BRANCHE07=A:BELØB=1:SÆSON=EJSÆSON,2024-03-01,10536.0
DST:FIKS22:BRANCHE07=A:BELØB=1:SÆSON=EJSÆSON,2024-04-01,10258.0
DST:FIKS22:BRANCHE07=A:BELØB=1:SÆSON=EJSÆSON,2024-05-01,10784.0
DST:FIKS22:BRANCHE07=A:BELØB=1:SÆSON=EJSÆSON,2024-06-01,10692.0
DST:FIKS22:BRANCHE07=A:BELØB=1:SÆSON=EJSÆSON,2024-07-01,9345.0
DST:FIKS22:BRANCHE07=A:BELØB=1:SÆSON=EJSÆSON,2024-08-01,10314.0
DST:FIKS22:BRANCHE07=A:BELØB=1:SÆSON=EJSÆSON,2024-09-01,10554.0
DST:FIKS22:BRANCHE07=A:BELØB=1:SÆSON=EJSÆSON,2024-10-01,11110.0
DST:FIKS22:BRANCHE07=A:BELØB=1:SÆSON=EJSÆSON,2024-11-01,10749.0
DST:FIKS22:BRANCHE07=A:BELØB=1:SÆSON=EJSÆSON,2024-12-01,14115.0
DST:FIKS22:BRANCHE07=A:BELØB=1:SÆSON=EJSÆSON,2025-01-01,9485.0
DST:FIKS22:BRANCHE07=A:BELØB=1:SÆSON=EJSÆSON,2025-02-01,9466.0
DST:FIKS22:BRANCHE07=A:BELØB=1:SÆSON=EJSÆSON,2025-03-01,10899.0
DST:FIKS22:BRANCHE07=A:BELØB=1:SÆSON=EJSÆSON,2025-04-01,10953.0
DST:FIKS22:BRANCHE07=A:BELØB=1:SÆSON=EJSÆSON,2025-05-01,10456.0
DST:FIKS22:BRANCHE07=A:BELØB=1:SÆSON=EJSÆSON,2025-06-01,11322.0
DST:FIKS22:BRANCHE07=A:BELØB=1:SÆSON=EJSÆSON,2025-07-01,11119.0
DST:FIKS22:BRANCHE07=A:BELØB=1:SÆSON=EJSÆSON,2025-08-01,11495.0
DST:FIKS22:BRANCHE07=A:BELØB=1:SÆSON=EJSÆSON,2025-09-01,12563.0
DST:FIKS22:BRANCHE07=A:BELØB=1:SÆSON=EJSÆSON,2025-10-01,11633.0
DST:FIKS22:BRANCHE07=A:BELØB=1:SÆSON=EJSÆSON,2025-11-01,11319.0
DST:FIKS22:BRANCHE07=A:BELØB=1:SÆSON=EJSÆSON,2025-12-01,13065.0
DST:FIKS22:BRANCHE07=A:BELØB=1:SÆSON=EJSÆSON,2026-01-01,9002.0
DST:FIKS22:BRANCHE07=A:BELØB=1:SÆSON=EJSÆSON,2026-02-01,8846.0
DST:FIKS22:BRANCHE07=A:BELØB=1:SÆSON=EJSÆSON,2026-03-01,11043.0
DST:FIKS22:BRANCHE07=A:BELØB=1:SÆSON=SÆSON,2009-01-01,6987.0
DST:FIKS22:BRANCHE07=A:BELØB=1:SÆSON=SÆSON,2009-02-01,6621.0
DST:FIKS22:BRANCHE07=A:BELØB=1:SÆSON=SÆSON,2009-03-01,6547.0
DST:FIKS22:BRANCHE07=A:BELØB=1:SÆSON=SÆSON,2009-04-01,6774.0
DST:FIKS22:BRANCHE07=A:BELØB=1:SÆSON=SÆSON,2009-05-01,6575.0
DST:FIKS22:BRANCHE07=A:BELØB=1:SÆSON=SÆSON,2009-06-01,6612.0
DST:FIKS22:BRANCHE07=A:BELØB=1:SÆSON=SÆSON,2009-07-01,7058.0
DST:FIKS22:BRANCHE07=A:BELØB=1:SÆSON=SÆSON,2009-08-01,6544.0
DST:FIKS22:BRANCHE07=A:BELØB=1:SÆSON=SÆSON,2009-09-01,6609.0
DST:FIKS22:BRANCHE07=A:BELØB=1:SÆSON=SÆSON,2009-10-01,6788.0
DST:FIKS22:BRANCHE07=A:BELØB=1:SÆSON=SÆSON,2009-11-01,6706.0
DST:FIKS22:BRANCHE07=A:BELØB=1:SÆSON=SÆSON,2009-12-01,6414.0
DST:FIKS22:BRANCHE07=A:BELØB=1:SÆSON=SÆSON,2010-01-01,6433.0
DST:FIKS22:BRANCHE07=A:BELØB=1:SÆSON=SÆSON,2010-02-01,6530.0
DST:FIKS22:BRANCHE07=A:BELØB=1:SÆSON=SÆSON,2010-03-01,6997.0
DST:FIKS22:BRANCHE07=A:BELØB=1:SÆSON=SÆSON,2010-04-01,6652.0
DST:FIKS22:BRANCHE07=A:BELØB=1:SÆSON=SÆSON,2010-05-01,7211.0
DST:FIKS22:BRANCHE07=A:BELØB=1:SÆSON=SÆSON,2010-06-01,7220.0
DST:FIKS22:BRANCHE07=A:BELØB=1:SÆSON=SÆSON,2010-07-01,7392.0
DST:FIKS22:BRANCHE07=A:BELØB=1:SÆSON=SÆSON,2010-08-01,7642.0
DST:FIKS22:BRANCHE07=A:BELØB=1:SÆSON=SÆSON,2010-09-01,7291.0
DST:FIKS22:BRANCHE07=A:BELØB=1:SÆSON=SÆSON,2010-10-01,7439.0
DST:FIKS22:BRANCHE07=A:BELØB=1:SÆSON=SÆSON,2010-11-01,7629.0
DST:FIKS22:BRANCHE07=A:BELØB=1:SÆSON=SÆSON,2010-12-01,7462.0
DST:FIKS22:BRANCHE07=A:BELØB=1:SÆSON=SÆSON,2011-01-01,7612.0
DST:FIKS22:BRANCHE07=A:BELØB=1:SÆSON=SÆSON,2011-02-01,7806.0
DST:FIKS22:BRANCHE07=A:BELØB=1:SÆSON=SÆSON,2011-03-01,7941.0
DST:FIKS22:BRANCHE07=A:BELØB=1:SÆSON=SÆSON,2011-04-01,7931.0
DST:FIKS22:BRANCHE07=A:BELØB=1:SÆSON=SÆSON,2011-05-01,7823.0
DST:FIKS22:BRANCHE07=A:BELØB=1:SÆSON=SÆSON,2011-06-01,7677.0
DST:FIKS22:BRANCHE07=A:BELØB=1:SÆSON=SÆSON,2011-07-01,7494.0
DST:FIKS22:BRANCHE07=A:BELØB=1:SÆSON=SÆSON,2011-08-01,7759.0
DST:FIKS22:BRANCHE07=A:BELØB=1:SÆSON=SÆSON,2011-09-01,7800.0
DST:FIKS22:BRANCHE07=A:BELØB=1:SÆSON=SÆSON,2011-10-01,8075.0
DST:FIKS22:BRANCHE07=A:BELØB=1:SÆSON=SÆSON,2011-11-01,7938.0
DST:FIKS22:BRANCHE07=A:BELØB=1:SÆSON=SÆSON,2011-12-01,8215.0
DST:FIKS22:BRANCHE07=A:BELØB=1:SÆSON=SÆSON,2012-01-01,7942.0
DST:FIKS22:BRANCHE07=A:BELØB=1:SÆSON=SÆSON,2012-02-01,8163.0
DST:FIKS22:BRANCHE07=A:BELØB=1:SÆSON=SÆSON,2012-03-01,8099.0
DST:FIKS22:BRANCHE07=A:BELØB=1:SÆSON=SÆSON,2012-04-01,8342.0
DST:FIKS22:BRANCHE07=A:BELØB=1:SÆSON=SÆSON,2012-05-01,8334.0
DST:FIKS22:BRANCHE07=A:BELØB=1:SÆSON=SÆSON,2012-06-01,8399.0
DST:FIKS22:BRANCHE07=A:BELØB=1:SÆSON=SÆSON,2012-07-01,8540.0
DST:FIKS22:BRANCHE07=A:BELØB=1:SÆSON=SÆSON,2012-08-01,8503.0
DST:FIKS22:BRANCHE07=A:BELØB=1:SÆSON=SÆSON,2012-09-01,9381.0
DST:FIKS22:BRANCHE07=A:BELØB=1:SÆSON=SÆSON,2012-10-01,8710.0
DST:FIKS22:BRANCHE07=A:BELØB=1:SÆSON=SÆSON,2012-11-01,8305.0
DST:FIKS22:BRANCHE07=A:BELØB=1:SÆSON=SÆSON,2012-12-01,9111.0
DST:FIKS22:BRANCHE07=A:BELØB=1:SÆSON=SÆSON,2013-01-01,9355.0
DST:FIKS22:BRANCHE07=A:BELØB=1:SÆSON=SÆSON,2013-02-01,9828.0
DST:FIKS22:BRANCHE07=A:BELØB=1:SÆSON=SÆSON,2013-03-01,8374.0
DST:FIKS22:BRANCHE07=A:BELØB=1:SÆSON=SÆSON,2013-04-01,8732.0
DST:FIKS22:BRANCHE07=A:BELØB=1:SÆSON=SÆSON,2013-05-01,8484.0
DST:FIKS22:BRANCHE07=A:BELØB=1:SÆSON=SÆSON,2013-06-01,9534.0
DST:FIKS22:BRANCHE07=A:BELØB=1:SÆSON=SÆSON,2013-07-01,8791.0
DST:FIKS22:BRANCHE07=A:BELØB=1:SÆSON=SÆSON,2013-08-01,8550.0
DST:FIKS22:BRANCHE07=A:BELØB=1:SÆSON=SÆSON,2013-09-01,9172.0
DST:FIKS22:BRANCHE07=A:BELØB=1:SÆSON=SÆSON,2013-10-01,8667.0
DST:FIKS22:BRANCHE07=A:BELØB=1:SÆSON=SÆSON,2013-11-01,8439.0
DST:FIKS22:BRANCHE07=A:BELØB=1:SÆSON=SÆSON,2013-12-01,8956.0
DST:FIKS22:BRANCHE07=A:BELØB=1:SÆSON=SÆSON,2014-01-01,9183.0
DST:FIKS22:BRANCHE07=A:BELØB=1:SÆSON=SÆSON,2014-02-01,9007.0
DST:FIKS22:BRANCHE07=A:BELØB=1:SÆSON=SÆSON,2014-03-01,9013.0
DST:FIKS22:BRANCHE07=A:BELØB=1:SÆSON=SÆSON,2014-04-01,9680.0
DST:FIKS22:BRANCHE07=A:BELØB=1:SÆSON=SÆSON,2014-05-01,7818.0
DST:FIKS22:BRANCHE07=A:BELØB=1:SÆSON=SÆSON,2014-06-01,8841.0
DST:FIKS22:BRANCHE07=A:BELØB=1:SÆSON=SÆSON,2014-07-01,8890.0
DST:FIKS22:BRANCHE07=A:BELØB=1:SÆSON=SÆSON,2014-08-01,8645.0
DST:FIKS22:BRANCHE07=A:BELØB=1:SÆSON=SÆSON,2014-09-01,8309.0
DST:FIKS22:BRANCHE07=A:BELØB=1:SÆSON=SÆSON,2014-10-01,8055.0
DST:FIKS22:BRANCHE07=A:BELØB=1:SÆSON=SÆSON,2014-11-01,8790.0
DST:FIKS22:BRANCHE07=A:BELØB=1:SÆSON=SÆSON,2014-12-01,7745.0
DST:FIKS22:BRANCHE07=A:BELØB=1:SÆSON=SÆSON,2015-01-01,8440.0
DST:FIKS22:BRANCHE07=A:BELØB=1:SÆSON=SÆSON,2015-02-01,8433.0
DST:FIKS22:BRANCHE07=A:BELØB=1:SÆSON=SÆSON,2015-03-01,8460.0
DST:FIKS22:BRANCHE07=A:BELØB=1:SÆSON=SÆSON,2015-04-01,8272.0
DST:FIKS22:BRANCHE07=A:BELØB=1:SÆSON=SÆSON,2015-05-01,8303.0
DST:FIKS22:BRANCHE07=A:BELØB=1:SÆSON=SÆSON,2015-06-01,8235.0
DST:FIKS22:BRANCHE07=A:BELØB=1:SÆSON=SÆSON,2015-07-01,7936.0
DST:FIKS22:BRANCHE07=A:BELØB=1:SÆSON=SÆSON,2015-08-01,8252.0
DST:FIKS22:BRANCHE07=A:BELØB=1:SÆSON=SÆSON,2015-09-01,7311.0
DST:FIKS22:BRANCHE07=A:BELØB=1:SÆSON=SÆSON,2015-10-01,8994.0
DST:FIKS22:BRANCHE07=A:BELØB=1:SÆSON=SÆSON,2015-11-01,8242.0
DST:FIKS22:BRANCHE07=A:BELØB=1:SÆSON=SÆSON,2015-12-01,8038.0
DST:FIKS22:BRANCHE07=A:BELØB=1:SÆSON=SÆSON,2016-01-01,7749.0
DST:FIKS22:BRANCHE07=A:BELØB=1:SÆSON=SÆSON,2016-02-01,8098.0
DST:FIKS22:BRANCHE07=A:BELØB=1:SÆSON=SÆSON,2016-03-01,8044.0
DST:FIKS22:BRANCHE07=A:BELØB=1:SÆSON=SÆSON,2016-04-01,7767.0
DST:FIKS22:BRANCHE07=A:BELØB=1:SÆSON=SÆSON,2016-05-01,7772.0
DST:FIKS22:BRANCHE07=A:BELØB=1:SÆSON=SÆSON,2016-06-01,7927.0
DST:FIKS22:BRANCHE07=A:BELØB=1:SÆSON=SÆSON,2016-07-01,8107.0
DST:FIKS22:BRANCHE07=A:BELØB=1:SÆSON=SÆSON,2016-08-01,8107.0
DST:FIKS22:BRANCHE07=A:BELØB=1:SÆSON=SÆSON,2016-09-01,7967.0
DST:FIKS22:BRANCHE07=A:BELØB=1:SÆSON=SÆSON,2016-10-01,8564.0
DST:FIKS22:BRANCHE07=A:BELØB=1:SÆSON=SÆSON,2016-11-01,8203.0
DST:FIKS22:BRANCHE07=A:BELØB=1:SÆSON=SÆSON,2016-12-01,8511.0
DST:FIKS22:BRANCHE07=A:BELØB=1:SÆSON=SÆSON,2017-01-01,8114.0
DST:FIKS22:BRANCHE07=A:BELØB=1:SÆSON=SÆSON,2017-02-01,8441.0
DST:FIKS22:BRANCHE07=A:BELØB=1:SÆSON=SÆSON,2017-03-01,8532.0
DST:FIKS22:BRANCHE07=A:BELØB=1:SÆSON=SÆSON,2017-04-01,8164.0
DST:FIKS22:BRANCHE07=A:BELØB=1:SÆSON=SÆSON,2017-05-01,9319.0
DST:FIKS22:BRANCHE07=A:BELØB=1:SÆSON=SÆSON,2017-06-01,8781.0
DST:FIKS22:BRANCHE07=A:BELØB=1:SÆSON=SÆSON,2017-07-01,10575.0
DST:FIKS22:BRANCHE07=A:BELØB=1:SÆSON=SÆSON,2017-08-01,9088.0
DST:FIKS22:BRANCHE07=A:BELØB=1:SÆSON=SÆSON,2017-09-01,8801.0
DST:FIKS22:BRANCHE07=A:BELØB=1:SÆSON=SÆSON,2017-10-01,8484.0
DST:FIKS22:BRANCHE07=A:BELØB=1:SÆSON=SÆSON,2017-11-01,8805.0
DST:FIKS22:BRANCHE07=A:BELØB=1:SÆSON=SÆSON,2017-12-01,9536.0
DST:FIKS22:BRANCHE07=A:BELØB=1:SÆSON=SÆSON,2018-01-01,8359.0
DST:FIKS22:BRANCHE07=A:BELØB=1:SÆSON=SÆSON,2018-02-01,8423.0
DST:FIKS22:BRANCHE07=A:BELØB=1:SÆSON=SÆSON,2018-03-01,8498.0
DST:FIKS22:BRANCHE07=A:BELØB=1:SÆSON=SÆSON,2018-04-01,8797.0
DST:FIKS22:BRANCHE07=A:BELØB=1:SÆSON=SÆSON,2018-05-01,8625.0
DST:FIKS22:BRANCHE07=A:BELØB=1:SÆSON=SÆSON,2018-06-01,8539.0
DST:FIKS22:BRANCHE07=A:BELØB=1:SÆSON=SÆSON,2018-07-01,8313.0
DST:FIKS22:BRANCHE07=A:BELØB=1:SÆSON=SÆSON,2018-08-01,8684.0
DST:FIKS22:BRANCHE07=A:BELØB=1:SÆSON=SÆSON,2018-09-01,8746.0
DST:FIKS22:BRANCHE07=A:BELØB=1:SÆSON=SÆSON,2018-10-01,8509.0
DST:FIKS22:BRANCHE07=A:BELØB=1:SÆSON=SÆSON,2018-11-01,8382.0
DST:FIKS22:BRANCHE07=A:BELØB=1:SÆSON=SÆSON,2018-12-01,8126.0
DST:FIKS22:BRANCHE07=A:BELØB=1:SÆSON=SÆSON,2019-01-01,8263.0
DST:FIKS22:BRANCHE07=A:BELØB=1:SÆSON=SÆSON,2019-02-01,9118.0
DST:FIKS22:BRANCHE07=A:BELØB=1:SÆSON=SÆSON,2019-03-01,7346.0
DST:FIKS22:BRANCHE07=A:BELØB=1:SÆSON=SÆSON,2019-04-01,8762.0
DST:FIKS22:BRANCHE07=A:BELØB=1:SÆSON=SÆSON,2019-05-01,8889.0
DST:FIKS22:BRANCHE07=A:BELØB=1:SÆSON=SÆSON,2019-06-01,8973.0
DST:FIKS22:BRANCHE07=A:BELØB=1:SÆSON=SÆSON,2019-07-01,9502.0
DST:FIKS22:BRANCHE07=A:BELØB=1:SÆSON=SÆSON,2019-08-01,9002.0
DST:FIKS22:BRANCHE07=A:BELØB=1:SÆSON=SÆSON,2019-09-01,9424.0
DST:FIKS22:BRANCHE07=A:BELØB=1:SÆSON=SÆSON,2019-10-01,9775.0
DST:FIKS22:BRANCHE07=A:BELØB=1:SÆSON=SÆSON,2019-11-01,9337.0
DST:FIKS22:BRANCHE07=A:BELØB=1:SÆSON=SÆSON,2019-12-01,9826.0
DST:FIKS22:BRANCHE07=A:BELØB=1:SÆSON=SÆSON,2020-01-01,9891.0
DST:FIKS22:BRANCHE07=A:BELØB=1:SÆSON=SÆSON,2020-02-01,9906.0
DST:FIKS22:BRANCHE07=A:BELØB=1:SÆSON=SÆSON,2020-03-01,9370.0
DST:FIKS22:BRANCHE07=A:BELØB=1:SÆSON=SÆSON,2020-04-01,9618.0
DST:FIKS22:BRANCHE07=A:BELØB=1:SÆSON=SÆSON,2020-05-01,8843.0
DST:FIKS22:BRANCHE07=A:BELØB=1:SÆSON=SÆSON,2020-06-01,9022.0
DST:FIKS22:BRANCHE07=A:BELØB=1:SÆSON=SÆSON,2020-07-01,8820.0
DST:FIKS22:BRANCHE07=A:BELØB=1:SÆSON=SÆSON,2020-08-01,9136.0
DST:FIKS22:BRANCHE07=A:BELØB=1:SÆSON=SÆSON,2020-09-01,9220.0
DST:FIKS22:BRANCHE07=A:BELØB=1:SÆSON=SÆSON,2020-10-01,9238.0
DST:FIKS22:BRANCHE07=A:BELØB=1:SÆSON=SÆSON,2020-11-01,10010.0
DST:FIKS22:BRANCHE07=A:BELØB=1:SÆSON=SÆSON,2020-12-01,8530.0
DST:FIKS22:BRANCHE07=A:BELØB=1:SÆSON=SÆSON,2021-01-01,9202.0
DST:FIKS22:BRANCHE07=A:BELØB=1:SÆSON=SÆSON,2021-02-01,9100.0
DST:FIKS22:BRANCHE07=A:BELØB=1:SÆSON=SÆSON,2021-03-01,9540.0
DST:FIKS22:BRANCHE07=A:BELØB=1:SÆSON=SÆSON,2021-04-01,9078.0
DST:FIKS22:BRANCHE07=A:BELØB=1:SÆSON=SÆSON,2021-05-01,9306.0
DST:FIKS22:BRANCHE07=A:BELØB=1:SÆSON=SÆSON,2021-06-01,9565.0
DST:FIKS22:BRANCHE07=A:BELØB=1:SÆSON=SÆSON,2021-07-01,9518.0
DST:FIKS22:BRANCHE07=A:BELØB=1:SÆSON=SÆSON,2021-08-01,8929.0
DST:FIKS22:BRANCHE07=A:BELØB=1:SÆSON=SÆSON,2021-09-01,8978.0
DST:FIKS22:BRANCHE07=A:BELØB=1:SÆSON=SÆSON,2021-10-01,9004.0
DST:FIKS22:BRANCHE07=A:BELØB=1:SÆSON=SÆSON,2021-11-01,9531.0
DST:FIKS22:BRANCHE07=A:BELØB=1:SÆSON=SÆSON,2021-12-01,9594.0
DST:FIKS22:BRANCHE07=A:BELØB=1:SÆSON=SÆSON,2022-01-01,13259.0
DST:FIKS22:BRANCHE07=A:BELØB=1:SÆSON=SÆSON,2022-02-01,9401.0
DST:FIKS22:BRANCHE07=A:BELØB=1:SÆSON=SÆSON,2022-03-01,9772.0
DST:FIKS22:BRANCHE07=A:BELØB=1:SÆSON=SÆSON,2022-04-01,9884.0
DST:FIKS22:BRANCHE07=A:BELØB=1:SÆSON=SÆSON,2022-05-01,9949.0
DST:FIKS22:BRANCHE07=A:BELØB=1:SÆSON=SÆSON,2022-06-01,9965.0
DST:FIKS22:BRANCHE07=A:BELØB=1:SÆSON=SÆSON,2022-07-01,10873.0
DST:FIKS22:BRANCHE07=A:BELØB=1:SÆSON=SÆSON,2022-08-01,11811.0
DST:FIKS22:BRANCHE07=A:BELØB=1:SÆSON=SÆSON,2022-09-01,11449.0
DST:FIKS22:BRANCHE07=A:BELØB=1:SÆSON=SÆSON,2022-10-01,11739.0
DST:FIKS22:BRANCHE07=A:BELØB=1:SÆSON=SÆSON,2022-11-01,11592.0
DST:FIKS22:BRANCHE07=A:BELØB=1:SÆSON=SÆSON,2022-12-01,12273.0
DST:FIKS22:BRANCHE07=A:BELØB=1:SÆSON=SÆSON,2023-01-01,14768.0
DST:FIKS22:BRANCHE07=A:BELØB=1:SÆSON=SÆSON,2023-02-01,10977.0
DST:FIKS22:BRANCHE07=A:BELØB=1:SÆSON=SÆSON,2023-03-01,11027.0
DST:FIKS22:BRANCHE07=A:BELØB=1:SÆSON=SÆSON,2023-04-01,10480.0
DST:FIKS22:BRANCHE07=A:BELØB=1:SÆSON=SÆSON,2023-05-01,11138.0
DST:FIKS22:BRANCHE07=A:BELØB=1:SÆSON=SÆSON,2023-06-01,10960.0
DST:FIKS22:BRANCHE07=A:BELØB=1:SÆSON=SÆSON,2023-07-01,9776.0
DST:FIKS22:BRANCHE07=A:BELØB=1:SÆSON=SÆSON,2023-08-01,11124.0
DST:FIKS22:BRANCHE07=A:BELØB=1:SÆSON=SÆSON,2023-09-01,10700.0
DST:FIKS22:BRANCHE07=A:BELØB=1:SÆSON=SÆSON,2023-10-01,10156.0
DST:FIKS22:BRANCHE07=A:BELØB=1:SÆSON=SÆSON,2023-11-01,10555.0
DST:FIKS22:BRANCHE07=A:BELØB=1:SÆSON=SÆSON,2023-12-01,10690.0
DST:FIKS22:BRANCHE07=A:BELØB=1:SÆSON=SÆSON,2024-01-01,11188.0
DST:FIKS22:BRANCHE07=A:BELØB=1:SÆSON=SÆSON,2024-02-01,11172.0
DST:FIKS22:BRANCHE07=A:BELØB=1:SÆSON=SÆSON,2024-03-01,10996.0
DST:FIKS22:BRANCHE07=A:BELØB=1:SÆSON=SÆSON,2024-04-01,10748.0
DST:FIKS22:BRANCHE07=A:BELØB=1:SÆSON=SÆSON,2024-05-01,10882.0
DST:FIKS22:BRANCHE07=A:BELØB=1:SÆSON=SÆSON,2024-06-01,10552.0
DST:FIKS22:BRANCHE07=A:BELØB=1:SÆSON=SÆSON,2024-07-01,10145.0
DST:FIKS22:BRANCHE07=A:BELØB=1:SÆSON=SÆSON,2024-08-01,9931.0
DST:FIKS22:BRANCHE07=A:BELØB=1:SÆSON=SÆSON,2024-09-01,10019.0
DST:FIKS22:BRANCHE07=A:BELØB=1:SÆSON=SÆSON,2024-10-01,11049.0
DST:FIKS22:BRANCHE07=A:BELØB=1:SÆSON=SÆSON,2024-11-01,10348.0
DST:FIKS22:BRANCHE07=A:BELØB=1:SÆSON=SÆSON,2024-12-01,10689.0
DST:FIKS22:BRANCHE07=A:BELØB=1:SÆSON=SÆSON,2025-01-01,11006.0
DST:FIKS22:BRANCHE07=A:BELØB=1:SÆSON=SÆSON,2025-02-01,11261.0
DST:FIKS22:BRANCHE07=A:BELØB=1:SÆSON=SÆSON,2025-03-01,10891.0
DST:FIKS22:BRANCHE07=A:BELØB=1:SÆSON=SÆSON,2025-04-01,11810.0
DST:FIKS22:BRANCHE07=A:BELØB=1:SÆSON=SÆSON,2025-05-01,10725.0
DST:FIKS22:BRANCHE07=A:BELØB=1:SÆSON=SÆSON,2025-06-01,11493.0
DST:FIKS22:BRANCHE07=A:BELØB=1:SÆSON=SÆSON,2025-07-01,11881.0
DST:FIKS22:BRANCHE07=A:BELØB=1:SÆSON=SÆSON,2025-08-01,11485.0
DST:FIKS22:BRANCHE07=A:BELØB=1:SÆSON=SÆSON,2025-09-01,11613.0
DST:FIKS22:BRANCHE07=A:BELØB=1:SÆSON=SÆSON,2025-10-01,11479.0
DST:FIKS22:BRANCHE07=A:BELØB=1:SÆSON=SÆSON,2025-11-01,11295.0
DST:FIKS22:BRANCHE07=A:BELØB=1:SÆSON=SÆSON,2025-12-01,10085.0
DST:FIKS22:BRANCHE07=A:BELØB=1:SÆSON=SÆSON,2026-01-01,10774.0
DST:FIKS22:BRANCHE07=A:BELØB=1:SÆSON=SÆSON,2026-02-01,10482.0
DST:FIKS22:BRANCHE07=A:BELØB=1:SÆSON=SÆSON,2026-03-01,10805.0
DST:FIKS22:BRANCHE07=A:BELØB=3:SÆSON=EJSÆSON,2009-01-01,5165.0
DST:FIKS22:BRANCHE07=A:BELØB=3:SÆSON=EJSÆSON,2009-02-01,5301.0
DST:FIKS22:BRANCHE07=A:BELØB=3:SÆSON=EJSÆSON,2009-03-01,6483.0
DST:FIKS22:BRANCHE07=A:BELØB=3:SÆSON=EJSÆSON,2009-04-01,6286.0
DST:FIKS22:BRANCHE07=A:BELØB=3:SÆSON=EJSÆSON,2009-05-01,5858.0
DST:FIKS22:BRANCHE07=A:BELØB=3:SÆSON=EJSÆSON,2009-06-01,7477.0
DST:FIKS22:BRANCHE07=A:BELØB=3:SÆSON=EJSÆSON,2009-07-01,5617.0
DST:FIKS22:BRANCHE07=A:BELØB=3:SÆSON=EJSÆSON,2009-08-01,6316.0
DST:FIKS22:BRANCHE07=A:BELØB=3:SÆSON=EJSÆSON,2009-09-01,6800.0
DST:FIKS22:BRANCHE07=A:BELØB=3:SÆSON=EJSÆSON,2009-10-01,5354.0
DST:FIKS22:BRANCHE07=A:BELØB=3:SÆSON=EJSÆSON,2009-11-01,5114.0
DST:FIKS22:BRANCHE07=A:BELØB=3:SÆSON=EJSÆSON,2009-12-01,8814.0
DST:FIKS22:BRANCHE07=A:BELØB=3:SÆSON=EJSÆSON,2010-01-01,4242.0
DST:FIKS22:BRANCHE07=A:BELØB=3:SÆSON=EJSÆSON,2010-02-01,4438.0
DST:FIKS22:BRANCHE07=A:BELØB=3:SÆSON=EJSÆSON,2010-03-01,6081.0
DST:FIKS22:BRANCHE07=A:BELØB=3:SÆSON=EJSÆSON,2010-04-01,5916.0
DST:FIKS22:BRANCHE07=A:BELØB=3:SÆSON=EJSÆSON,2010-05-01,5852.0
DST:FIKS22:BRANCHE07=A:BELØB=3:SÆSON=EJSÆSON,2010-06-01,7204.0
DST:FIKS22:BRANCHE07=A:BELØB=3:SÆSON=EJSÆSON,2010-07-01,5472.0
DST:FIKS22:BRANCHE07=A:BELØB=3:SÆSON=EJSÆSON,2010-08-01,6367.0
DST:FIKS22:BRANCHE07=A:BELØB=3:SÆSON=EJSÆSON,2010-09-01,7385.0
DST:FIKS22:BRANCHE07=A:BELØB=3:SÆSON=EJSÆSON,2010-10-01,6018.0
DST:FIKS22:BRANCHE07=A:BELØB=3:SÆSON=EJSÆSON,2010-11-01,6231.0
DST:FIKS22:BRANCHE07=A:BELØB=3:SÆSON=EJSÆSON,2010-12-01,9174.0
DST:FIKS22:BRANCHE07=A:BELØB=3:SÆSON=EJSÆSON,2011-01-01,5131.0
DST:FIKS22:BRANCHE07=A:BELØB=3:SÆSON=EJSÆSON,2011-02-01,5209.0
DST:FIKS22:BRANCHE07=A:BELØB=3:SÆSON=EJSÆSON,2011-03-01,6792.0
DST:FIKS22:BRANCHE07=A:BELØB=3:SÆSON=EJSÆSON,2011-04-01,6810.0
DST:FIKS22:BRANCHE07=A:BELØB=3:SÆSON=EJSÆSON,2011-05-01,6966.0
DST:FIKS22:BRANCHE07=A:BELØB=3:SÆSON=EJSÆSON,2011-06-01,7380.0
DST:FIKS22:BRANCHE07=A:BELØB=3:SÆSON=EJSÆSON,2011-07-01,5707.0
DST:FIKS22:BRANCHE07=A:BELØB=3:SÆSON=EJSÆSON,2011-08-01,6889.0
DST:FIKS22:BRANCHE07=A:BELØB=3:SÆSON=EJSÆSON,2011-09-01,7658.0
DST:FIKS22:BRANCHE07=A:BELØB=3:SÆSON=EJSÆSON,2011-10-01,6314.0
DST:FIKS22:BRANCHE07=A:BELØB=3:SÆSON=EJSÆSON,2011-11-01,6274.0
DST:FIKS22:BRANCHE07=A:BELØB=3:SÆSON=EJSÆSON,2011-12-01,10029.0
DST:FIKS22:BRANCHE07=A:BELØB=3:SÆSON=EJSÆSON,2012-01-01,5475.0
DST:FIKS22:BRANCHE07=A:BELØB=3:SÆSON=EJSÆSON,2012-02-01,5780.0
DST:FIKS22:BRANCHE07=A:BELØB=3:SÆSON=EJSÆSON,2012-03-01,7205.0
DST:FIKS22:BRANCHE07=A:BELØB=3:SÆSON=EJSÆSON,2012-04-01,6610.0
DST:FIKS22:BRANCHE07=A:BELØB=3:SÆSON=EJSÆSON,2012-05-01,6701.0
DST:FIKS22:BRANCHE07=A:BELØB=3:SÆSON=EJSÆSON,2012-06-01,8028.0
DST:FIKS22:BRANCHE07=A:BELØB=3:SÆSON=EJSÆSON,2012-07-01,6195.0
DST:FIKS22:BRANCHE07=A:BELØB=3:SÆSON=EJSÆSON,2012-08-01,7611.0
DST:FIKS22:BRANCHE07=A:BELØB=3:SÆSON=EJSÆSON,2012-09-01,8324.0
DST:FIKS22:BRANCHE07=A:BELØB=3:SÆSON=EJSÆSON,2012-10-01,6929.0
DST:FIKS22:BRANCHE07=A:BELØB=3:SÆSON=EJSÆSON,2012-11-01,6888.0
DST:FIKS22:BRANCHE07=A:BELØB=3:SÆSON=EJSÆSON,2012-12-01,10553.0
DST:FIKS22:BRANCHE07=A:BELØB=3:SÆSON=EJSÆSON,2013-01-01,5853.0
DST:FIKS22:BRANCHE07=A:BELØB=3:SÆSON=EJSÆSON,2013-02-01,6026.0
DST:FIKS22:BRANCHE07=A:BELØB=3:SÆSON=EJSÆSON,2013-03-01,7008.0
DST:FIKS22:BRANCHE07=A:BELØB=3:SÆSON=EJSÆSON,2013-04-01,7846.0
DST:FIKS22:BRANCHE07=A:BELØB=3:SÆSON=EJSÆSON,2013-05-01,7920.0
DST:FIKS22:BRANCHE07=A:BELØB=3:SÆSON=EJSÆSON,2013-06-01,8738.0
DST:FIKS22:BRANCHE07=A:BELØB=3:SÆSON=EJSÆSON,2013-07-01,6824.0
DST:FIKS22:BRANCHE07=A:BELØB=3:SÆSON=EJSÆSON,2013-08-01,8081.0
DST:FIKS22:BRANCHE07=A:BELØB=3:SÆSON=EJSÆSON,2013-09-01,8218.0
DST:FIKS22:BRANCHE07=A:BELØB=3:SÆSON=EJSÆSON,2013-10-01,7065.0
DST:FIKS22:BRANCHE07=A:BELØB=3:SÆSON=EJSÆSON,2013-11-01,6727.0
DST:FIKS22:BRANCHE07=A:BELØB=3:SÆSON=EJSÆSON,2013-12-01,11790.0
DST:FIKS22:BRANCHE07=A:BELØB=3:SÆSON=EJSÆSON,2014-01-01,6257.0
DST:FIKS22:BRANCHE07=A:BELØB=3:SÆSON=EJSÆSON,2014-02-01,6348.0
DST:FIKS22:BRANCHE07=A:BELØB=3:SÆSON=EJSÆSON,2014-03-01,6776.0
DST:FIKS22:BRANCHE07=A:BELØB=3:SÆSON=EJSÆSON,2014-04-01,7255.0
DST:FIKS22:BRANCHE07=A:BELØB=3:SÆSON=EJSÆSON,2014-05-01,6796.0
DST:FIKS22:BRANCHE07=A:BELØB=3:SÆSON=EJSÆSON,2014-06-01,8308.0
DST:FIKS22:BRANCHE07=A:BELØB=3:SÆSON=EJSÆSON,2014-07-01,6864.0
DST:FIKS22:BRANCHE07=A:BELØB=3:SÆSON=EJSÆSON,2014-08-01,7526.0
DST:FIKS22:BRANCHE07=A:BELØB=3:SÆSON=EJSÆSON,2014-09-01,8162.0
DST:FIKS22:BRANCHE07=A:BELØB=3:SÆSON=EJSÆSON,2014-10-01,6007.0
DST:FIKS22:BRANCHE07=A:BELØB=3:SÆSON=EJSÆSON,2014-11-01,6265.0
DST:FIKS22:BRANCHE07=A:BELØB=3:SÆSON=EJSÆSON,2014-12-01,11140.0
DST:FIKS22:BRANCHE07=A:BELØB=3:SÆSON=EJSÆSON,2015-01-01,5550.0
DST:FIKS22:BRANCHE07=A:BELØB=3:SÆSON=EJSÆSON,2015-02-01,5901.0
DST:FIKS22:BRANCHE07=A:BELØB=3:SÆSON=EJSÆSON,2015-03-01,7115.0
DST:FIKS22:BRANCHE07=A:BELØB=3:SÆSON=EJSÆSON,2015-04-01,6582.0
DST:FIKS22:BRANCHE07=A:BELØB=3:SÆSON=EJSÆSON,2015-05-01,6221.0
DST:FIKS22:BRANCHE07=A:BELØB=3:SÆSON=EJSÆSON,2015-06-01,8964.0
DST:FIKS22:BRANCHE07=A:BELØB=3:SÆSON=EJSÆSON,2015-07-01,6362.0
DST:FIKS22:BRANCHE07=A:BELØB=3:SÆSON=EJSÆSON,2015-08-01,7281.0
DST:FIKS22:BRANCHE07=A:BELØB=3:SÆSON=EJSÆSON,2015-09-01,8222.0
DST:FIKS22:BRANCHE07=A:BELØB=3:SÆSON=EJSÆSON,2015-10-01,6843.0
DST:FIKS22:BRANCHE07=A:BELØB=3:SÆSON=EJSÆSON,2015-11-01,6186.0
DST:FIKS22:BRANCHE07=A:BELØB=3:SÆSON=EJSÆSON,2015-12-01,10982.0
DST:FIKS22:BRANCHE07=A:BELØB=3:SÆSON=EJSÆSON,2016-01-01,5632.0
DST:FIKS22:BRANCHE07=A:BELØB=3:SÆSON=EJSÆSON,2016-02-01,6096.0
DST:FIKS22:BRANCHE07=A:BELØB=3:SÆSON=EJSÆSON,2016-03-01,6698.0
DST:FIKS22:BRANCHE07=A:BELØB=3:SÆSON=EJSÆSON,2016-04-01,7123.0
DST:FIKS22:BRANCHE07=A:BELØB=3:SÆSON=EJSÆSON,2016-05-01,6145.0
DST:FIKS22:BRANCHE07=A:BELØB=3:SÆSON=EJSÆSON,2016-06-01,8666.0
DST:FIKS22:BRANCHE07=A:BELØB=3:SÆSON=EJSÆSON,2016-07-01,6239.0
DST:FIKS22:BRANCHE07=A:BELØB=3:SÆSON=EJSÆSON,2016-08-01,7456.0
DST:FIKS22:BRANCHE07=A:BELØB=3:SÆSON=EJSÆSON,2016-09-01,8155.0
DST:FIKS22:BRANCHE07=A:BELØB=3:SÆSON=EJSÆSON,2016-10-01,5944.0
DST:FIKS22:BRANCHE07=A:BELØB=3:SÆSON=EJSÆSON,2016-11-01,6609.0
DST:FIKS22:BRANCHE07=A:BELØB=3:SÆSON=EJSÆSON,2016-12-01,10963.0
DST:FIKS22:BRANCHE07=A:BELØB=3:SÆSON=EJSÆSON,2017-01-01,5620.0
DST:FIKS22:BRANCHE07=A:BELØB=3:SÆSON=EJSÆSON,2017-02-01,5712.0
DST:FIKS22:BRANCHE07=A:BELØB=3:SÆSON=EJSÆSON,2017-03-01,7274.0
DST:FIKS22:BRANCHE07=A:BELØB=3:SÆSON=EJSÆSON,2017-04-01,6851.0
DST:FIKS22:BRANCHE07=A:BELØB=3:SÆSON=EJSÆSON,2017-05-01,6758.0
DST:FIKS22:BRANCHE07=A:BELØB=3:SÆSON=EJSÆSON,2017-06-01,9022.0
DST:FIKS22:BRANCHE07=A:BELØB=3:SÆSON=EJSÆSON,2017-07-01,6329.0
DST:FIKS22:BRANCHE07=A:BELØB=3:SÆSON=EJSÆSON,2017-08-01,7637.0
DST:FIKS22:BRANCHE07=A:BELØB=3:SÆSON=EJSÆSON,2017-09-01,9387.0
DST:FIKS22:BRANCHE07=A:BELØB=3:SÆSON=EJSÆSON,2017-10-01,6087.0
DST:FIKS22:BRANCHE07=A:BELØB=3:SÆSON=EJSÆSON,2017-11-01,6882.0
DST:FIKS22:BRANCHE07=A:BELØB=3:SÆSON=EJSÆSON,2017-12-01,11795.0
DST:FIKS22:BRANCHE07=A:BELØB=3:SÆSON=EJSÆSON,2018-01-01,5977.0
DST:FIKS22:BRANCHE07=A:BELØB=3:SÆSON=EJSÆSON,2018-02-01,5866.0
DST:FIKS22:BRANCHE07=A:BELØB=3:SÆSON=EJSÆSON,2018-03-01,6764.0
DST:FIKS22:BRANCHE07=A:BELØB=3:SÆSON=EJSÆSON,2018-04-01,7343.0
DST:FIKS22:BRANCHE07=A:BELØB=3:SÆSON=EJSÆSON,2018-05-01,7404.0
DST:FIKS22:BRANCHE07=A:BELØB=3:SÆSON=EJSÆSON,2018-06-01,8963.0
DST:FIKS22:BRANCHE07=A:BELØB=3:SÆSON=EJSÆSON,2018-07-01,6875.0
DST:FIKS22:BRANCHE07=A:BELØB=3:SÆSON=EJSÆSON,2018-08-01,8153.0
DST:FIKS22:BRANCHE07=A:BELØB=3:SÆSON=EJSÆSON,2018-09-01,7704.0
DST:FIKS22:BRANCHE07=A:BELØB=3:SÆSON=EJSÆSON,2018-10-01,6444.0
DST:FIKS22:BRANCHE07=A:BELØB=3:SÆSON=EJSÆSON,2018-11-01,6772.0
DST:FIKS22:BRANCHE07=A:BELØB=3:SÆSON=EJSÆSON,2018-12-01,11272.0
DST:FIKS22:BRANCHE07=A:BELØB=3:SÆSON=EJSÆSON,2019-01-01,6343.0
DST:FIKS22:BRANCHE07=A:BELØB=3:SÆSON=EJSÆSON,2019-02-01,6197.0
DST:FIKS22:BRANCHE07=A:BELØB=3:SÆSON=EJSÆSON,2019-03-01,6573.0
DST:FIKS22:BRANCHE07=A:BELØB=3:SÆSON=EJSÆSON,2019-04-01,7143.0
DST:FIKS22:BRANCHE07=A:BELØB=3:SÆSON=EJSÆSON,2019-05-01,6938.0
DST:FIKS22:BRANCHE07=A:BELØB=3:SÆSON=EJSÆSON,2019-06-01,8892.0
DST:FIKS22:BRANCHE07=A:BELØB=3:SÆSON=EJSÆSON,2019-07-01,6846.0
DST:FIKS22:BRANCHE07=A:BELØB=3:SÆSON=EJSÆSON,2019-08-01,7993.0
DST:FIKS22:BRANCHE07=A:BELØB=3:SÆSON=EJSÆSON,2019-09-01,8355.0
DST:FIKS22:BRANCHE07=A:BELØB=3:SÆSON=EJSÆSON,2019-10-01,6623.0
DST:FIKS22:BRANCHE07=A:BELØB=3:SÆSON=EJSÆSON,2019-11-01,7215.0
DST:FIKS22:BRANCHE07=A:BELØB=3:SÆSON=EJSÆSON,2019-12-01,12240.0
DST:FIKS22:BRANCHE07=A:BELØB=3:SÆSON=EJSÆSON,2020-01-01,6897.0
DST:FIKS22:BRANCHE07=A:BELØB=3:SÆSON=EJSÆSON,2020-02-01,6266.0
DST:FIKS22:BRANCHE07=A:BELØB=3:SÆSON=EJSÆSON,2020-03-01,7295.0
DST:FIKS22:BRANCHE07=A:BELØB=3:SÆSON=EJSÆSON,2020-04-01,7524.0
DST:FIKS22:BRANCHE07=A:BELØB=3:SÆSON=EJSÆSON,2020-05-01,6944.0
DST:FIKS22:BRANCHE07=A:BELØB=3:SÆSON=EJSÆSON,2020-06-01,9079.0
DST:FIKS22:BRANCHE07=A:BELØB=3:SÆSON=EJSÆSON,2020-07-01,6720.0
DST:FIKS22:BRANCHE07=A:BELØB=3:SÆSON=EJSÆSON,2020-08-01,8176.0
DST:FIKS22:BRANCHE07=A:BELØB=3:SÆSON=EJSÆSON,2020-09-01,8416.0
DST:FIKS22:BRANCHE07=A:BELØB=3:SÆSON=EJSÆSON,2020-10-01,6713.0
DST:FIKS22:BRANCHE07=A:BELØB=3:SÆSON=EJSÆSON,2020-11-01,6806.0
DST:FIKS22:BRANCHE07=A:BELØB=3:SÆSON=EJSÆSON,2020-12-01,12560.0
DST:FIKS22:BRANCHE07=A:BELØB=3:SÆSON=EJSÆSON,2021-01-01,6673.0
DST:FIKS22:BRANCHE07=A:BELØB=3:SÆSON=EJSÆSON,2021-02-01,5994.0
DST:FIKS22:BRANCHE07=A:BELØB=3:SÆSON=EJSÆSON,2021-03-01,7663.0
DST:FIKS22:BRANCHE07=A:BELØB=3:SÆSON=EJSÆSON,2021-04-01,7117.0
DST:FIKS22:BRANCHE07=A:BELØB=3:SÆSON=EJSÆSON,2021-05-01,6787.0
DST:FIKS22:BRANCHE07=A:BELØB=3:SÆSON=EJSÆSON,2021-06-01,9418.0
DST:FIKS22:BRANCHE07=A:BELØB=3:SÆSON=EJSÆSON,2021-07-01,6944.0
DST:FIKS22:BRANCHE07=A:BELØB=3:SÆSON=EJSÆSON,2021-08-01,8188.0
DST:FIKS22:BRANCHE07=A:BELØB=3:SÆSON=EJSÆSON,2021-09-01,8821.0
DST:FIKS22:BRANCHE07=A:BELØB=3:SÆSON=EJSÆSON,2021-10-01,6663.0
DST:FIKS22:BRANCHE07=A:BELØB=3:SÆSON=EJSÆSON,2021-11-01,8083.0
DST:FIKS22:BRANCHE07=A:BELØB=3:SÆSON=EJSÆSON,2021-12-01,13189.0
DST:FIKS22:BRANCHE07=A:BELØB=3:SÆSON=EJSÆSON,2022-01-01,10253.0
DST:FIKS22:BRANCHE07=A:BELØB=3:SÆSON=EJSÆSON,2022-02-01,6780.0
DST:FIKS22:BRANCHE07=A:BELØB=3:SÆSON=EJSÆSON,2022-03-01,8676.0
DST:FIKS22:BRANCHE07=A:BELØB=3:SÆSON=EJSÆSON,2022-04-01,7881.0
DST:FIKS22:BRANCHE07=A:BELØB=3:SÆSON=EJSÆSON,2022-05-01,8184.0
DST:FIKS22:BRANCHE07=A:BELØB=3:SÆSON=EJSÆSON,2022-06-01,10653.0
DST:FIKS22:BRANCHE07=A:BELØB=3:SÆSON=EJSÆSON,2022-07-01,7404.0
DST:FIKS22:BRANCHE07=A:BELØB=3:SÆSON=EJSÆSON,2022-08-01,10509.0
DST:FIKS22:BRANCHE07=A:BELØB=3:SÆSON=EJSÆSON,2022-09-01,10424.0
DST:FIKS22:BRANCHE07=A:BELØB=3:SÆSON=EJSÆSON,2022-10-01,7822.0
DST:FIKS22:BRANCHE07=A:BELØB=3:SÆSON=EJSÆSON,2022-11-01,9181.0
DST:FIKS22:BRANCHE07=A:BELØB=3:SÆSON=EJSÆSON,2022-12-01,15747.0
DST:FIKS22:BRANCHE07=A:BELØB=3:SÆSON=EJSÆSON,2023-01-01,9365.0
DST:FIKS22:BRANCHE07=A:BELØB=3:SÆSON=EJSÆSON,2023-02-01,6684.0
DST:FIKS22:BRANCHE07=A:BELØB=3:SÆSON=EJSÆSON,2023-03-01,9011.0
DST:FIKS22:BRANCHE07=A:BELØB=3:SÆSON=EJSÆSON,2023-04-01,7997.0
DST:FIKS22:BRANCHE07=A:BELØB=3:SÆSON=EJSÆSON,2023-05-01,7641.0
DST:FIKS22:BRANCHE07=A:BELØB=3:SÆSON=EJSÆSON,2023-06-01,11150.0
DST:FIKS22:BRANCHE07=A:BELØB=3:SÆSON=EJSÆSON,2023-07-01,7242.0
DST:FIKS22:BRANCHE07=A:BELØB=3:SÆSON=EJSÆSON,2023-08-01,9336.0
DST:FIKS22:BRANCHE07=A:BELØB=3:SÆSON=EJSÆSON,2023-09-01,9226.0
DST:FIKS22:BRANCHE07=A:BELØB=3:SÆSON=EJSÆSON,2023-10-01,7643.0
DST:FIKS22:BRANCHE07=A:BELØB=3:SÆSON=EJSÆSON,2023-11-01,8239.0
DST:FIKS22:BRANCHE07=A:BELØB=3:SÆSON=EJSÆSON,2023-12-01,12820.0
DST:FIKS22:BRANCHE07=A:BELØB=3:SÆSON=EJSÆSON,2024-01-01,7415.0
DST:FIKS22:BRANCHE07=A:BELØB=3:SÆSON=EJSÆSON,2024-02-01,7331.0
DST:FIKS22:BRANCHE07=A:BELØB=3:SÆSON=EJSÆSON,2024-03-01,8497.0
DST:FIKS22:BRANCHE07=A:BELØB=3:SÆSON=EJSÆSON,2024-04-01,9177.0
DST:FIKS22:BRANCHE07=A:BELØB=3:SÆSON=EJSÆSON,2024-05-01,8581.0
DST:FIKS22:BRANCHE07=A:BELØB=3:SÆSON=EJSÆSON,2024-06-01,9302.0
DST:FIKS22:BRANCHE07=A:BELØB=3:SÆSON=EJSÆSON,2024-07-01,7882.0
DST:FIKS22:BRANCHE07=A:BELØB=3:SÆSON=EJSÆSON,2024-08-01,8820.0
DST:FIKS22:BRANCHE07=A:BELØB=3:SÆSON=EJSÆSON,2024-09-01,9470.0
DST:FIKS22:BRANCHE07=A:BELØB=3:SÆSON=EJSÆSON,2024-10-01,8493.0
DST:FIKS22:BRANCHE07=A:BELØB=3:SÆSON=EJSÆSON,2024-11-01,8299.0
DST:FIKS22:BRANCHE07=A:BELØB=3:SÆSON=EJSÆSON,2024-12-01,12507.0
DST:FIKS22:BRANCHE07=A:BELØB=3:SÆSON=EJSÆSON,2025-01-01,7755.0
DST:FIKS22:BRANCHE07=A:BELØB=3:SÆSON=EJSÆSON,2025-02-01,7641.0
DST:FIKS22:BRANCHE07=A:BELØB=3:SÆSON=EJSÆSON,2025-03-01,8924.0
DST:FIKS22:BRANCHE07=A:BELØB=3:SÆSON=EJSÆSON,2025-04-01,9132.0
DST:FIKS22:BRANCHE07=A:BELØB=3:SÆSON=EJSÆSON,2025-05-01,8578.0
DST:FIKS22:BRANCHE07=A:BELØB=3:SÆSON=EJSÆSON,2025-06-01,10102.0
DST:FIKS22:BRANCHE07=A:BELØB=3:SÆSON=EJSÆSON,2025-07-01,8390.0
DST:FIKS22:BRANCHE07=A:BELØB=3:SÆSON=EJSÆSON,2025-08-01,9410.0
DST:FIKS22:BRANCHE07=A:BELØB=3:SÆSON=EJSÆSON,2025-09-01,10162.0
DST:FIKS22:BRANCHE07=A:BELØB=3:SÆSON=EJSÆSON,2025-10-01,8721.0
DST:FIKS22:BRANCHE07=A:BELØB=3:SÆSON=EJSÆSON,2025-11-01,8172.0
DST:FIKS22:BRANCHE07=A:BELØB=3:SÆSON=EJSÆSON,2025-12-01,12666.0
DST:FIKS22:BRANCHE07=A:BELØB=3:SÆSON=EJSÆSON,2026-01-01,7384.0
DST:FIKS22:BRANCHE07=A:BELØB=3:SÆSON=EJSÆSON,2026-02-01,7292.0
DST:FIKS22:BRANCHE07=A:BELØB=3:SÆSON=EJSÆSON,2026-03-01,9067.0
DST:FIKS22:BRANCHE07=A:BELØB=3:SÆSON=SÆSON,2009-01-01,6701.0
DST:FIKS22:BRANCHE07=A:BELØB=3:SÆSON=SÆSON,2009-02-01,6739.0
DST:FIKS22:BRANCHE07=A:BELØB=3:SÆSON=SÆSON,2009-03-01,6468.0
DST:FIKS22:BRANCHE07=A:BELØB=3:SÆSON=SÆSON,2009-04-01,6279.0
DST:FIKS22:BRANCHE07=A:BELØB=3:SÆSON=SÆSON,2009-05-01,6161.0
DST:FIKS22:BRANCHE07=A:BELØB=3:SÆSON=SÆSON,2009-06-01,6538.0
DST:FIKS22:BRANCHE07=A:BELØB=3:SÆSON=SÆSON,2009-07-01,6320.0
DST:FIKS22:BRANCHE07=A:BELØB=3:SÆSON=SÆSON,2009-08-01,6367.0
DST:FIKS22:BRANCHE07=A:BELØB=3:SÆSON=SÆSON,2009-09-01,5937.0
DST:FIKS22:BRANCHE07=A:BELØB=3:SÆSON=SÆSON,2009-10-01,5766.0
DST:FIKS22:BRANCHE07=A:BELØB=3:SÆSON=SÆSON,2009-11-01,5729.0
DST:FIKS22:BRANCHE07=A:BELØB=3:SÆSON=SÆSON,2009-12-01,5840.0
DST:FIKS22:BRANCHE07=A:BELØB=3:SÆSON=SÆSON,2010-01-01,5644.0
DST:FIKS22:BRANCHE07=A:BELØB=3:SÆSON=SÆSON,2010-02-01,5626.0
DST:FIKS22:BRANCHE07=A:BELØB=3:SÆSON=SÆSON,2010-03-01,5967.0
DST:FIKS22:BRANCHE07=A:BELØB=3:SÆSON=SÆSON,2010-04-01,6015.0
DST:FIKS22:BRANCHE07=A:BELØB=3:SÆSON=SÆSON,2010-05-01,6175.0
DST:FIKS22:BRANCHE07=A:BELØB=3:SÆSON=SÆSON,2010-06-01,6102.0
DST:FIKS22:BRANCHE07=A:BELØB=3:SÆSON=SÆSON,2010-07-01,6189.0
DST:FIKS22:BRANCHE07=A:BELØB=3:SÆSON=SÆSON,2010-08-01,6227.0
DST:FIKS22:BRANCHE07=A:BELØB=3:SÆSON=SÆSON,2010-09-01,6485.0
DST:FIKS22:BRANCHE07=A:BELØB=3:SÆSON=SÆSON,2010-10-01,6727.0
DST:FIKS22:BRANCHE07=A:BELØB=3:SÆSON=SÆSON,2010-11-01,6727.0
DST:FIKS22:BRANCHE07=A:BELØB=3:SÆSON=SÆSON,2010-12-01,5981.0
DST:FIKS22:BRANCHE07=A:BELØB=3:SÆSON=SÆSON,2011-01-01,6754.0
DST:FIKS22:BRANCHE07=A:BELØB=3:SÆSON=SÆSON,2011-02-01,6572.0
DST:FIKS22:BRANCHE07=A:BELØB=3:SÆSON=SÆSON,2011-03-01,6555.0
DST:FIKS22:BRANCHE07=A:BELØB=3:SÆSON=SÆSON,2011-04-01,6937.0
DST:FIKS22:BRANCHE07=A:BELØB=3:SÆSON=SÆSON,2011-05-01,6984.0
DST:FIKS22:BRANCHE07=A:BELØB=3:SÆSON=SÆSON,2011-06-01,6552.0
DST:FIKS22:BRANCHE07=A:BELØB=3:SÆSON=SÆSON,2011-07-01,6685.0
DST:FIKS22:BRANCHE07=A:BELØB=3:SÆSON=SÆSON,2011-08-01,6625.0
DST:FIKS22:BRANCHE07=A:BELØB=3:SÆSON=SÆSON,2011-09-01,6665.0
DST:FIKS22:BRANCHE07=A:BELØB=3:SÆSON=SÆSON,2011-10-01,7128.0
DST:FIKS22:BRANCHE07=A:BELØB=3:SÆSON=SÆSON,2011-11-01,6823.0
DST:FIKS22:BRANCHE07=A:BELØB=3:SÆSON=SÆSON,2011-12-01,6584.0
DST:FIKS22:BRANCHE07=A:BELØB=3:SÆSON=SÆSON,2012-01-01,6902.0
DST:FIKS22:BRANCHE07=A:BELØB=3:SÆSON=SÆSON,2012-02-01,7026.0
DST:FIKS22:BRANCHE07=A:BELØB=3:SÆSON=SÆSON,2012-03-01,7100.0
DST:FIKS22:BRANCHE07=A:BELØB=3:SÆSON=SÆSON,2012-04-01,6893.0
DST:FIKS22:BRANCHE07=A:BELØB=3:SÆSON=SÆSON,2012-05-01,6950.0
DST:FIKS22:BRANCHE07=A:BELØB=3:SÆSON=SÆSON,2012-06-01,7074.0
DST:FIKS22:BRANCHE07=A:BELØB=3:SÆSON=SÆSON,2012-07-01,7084.0
DST:FIKS22:BRANCHE07=A:BELØB=3:SÆSON=SÆSON,2012-08-01,7275.0
DST:FIKS22:BRANCHE07=A:BELØB=3:SÆSON=SÆSON,2012-09-01,7644.0
DST:FIKS22:BRANCHE07=A:BELØB=3:SÆSON=SÆSON,2012-10-01,7539.0
DST:FIKS22:BRANCHE07=A:BELØB=3:SÆSON=SÆSON,2012-11-01,7488.0
DST:FIKS22:BRANCHE07=A:BELØB=3:SÆSON=SÆSON,2012-12-01,7442.0
DST:FIKS22:BRANCHE07=A:BELØB=3:SÆSON=SÆSON,2013-01-01,7401.0
DST:FIKS22:BRANCHE07=A:BELØB=3:SÆSON=SÆSON,2013-02-01,7463.0
DST:FIKS22:BRANCHE07=A:BELØB=3:SÆSON=SÆSON,2013-03-01,7596.0
DST:FIKS22:BRANCHE07=A:BELØB=3:SÆSON=SÆSON,2013-04-01,7679.0
DST:FIKS22:BRANCHE07=A:BELØB=3:SÆSON=SÆSON,2013-05-01,8240.0
DST:FIKS22:BRANCHE07=A:BELØB=3:SÆSON=SÆSON,2013-06-01,7642.0
DST:FIKS22:BRANCHE07=A:BELØB=3:SÆSON=SÆSON,2013-07-01,7658.0
DST:FIKS22:BRANCHE07=A:BELØB=3:SÆSON=SÆSON,2013-08-01,7727.0
DST:FIKS22:BRANCHE07=A:BELØB=3:SÆSON=SÆSON,2013-09-01,7491.0
DST:FIKS22:BRANCHE07=A:BELØB=3:SÆSON=SÆSON,2013-10-01,7643.0
DST:FIKS22:BRANCHE07=A:BELØB=3:SÆSON=SÆSON,2013-11-01,7517.0
DST:FIKS22:BRANCHE07=A:BELØB=3:SÆSON=SÆSON,2013-12-01,7991.0
DST:FIKS22:BRANCHE07=A:BELØB=3:SÆSON=SÆSON,2014-01-01,7796.0
DST:FIKS22:BRANCHE07=A:BELØB=3:SÆSON=SÆSON,2014-02-01,7802.0
DST:FIKS22:BRANCHE07=A:BELØB=3:SÆSON=SÆSON,2014-03-01,6997.0
DST:FIKS22:BRANCHE07=A:BELØB=3:SÆSON=SÆSON,2014-04-01,7416.0
DST:FIKS22:BRANCHE07=A:BELØB=3:SÆSON=SÆSON,2014-05-01,7248.0
DST:FIKS22:BRANCHE07=A:BELØB=3:SÆSON=SÆSON,2014-06-01,7404.0
DST:FIKS22:BRANCHE07=A:BELØB=3:SÆSON=SÆSON,2014-07-01,7541.0
DST:FIKS22:BRANCHE07=A:BELØB=3:SÆSON=SÆSON,2014-08-01,7428.0
DST:FIKS22:BRANCHE07=A:BELØB=3:SÆSON=SÆSON,2014-09-01,7173.0
DST:FIKS22:BRANCHE07=A:BELØB=3:SÆSON=SÆSON,2014-10-01,6689.0
DST:FIKS22:BRANCHE07=A:BELØB=3:SÆSON=SÆSON,2014-11-01,7193.0
DST:FIKS22:BRANCHE07=A:BELØB=3:SÆSON=SÆSON,2014-12-01,7461.0
DST:FIKS22:BRANCHE07=A:BELØB=3:SÆSON=SÆSON,2015-01-01,7048.0
DST:FIKS22:BRANCHE07=A:BELØB=3:SÆSON=SÆSON,2015-02-01,7239.0
DST:FIKS22:BRANCHE07=A:BELØB=3:SÆSON=SÆSON,2015-03-01,7173.0
DST:FIKS22:BRANCHE07=A:BELØB=3:SÆSON=SÆSON,2015-04-01,6789.0
DST:FIKS22:BRANCHE07=A:BELØB=3:SÆSON=SÆSON,2015-05-01,7066.0
DST:FIKS22:BRANCHE07=A:BELØB=3:SÆSON=SÆSON,2015-06-01,7392.0
DST:FIKS22:BRANCHE07=A:BELØB=3:SÆSON=SÆSON,2015-07-01,7039.0
DST:FIKS22:BRANCHE07=A:BELØB=3:SÆSON=SÆSON,2015-08-01,7221.0
DST:FIKS22:BRANCHE07=A:BELØB=3:SÆSON=SÆSON,2015-09-01,7296.0
DST:FIKS22:BRANCHE07=A:BELØB=3:SÆSON=SÆSON,2015-10-01,7762.0
DST:FIKS22:BRANCHE07=A:BELØB=3:SÆSON=SÆSON,2015-11-01,7026.0
DST:FIKS22:BRANCHE07=A:BELØB=3:SÆSON=SÆSON,2015-12-01,7014.0
DST:FIKS22:BRANCHE07=A:BELØB=3:SÆSON=SÆSON,2016-01-01,7292.0
DST:FIKS22:BRANCHE07=A:BELØB=3:SÆSON=SÆSON,2016-02-01,7265.0
DST:FIKS22:BRANCHE07=A:BELØB=3:SÆSON=SÆSON,2016-03-01,7129.0
DST:FIKS22:BRANCHE07=A:BELØB=3:SÆSON=SÆSON,2016-04-01,7080.0
DST:FIKS22:BRANCHE07=A:BELØB=3:SÆSON=SÆSON,2016-05-01,6662.0
DST:FIKS22:BRANCHE07=A:BELØB=3:SÆSON=SÆSON,2016-06-01,6970.0
DST:FIKS22:BRANCHE07=A:BELØB=3:SÆSON=SÆSON,2016-07-01,7160.0
DST:FIKS22:BRANCHE07=A:BELØB=3:SÆSON=SÆSON,2016-08-01,7079.0
DST:FIKS22:BRANCHE07=A:BELØB=3:SÆSON=SÆSON,2016-09-01,7238.0
DST:FIKS22:BRANCHE07=A:BELØB=3:SÆSON=SÆSON,2016-10-01,7134.0
DST:FIKS22:BRANCHE07=A:BELØB=3:SÆSON=SÆSON,2016-11-01,7207.0
DST:FIKS22:BRANCHE07=A:BELØB=3:SÆSON=SÆSON,2016-12-01,6955.0
DST:FIKS22:BRANCHE07=A:BELØB=3:SÆSON=SÆSON,2017-01-01,6837.0
DST:FIKS22:BRANCHE07=A:BELØB=3:SÆSON=SÆSON,2017-02-01,7085.0
DST:FIKS22:BRANCHE07=A:BELØB=3:SÆSON=SÆSON,2017-03-01,7328.0
DST:FIKS22:BRANCHE07=A:BELØB=3:SÆSON=SÆSON,2017-04-01,7365.0
DST:FIKS22:BRANCHE07=A:BELØB=3:SÆSON=SÆSON,2017-05-01,7255.0
DST:FIKS22:BRANCHE07=A:BELØB=3:SÆSON=SÆSON,2017-06-01,7309.0
DST:FIKS22:BRANCHE07=A:BELØB=3:SÆSON=SÆSON,2017-07-01,7318.0
DST:FIKS22:BRANCHE07=A:BELØB=3:SÆSON=SÆSON,2017-08-01,7130.0
DST:FIKS22:BRANCHE07=A:BELØB=3:SÆSON=SÆSON,2017-09-01,8589.0
DST:FIKS22:BRANCHE07=A:BELØB=3:SÆSON=SÆSON,2017-10-01,7166.0
DST:FIKS22:BRANCHE07=A:BELØB=3:SÆSON=SÆSON,2017-11-01,7513.0
DST:FIKS22:BRANCHE07=A:BELØB=3:SÆSON=SÆSON,2017-12-01,8002.0
DST:FIKS22:BRANCHE07=A:BELØB=3:SÆSON=SÆSON,2018-01-01,7173.0
DST:FIKS22:BRANCHE07=A:BELØB=3:SÆSON=SÆSON,2018-02-01,7347.0
DST:FIKS22:BRANCHE07=A:BELØB=3:SÆSON=SÆSON,2018-03-01,7298.0
DST:FIKS22:BRANCHE07=A:BELØB=3:SÆSON=SÆSON,2018-04-01,7591.0
DST:FIKS22:BRANCHE07=A:BELØB=3:SÆSON=SÆSON,2018-05-01,7768.0
DST:FIKS22:BRANCHE07=A:BELØB=3:SÆSON=SÆSON,2018-06-01,7602.0
DST:FIKS22:BRANCHE07=A:BELØB=3:SÆSON=SÆSON,2018-07-01,7758.0
DST:FIKS22:BRANCHE07=A:BELØB=3:SÆSON=SÆSON,2018-08-01,7717.0
DST:FIKS22:BRANCHE07=A:BELØB=3:SÆSON=SÆSON,2018-09-01,7275.0
DST:FIKS22:BRANCHE07=A:BELØB=3:SÆSON=SÆSON,2018-10-01,7526.0
DST:FIKS22:BRANCHE07=A:BELØB=3:SÆSON=SÆSON,2018-11-01,7287.0
DST:FIKS22:BRANCHE07=A:BELØB=3:SÆSON=SÆSON,2018-12-01,7607.0
DST:FIKS22:BRANCHE07=A:BELØB=3:SÆSON=SÆSON,2019-01-01,7496.0
DST:FIKS22:BRANCHE07=A:BELØB=3:SÆSON=SÆSON,2019-02-01,7812.0
DST:FIKS22:BRANCHE07=A:BELØB=3:SÆSON=SÆSON,2019-03-01,6958.0
DST:FIKS22:BRANCHE07=A:BELØB=3:SÆSON=SÆSON,2019-04-01,7364.0
DST:FIKS22:BRANCHE07=A:BELØB=3:SÆSON=SÆSON,2019-05-01,7424.0
DST:FIKS22:BRANCHE07=A:BELØB=3:SÆSON=SÆSON,2019-06-01,7740.0
DST:FIKS22:BRANCHE07=A:BELØB=3:SÆSON=SÆSON,2019-07-01,7661.0
DST:FIKS22:BRANCHE07=A:BELØB=3:SÆSON=SÆSON,2019-08-01,7568.0
DST:FIKS22:BRANCHE07=A:BELØB=3:SÆSON=SÆSON,2019-09-01,7871.0
DST:FIKS22:BRANCHE07=A:BELØB=3:SÆSON=SÆSON,2019-10-01,7630.0
DST:FIKS22:BRANCHE07=A:BELØB=3:SÆSON=SÆSON,2019-11-01,7941.0
DST:FIKS22:BRANCHE07=A:BELØB=3:SÆSON=SÆSON,2019-12-01,7946.0
DST:FIKS22:BRANCHE07=A:BELØB=3:SÆSON=SÆSON,2020-01-01,7926.0
DST:FIKS22:BRANCHE07=A:BELØB=3:SÆSON=SÆSON,2020-02-01,7730.0
DST:FIKS22:BRANCHE07=A:BELØB=3:SÆSON=SÆSON,2020-03-01,7510.0
DST:FIKS22:BRANCHE07=A:BELØB=3:SÆSON=SÆSON,2020-04-01,7878.0
DST:FIKS22:BRANCHE07=A:BELØB=3:SÆSON=SÆSON,2020-05-01,7761.0
DST:FIKS22:BRANCHE07=A:BELØB=3:SÆSON=SÆSON,2020-06-01,7640.0
DST:FIKS22:BRANCHE07=A:BELØB=3:SÆSON=SÆSON,2020-07-01,7573.0
DST:FIKS22:BRANCHE07=A:BELØB=3:SÆSON=SÆSON,2020-08-01,8060.0
DST:FIKS22:BRANCHE07=A:BELØB=3:SÆSON=SÆSON,2020-09-01,7660.0
DST:FIKS22:BRANCHE07=A:BELØB=3:SÆSON=SÆSON,2020-10-01,7864.0
DST:FIKS22:BRANCHE07=A:BELØB=3:SÆSON=SÆSON,2020-11-01,7596.0
DST:FIKS22:BRANCHE07=A:BELØB=3:SÆSON=SÆSON,2020-12-01,7807.0
DST:FIKS22:BRANCHE07=A:BELØB=3:SÆSON=SÆSON,2021-01-01,7984.0
DST:FIKS22:BRANCHE07=A:BELØB=3:SÆSON=SÆSON,2021-02-01,7585.0
DST:FIKS22:BRANCHE07=A:BELØB=3:SÆSON=SÆSON,2021-03-01,7690.0
DST:FIKS22:BRANCHE07=A:BELØB=3:SÆSON=SÆSON,2021-04-01,7586.0
DST:FIKS22:BRANCHE07=A:BELØB=3:SÆSON=SÆSON,2021-05-01,7592.0
DST:FIKS22:BRANCHE07=A:BELØB=3:SÆSON=SÆSON,2021-06-01,7746.0
DST:FIKS22:BRANCHE07=A:BELØB=3:SÆSON=SÆSON,2021-07-01,7923.0
DST:FIKS22:BRANCHE07=A:BELØB=3:SÆSON=SÆSON,2021-08-01,7831.0
DST:FIKS22:BRANCHE07=A:BELØB=3:SÆSON=SÆSON,2021-09-01,8075.0
DST:FIKS22:BRANCHE07=A:BELØB=3:SÆSON=SÆSON,2021-10-01,8000.0
DST:FIKS22:BRANCHE07=A:BELØB=3:SÆSON=SÆSON,2021-11-01,8642.0
DST:FIKS22:BRANCHE07=A:BELØB=3:SÆSON=SÆSON,2021-12-01,8165.0
DST:FIKS22:BRANCHE07=A:BELØB=3:SÆSON=SÆSON,2022-01-01,12157.0
DST:FIKS22:BRANCHE07=A:BELØB=3:SÆSON=SÆSON,2022-02-01,8567.0
DST:FIKS22:BRANCHE07=A:BELØB=3:SÆSON=SÆSON,2022-03-01,8448.0
DST:FIKS22:BRANCHE07=A:BELØB=3:SÆSON=SÆSON,2022-04-01,8361.0
DST:FIKS22:BRANCHE07=A:BELØB=3:SÆSON=SÆSON,2022-05-01,8971.0
DST:FIKS22:BRANCHE07=A:BELØB=3:SÆSON=SÆSON,2022-06-01,8947.0
DST:FIKS22:BRANCHE07=A:BELØB=3:SÆSON=SÆSON,2022-07-01,8770.0
DST:FIKS22:BRANCHE07=A:BELØB=3:SÆSON=SÆSON,2022-08-01,9928.0
DST:FIKS22:BRANCHE07=A:BELØB=3:SÆSON=SÆSON,2022-09-01,9439.0
DST:FIKS22:BRANCHE07=A:BELØB=3:SÆSON=SÆSON,2022-10-01,9302.0
DST:FIKS22:BRANCHE07=A:BELØB=3:SÆSON=SÆSON,2022-11-01,9803.0
DST:FIKS22:BRANCHE07=A:BELØB=3:SÆSON=SÆSON,2022-12-01,10015.0
DST:FIKS22:BRANCHE07=A:BELØB=3:SÆSON=SÆSON,2023-01-01,10757.0
DST:FIKS22:BRANCHE07=A:BELØB=3:SÆSON=SÆSON,2023-02-01,8405.0
DST:FIKS22:BRANCHE07=A:BELØB=3:SÆSON=SÆSON,2023-03-01,8808.0
DST:FIKS22:BRANCHE07=A:BELØB=3:SÆSON=SÆSON,2023-04-01,8653.0
DST:FIKS22:BRANCHE07=A:BELØB=3:SÆSON=SÆSON,2023-05-01,8379.0
DST:FIKS22:BRANCHE07=A:BELØB=3:SÆSON=SÆSON,2023-06-01,9329.0
DST:FIKS22:BRANCHE07=A:BELØB=3:SÆSON=SÆSON,2023-07-01,8628.0
DST:FIKS22:BRANCHE07=A:BELØB=3:SÆSON=SÆSON,2023-08-01,8703.0
DST:FIKS22:BRANCHE07=A:BELØB=3:SÆSON=SÆSON,2023-09-01,8565.0
DST:FIKS22:BRANCHE07=A:BELØB=3:SÆSON=SÆSON,2023-10-01,8668.0
DST:FIKS22:BRANCHE07=A:BELØB=3:SÆSON=SÆSON,2023-11-01,8819.0
DST:FIKS22:BRANCHE07=A:BELØB=3:SÆSON=SÆSON,2023-12-01,8930.0
DST:FIKS22:BRANCHE07=A:BELØB=3:SÆSON=SÆSON,2024-01-01,8639.0
DST:FIKS22:BRANCHE07=A:BELØB=3:SÆSON=SÆSON,2024-02-01,8726.0
DST:FIKS22:BRANCHE07=A:BELØB=3:SÆSON=SÆSON,2024-03-01,9099.0
DST:FIKS22:BRANCHE07=A:BELØB=3:SÆSON=SÆSON,2024-04-01,9084.0
DST:FIKS22:BRANCHE07=A:BELØB=3:SÆSON=SÆSON,2024-05-01,9142.0
DST:FIKS22:BRANCHE07=A:BELØB=3:SÆSON=SÆSON,2024-06-01,8184.0
DST:FIKS22:BRANCHE07=A:BELØB=3:SÆSON=SÆSON,2024-07-01,8944.0
DST:FIKS22:BRANCHE07=A:BELØB=3:SÆSON=SÆSON,2024-08-01,8400.0
DST:FIKS22:BRANCHE07=A:BELØB=3:SÆSON=SÆSON,2024-09-01,8950.0
DST:FIKS22:BRANCHE07=A:BELØB=3:SÆSON=SÆSON,2024-10-01,9186.0
DST:FIKS22:BRANCHE07=A:BELØB=3:SÆSON=SÆSON,2024-11-01,8984.0
DST:FIKS22:BRANCHE07=A:BELØB=3:SÆSON=SÆSON,2024-12-01,8561.0
DST:FIKS22:BRANCHE07=A:BELØB=3:SÆSON=SÆSON,2025-01-01,9076.0
DST:FIKS22:BRANCHE07=A:BELØB=3:SÆSON=SÆSON,2025-02-01,9510.0
DST:FIKS22:BRANCHE07=A:BELØB=3:SÆSON=SÆSON,2025-03-01,9060.0
DST:FIKS22:BRANCHE07=A:BELØB=3:SÆSON=SÆSON,2025-04-01,9302.0
DST:FIKS22:BRANCHE07=A:BELØB=3:SÆSON=SÆSON,2025-05-01,9214.0
DST:FIKS22:BRANCHE07=A:BELØB=3:SÆSON=SÆSON,2025-06-01,9191.0
DST:FIKS22:BRANCHE07=A:BELØB=3:SÆSON=SÆSON,2025-07-01,9344.0
DST:FIKS22:BRANCHE07=A:BELØB=3:SÆSON=SÆSON,2025-08-01,9296.0
DST:FIKS22:BRANCHE07=A:BELØB=3:SÆSON=SÆSON,2025-09-01,9229.0
DST:FIKS22:BRANCHE07=A:BELØB=3:SÆSON=SÆSON,2025-10-01,9449.0
DST:FIKS22:BRANCHE07=A:BELØB=3:SÆSON=SÆSON,2025-11-01,9082.0
DST:FIKS22:BRANCHE07=A:BELØB=3:SÆSON=SÆSON,2025-12-01,8714.0
DST:FIKS22:BRANCHE07=A:BELØB=3:SÆSON=SÆSON,2026-01-01,8899.0
DST:FIKS22:BRANCHE07=A:BELØB=3:SÆSON=SÆSON,2026-02-01,9044.0
DST:FIKS22:BRANCHE07=A:BELØB=3:SÆSON=SÆSON,2026-03-01,8952.0
DST:FIKS22:BRANCHE07=A:BELØB=4:SÆSON=EJSÆSON,2009-01-01,6074.0
DST:FIKS22:BRANCHE07=A:BELØB=4:SÆSON=EJSÆSON,2009-02-01,5868.0
DST:FIKS22:BRANCHE07=A:BELØB=4:SÆSON=EJSÆSON,2009-03-01,7196.0
DST:FIKS22:BRANCHE07=A:BELØB=4:SÆSON=EJSÆSON,2009-04-01,7317.0
DST:FIKS22:BRANCHE07=A:BELØB=4:SÆSON=EJSÆSON,2009-05-01,6560.0
DST:FIKS22:BRANCHE07=A:BELØB=4:SÆSON=EJSÆSON,2009-06-01,6886.0
DST:FIKS22:BRANCHE07=A:BELØB=4:SÆSON=EJSÆSON,2009-07-01,6337.0
DST:FIKS22:BRANCHE07=A:BELØB=4:SÆSON=EJSÆSON,2009-08-01,6604.0
DST:FIKS22:BRANCHE07=A:BELØB=4:SÆSON=EJSÆSON,2009-09-01,7644.0
DST:FIKS22:BRANCHE07=A:BELØB=4:SÆSON=EJSÆSON,2009-10-01,7198.0
DST:FIKS22:BRANCHE07=A:BELØB=4:SÆSON=EJSÆSON,2009-11-01,7214.0
DST:FIKS22:BRANCHE07=A:BELØB=4:SÆSON=EJSÆSON,2009-12-01,8822.0
DST:FIKS22:BRANCHE07=A:BELØB=4:SÆSON=EJSÆSON,2010-01-01,5431.0
DST:FIKS22:BRANCHE07=A:BELØB=4:SÆSON=EJSÆSON,2010-02-01,5883.0
DST:FIKS22:BRANCHE07=A:BELØB=4:SÆSON=EJSÆSON,2010-03-01,7819.0
DST:FIKS22:BRANCHE07=A:BELØB=4:SÆSON=EJSÆSON,2010-04-01,7092.0
DST:FIKS22:BRANCHE07=A:BELØB=4:SÆSON=EJSÆSON,2010-05-01,7186.0
DST:FIKS22:BRANCHE07=A:BELØB=4:SÆSON=EJSÆSON,2010-06-01,7790.0
DST:FIKS22:BRANCHE07=A:BELØB=4:SÆSON=EJSÆSON,2010-07-01,6579.0
DST:FIKS22:BRANCHE07=A:BELØB=4:SÆSON=EJSÆSON,2010-08-01,7931.0
DST:FIKS22:BRANCHE07=A:BELØB=4:SÆSON=EJSÆSON,2010-09-01,8504.0
DST:FIKS22:BRANCHE07=A:BELØB=4:SÆSON=EJSÆSON,2010-10-01,7610.0
DST:FIKS22:BRANCHE07=A:BELØB=4:SÆSON=EJSÆSON,2010-11-01,8330.0
DST:FIKS22:BRANCHE07=A:BELØB=4:SÆSON=EJSÆSON,2010-12-01,10656.0
DST:FIKS22:BRANCHE07=A:BELØB=4:SÆSON=EJSÆSON,2011-01-01,6526.0
DST:FIKS22:BRANCHE07=A:BELØB=4:SÆSON=EJSÆSON,2011-02-01,7067.0
DST:FIKS22:BRANCHE07=A:BELØB=4:SÆSON=EJSÆSON,2011-03-01,8935.0
DST:FIKS22:BRANCHE07=A:BELØB=4:SÆSON=EJSÆSON,2011-04-01,8447.0
DST:FIKS22:BRANCHE07=A:BELØB=4:SÆSON=EJSÆSON,2011-05-01,8074.0
DST:FIKS22:BRANCHE07=A:BELØB=4:SÆSON=EJSÆSON,2011-06-01,7963.0
DST:FIKS22:BRANCHE07=A:BELØB=4:SÆSON=EJSÆSON,2011-07-01,6466.0
DST:FIKS22:BRANCHE07=A:BELØB=4:SÆSON=EJSÆSON,2011-08-01,8085.0
DST:FIKS22:BRANCHE07=A:BELØB=4:SÆSON=EJSÆSON,2011-09-01,9473.0
DST:FIKS22:BRANCHE07=A:BELØB=4:SÆSON=EJSÆSON,2011-10-01,8111.0
DST:FIKS22:BRANCHE07=A:BELØB=4:SÆSON=EJSÆSON,2011-11-01,8707.0
DST:FIKS22:BRANCHE07=A:BELØB=4:SÆSON=EJSÆSON,2011-12-01,11470.0
DST:FIKS22:BRANCHE07=A:BELØB=4:SÆSON=EJSÆSON,2012-01-01,7134.0
DST:FIKS22:BRANCHE07=A:BELØB=4:SÆSON=EJSÆSON,2012-02-01,7613.0
DST:FIKS22:BRANCHE07=A:BELØB=4:SÆSON=EJSÆSON,2012-03-01,9135.0
DST:FIKS22:BRANCHE07=A:BELØB=4:SÆSON=EJSÆSON,2012-04-01,8706.0
DST:FIKS22:BRANCHE07=A:BELØB=4:SÆSON=EJSÆSON,2012-05-01,8330.0
DST:FIKS22:BRANCHE07=A:BELØB=4:SÆSON=EJSÆSON,2012-06-01,8893.0
DST:FIKS22:BRANCHE07=A:BELØB=4:SÆSON=EJSÆSON,2012-07-01,7484.0
DST:FIKS22:BRANCHE07=A:BELØB=4:SÆSON=EJSÆSON,2012-08-01,9108.0
DST:FIKS22:BRANCHE07=A:BELØB=4:SÆSON=EJSÆSON,2012-09-01,10661.0
DST:FIKS22:BRANCHE07=A:BELØB=4:SÆSON=EJSÆSON,2012-10-01,8980.0
DST:FIKS22:BRANCHE07=A:BELØB=4:SÆSON=EJSÆSON,2012-11-01,9566.0
DST:FIKS22:BRANCHE07=A:BELØB=4:SÆSON=EJSÆSON,2012-12-01,12032.0
DST:FIKS22:BRANCHE07=A:BELØB=4:SÆSON=EJSÆSON,2013-01-01,8330.0
DST:FIKS22:BRANCHE07=A:BELØB=4:SÆSON=EJSÆSON,2013-02-01,9064.0
DST:FIKS22:BRANCHE07=A:BELØB=4:SÆSON=EJSÆSON,2013-03-01,8478.0
DST:FIKS22:BRANCHE07=A:BELØB=4:SÆSON=EJSÆSON,2013-04-01,9605.0
DST:FIKS22:BRANCHE07=A:BELØB=4:SÆSON=EJSÆSON,2013-05-01,8809.0
DST:FIKS22:BRANCHE07=A:BELØB=4:SÆSON=EJSÆSON,2013-06-01,9967.0
DST:FIKS22:BRANCHE07=A:BELØB=4:SÆSON=EJSÆSON,2013-07-01,7811.0
DST:FIKS22:BRANCHE07=A:BELØB=4:SÆSON=EJSÆSON,2013-08-01,9120.0
DST:FIKS22:BRANCHE07=A:BELØB=4:SÆSON=EJSÆSON,2013-09-01,10559.0
DST:FIKS22:BRANCHE07=A:BELØB=4:SÆSON=EJSÆSON,2013-10-01,9114.0
DST:FIKS22:BRANCHE07=A:BELØB=4:SÆSON=EJSÆSON,2013-11-01,9364.0
DST:FIKS22:BRANCHE07=A:BELØB=4:SÆSON=EJSÆSON,2013-12-01,12104.0
DST:FIKS22:BRANCHE07=A:BELØB=4:SÆSON=EJSÆSON,2014-01-01,8391.0
DST:FIKS22:BRANCHE07=A:BELØB=4:SÆSON=EJSÆSON,2014-02-01,8401.0
DST:FIKS22:BRANCHE07=A:BELØB=4:SÆSON=EJSÆSON,2014-03-01,9518.0
DST:FIKS22:BRANCHE07=A:BELØB=4:SÆSON=EJSÆSON,2014-04-01,10247.0
DST:FIKS22:BRANCHE07=A:BELØB=4:SÆSON=EJSÆSON,2014-05-01,7998.0
DST:FIKS22:BRANCHE07=A:BELØB=4:SÆSON=EJSÆSON,2014-06-01,8980.0
DST:FIKS22:BRANCHE07=A:BELØB=4:SÆSON=EJSÆSON,2014-07-01,8110.0
DST:FIKS22:BRANCHE07=A:BELØB=4:SÆSON=EJSÆSON,2014-08-01,8987.0
DST:FIKS22:BRANCHE07=A:BELØB=4:SÆSON=EJSÆSON,2014-09-01,9854.0
DST:FIKS22:BRANCHE07=A:BELØB=4:SÆSON=EJSÆSON,2014-10-01,8596.0
DST:FIKS22:BRANCHE07=A:BELØB=4:SÆSON=EJSÆSON,2014-11-01,9496.0
DST:FIKS22:BRANCHE07=A:BELØB=4:SÆSON=EJSÆSON,2014-12-01,10404.0
DST:FIKS22:BRANCHE07=A:BELØB=4:SÆSON=EJSÆSON,2015-01-01,7357.0
DST:FIKS22:BRANCHE07=A:BELØB=4:SÆSON=EJSÆSON,2015-02-01,7970.0
DST:FIKS22:BRANCHE07=A:BELØB=4:SÆSON=EJSÆSON,2015-03-01,9179.0
DST:FIKS22:BRANCHE07=A:BELØB=4:SÆSON=EJSÆSON,2015-04-01,8801.0
DST:FIKS22:BRANCHE07=A:BELØB=4:SÆSON=EJSÆSON,2015-05-01,8127.0
DST:FIKS22:BRANCHE07=A:BELØB=4:SÆSON=EJSÆSON,2015-06-01,8835.0
DST:FIKS22:BRANCHE07=A:BELØB=4:SÆSON=EJSÆSON,2015-07-01,7414.0
DST:FIKS22:BRANCHE07=A:BELØB=4:SÆSON=EJSÆSON,2015-08-01,8684.0
DST:FIKS22:BRANCHE07=A:BELØB=4:SÆSON=EJSÆSON,2015-09-01,8555.0
DST:FIKS22:BRANCHE07=A:BELØB=4:SÆSON=EJSÆSON,2015-10-01,9581.0
DST:FIKS22:BRANCHE07=A:BELØB=4:SÆSON=EJSÆSON,2015-11-01,9198.0
DST:FIKS22:BRANCHE07=A:BELØB=4:SÆSON=EJSÆSON,2015-12-01,11333.0
DST:FIKS22:BRANCHE07=A:BELØB=4:SÆSON=EJSÆSON,2016-01-01,6442.0
DST:FIKS22:BRANCHE07=A:BELØB=4:SÆSON=EJSÆSON,2016-02-01,7901.0
DST:FIKS22:BRANCHE07=A:BELØB=4:SÆSON=EJSÆSON,2016-03-01,8348.0
DST:FIKS22:BRANCHE07=A:BELØB=4:SÆSON=EJSÆSON,2016-04-01,8535.0
DST:FIKS22:BRANCHE07=A:BELØB=4:SÆSON=EJSÆSON,2016-05-01,8022.0
DST:FIKS22:BRANCHE07=A:BELØB=4:SÆSON=EJSÆSON,2016-06-01,8675.0
DST:FIKS22:BRANCHE07=A:BELØB=4:SÆSON=EJSÆSON,2016-07-01,7386.0
DST:FIKS22:BRANCHE07=A:BELØB=4:SÆSON=EJSÆSON,2016-08-01,8862.0
DST:FIKS22:BRANCHE07=A:BELØB=4:SÆSON=EJSÆSON,2016-09-01,9635.0
DST:FIKS22:BRANCHE07=A:BELØB=4:SÆSON=EJSÆSON,2016-10-01,8827.0
DST:FIKS22:BRANCHE07=A:BELØB=4:SÆSON=EJSÆSON,2016-11-01,9355.0
DST:FIKS22:BRANCHE07=A:BELØB=4:SÆSON=EJSÆSON,2016-12-01,12312.0
DST:FIKS22:BRANCHE07=A:BELØB=4:SÆSON=EJSÆSON,2017-01-01,6937.0
DST:FIKS22:BRANCHE07=A:BELØB=4:SÆSON=EJSÆSON,2017-02-01,7873.0
DST:FIKS22:BRANCHE07=A:BELØB=4:SÆSON=EJSÆSON,2017-03-01,9658.0
DST:FIKS22:BRANCHE07=A:BELØB=4:SÆSON=EJSÆSON,2017-04-01,8298.0
DST:FIKS22:BRANCHE07=A:BELØB=4:SÆSON=EJSÆSON,2017-05-01,9588.0
DST:FIKS22:BRANCHE07=A:BELØB=4:SÆSON=EJSÆSON,2017-06-01,9586.0
DST:FIKS22:BRANCHE07=A:BELØB=4:SÆSON=EJSÆSON,2017-07-01,9554.0
DST:FIKS22:BRANCHE07=A:BELØB=4:SÆSON=EJSÆSON,2017-08-01,10117.0
DST:FIKS22:BRANCHE07=A:BELØB=4:SÆSON=EJSÆSON,2017-09-01,10398.0
DST:FIKS22:BRANCHE07=A:BELØB=4:SÆSON=EJSÆSON,2017-10-01,9041.0
DST:FIKS22:BRANCHE07=A:BELØB=4:SÆSON=EJSÆSON,2017-11-01,10192.0
DST:FIKS22:BRANCHE07=A:BELØB=4:SÆSON=EJSÆSON,2017-12-01,13056.0
DST:FIKS22:BRANCHE07=A:BELØB=4:SÆSON=EJSÆSON,2018-01-01,7173.0
DST:FIKS22:BRANCHE07=A:BELØB=4:SÆSON=EJSÆSON,2018-02-01,7752.0
DST:FIKS22:BRANCHE07=A:BELØB=4:SÆSON=EJSÆSON,2018-03-01,9084.0
DST:FIKS22:BRANCHE07=A:BELØB=4:SÆSON=EJSÆSON,2018-04-01,9223.0
DST:FIKS22:BRANCHE07=A:BELØB=4:SÆSON=EJSÆSON,2018-05-01,9121.0
DST:FIKS22:BRANCHE07=A:BELØB=4:SÆSON=EJSÆSON,2018-06-01,8992.0
DST:FIKS22:BRANCHE07=A:BELØB=4:SÆSON=EJSÆSON,2018-07-01,7796.0
DST:FIKS22:BRANCHE07=A:BELØB=4:SÆSON=EJSÆSON,2018-08-01,9652.0
DST:FIKS22:BRANCHE07=A:BELØB=4:SÆSON=EJSÆSON,2018-09-01,9932.0
DST:FIKS22:BRANCHE07=A:BELØB=4:SÆSON=EJSÆSON,2018-10-01,9292.0
DST:FIKS22:BRANCHE07=A:BELØB=4:SÆSON=EJSÆSON,2018-11-01,9852.0
DST:FIKS22:BRANCHE07=A:BELØB=4:SÆSON=EJSÆSON,2018-12-01,11294.0
DST:FIKS22:BRANCHE07=A:BELØB=4:SÆSON=EJSÆSON,2019-01-01,7319.0
DST:FIKS22:BRANCHE07=A:BELØB=4:SÆSON=EJSÆSON,2019-02-01,8453.0
DST:FIKS22:BRANCHE07=A:BELØB=4:SÆSON=EJSÆSON,2019-03-01,8131.0
DST:FIKS22:BRANCHE07=A:BELØB=4:SÆSON=EJSÆSON,2019-04-01,9176.0
DST:FIKS22:BRANCHE07=A:BELØB=4:SÆSON=EJSÆSON,2019-05-01,9272.0
DST:FIKS22:BRANCHE07=A:BELØB=4:SÆSON=EJSÆSON,2019-06-01,9269.0
DST:FIKS22:BRANCHE07=A:BELØB=4:SÆSON=EJSÆSON,2019-07-01,9050.0
DST:FIKS22:BRANCHE07=A:BELØB=4:SÆSON=EJSÆSON,2019-08-01,9919.0
DST:FIKS22:BRANCHE07=A:BELØB=4:SÆSON=EJSÆSON,2019-09-01,10797.0
DST:FIKS22:BRANCHE07=A:BELØB=4:SÆSON=EJSÆSON,2019-10-01,10765.0
DST:FIKS22:BRANCHE07=A:BELØB=4:SÆSON=EJSÆSON,2019-11-01,10672.0
DST:FIKS22:BRANCHE07=A:BELØB=4:SÆSON=EJSÆSON,2019-12-01,13871.0
DST:FIKS22:BRANCHE07=A:BELØB=4:SÆSON=EJSÆSON,2020-01-01,9055.0
DST:FIKS22:BRANCHE07=A:BELØB=4:SÆSON=EJSÆSON,2020-02-01,9316.0
DST:FIKS22:BRANCHE07=A:BELØB=4:SÆSON=EJSÆSON,2020-03-01,10411.0
DST:FIKS22:BRANCHE07=A:BELØB=4:SÆSON=EJSÆSON,2020-04-01,9908.0
DST:FIKS22:BRANCHE07=A:BELØB=4:SÆSON=EJSÆSON,2020-05-01,8741.0
DST:FIKS22:BRANCHE07=A:BELØB=4:SÆSON=EJSÆSON,2020-06-01,9549.0
DST:FIKS22:BRANCHE07=A:BELØB=4:SÆSON=EJSÆSON,2020-07-01,8756.0
DST:FIKS22:BRANCHE07=A:BELØB=4:SÆSON=EJSÆSON,2020-08-01,9578.0
DST:FIKS22:BRANCHE07=A:BELØB=4:SÆSON=EJSÆSON,2020-09-01,10704.0
DST:FIKS22:BRANCHE07=A:BELØB=4:SÆSON=EJSÆSON,2020-10-01,10140.0
DST:FIKS22:BRANCHE07=A:BELØB=4:SÆSON=EJSÆSON,2020-11-01,11085.0
DST:FIKS22:BRANCHE07=A:BELØB=4:SÆSON=EJSÆSON,2020-12-01,12637.0
DST:FIKS22:BRANCHE07=A:BELØB=4:SÆSON=EJSÆSON,2021-01-01,7926.0
DST:FIKS22:BRANCHE07=A:BELØB=4:SÆSON=EJSÆSON,2021-02-01,8345.0
DST:FIKS22:BRANCHE07=A:BELØB=4:SÆSON=EJSÆSON,2021-03-01,10947.0
DST:FIKS22:BRANCHE07=A:BELØB=4:SÆSON=EJSÆSON,2021-04-01,9209.0
DST:FIKS22:BRANCHE07=A:BELØB=4:SÆSON=EJSÆSON,2021-05-01,9203.0
DST:FIKS22:BRANCHE07=A:BELØB=4:SÆSON=EJSÆSON,2021-06-01,10535.0
DST:FIKS22:BRANCHE07=A:BELØB=4:SÆSON=EJSÆSON,2021-07-01,9361.0
DST:FIKS22:BRANCHE07=A:BELØB=4:SÆSON=EJSÆSON,2021-08-01,9565.0
DST:FIKS22:BRANCHE07=A:BELØB=4:SÆSON=EJSÆSON,2021-09-01,10479.0
DST:FIKS22:BRANCHE07=A:BELØB=4:SÆSON=EJSÆSON,2021-10-01,9694.0
DST:FIKS22:BRANCHE07=A:BELØB=4:SÆSON=EJSÆSON,2021-11-01,10988.0
DST:FIKS22:BRANCHE07=A:BELØB=4:SÆSON=EJSÆSON,2021-12-01,14733.0
DST:FIKS22:BRANCHE07=A:BELØB=4:SÆSON=EJSÆSON,2022-01-01,11613.0
DST:FIKS22:BRANCHE07=A:BELØB=4:SÆSON=EJSÆSON,2022-02-01,8662.0
DST:FIKS22:BRANCHE07=A:BELØB=4:SÆSON=EJSÆSON,2022-03-01,11305.0
DST:FIKS22:BRANCHE07=A:BELØB=4:SÆSON=EJSÆSON,2022-04-01,9860.0
DST:FIKS22:BRANCHE07=A:BELØB=4:SÆSON=EJSÆSON,2022-05-01,9935.0
DST:FIKS22:BRANCHE07=A:BELØB=4:SÆSON=EJSÆSON,2022-06-01,11116.0
DST:FIKS22:BRANCHE07=A:BELØB=4:SÆSON=EJSÆSON,2022-07-01,10341.0
DST:FIKS22:BRANCHE07=A:BELØB=4:SÆSON=EJSÆSON,2022-08-01,12667.0
DST:FIKS22:BRANCHE07=A:BELØB=4:SÆSON=EJSÆSON,2022-09-01,13462.0
DST:FIKS22:BRANCHE07=A:BELØB=4:SÆSON=EJSÆSON,2022-10-01,12082.0
DST:FIKS22:BRANCHE07=A:BELØB=4:SÆSON=EJSÆSON,2022-11-01,13151.0
DST:FIKS22:BRANCHE07=A:BELØB=4:SÆSON=EJSÆSON,2022-12-01,18394.0
DST:FIKS22:BRANCHE07=A:BELØB=4:SÆSON=EJSÆSON,2023-01-01,13347.0
DST:FIKS22:BRANCHE07=A:BELØB=4:SÆSON=EJSÆSON,2023-02-01,9958.0
DST:FIKS22:BRANCHE07=A:BELØB=4:SÆSON=EJSÆSON,2023-03-01,12729.0
DST:FIKS22:BRANCHE07=A:BELØB=4:SÆSON=EJSÆSON,2023-04-01,10089.0
DST:FIKS22:BRANCHE07=A:BELØB=4:SÆSON=EJSÆSON,2023-05-01,11252.0
DST:FIKS22:BRANCHE07=A:BELØB=4:SÆSON=EJSÆSON,2023-06-01,12688.0
DST:FIKS22:BRANCHE07=A:BELØB=4:SÆSON=EJSÆSON,2023-07-01,9260.0
DST:FIKS22:BRANCHE07=A:BELØB=4:SÆSON=EJSÆSON,2023-08-01,12287.0
DST:FIKS22:BRANCHE07=A:BELØB=4:SÆSON=EJSÆSON,2023-09-01,12199.0
DST:FIKS22:BRANCHE07=A:BELØB=4:SÆSON=EJSÆSON,2023-10-01,10673.0
DST:FIKS22:BRANCHE07=A:BELØB=4:SÆSON=EJSÆSON,2023-11-01,12057.0
DST:FIKS22:BRANCHE07=A:BELØB=4:SÆSON=EJSÆSON,2023-12-01,15021.0
DST:FIKS22:BRANCHE07=A:BELØB=4:SÆSON=EJSÆSON,2024-01-01,10246.0
DST:FIKS22:BRANCHE07=A:BELØB=4:SÆSON=EJSÆSON,2024-02-01,10657.0
DST:FIKS22:BRANCHE07=A:BELØB=4:SÆSON=EJSÆSON,2024-03-01,11298.0
DST:FIKS22:BRANCHE07=A:BELØB=4:SÆSON=EJSÆSON,2024-04-01,10996.0
DST:FIKS22:BRANCHE07=A:BELØB=4:SÆSON=EJSÆSON,2024-05-01,11537.0
DST:FIKS22:BRANCHE07=A:BELØB=4:SÆSON=EJSÆSON,2024-06-01,11479.0
DST:FIKS22:BRANCHE07=A:BELØB=4:SÆSON=EJSÆSON,2024-07-01,9899.0
DST:FIKS22:BRANCHE07=A:BELØB=4:SÆSON=EJSÆSON,2024-08-01,10951.0
DST:FIKS22:BRANCHE07=A:BELØB=4:SÆSON=EJSÆSON,2024-09-01,11186.0
DST:FIKS22:BRANCHE07=A:BELØB=4:SÆSON=EJSÆSON,2024-10-01,11915.0
DST:FIKS22:BRANCHE07=A:BELØB=4:SÆSON=EJSÆSON,2024-11-01,11769.0
DST:FIKS22:BRANCHE07=A:BELØB=4:SÆSON=EJSÆSON,2024-12-01,14998.0
DST:FIKS22:BRANCHE07=A:BELØB=4:SÆSON=EJSÆSON,2025-01-01,10491.0
DST:FIKS22:BRANCHE07=A:BELØB=4:SÆSON=EJSÆSON,2025-02-01,10344.0
DST:FIKS22:BRANCHE07=A:BELØB=4:SÆSON=EJSÆSON,2025-03-01,11798.0
DST:FIKS22:BRANCHE07=A:BELØB=4:SÆSON=EJSÆSON,2025-04-01,11714.0
DST:FIKS22:BRANCHE07=A:BELØB=4:SÆSON=EJSÆSON,2025-05-01,11160.0
DST:FIKS22:BRANCHE07=A:BELØB=4:SÆSON=EJSÆSON,2025-06-01,12113.0
DST:FIKS22:BRANCHE07=A:BELØB=4:SÆSON=EJSÆSON,2025-07-01,11770.0
DST:FIKS22:BRANCHE07=A:BELØB=4:SÆSON=EJSÆSON,2025-08-01,12219.0
DST:FIKS22:BRANCHE07=A:BELØB=4:SÆSON=EJSÆSON,2025-09-01,13308.0
DST:FIKS22:BRANCHE07=A:BELØB=4:SÆSON=EJSÆSON,2025-10-01,12576.0
DST:FIKS22:BRANCHE07=A:BELØB=4:SÆSON=EJSÆSON,2025-11-01,12416.0
DST:FIKS22:BRANCHE07=A:BELØB=4:SÆSON=EJSÆSON,2025-12-01,13954.0
DST:FIKS22:BRANCHE07=A:BELØB=4:SÆSON=EJSÆSON,2026-01-01,9854.0
DST:FIKS22:BRANCHE07=A:BELØB=4:SÆSON=EJSÆSON,2026-02-01,9626.0
DST:FIKS22:BRANCHE07=A:BELØB=4:SÆSON=EJSÆSON,2026-03-01,11976.0
DST:FIKS22:BRANCHE07=A:BELØB=4:SÆSON=SÆSON,2009-01-01,7308.0
DST:FIKS22:BRANCHE07=A:BELØB=4:SÆSON=SÆSON,2009-02-01,6896.0
DST:FIKS22:BRANCHE07=A:BELØB=4:SÆSON=SÆSON,2009-03-01,6810.0
DST:FIKS22:BRANCHE07=A:BELØB=4:SÆSON=SÆSON,2009-04-01,7115.0
DST:FIKS22:BRANCHE07=A:BELØB=4:SÆSON=SÆSON,2009-05-01,6898.0
DST:FIKS22:BRANCHE07=A:BELØB=4:SÆSON=SÆSON,2009-06-01,6966.0
DST:FIKS22:BRANCHE07=A:BELØB=4:SÆSON=SÆSON,2009-07-01,7413.0
DST:FIKS22:BRANCHE07=A:BELØB=4:SÆSON=SÆSON,2009-08-01,6840.0
DST:FIKS22:BRANCHE07=A:BELØB=4:SÆSON=SÆSON,2009-09-01,6905.0
DST:FIKS22:BRANCHE07=A:BELØB=4:SÆSON=SÆSON,2009-10-01,7076.0
DST:FIKS22:BRANCHE07=A:BELØB=4:SÆSON=SÆSON,2009-11-01,7067.0
DST:FIKS22:BRANCHE07=A:BELØB=4:SÆSON=SÆSON,2009-12-01,6751.0
DST:FIKS22:BRANCHE07=A:BELØB=4:SÆSON=SÆSON,2010-01-01,6723.0
DST:FIKS22:BRANCHE07=A:BELØB=4:SÆSON=SÆSON,2010-02-01,6882.0
DST:FIKS22:BRANCHE07=A:BELØB=4:SÆSON=SÆSON,2010-03-01,7360.0
DST:FIKS22:BRANCHE07=A:BELØB=4:SÆSON=SÆSON,2010-04-01,6972.0
DST:FIKS22:BRANCHE07=A:BELØB=4:SÆSON=SÆSON,2010-05-01,7584.0
DST:FIKS22:BRANCHE07=A:BELØB=4:SÆSON=SÆSON,2010-06-01,7560.0
DST:FIKS22:BRANCHE07=A:BELØB=4:SÆSON=SÆSON,2010-07-01,7732.0
DST:FIKS22:BRANCHE07=A:BELØB=4:SÆSON=SÆSON,2010-08-01,8054.0
DST:FIKS22:BRANCHE07=A:BELØB=4:SÆSON=SÆSON,2010-09-01,7578.0
DST:FIKS22:BRANCHE07=A:BELØB=4:SÆSON=SÆSON,2010-10-01,7788.0
DST:FIKS22:BRANCHE07=A:BELØB=4:SÆSON=SÆSON,2010-11-01,7975.0
DST:FIKS22:BRANCHE07=A:BELØB=4:SÆSON=SÆSON,2010-12-01,7818.0
DST:FIKS22:BRANCHE07=A:BELØB=4:SÆSON=SÆSON,2011-01-01,7930.0
DST:FIKS22:BRANCHE07=A:BELØB=4:SÆSON=SÆSON,2011-02-01,8199.0
DST:FIKS22:BRANCHE07=A:BELØB=4:SÆSON=SÆSON,2011-03-01,8307.0
DST:FIKS22:BRANCHE07=A:BELØB=4:SÆSON=SÆSON,2011-04-01,8316.0
DST:FIKS22:BRANCHE07=A:BELØB=4:SÆSON=SÆSON,2011-05-01,8197.0
DST:FIKS22:BRANCHE07=A:BELØB=4:SÆSON=SÆSON,2011-06-01,8036.0
DST:FIKS22:BRANCHE07=A:BELØB=4:SÆSON=SÆSON,2011-07-01,7861.0
DST:FIKS22:BRANCHE07=A:BELØB=4:SÆSON=SÆSON,2011-08-01,8139.0
DST:FIKS22:BRANCHE07=A:BELØB=4:SÆSON=SÆSON,2011-09-01,8215.0
DST:FIKS22:BRANCHE07=A:BELØB=4:SÆSON=SÆSON,2011-10-01,8499.0
DST:FIKS22:BRANCHE07=A:BELØB=4:SÆSON=SÆSON,2011-11-01,8413.0
DST:FIKS22:BRANCHE07=A:BELØB=4:SÆSON=SÆSON,2011-12-01,8557.0
DST:FIKS22:BRANCHE07=A:BELØB=4:SÆSON=SÆSON,2012-01-01,8377.0
DST:FIKS22:BRANCHE07=A:BELØB=4:SÆSON=SÆSON,2012-02-01,8498.0
DST:FIKS22:BRANCHE07=A:BELØB=4:SÆSON=SÆSON,2012-03-01,8562.0
DST:FIKS22:BRANCHE07=A:BELØB=4:SÆSON=SÆSON,2012-04-01,8764.0
DST:FIKS22:BRANCHE07=A:BELØB=4:SÆSON=SÆSON,2012-05-01,8739.0
DST:FIKS22:BRANCHE07=A:BELØB=4:SÆSON=SÆSON,2012-06-01,8797.0
DST:FIKS22:BRANCHE07=A:BELØB=4:SÆSON=SÆSON,2012-07-01,9017.0
DST:FIKS22:BRANCHE07=A:BELØB=4:SÆSON=SÆSON,2012-08-01,8960.0
DST:FIKS22:BRANCHE07=A:BELØB=4:SÆSON=SÆSON,2012-09-01,9825.0
DST:FIKS22:BRANCHE07=A:BELØB=4:SÆSON=SÆSON,2012-10-01,9164.0
DST:FIKS22:BRANCHE07=A:BELØB=4:SÆSON=SÆSON,2012-11-01,8925.0
DST:FIKS22:BRANCHE07=A:BELØB=4:SÆSON=SÆSON,2012-12-01,9611.0
DST:FIKS22:BRANCHE07=A:BELØB=4:SÆSON=SÆSON,2013-01-01,9785.0
DST:FIKS22:BRANCHE07=A:BELØB=4:SÆSON=SÆSON,2013-02-01,10283.0
DST:FIKS22:BRANCHE07=A:BELØB=4:SÆSON=SÆSON,2013-03-01,8807.0
DST:FIKS22:BRANCHE07=A:BELØB=4:SÆSON=SÆSON,2013-04-01,9200.0
DST:FIKS22:BRANCHE07=A:BELØB=4:SÆSON=SÆSON,2013-05-01,8937.0
DST:FIKS22:BRANCHE07=A:BELØB=4:SÆSON=SÆSON,2013-06-01,10030.0
DST:FIKS22:BRANCHE07=A:BELØB=4:SÆSON=SÆSON,2013-07-01,9260.0
DST:FIKS22:BRANCHE07=A:BELØB=4:SÆSON=SÆSON,2013-08-01,8985.0
DST:FIKS22:BRANCHE07=A:BELØB=4:SÆSON=SÆSON,2013-09-01,9615.0
DST:FIKS22:BRANCHE07=A:BELØB=4:SÆSON=SÆSON,2013-10-01,9158.0
DST:FIKS22:BRANCHE07=A:BELØB=4:SÆSON=SÆSON,2013-11-01,8952.0
DST:FIKS22:BRANCHE07=A:BELØB=4:SÆSON=SÆSON,2013-12-01,9513.0
DST:FIKS22:BRANCHE07=A:BELØB=4:SÆSON=SÆSON,2014-01-01,9705.0
DST:FIKS22:BRANCHE07=A:BELØB=4:SÆSON=SÆSON,2014-02-01,9467.0
DST:FIKS22:BRANCHE07=A:BELØB=4:SÆSON=SÆSON,2014-03-01,9490.0
DST:FIKS22:BRANCHE07=A:BELØB=4:SÆSON=SÆSON,2014-04-01,10274.0
DST:FIKS22:BRANCHE07=A:BELØB=4:SÆSON=SÆSON,2014-05-01,8274.0
DST:FIKS22:BRANCHE07=A:BELØB=4:SÆSON=SÆSON,2014-06-01,9344.0
DST:FIKS22:BRANCHE07=A:BELØB=4:SÆSON=SÆSON,2014-07-01,9368.0
DST:FIKS22:BRANCHE07=A:BELØB=4:SÆSON=SÆSON,2014-08-01,9113.0
DST:FIKS22:BRANCHE07=A:BELØB=4:SÆSON=SÆSON,2014-09-01,8765.0
DST:FIKS22:BRANCHE07=A:BELØB=4:SÆSON=SÆSON,2014-10-01,8566.0
DST:FIKS22:BRANCHE07=A:BELØB=4:SÆSON=SÆSON,2014-11-01,9293.0
DST:FIKS22:BRANCHE07=A:BELØB=4:SÆSON=SÆSON,2014-12-01,8257.0
DST:FIKS22:BRANCHE07=A:BELØB=4:SÆSON=SÆSON,2015-01-01,8935.0
DST:FIKS22:BRANCHE07=A:BELØB=4:SÆSON=SÆSON,2015-02-01,8995.0
DST:FIKS22:BRANCHE07=A:BELØB=4:SÆSON=SÆSON,2015-03-01,8950.0
DST:FIKS22:BRANCHE07=A:BELØB=4:SÆSON=SÆSON,2015-04-01,8842.0
DST:FIKS22:BRANCHE07=A:BELØB=4:SÆSON=SÆSON,2015-05-01,8823.0
DST:FIKS22:BRANCHE07=A:BELØB=4:SÆSON=SÆSON,2015-06-01,8817.0
DST:FIKS22:BRANCHE07=A:BELØB=4:SÆSON=SÆSON,2015-07-01,8431.0
DST:FIKS22:BRANCHE07=A:BELØB=4:SÆSON=SÆSON,2015-08-01,8834.0
DST:FIKS22:BRANCHE07=A:BELØB=4:SÆSON=SÆSON,2015-09-01,7728.0
DST:FIKS22:BRANCHE07=A:BELØB=4:SÆSON=SÆSON,2015-10-01,9538.0
DST:FIKS22:BRANCHE07=A:BELØB=4:SÆSON=SÆSON,2015-11-01,8790.0
DST:FIKS22:BRANCHE07=A:BELØB=4:SÆSON=SÆSON,2015-12-01,8565.0
DST:FIKS22:BRANCHE07=A:BELØB=4:SÆSON=SÆSON,2016-01-01,8240.0
DST:FIKS22:BRANCHE07=A:BELØB=4:SÆSON=SÆSON,2016-02-01,8660.0
DST:FIKS22:BRANCHE07=A:BELØB=4:SÆSON=SÆSON,2016-03-01,8560.0
DST:FIKS22:BRANCHE07=A:BELØB=4:SÆSON=SÆSON,2016-04-01,8325.0
DST:FIKS22:BRANCHE07=A:BELØB=4:SÆSON=SÆSON,2016-05-01,8292.0
DST:FIKS22:BRANCHE07=A:BELØB=4:SÆSON=SÆSON,2016-06-01,8432.0
DST:FIKS22:BRANCHE07=A:BELØB=4:SÆSON=SÆSON,2016-07-01,8680.0
DST:FIKS22:BRANCHE07=A:BELØB=4:SÆSON=SÆSON,2016-08-01,8666.0
DST:FIKS22:BRANCHE07=A:BELØB=4:SÆSON=SÆSON,2016-09-01,8486.0
DST:FIKS22:BRANCHE07=A:BELØB=4:SÆSON=SÆSON,2016-10-01,9156.0
DST:FIKS22:BRANCHE07=A:BELØB=4:SÆSON=SÆSON,2016-11-01,8734.0
DST:FIKS22:BRANCHE07=A:BELØB=4:SÆSON=SÆSON,2016-12-01,9088.0
DST:FIKS22:BRANCHE07=A:BELØB=4:SÆSON=SÆSON,2017-01-01,8632.0
DST:FIKS22:BRANCHE07=A:BELØB=4:SÆSON=SÆSON,2017-02-01,9004.0
DST:FIKS22:BRANCHE07=A:BELØB=4:SÆSON=SÆSON,2017-03-01,9084.0
DST:FIKS22:BRANCHE07=A:BELØB=4:SÆSON=SÆSON,2017-04-01,8800.0
DST:FIKS22:BRANCHE07=A:BELØB=4:SÆSON=SÆSON,2017-05-01,9959.0
DST:FIKS22:BRANCHE07=A:BELØB=4:SÆSON=SÆSON,2017-06-01,9332.0
DST:FIKS22:BRANCHE07=A:BELØB=4:SÆSON=SÆSON,2017-07-01,11294.0
DST:FIKS22:BRANCHE07=A:BELØB=4:SÆSON=SÆSON,2017-08-01,9713.0
DST:FIKS22:BRANCHE07=A:BELØB=4:SÆSON=SÆSON,2017-09-01,9479.0
DST:FIKS22:BRANCHE07=A:BELØB=4:SÆSON=SÆSON,2017-10-01,9065.0
DST:FIKS22:BRANCHE07=A:BELØB=4:SÆSON=SÆSON,2017-11-01,9467.0
DST:FIKS22:BRANCHE07=A:BELØB=4:SÆSON=SÆSON,2017-12-01,10199.0
DST:FIKS22:BRANCHE07=A:BELØB=4:SÆSON=SÆSON,2018-01-01,9002.0
DST:FIKS22:BRANCHE07=A:BELØB=4:SÆSON=SÆSON,2018-02-01,8944.0
DST:FIKS22:BRANCHE07=A:BELØB=4:SÆSON=SÆSON,2018-03-01,9129.0
DST:FIKS22:BRANCHE07=A:BELØB=4:SÆSON=SÆSON,2018-04-01,9437.0
DST:FIKS22:BRANCHE07=A:BELØB=4:SÆSON=SÆSON,2018-05-01,9211.0
DST:FIKS22:BRANCHE07=A:BELØB=4:SÆSON=SÆSON,2018-06-01,9113.0
DST:FIKS22:BRANCHE07=A:BELØB=4:SÆSON=SÆSON,2018-07-01,8913.0
DST:FIKS22:BRANCHE07=A:BELØB=4:SÆSON=SÆSON,2018-08-01,9281.0
DST:FIKS22:BRANCHE07=A:BELØB=4:SÆSON=SÆSON,2018-09-01,9378.0
DST:FIKS22:BRANCHE07=A:BELØB=4:SÆSON=SÆSON,2018-10-01,9182.0
DST:FIKS22:BRANCHE07=A:BELØB=4:SÆSON=SÆSON,2018-11-01,8991.0
DST:FIKS22:BRANCHE07=A:BELØB=4:SÆSON=SÆSON,2018-12-01,8793.0
DST:FIKS22:BRANCHE07=A:BELØB=4:SÆSON=SÆSON,2019-01-01,9011.0
DST:FIKS22:BRANCHE07=A:BELØB=4:SÆSON=SÆSON,2019-02-01,9843.0
DST:FIKS22:BRANCHE07=A:BELØB=4:SÆSON=SÆSON,2019-03-01,7940.0
DST:FIKS22:BRANCHE07=A:BELØB=4:SÆSON=SÆSON,2019-04-01,9454.0
DST:FIKS22:BRANCHE07=A:BELØB=4:SÆSON=SÆSON,2019-05-01,9567.0
DST:FIKS22:BRANCHE07=A:BELØB=4:SÆSON=SÆSON,2019-06-01,9702.0
DST:FIKS22:BRANCHE07=A:BELØB=4:SÆSON=SÆSON,2019-07-01,10157.0
DST:FIKS22:BRANCHE07=A:BELØB=4:SÆSON=SÆSON,2019-08-01,9641.0
DST:FIKS22:BRANCHE07=A:BELØB=4:SÆSON=SÆSON,2019-09-01,10095.0
DST:FIKS22:BRANCHE07=A:BELØB=4:SÆSON=SÆSON,2019-10-01,10434.0
DST:FIKS22:BRANCHE07=A:BELØB=4:SÆSON=SÆSON,2019-11-01,10054.0
DST:FIKS22:BRANCHE07=A:BELØB=4:SÆSON=SÆSON,2019-12-01,10583.0
DST:FIKS22:BRANCHE07=A:BELØB=4:SÆSON=SÆSON,2020-01-01,10736.0
DST:FIKS22:BRANCHE07=A:BELØB=4:SÆSON=SÆSON,2020-02-01,10707.0
DST:FIKS22:BRANCHE07=A:BELØB=4:SÆSON=SÆSON,2020-03-01,10031.0
DST:FIKS22:BRANCHE07=A:BELØB=4:SÆSON=SÆSON,2020-04-01,10331.0
DST:FIKS22:BRANCHE07=A:BELØB=4:SÆSON=SÆSON,2020-05-01,9475.0
DST:FIKS22:BRANCHE07=A:BELØB=4:SÆSON=SÆSON,2020-06-01,9748.0
DST:FIKS22:BRANCHE07=A:BELØB=4:SÆSON=SÆSON,2020-07-01,9532.0
DST:FIKS22:BRANCHE07=A:BELØB=4:SÆSON=SÆSON,2020-08-01,9829.0
DST:FIKS22:BRANCHE07=A:BELØB=4:SÆSON=SÆSON,2020-09-01,9889.0
DST:FIKS22:BRANCHE07=A:BELØB=4:SÆSON=SÆSON,2020-10-01,9865.0
DST:FIKS22:BRANCHE07=A:BELØB=4:SÆSON=SÆSON,2020-11-01,10652.0
DST:FIKS22:BRANCHE07=A:BELØB=4:SÆSON=SÆSON,2020-12-01,9240.0
DST:FIKS22:BRANCHE07=A:BELØB=4:SÆSON=SÆSON,2021-01-01,9856.0
DST:FIKS22:BRANCHE07=A:BELØB=4:SÆSON=SÆSON,2021-02-01,9825.0
DST:FIKS22:BRANCHE07=A:BELØB=4:SÆSON=SÆSON,2021-03-01,10403.0
DST:FIKS22:BRANCHE07=A:BELØB=4:SÆSON=SÆSON,2021-04-01,9832.0
DST:FIKS22:BRANCHE07=A:BELØB=4:SÆSON=SÆSON,2021-05-01,10026.0
DST:FIKS22:BRANCHE07=A:BELØB=4:SÆSON=SÆSON,2021-06-01,10269.0
DST:FIKS22:BRANCHE07=A:BELØB=4:SÆSON=SÆSON,2021-07-01,10223.0
DST:FIKS22:BRANCHE07=A:BELØB=4:SÆSON=SÆSON,2021-08-01,9588.0
DST:FIKS22:BRANCHE07=A:BELØB=4:SÆSON=SÆSON,2021-09-01,9688.0
DST:FIKS22:BRANCHE07=A:BELØB=4:SÆSON=SÆSON,2021-10-01,9782.0
DST:FIKS22:BRANCHE07=A:BELØB=4:SÆSON=SÆSON,2021-11-01,10289.0
DST:FIKS22:BRANCHE07=A:BELØB=4:SÆSON=SÆSON,2021-12-01,10348.0
DST:FIKS22:BRANCHE07=A:BELØB=4:SÆSON=SÆSON,2022-01-01,14067.0
DST:FIKS22:BRANCHE07=A:BELØB=4:SÆSON=SÆSON,2022-02-01,10211.0
DST:FIKS22:BRANCHE07=A:BELØB=4:SÆSON=SÆSON,2022-03-01,10551.0
DST:FIKS22:BRANCHE07=A:BELØB=4:SÆSON=SÆSON,2022-04-01,10650.0
DST:FIKS22:BRANCHE07=A:BELØB=4:SÆSON=SÆSON,2022-05-01,10685.0
DST:FIKS22:BRANCHE07=A:BELØB=4:SÆSON=SÆSON,2022-06-01,10795.0
DST:FIKS22:BRANCHE07=A:BELØB=4:SÆSON=SÆSON,2022-07-01,11652.0
DST:FIKS22:BRANCHE07=A:BELØB=4:SÆSON=SÆSON,2022-08-01,12572.0
DST:FIKS22:BRANCHE07=A:BELØB=4:SÆSON=SÆSON,2022-09-01,12279.0
DST:FIKS22:BRANCHE07=A:BELØB=4:SÆSON=SÆSON,2022-10-01,12427.0
DST:FIKS22:BRANCHE07=A:BELØB=4:SÆSON=SÆSON,2022-11-01,12420.0
DST:FIKS22:BRANCHE07=A:BELØB=4:SÆSON=SÆSON,2022-12-01,13185.0
DST:FIKS22:BRANCHE07=A:BELØB=4:SÆSON=SÆSON,2023-01-01,15588.0
DST:FIKS22:BRANCHE07=A:BELØB=4:SÆSON=SÆSON,2023-02-01,11748.0
DST:FIKS22:BRANCHE07=A:BELØB=4:SÆSON=SÆSON,2023-03-01,11852.0
DST:FIKS22:BRANCHE07=A:BELØB=4:SÆSON=SÆSON,2023-04-01,11287.0
DST:FIKS22:BRANCHE07=A:BELØB=4:SÆSON=SÆSON,2023-05-01,12129.0
DST:FIKS22:BRANCHE07=A:BELØB=4:SÆSON=SÆSON,2023-06-01,11984.0
DST:FIKS22:BRANCHE07=A:BELØB=4:SÆSON=SÆSON,2023-07-01,10585.0
DST:FIKS22:BRANCHE07=A:BELØB=4:SÆSON=SÆSON,2023-08-01,11959.0
DST:FIKS22:BRANCHE07=A:BELØB=4:SÆSON=SÆSON,2023-09-01,11527.0
DST:FIKS22:BRANCHE07=A:BELØB=4:SÆSON=SÆSON,2023-10-01,10739.0
DST:FIKS22:BRANCHE07=A:BELØB=4:SÆSON=SÆSON,2023-11-01,11307.0
DST:FIKS22:BRANCHE07=A:BELØB=4:SÆSON=SÆSON,2023-12-01,11538.0
DST:FIKS22:BRANCHE07=A:BELØB=4:SÆSON=SÆSON,2024-01-01,12025.0
DST:FIKS22:BRANCHE07=A:BELØB=4:SÆSON=SÆSON,2024-02-01,11921.0
DST:FIKS22:BRANCHE07=A:BELØB=4:SÆSON=SÆSON,2024-03-01,11722.0
DST:FIKS22:BRANCHE07=A:BELØB=4:SÆSON=SÆSON,2024-04-01,11441.0
DST:FIKS22:BRANCHE07=A:BELØB=4:SÆSON=SÆSON,2024-05-01,11672.0
DST:FIKS22:BRANCHE07=A:BELØB=4:SÆSON=SÆSON,2024-06-01,11408.0
DST:FIKS22:BRANCHE07=A:BELØB=4:SÆSON=SÆSON,2024-07-01,10926.0
DST:FIKS22:BRANCHE07=A:BELØB=4:SÆSON=SÆSON,2024-08-01,10673.0
DST:FIKS22:BRANCHE07=A:BELØB=4:SÆSON=SÆSON,2024-09-01,10794.0
DST:FIKS22:BRANCHE07=A:BELØB=4:SÆSON=SÆSON,2024-10-01,11676.0
DST:FIKS22:BRANCHE07=A:BELØB=4:SÆSON=SÆSON,2024-11-01,11174.0
DST:FIKS22:BRANCHE07=A:BELØB=4:SÆSON=SÆSON,2024-12-01,11505.0
DST:FIKS22:BRANCHE07=A:BELØB=4:SÆSON=SÆSON,2025-01-01,11910.0
DST:FIKS22:BRANCHE07=A:BELØB=4:SÆSON=SÆSON,2025-02-01,12156.0
DST:FIKS22:BRANCHE07=A:BELØB=4:SÆSON=SÆSON,2025-03-01,11732.0
DST:FIKS22:BRANCHE07=A:BELØB=4:SÆSON=SÆSON,2025-04-01,12551.0
DST:FIKS22:BRANCHE07=A:BELØB=4:SÆSON=SÆSON,2025-05-01,11484.0
DST:FIKS22:BRANCHE07=A:BELØB=4:SÆSON=SÆSON,2025-06-01,12366.0
DST:FIKS22:BRANCHE07=A:BELØB=4:SÆSON=SÆSON,2025-07-01,12781.0
DST:FIKS22:BRANCHE07=A:BELØB=4:SÆSON=SÆSON,2025-08-01,12367.0
DST:FIKS22:BRANCHE07=A:BELØB=4:SÆSON=SÆSON,2025-09-01,12487.0
DST:FIKS22:BRANCHE07=A:BELØB=4:SÆSON=SÆSON,2025-10-01,12239.0
DST:FIKS22:BRANCHE07=A:BELØB=4:SÆSON=SÆSON,2025-11-01,12212.0
DST:FIKS22:BRANCHE07=A:BELØB=4:SÆSON=SÆSON,2025-12-01,10892.0
DST:FIKS22:BRANCHE07=A:BELØB=4:SÆSON=SÆSON,2026-01-01,11548.0
DST:FIKS22:BRANCHE07=A:BELØB=4:SÆSON=SÆSON,2026-02-01,11278.0
DST:FIKS22:BRANCHE07=A:BELØB=4:SÆSON=SÆSON,2026-03-01,11666.0
DST:FIKS22:BRANCHE07=B:BELØB=0:SÆSON=EJSÆSON,2009-01-01,231.0
DST:FIKS22:BRANCHE07=B:BELØB=0:SÆSON=EJSÆSON,2009-02-01,252.0
DST:FIKS22:BRANCHE07=B:BELØB=0:SÆSON=EJSÆSON,2009-03-01,267.0
DST:FIKS22:BRANCHE07=B:BELØB=0:SÆSON=EJSÆSON,2009-04-01,268.0
DST:FIKS22:BRANCHE07=B:BELØB=0:SÆSON=EJSÆSON,2009-05-01,265.0
DST:FIKS22:BRANCHE07=B:BELØB=0:SÆSON=EJSÆSON,2009-06-01,278.0
DST:FIKS22:BRANCHE07=B:BELØB=0:SÆSON=EJSÆSON,2009-07-01,256.0
DST:FIKS22:BRANCHE07=B:BELØB=0:SÆSON=EJSÆSON,2009-08-01,239.0
DST:FIKS22:BRANCHE07=B:BELØB=0:SÆSON=EJSÆSON,2009-09-01,281.0
DST:FIKS22:BRANCHE07=B:BELØB=0:SÆSON=EJSÆSON,2009-10-01,249.0
DST:FIKS22:BRANCHE07=B:BELØB=0:SÆSON=EJSÆSON,2009-11-01,290.0
DST:FIKS22:BRANCHE07=B:BELØB=0:SÆSON=EJSÆSON,2009-12-01,303.0
DST:FIKS22:BRANCHE07=B:BELØB=0:SÆSON=EJSÆSON,2010-01-01,183.0
DST:FIKS22:BRANCHE07=B:BELØB=0:SÆSON=EJSÆSON,2010-02-01,221.0
DST:FIKS22:BRANCHE07=B:BELØB=0:SÆSON=EJSÆSON,2010-03-01,254.0
DST:FIKS22:BRANCHE07=B:BELØB=0:SÆSON=EJSÆSON,2010-04-01,301.0
DST:FIKS22:BRANCHE07=B:BELØB=0:SÆSON=EJSÆSON,2010-05-01,272.0
DST:FIKS22:BRANCHE07=B:BELØB=0:SÆSON=EJSÆSON,2010-06-01,271.0
DST:FIKS22:BRANCHE07=B:BELØB=0:SÆSON=EJSÆSON,2010-07-01,275.0
DST:FIKS22:BRANCHE07=B:BELØB=0:SÆSON=EJSÆSON,2010-08-01,325.0
DST:FIKS22:BRANCHE07=B:BELØB=0:SÆSON=EJSÆSON,2010-09-01,311.0
DST:FIKS22:BRANCHE07=B:BELØB=0:SÆSON=EJSÆSON,2010-10-01,276.0
DST:FIKS22:BRANCHE07=B:BELØB=0:SÆSON=EJSÆSON,2010-11-01,284.0
DST:FIKS22:BRANCHE07=B:BELØB=0:SÆSON=EJSÆSON,2010-12-01,292.0
DST:FIKS22:BRANCHE07=B:BELØB=0:SÆSON=EJSÆSON,2011-01-01,224.0
DST:FIKS22:BRANCHE07=B:BELØB=0:SÆSON=EJSÆSON,2011-02-01,245.0
DST:FIKS22:BRANCHE07=B:BELØB=0:SÆSON=EJSÆSON,2011-03-01,311.0
DST:FIKS22:BRANCHE07=B:BELØB=0:SÆSON=EJSÆSON,2011-04-01,307.0
DST:FIKS22:BRANCHE07=B:BELØB=0:SÆSON=EJSÆSON,2011-05-01,336.0
DST:FIKS22:BRANCHE07=B:BELØB=0:SÆSON=EJSÆSON,2011-06-01,325.0
DST:FIKS22:BRANCHE07=B:BELØB=0:SÆSON=EJSÆSON,2011-07-01,326.0
DST:FIKS22:BRANCHE07=B:BELØB=0:SÆSON=EJSÆSON,2011-08-01,335.0
DST:FIKS22:BRANCHE07=B:BELØB=0:SÆSON=EJSÆSON,2011-09-01,342.0
DST:FIKS22:BRANCHE07=B:BELØB=0:SÆSON=EJSÆSON,2011-10-01,333.0
DST:FIKS22:BRANCHE07=B:BELØB=0:SÆSON=EJSÆSON,2011-11-01,347.0
DST:FIKS22:BRANCHE07=B:BELØB=0:SÆSON=EJSÆSON,2011-12-01,420.0
DST:FIKS22:BRANCHE07=B:BELØB=0:SÆSON=EJSÆSON,2012-01-01,342.0
DST:FIKS22:BRANCHE07=B:BELØB=0:SÆSON=EJSÆSON,2012-02-01,304.0
DST:FIKS22:BRANCHE07=B:BELØB=0:SÆSON=EJSÆSON,2012-03-01,371.0
DST:FIKS22:BRANCHE07=B:BELØB=0:SÆSON=EJSÆSON,2012-04-01,317.0
DST:FIKS22:BRANCHE07=B:BELØB=0:SÆSON=EJSÆSON,2012-05-01,324.0
DST:FIKS22:BRANCHE07=B:BELØB=0:SÆSON=EJSÆSON,2012-06-01,418.0
DST:FIKS22:BRANCHE07=B:BELØB=0:SÆSON=EJSÆSON,2012-07-01,402.0
DST:FIKS22:BRANCHE07=B:BELØB=0:SÆSON=EJSÆSON,2012-08-01,379.0
DST:FIKS22:BRANCHE07=B:BELØB=0:SÆSON=EJSÆSON,2012-09-01,410.0
DST:FIKS22:BRANCHE07=B:BELØB=0:SÆSON=EJSÆSON,2012-10-01,431.0
DST:FIKS22:BRANCHE07=B:BELØB=0:SÆSON=EJSÆSON,2012-11-01,409.0
DST:FIKS22:BRANCHE07=B:BELØB=0:SÆSON=EJSÆSON,2012-12-01,361.0
DST:FIKS22:BRANCHE07=B:BELØB=0:SÆSON=EJSÆSON,2013-01-01,287.0
DST:FIKS22:BRANCHE07=B:BELØB=0:SÆSON=EJSÆSON,2013-02-01,294.0
DST:FIKS22:BRANCHE07=B:BELØB=0:SÆSON=EJSÆSON,2013-03-01,293.0
DST:FIKS22:BRANCHE07=B:BELØB=0:SÆSON=EJSÆSON,2013-04-01,319.0
DST:FIKS22:BRANCHE07=B:BELØB=0:SÆSON=EJSÆSON,2013-05-01,337.0
DST:FIKS22:BRANCHE07=B:BELØB=0:SÆSON=EJSÆSON,2013-06-01,320.0
DST:FIKS22:BRANCHE07=B:BELØB=0:SÆSON=EJSÆSON,2013-07-01,316.0
DST:FIKS22:BRANCHE07=B:BELØB=0:SÆSON=EJSÆSON,2013-08-01,277.0
DST:FIKS22:BRANCHE07=B:BELØB=0:SÆSON=EJSÆSON,2013-09-01,306.0
DST:FIKS22:BRANCHE07=B:BELØB=0:SÆSON=EJSÆSON,2013-10-01,320.0
DST:FIKS22:BRANCHE07=B:BELØB=0:SÆSON=EJSÆSON,2013-11-01,293.0
DST:FIKS22:BRANCHE07=B:BELØB=0:SÆSON=EJSÆSON,2013-12-01,324.0
DST:FIKS22:BRANCHE07=B:BELØB=0:SÆSON=EJSÆSON,2014-01-01,250.0
DST:FIKS22:BRANCHE07=B:BELØB=0:SÆSON=EJSÆSON,2014-02-01,213.0
DST:FIKS22:BRANCHE07=B:BELØB=0:SÆSON=EJSÆSON,2014-03-01,281.0
DST:FIKS22:BRANCHE07=B:BELØB=0:SÆSON=EJSÆSON,2014-04-01,249.0
DST:FIKS22:BRANCHE07=B:BELØB=0:SÆSON=EJSÆSON,2014-05-01,242.0
DST:FIKS22:BRANCHE07=B:BELØB=0:SÆSON=EJSÆSON,2014-06-01,262.0
DST:FIKS22:BRANCHE07=B:BELØB=0:SÆSON=EJSÆSON,2014-07-01,458.0
DST:FIKS22:BRANCHE07=B:BELØB=0:SÆSON=EJSÆSON,2014-08-01,431.0
DST:FIKS22:BRANCHE07=B:BELØB=0:SÆSON=EJSÆSON,2014-09-01,466.0
DST:FIKS22:BRANCHE07=B:BELØB=0:SÆSON=EJSÆSON,2014-10-01,346.0
DST:FIKS22:BRANCHE07=B:BELØB=0:SÆSON=EJSÆSON,2014-11-01,312.0
DST:FIKS22:BRANCHE07=B:BELØB=0:SÆSON=EJSÆSON,2014-12-01,412.0
DST:FIKS22:BRANCHE07=B:BELØB=0:SÆSON=EJSÆSON,2015-01-01,561.0
DST:FIKS22:BRANCHE07=B:BELØB=0:SÆSON=EJSÆSON,2015-02-01,520.0
DST:FIKS22:BRANCHE07=B:BELØB=0:SÆSON=EJSÆSON,2015-03-01,642.0
DST:FIKS22:BRANCHE07=B:BELØB=0:SÆSON=EJSÆSON,2015-04-01,486.0
DST:FIKS22:BRANCHE07=B:BELØB=0:SÆSON=EJSÆSON,2015-05-01,547.0
DST:FIKS22:BRANCHE07=B:BELØB=0:SÆSON=EJSÆSON,2015-06-01,578.0
DST:FIKS22:BRANCHE07=B:BELØB=0:SÆSON=EJSÆSON,2015-07-01,496.0
DST:FIKS22:BRANCHE07=B:BELØB=0:SÆSON=EJSÆSON,2015-08-01,490.0
DST:FIKS22:BRANCHE07=B:BELØB=0:SÆSON=EJSÆSON,2015-09-01,416.0
DST:FIKS22:BRANCHE07=B:BELØB=0:SÆSON=EJSÆSON,2015-10-01,538.0
DST:FIKS22:BRANCHE07=B:BELØB=0:SÆSON=EJSÆSON,2015-11-01,476.0
DST:FIKS22:BRANCHE07=B:BELØB=0:SÆSON=EJSÆSON,2015-12-01,541.0
DST:FIKS22:BRANCHE07=B:BELØB=0:SÆSON=EJSÆSON,2016-01-01,482.0
DST:FIKS22:BRANCHE07=B:BELØB=0:SÆSON=EJSÆSON,2016-02-01,533.0
DST:FIKS22:BRANCHE07=B:BELØB=0:SÆSON=EJSÆSON,2016-03-01,611.0
DST:FIKS22:BRANCHE07=B:BELØB=0:SÆSON=EJSÆSON,2016-04-01,597.0
DST:FIKS22:BRANCHE07=B:BELØB=0:SÆSON=EJSÆSON,2016-05-01,816.0
DST:FIKS22:BRANCHE07=B:BELØB=0:SÆSON=EJSÆSON,2016-06-01,683.0
DST:FIKS22:BRANCHE07=B:BELØB=0:SÆSON=EJSÆSON,2016-07-01,611.0
DST:FIKS22:BRANCHE07=B:BELØB=0:SÆSON=EJSÆSON,2016-08-01,646.0
DST:FIKS22:BRANCHE07=B:BELØB=0:SÆSON=EJSÆSON,2016-09-01,625.0
DST:FIKS22:BRANCHE07=B:BELØB=0:SÆSON=EJSÆSON,2016-10-01,716.0
DST:FIKS22:BRANCHE07=B:BELØB=0:SÆSON=EJSÆSON,2016-11-01,573.0
DST:FIKS22:BRANCHE07=B:BELØB=0:SÆSON=EJSÆSON,2016-12-01,731.0
DST:FIKS22:BRANCHE07=B:BELØB=0:SÆSON=EJSÆSON,2017-01-01,589.0
DST:FIKS22:BRANCHE07=B:BELØB=0:SÆSON=EJSÆSON,2017-02-01,636.0
DST:FIKS22:BRANCHE07=B:BELØB=0:SÆSON=EJSÆSON,2017-03-01,561.0
DST:FIKS22:BRANCHE07=B:BELØB=0:SÆSON=EJSÆSON,2017-04-01,538.0
DST:FIKS22:BRANCHE07=B:BELØB=0:SÆSON=EJSÆSON,2017-05-01,770.0
DST:FIKS22:BRANCHE07=B:BELØB=0:SÆSON=EJSÆSON,2017-06-01,543.0
DST:FIKS22:BRANCHE07=B:BELØB=0:SÆSON=EJSÆSON,2017-07-01,313.0
DST:FIKS22:BRANCHE07=B:BELØB=0:SÆSON=EJSÆSON,2017-08-01,527.0
DST:FIKS22:BRANCHE07=B:BELØB=0:SÆSON=EJSÆSON,2017-09-01,503.0
DST:FIKS22:BRANCHE07=B:BELØB=0:SÆSON=EJSÆSON,2017-10-01,672.0
DST:FIKS22:BRANCHE07=B:BELØB=0:SÆSON=EJSÆSON,2017-11-01,696.0
DST:FIKS22:BRANCHE07=B:BELØB=0:SÆSON=EJSÆSON,2017-12-01,771.0
DST:FIKS22:BRANCHE07=B:BELØB=0:SÆSON=EJSÆSON,2018-01-01,546.0
DST:FIKS22:BRANCHE07=B:BELØB=0:SÆSON=EJSÆSON,2018-02-01,407.0
DST:FIKS22:BRANCHE07=B:BELØB=0:SÆSON=EJSÆSON,2018-03-01,455.0
DST:FIKS22:BRANCHE07=B:BELØB=0:SÆSON=EJSÆSON,2018-04-01,565.0
DST:FIKS22:BRANCHE07=B:BELØB=0:SÆSON=EJSÆSON,2018-05-01,626.0
DST:FIKS22:BRANCHE07=B:BELØB=0:SÆSON=EJSÆSON,2018-06-01,526.0
DST:FIKS22:BRANCHE07=B:BELØB=0:SÆSON=EJSÆSON,2018-07-01,531.0
DST:FIKS22:BRANCHE07=B:BELØB=0:SÆSON=EJSÆSON,2018-08-01,527.0
DST:FIKS22:BRANCHE07=B:BELØB=0:SÆSON=EJSÆSON,2018-09-01,472.0
DST:FIKS22:BRANCHE07=B:BELØB=0:SÆSON=EJSÆSON,2018-10-01,565.0
DST:FIKS22:BRANCHE07=B:BELØB=0:SÆSON=EJSÆSON,2018-11-01,568.0
DST:FIKS22:BRANCHE07=B:BELØB=0:SÆSON=EJSÆSON,2018-12-01,565.0
DST:FIKS22:BRANCHE07=B:BELØB=0:SÆSON=EJSÆSON,2019-01-01,399.0
DST:FIKS22:BRANCHE07=B:BELØB=0:SÆSON=EJSÆSON,2019-02-01,452.0
DST:FIKS22:BRANCHE07=B:BELØB=0:SÆSON=EJSÆSON,2019-03-01,481.0
DST:FIKS22:BRANCHE07=B:BELØB=0:SÆSON=EJSÆSON,2019-04-01,453.0
DST:FIKS22:BRANCHE07=B:BELØB=0:SÆSON=EJSÆSON,2019-05-01,500.0
DST:FIKS22:BRANCHE07=B:BELØB=0:SÆSON=EJSÆSON,2019-06-01,475.0
DST:FIKS22:BRANCHE07=B:BELØB=0:SÆSON=EJSÆSON,2019-07-01,542.0
DST:FIKS22:BRANCHE07=B:BELØB=0:SÆSON=EJSÆSON,2019-08-01,623.0
DST:FIKS22:BRANCHE07=B:BELØB=0:SÆSON=EJSÆSON,2019-09-01,517.0
DST:FIKS22:BRANCHE07=B:BELØB=0:SÆSON=EJSÆSON,2019-10-01,520.0
DST:FIKS22:BRANCHE07=B:BELØB=0:SÆSON=EJSÆSON,2019-11-01,441.0
DST:FIKS22:BRANCHE07=B:BELØB=0:SÆSON=EJSÆSON,2019-12-01,517.0
DST:FIKS22:BRANCHE07=B:BELØB=0:SÆSON=EJSÆSON,2020-01-01,453.0
DST:FIKS22:BRANCHE07=B:BELØB=0:SÆSON=EJSÆSON,2020-02-01,304.0
DST:FIKS22:BRANCHE07=B:BELØB=0:SÆSON=EJSÆSON,2020-03-01,614.0
DST:FIKS22:BRANCHE07=B:BELØB=0:SÆSON=EJSÆSON,2020-04-01,332.0
DST:FIKS22:BRANCHE07=B:BELØB=0:SÆSON=EJSÆSON,2020-05-01,289.0
DST:FIKS22:BRANCHE07=B:BELØB=0:SÆSON=EJSÆSON,2020-06-01,325.0
DST:FIKS22:BRANCHE07=B:BELØB=0:SÆSON=EJSÆSON,2020-07-01,301.0
DST:FIKS22:BRANCHE07=B:BELØB=0:SÆSON=EJSÆSON,2020-08-01,251.0
DST:FIKS22:BRANCHE07=B:BELØB=0:SÆSON=EJSÆSON,2020-09-01,288.0
DST:FIKS22:BRANCHE07=B:BELØB=0:SÆSON=EJSÆSON,2020-10-01,276.0
DST:FIKS22:BRANCHE07=B:BELØB=0:SÆSON=EJSÆSON,2020-11-01,977.0
DST:FIKS22:BRANCHE07=B:BELØB=0:SÆSON=EJSÆSON,2020-12-01,323.0
DST:FIKS22:BRANCHE07=B:BELØB=0:SÆSON=EJSÆSON,2021-01-01,391.0
DST:FIKS22:BRANCHE07=B:BELØB=0:SÆSON=EJSÆSON,2021-02-01,388.0
DST:FIKS22:BRANCHE07=B:BELØB=0:SÆSON=EJSÆSON,2021-03-01,618.0
DST:FIKS22:BRANCHE07=B:BELØB=0:SÆSON=EJSÆSON,2021-04-01,374.0
DST:FIKS22:BRANCHE07=B:BELØB=0:SÆSON=EJSÆSON,2021-05-01,410.0
DST:FIKS22:BRANCHE07=B:BELØB=0:SÆSON=EJSÆSON,2021-06-01,439.0
DST:FIKS22:BRANCHE07=B:BELØB=0:SÆSON=EJSÆSON,2021-07-01,436.0
DST:FIKS22:BRANCHE07=B:BELØB=0:SÆSON=EJSÆSON,2021-08-01,394.0
DST:FIKS22:BRANCHE07=B:BELØB=0:SÆSON=EJSÆSON,2021-09-01,412.0
DST:FIKS22:BRANCHE07=B:BELØB=0:SÆSON=EJSÆSON,2021-10-01,417.0
DST:FIKS22:BRANCHE07=B:BELØB=0:SÆSON=EJSÆSON,2021-11-01,508.0
DST:FIKS22:BRANCHE07=B:BELØB=0:SÆSON=EJSÆSON,2021-12-01,537.0
DST:FIKS22:BRANCHE07=B:BELØB=0:SÆSON=EJSÆSON,2022-01-01,485.0
DST:FIKS22:BRANCHE07=B:BELØB=0:SÆSON=EJSÆSON,2022-02-01,400.0
DST:FIKS22:BRANCHE07=B:BELØB=0:SÆSON=EJSÆSON,2022-03-01,509.0
DST:FIKS22:BRANCHE07=B:BELØB=0:SÆSON=EJSÆSON,2022-04-01,564.0
DST:FIKS22:BRANCHE07=B:BELØB=0:SÆSON=EJSÆSON,2022-05-01,463.0
DST:FIKS22:BRANCHE07=B:BELØB=0:SÆSON=EJSÆSON,2022-06-01,583.0
DST:FIKS22:BRANCHE07=B:BELØB=0:SÆSON=EJSÆSON,2022-07-01,501.0
DST:FIKS22:BRANCHE07=B:BELØB=0:SÆSON=EJSÆSON,2022-08-01,494.0
DST:FIKS22:BRANCHE07=B:BELØB=0:SÆSON=EJSÆSON,2022-09-01,727.0
DST:FIKS22:BRANCHE07=B:BELØB=0:SÆSON=EJSÆSON,2022-10-01,1359.0
DST:FIKS22:BRANCHE07=B:BELØB=0:SÆSON=EJSÆSON,2022-11-01,540.0
DST:FIKS22:BRANCHE07=B:BELØB=0:SÆSON=EJSÆSON,2022-12-01,539.0
DST:FIKS22:BRANCHE07=B:BELØB=0:SÆSON=EJSÆSON,2023-01-01,540.0
DST:FIKS22:BRANCHE07=B:BELØB=0:SÆSON=EJSÆSON,2023-02-01,419.0
DST:FIKS22:BRANCHE07=B:BELØB=0:SÆSON=EJSÆSON,2023-03-01,612.0
DST:FIKS22:BRANCHE07=B:BELØB=0:SÆSON=EJSÆSON,2023-04-01,489.0
DST:FIKS22:BRANCHE07=B:BELØB=0:SÆSON=EJSÆSON,2023-05-01,505.0
DST:FIKS22:BRANCHE07=B:BELØB=0:SÆSON=EJSÆSON,2023-06-01,539.0
DST:FIKS22:BRANCHE07=B:BELØB=0:SÆSON=EJSÆSON,2023-07-01,445.0
DST:FIKS22:BRANCHE07=B:BELØB=0:SÆSON=EJSÆSON,2023-08-01,484.0
DST:FIKS22:BRANCHE07=B:BELØB=0:SÆSON=EJSÆSON,2023-09-01,578.0
DST:FIKS22:BRANCHE07=B:BELØB=0:SÆSON=EJSÆSON,2023-10-01,515.0
DST:FIKS22:BRANCHE07=B:BELØB=0:SÆSON=EJSÆSON,2023-11-01,559.0
DST:FIKS22:BRANCHE07=B:BELØB=0:SÆSON=EJSÆSON,2023-12-01,657.0
DST:FIKS22:BRANCHE07=B:BELØB=0:SÆSON=EJSÆSON,2024-01-01,523.0
DST:FIKS22:BRANCHE07=B:BELØB=0:SÆSON=EJSÆSON,2024-02-01,504.0
DST:FIKS22:BRANCHE07=B:BELØB=0:SÆSON=EJSÆSON,2024-03-01,470.0
DST:FIKS22:BRANCHE07=B:BELØB=0:SÆSON=EJSÆSON,2024-04-01,574.0
DST:FIKS22:BRANCHE07=B:BELØB=0:SÆSON=EJSÆSON,2024-05-01,499.0
DST:FIKS22:BRANCHE07=B:BELØB=0:SÆSON=EJSÆSON,2024-06-01,547.0
DST:FIKS22:BRANCHE07=B:BELØB=0:SÆSON=EJSÆSON,2024-07-01,512.0
DST:FIKS22:BRANCHE07=B:BELØB=0:SÆSON=EJSÆSON,2024-08-01,489.0
DST:FIKS22:BRANCHE07=B:BELØB=0:SÆSON=EJSÆSON,2024-09-01,526.0
DST:FIKS22:BRANCHE07=B:BELØB=0:SÆSON=EJSÆSON,2024-10-01,559.0
DST:FIKS22:BRANCHE07=B:BELØB=0:SÆSON=EJSÆSON,2024-11-01,554.0
DST:FIKS22:BRANCHE07=B:BELØB=0:SÆSON=EJSÆSON,2024-12-01,558.0
DST:FIKS22:BRANCHE07=B:BELØB=0:SÆSON=EJSÆSON,2025-01-01,517.0
DST:FIKS22:BRANCHE07=B:BELØB=0:SÆSON=EJSÆSON,2025-02-01,483.0
DST:FIKS22:BRANCHE07=B:BELØB=0:SÆSON=EJSÆSON,2025-03-01,526.0
DST:FIKS22:BRANCHE07=B:BELØB=0:SÆSON=EJSÆSON,2025-04-01,528.0
DST:FIKS22:BRANCHE07=B:BELØB=0:SÆSON=EJSÆSON,2025-05-01,451.0
DST:FIKS22:BRANCHE07=B:BELØB=0:SÆSON=EJSÆSON,2025-06-01,547.0
DST:FIKS22:BRANCHE07=B:BELØB=0:SÆSON=EJSÆSON,2025-07-01,411.0
DST:FIKS22:BRANCHE07=B:BELØB=0:SÆSON=EJSÆSON,2025-08-01,445.0
DST:FIKS22:BRANCHE07=B:BELØB=0:SÆSON=EJSÆSON,2025-09-01,505.0
DST:FIKS22:BRANCHE07=B:BELØB=0:SÆSON=EJSÆSON,2025-10-01,467.0
DST:FIKS22:BRANCHE07=B:BELØB=0:SÆSON=EJSÆSON,2025-11-01,412.0
DST:FIKS22:BRANCHE07=B:BELØB=0:SÆSON=EJSÆSON,2025-12-01,476.0
DST:FIKS22:BRANCHE07=B:BELØB=0:SÆSON=EJSÆSON,2026-01-01,425.0
DST:FIKS22:BRANCHE07=B:BELØB=0:SÆSON=EJSÆSON,2026-02-01,410.0
DST:FIKS22:BRANCHE07=B:BELØB=0:SÆSON=EJSÆSON,2026-03-01,465.0
DST:FIKS22:BRANCHE07=B:BELØB=0:SÆSON=SÆSON,2009-01-01,282.0
DST:FIKS22:BRANCHE07=B:BELØB=0:SÆSON=SÆSON,2009-02-01,294.0
DST:FIKS22:BRANCHE07=B:BELØB=0:SÆSON=SÆSON,2009-03-01,269.0
DST:FIKS22:BRANCHE07=B:BELØB=0:SÆSON=SÆSON,2009-04-01,279.0
DST:FIKS22:BRANCHE07=B:BELØB=0:SÆSON=SÆSON,2009-05-01,258.0
DST:FIKS22:BRANCHE07=B:BELØB=0:SÆSON=SÆSON,2009-06-01,266.0
DST:FIKS22:BRANCHE07=B:BELØB=0:SÆSON=SÆSON,2009-07-01,252.0
DST:FIKS22:BRANCHE07=B:BELØB=0:SÆSON=SÆSON,2009-08-01,241.0
DST:FIKS22:BRANCHE07=B:BELØB=0:SÆSON=SÆSON,2009-09-01,258.0
DST:FIKS22:BRANCHE07=B:BELØB=0:SÆSON=SÆSON,2009-10-01,246.0
DST:FIKS22:BRANCHE07=B:BELØB=0:SÆSON=SÆSON,2009-11-01,274.0
DST:FIKS22:BRANCHE07=B:BELØB=0:SÆSON=SÆSON,2009-12-01,269.0
DST:FIKS22:BRANCHE07=B:BELØB=0:SÆSON=SÆSON,2010-01-01,223.0
DST:FIKS22:BRANCHE07=B:BELØB=0:SÆSON=SÆSON,2010-02-01,258.0
DST:FIKS22:BRANCHE07=B:BELØB=0:SÆSON=SÆSON,2010-03-01,255.0
DST:FIKS22:BRANCHE07=B:BELØB=0:SÆSON=SÆSON,2010-04-01,316.0
DST:FIKS22:BRANCHE07=B:BELØB=0:SÆSON=SÆSON,2010-05-01,265.0
DST:FIKS22:BRANCHE07=B:BELØB=0:SÆSON=SÆSON,2010-06-01,258.0
DST:FIKS22:BRANCHE07=B:BELØB=0:SÆSON=SÆSON,2010-07-01,269.0
DST:FIKS22:BRANCHE07=B:BELØB=0:SÆSON=SÆSON,2010-08-01,329.0
DST:FIKS22:BRANCHE07=B:BELØB=0:SÆSON=SÆSON,2010-09-01,288.0
DST:FIKS22:BRANCHE07=B:BELØB=0:SÆSON=SÆSON,2010-10-01,271.0
DST:FIKS22:BRANCHE07=B:BELØB=0:SÆSON=SÆSON,2010-11-01,268.0
DST:FIKS22:BRANCHE07=B:BELØB=0:SÆSON=SÆSON,2010-12-01,260.0
DST:FIKS22:BRANCHE07=B:BELØB=0:SÆSON=SÆSON,2011-01-01,269.0
DST:FIKS22:BRANCHE07=B:BELØB=0:SÆSON=SÆSON,2011-02-01,288.0
DST:FIKS22:BRANCHE07=B:BELØB=0:SÆSON=SÆSON,2011-03-01,310.0
DST:FIKS22:BRANCHE07=B:BELØB=0:SÆSON=SÆSON,2011-04-01,327.0
DST:FIKS22:BRANCHE07=B:BELØB=0:SÆSON=SÆSON,2011-05-01,326.0
DST:FIKS22:BRANCHE07=B:BELØB=0:SÆSON=SÆSON,2011-06-01,309.0
DST:FIKS22:BRANCHE07=B:BELØB=0:SÆSON=SÆSON,2011-07-01,317.0
DST:FIKS22:BRANCHE07=B:BELØB=0:SÆSON=SÆSON,2011-08-01,339.0
DST:FIKS22:BRANCHE07=B:BELØB=0:SÆSON=SÆSON,2011-09-01,320.0
DST:FIKS22:BRANCHE07=B:BELØB=0:SÆSON=SÆSON,2011-10-01,320.0
DST:FIKS22:BRANCHE07=B:BELØB=0:SÆSON=SÆSON,2011-11-01,331.0
DST:FIKS22:BRANCHE07=B:BELØB=0:SÆSON=SÆSON,2011-12-01,376.0
DST:FIKS22:BRANCHE07=B:BELØB=0:SÆSON=SÆSON,2012-01-01,407.0
DST:FIKS22:BRANCHE07=B:BELØB=0:SÆSON=SÆSON,2012-02-01,360.0
DST:FIKS22:BRANCHE07=B:BELØB=0:SÆSON=SÆSON,2012-03-01,364.0
DST:FIKS22:BRANCHE07=B:BELØB=0:SÆSON=SÆSON,2012-04-01,341.0
DST:FIKS22:BRANCHE07=B:BELØB=0:SÆSON=SÆSON,2012-05-01,314.0
DST:FIKS22:BRANCHE07=B:BELØB=0:SÆSON=SÆSON,2012-06-01,396.0
DST:FIKS22:BRANCHE07=B:BELØB=0:SÆSON=SÆSON,2012-07-01,389.0
DST:FIKS22:BRANCHE07=B:BELØB=0:SÆSON=SÆSON,2012-08-01,383.0
DST:FIKS22:BRANCHE07=B:BELØB=0:SÆSON=SÆSON,2012-09-01,396.0
DST:FIKS22:BRANCHE07=B:BELØB=0:SÆSON=SÆSON,2012-10-01,407.0
DST:FIKS22:BRANCHE07=B:BELØB=0:SÆSON=SÆSON,2012-11-01,398.0
DST:FIKS22:BRANCHE07=B:BELØB=0:SÆSON=SÆSON,2012-12-01,325.0
DST:FIKS22:BRANCHE07=B:BELØB=0:SÆSON=SÆSON,2013-01-01,335.0
DST:FIKS22:BRANCHE07=B:BELØB=0:SÆSON=SÆSON,2013-02-01,348.0
DST:FIKS22:BRANCHE07=B:BELØB=0:SÆSON=SÆSON,2013-03-01,313.0
DST:FIKS22:BRANCHE07=B:BELØB=0:SÆSON=SÆSON,2013-04-01,314.0
DST:FIKS22:BRANCHE07=B:BELØB=0:SÆSON=SÆSON,2013-05-01,325.0
DST:FIKS22:BRANCHE07=B:BELØB=0:SÆSON=SÆSON,2013-06-01,301.0
DST:FIKS22:BRANCHE07=B:BELØB=0:SÆSON=SÆSON,2013-07-01,306.0
DST:FIKS22:BRANCHE07=B:BELØB=0:SÆSON=SÆSON,2013-08-01,280.0
DST:FIKS22:BRANCHE07=B:BELØB=0:SÆSON=SÆSON,2013-09-01,306.0
DST:FIKS22:BRANCHE07=B:BELØB=0:SÆSON=SÆSON,2013-10-01,297.0
DST:FIKS22:BRANCHE07=B:BELØB=0:SÆSON=SÆSON,2013-11-01,291.0
DST:FIKS22:BRANCHE07=B:BELØB=0:SÆSON=SÆSON,2013-12-01,292.0
DST:FIKS22:BRANCHE07=B:BELØB=0:SÆSON=SÆSON,2014-01-01,285.0
DST:FIKS22:BRANCHE07=B:BELØB=0:SÆSON=SÆSON,2014-02-01,248.0
DST:FIKS22:BRANCHE07=B:BELØB=0:SÆSON=SÆSON,2014-03-01,267.0
DST:FIKS22:BRANCHE07=B:BELØB=0:SÆSON=SÆSON,2014-04-01,275.0
DST:FIKS22:BRANCHE07=B:BELØB=0:SÆSON=SÆSON,2014-05-01,229.0
DST:FIKS22:BRANCHE07=B:BELØB=0:SÆSON=SÆSON,2014-06-01,247.0
DST:FIKS22:BRANCHE07=B:BELØB=0:SÆSON=SÆSON,2014-07-01,449.0
DST:FIKS22:BRANCHE07=B:BELØB=0:SÆSON=SÆSON,2014-08-01,439.0
DST:FIKS22:BRANCHE07=B:BELØB=0:SÆSON=SÆSON,2014-09-01,482.0
DST:FIKS22:BRANCHE07=B:BELØB=0:SÆSON=SÆSON,2014-10-01,316.0
DST:FIKS22:BRANCHE07=B:BELØB=0:SÆSON=SÆSON,2014-11-01,314.0
DST:FIKS22:BRANCHE07=B:BELØB=0:SÆSON=SÆSON,2014-12-01,368.0
DST:FIKS22:BRANCHE07=B:BELØB=0:SÆSON=SÆSON,2015-01-01,627.0
DST:FIKS22:BRANCHE07=B:BELØB=0:SÆSON=SÆSON,2015-02-01,596.0
DST:FIKS22:BRANCHE07=B:BELØB=0:SÆSON=SÆSON,2015-03-01,613.0
DST:FIKS22:BRANCHE07=B:BELØB=0:SÆSON=SÆSON,2015-04-01,539.0
DST:FIKS22:BRANCHE07=B:BELØB=0:SÆSON=SÆSON,2015-05-01,508.0
DST:FIKS22:BRANCHE07=B:BELØB=0:SÆSON=SÆSON,2015-06-01,551.0
DST:FIKS22:BRANCHE07=B:BELØB=0:SÆSON=SÆSON,2015-07-01,493.0
DST:FIKS22:BRANCHE07=B:BELØB=0:SÆSON=SÆSON,2015-08-01,500.0
DST:FIKS22:BRANCHE07=B:BELØB=0:SÆSON=SÆSON,2015-09-01,443.0
DST:FIKS22:BRANCHE07=B:BELØB=0:SÆSON=SÆSON,2015-10-01,487.0
DST:FIKS22:BRANCHE07=B:BELØB=0:SÆSON=SÆSON,2015-11-01,480.0
DST:FIKS22:BRANCHE07=B:BELØB=0:SÆSON=SÆSON,2015-12-01,477.0
DST:FIKS22:BRANCHE07=B:BELØB=0:SÆSON=SÆSON,2016-01-01,530.0
DST:FIKS22:BRANCHE07=B:BELØB=0:SÆSON=SÆSON,2016-02-01,600.0
DST:FIKS22:BRANCHE07=B:BELØB=0:SÆSON=SÆSON,2016-03-01,656.0
DST:FIKS22:BRANCHE07=B:BELØB=0:SÆSON=SÆSON,2016-04-01,594.0
DST:FIKS22:BRANCHE07=B:BELØB=0:SÆSON=SÆSON,2016-05-01,750.0
DST:FIKS22:BRANCHE07=B:BELØB=0:SÆSON=SÆSON,2016-06-01,665.0
DST:FIKS22:BRANCHE07=B:BELØB=0:SÆSON=SÆSON,2016-07-01,612.0
DST:FIKS22:BRANCHE07=B:BELØB=0:SÆSON=SÆSON,2016-08-01,663.0
DST:FIKS22:BRANCHE07=B:BELØB=0:SÆSON=SÆSON,2016-09-01,677.0
DST:FIKS22:BRANCHE07=B:BELØB=0:SÆSON=SÆSON,2016-10-01,647.0
DST:FIKS22:BRANCHE07=B:BELØB=0:SÆSON=SÆSON,2016-11-01,575.0
DST:FIKS22:BRANCHE07=B:BELØB=0:SÆSON=SÆSON,2016-12-01,633.0
DST:FIKS22:BRANCHE07=B:BELØB=0:SÆSON=SÆSON,2017-01-01,635.0
DST:FIKS22:BRANCHE07=B:BELØB=0:SÆSON=SÆSON,2017-02-01,712.0
DST:FIKS22:BRANCHE07=B:BELØB=0:SÆSON=SÆSON,2017-03-01,552.0
DST:FIKS22:BRANCHE07=B:BELØB=0:SÆSON=SÆSON,2017-04-01,593.0
DST:FIKS22:BRANCHE07=B:BELØB=0:SÆSON=SÆSON,2017-05-01,711.0
DST:FIKS22:BRANCHE07=B:BELØB=0:SÆSON=SÆSON,2017-06-01,539.0
DST:FIKS22:BRANCHE07=B:BELØB=0:SÆSON=SÆSON,2017-07-01,314.0
DST:FIKS22:BRANCHE07=B:BELØB=0:SÆSON=SÆSON,2017-08-01,545.0
DST:FIKS22:BRANCHE07=B:BELØB=0:SÆSON=SÆSON,2017-09-01,540.0
DST:FIKS22:BRANCHE07=B:BELØB=0:SÆSON=SÆSON,2017-10-01,611.0
DST:FIKS22:BRANCHE07=B:BELØB=0:SÆSON=SÆSON,2017-11-01,689.0
DST:FIKS22:BRANCHE07=B:BELØB=0:SÆSON=SÆSON,2017-12-01,658.0
DST:FIKS22:BRANCHE07=B:BELØB=0:SÆSON=SÆSON,2018-01-01,580.0
DST:FIKS22:BRANCHE07=B:BELØB=0:SÆSON=SÆSON,2018-02-01,455.0
DST:FIKS22:BRANCHE07=B:BELØB=0:SÆSON=SÆSON,2018-03-01,504.0
DST:FIKS22:BRANCHE07=B:BELØB=0:SÆSON=SÆSON,2018-04-01,556.0
DST:FIKS22:BRANCHE07=B:BELØB=0:SÆSON=SÆSON,2018-05-01,591.0
DST:FIKS22:BRANCHE07=B:BELØB=0:SÆSON=SÆSON,2018-06-01,528.0
DST:FIKS22:BRANCHE07=B:BELØB=0:SÆSON=SÆSON,2018-07-01,528.0
DST:FIKS22:BRANCHE07=B:BELØB=0:SÆSON=SÆSON,2018-08-01,554.0
DST:FIKS22:BRANCHE07=B:BELØB=0:SÆSON=SÆSON,2018-09-01,497.0
DST:FIKS22:BRANCHE07=B:BELØB=0:SÆSON=SÆSON,2018-10-01,521.0
DST:FIKS22:BRANCHE07=B:BELØB=0:SÆSON=SÆSON,2018-11-01,552.0
DST:FIKS22:BRANCHE07=B:BELØB=0:SÆSON=SÆSON,2018-12-01,476.0
DST:FIKS22:BRANCHE07=B:BELØB=0:SÆSON=SÆSON,2019-01-01,417.0
DST:FIKS22:BRANCHE07=B:BELØB=0:SÆSON=SÆSON,2019-02-01,514.0
DST:FIKS22:BRANCHE07=B:BELØB=0:SÆSON=SÆSON,2019-03-01,482.0
DST:FIKS22:BRANCHE07=B:BELØB=0:SÆSON=SÆSON,2019-04-01,487.0
DST:FIKS22:BRANCHE07=B:BELØB=0:SÆSON=SÆSON,2019-05-01,490.0
DST:FIKS22:BRANCHE07=B:BELØB=0:SÆSON=SÆSON,2019-06-01,475.0
DST:FIKS22:BRANCHE07=B:BELØB=0:SÆSON=SÆSON,2019-07-01,536.0
DST:FIKS22:BRANCHE07=B:BELØB=0:SÆSON=SÆSON,2019-08-01,663.0
DST:FIKS22:BRANCHE07=B:BELØB=0:SÆSON=SÆSON,2019-09-01,529.0
DST:FIKS22:BRANCHE07=B:BELØB=0:SÆSON=SÆSON,2019-10-01,489.0
DST:FIKS22:BRANCHE07=B:BELØB=0:SÆSON=SÆSON,2019-11-01,421.0
DST:FIKS22:BRANCHE07=B:BELØB=0:SÆSON=SÆSON,2019-12-01,438.0
DST:FIKS22:BRANCHE07=B:BELØB=0:SÆSON=SÆSON,2020-01-01,465.0
DST:FIKS22:BRANCHE07=B:BELØB=0:SÆSON=SÆSON,2020-02-01,352.0
DST:FIKS22:BRANCHE07=B:BELØB=0:SÆSON=SÆSON,2020-03-01,607.0
DST:FIKS22:BRANCHE07=B:BELØB=0:SÆSON=SÆSON,2020-04-01,353.0
DST:FIKS22:BRANCHE07=B:BELØB=0:SÆSON=SÆSON,2020-05-01,295.0
DST:FIKS22:BRANCHE07=B:BELØB=0:SÆSON=SÆSON,2020-06-01,320.0
DST:FIKS22:BRANCHE07=B:BELØB=0:SÆSON=SÆSON,2020-07-01,299.0
DST:FIKS22:BRANCHE07=B:BELØB=0:SÆSON=SÆSON,2020-08-01,269.0
DST:FIKS22:BRANCHE07=B:BELØB=0:SÆSON=SÆSON,2020-09-01,287.0
DST:FIKS22:BRANCHE07=B:BELØB=0:SÆSON=SÆSON,2020-10-01,265.0
DST:FIKS22:BRANCHE07=B:BELØB=0:SÆSON=SÆSON,2020-11-01,926.0
DST:FIKS22:BRANCHE07=B:BELØB=0:SÆSON=SÆSON,2020-12-01,277.0
DST:FIKS22:BRANCHE07=B:BELØB=0:SÆSON=SÆSON,2021-01-01,395.0
DST:FIKS22:BRANCHE07=B:BELØB=0:SÆSON=SÆSON,2021-02-01,454.0
DST:FIKS22:BRANCHE07=B:BELØB=0:SÆSON=SÆSON,2021-03-01,600.0
DST:FIKS22:BRANCHE07=B:BELØB=0:SÆSON=SÆSON,2021-04-01,393.0
DST:FIKS22:BRANCHE07=B:BELØB=0:SÆSON=SÆSON,2021-05-01,431.0
DST:FIKS22:BRANCHE07=B:BELØB=0:SÆSON=SÆSON,2021-06-01,423.0
DST:FIKS22:BRANCHE07=B:BELØB=0:SÆSON=SÆSON,2021-07-01,442.0
DST:FIKS22:BRANCHE07=B:BELØB=0:SÆSON=SÆSON,2021-08-01,425.0
DST:FIKS22:BRANCHE07=B:BELØB=0:SÆSON=SÆSON,2021-09-01,401.0
DST:FIKS22:BRANCHE07=B:BELØB=0:SÆSON=SÆSON,2021-10-01,407.0
DST:FIKS22:BRANCHE07=B:BELØB=0:SÆSON=SÆSON,2021-11-01,483.0
DST:FIKS22:BRANCHE07=B:BELØB=0:SÆSON=SÆSON,2021-12-01,468.0
DST:FIKS22:BRANCHE07=B:BELØB=0:SÆSON=SÆSON,2022-01-01,486.0
DST:FIKS22:BRANCHE07=B:BELØB=0:SÆSON=SÆSON,2022-02-01,465.0
DST:FIKS22:BRANCHE07=B:BELØB=0:SÆSON=SÆSON,2022-03-01,489.0
DST:FIKS22:BRANCHE07=B:BELØB=0:SÆSON=SÆSON,2022-04-01,586.0
DST:FIKS22:BRANCHE07=B:BELØB=0:SÆSON=SÆSON,2022-05-01,493.0
DST:FIKS22:BRANCHE07=B:BELØB=0:SÆSON=SÆSON,2022-06-01,552.0
DST:FIKS22:BRANCHE07=B:BELØB=0:SÆSON=SÆSON,2022-07-01,521.0
DST:FIKS22:BRANCHE07=B:BELØB=0:SÆSON=SÆSON,2022-08-01,534.0
DST:FIKS22:BRANCHE07=B:BELØB=0:SÆSON=SÆSON,2022-09-01,698.0
DST:FIKS22:BRANCHE07=B:BELØB=0:SÆSON=SÆSON,2022-10-01,1336.0
DST:FIKS22:BRANCHE07=B:BELØB=0:SÆSON=SÆSON,2022-11-01,517.0
DST:FIKS22:BRANCHE07=B:BELØB=0:SÆSON=SÆSON,2022-12-01,475.0
DST:FIKS22:BRANCHE07=B:BELØB=0:SÆSON=SÆSON,2023-01-01,540.0
DST:FIKS22:BRANCHE07=B:BELØB=0:SÆSON=SÆSON,2023-02-01,479.0
DST:FIKS22:BRANCHE07=B:BELØB=0:SÆSON=SÆSON,2023-03-01,588.0
DST:FIKS22:BRANCHE07=B:BELØB=0:SÆSON=SÆSON,2023-04-01,502.0
DST:FIKS22:BRANCHE07=B:BELØB=0:SÆSON=SÆSON,2023-05-01,539.0
DST:FIKS22:BRANCHE07=B:BELØB=0:SÆSON=SÆSON,2023-06-01,505.0
DST:FIKS22:BRANCHE07=B:BELØB=0:SÆSON=SÆSON,2023-07-01,473.0
DST:FIKS22:BRANCHE07=B:BELØB=0:SÆSON=SÆSON,2023-08-01,521.0
DST:FIKS22:BRANCHE07=B:BELØB=0:SÆSON=SÆSON,2023-09-01,551.0
DST:FIKS22:BRANCHE07=B:BELØB=0:SÆSON=SÆSON,2023-10-01,504.0
DST:FIKS22:BRANCHE07=B:BELØB=0:SÆSON=SÆSON,2023-11-01,540.0
DST:FIKS22:BRANCHE07=B:BELØB=0:SÆSON=SÆSON,2023-12-01,588.0
DST:FIKS22:BRANCHE07=B:BELØB=0:SÆSON=SÆSON,2024-01-01,525.0
DST:FIKS22:BRANCHE07=B:BELØB=0:SÆSON=SÆSON,2024-02-01,565.0
DST:FIKS22:BRANCHE07=B:BELØB=0:SÆSON=SÆSON,2024-03-01,501.0
DST:FIKS22:BRANCHE07=B:BELØB=0:SÆSON=SÆSON,2024-04-01,527.0
DST:FIKS22:BRANCHE07=B:BELØB=0:SÆSON=SÆSON,2024-05-01,529.0
DST:FIKS22:BRANCHE07=B:BELØB=0:SÆSON=SÆSON,2024-06-01,512.0
DST:FIKS22:BRANCHE07=B:BELØB=0:SÆSON=SÆSON,2024-07-01,556.0
DST:FIKS22:BRANCHE07=B:BELØB=0:SÆSON=SÆSON,2024-08-01,522.0
DST:FIKS22:BRANCHE07=B:BELØB=0:SÆSON=SÆSON,2024-09-01,498.0
DST:FIKS22:BRANCHE07=B:BELØB=0:SÆSON=SÆSON,2024-10-01,545.0
DST:FIKS22:BRANCHE07=B:BELØB=0:SÆSON=SÆSON,2024-11-01,543.0
DST:FIKS22:BRANCHE07=B:BELØB=0:SÆSON=SÆSON,2024-12-01,501.0
DST:FIKS22:BRANCHE07=B:BELØB=0:SÆSON=SÆSON,2025-01-01,523.0
DST:FIKS22:BRANCHE07=B:BELØB=0:SÆSON=SÆSON,2025-02-01,533.0
DST:FIKS22:BRANCHE07=B:BELØB=0:SÆSON=SÆSON,2025-03-01,506.0
DST:FIKS22:BRANCHE07=B:BELØB=0:SÆSON=SÆSON,2025-04-01,535.0
DST:FIKS22:BRANCHE07=B:BELØB=0:SÆSON=SÆSON,2025-05-01,477.0
DST:FIKS22:BRANCHE07=B:BELØB=0:SÆSON=SÆSON,2025-06-01,513.0
DST:FIKS22:BRANCHE07=B:BELØB=0:SÆSON=SÆSON,2025-07-01,449.0
DST:FIKS22:BRANCHE07=B:BELØB=0:SÆSON=SÆSON,2025-08-01,474.0
DST:FIKS22:BRANCHE07=B:BELØB=0:SÆSON=SÆSON,2025-09-01,477.0
DST:FIKS22:BRANCHE07=B:BELØB=0:SÆSON=SÆSON,2025-10-01,453.0
DST:FIKS22:BRANCHE07=B:BELØB=0:SÆSON=SÆSON,2025-11-01,409.0
DST:FIKS22:BRANCHE07=B:BELØB=0:SÆSON=SÆSON,2025-12-01,428.0
DST:FIKS22:BRANCHE07=B:BELØB=0:SÆSON=SÆSON,2026-01-01,434.0
DST:FIKS22:BRANCHE07=B:BELØB=0:SÆSON=SÆSON,2026-02-01,447.0
DST:FIKS22:BRANCHE07=B:BELØB=0:SÆSON=SÆSON,2026-03-01,446.0
DST:FIKS22:BRANCHE07=B:BELØB=1:SÆSON=EJSÆSON,2009-01-01,793.0
DST:FIKS22:BRANCHE07=B:BELØB=1:SÆSON=EJSÆSON,2009-02-01,738.0
DST:FIKS22:BRANCHE07=B:BELØB=1:SÆSON=EJSÆSON,2009-03-01,863.0
DST:FIKS22:BRANCHE07=B:BELØB=1:SÆSON=EJSÆSON,2009-04-01,1043.0
DST:FIKS22:BRANCHE07=B:BELØB=1:SÆSON=EJSÆSON,2009-05-01,966.0
DST:FIKS22:BRANCHE07=B:BELØB=1:SÆSON=EJSÆSON,2009-06-01,1000.0
DST:FIKS22:BRANCHE07=B:BELØB=1:SÆSON=EJSÆSON,2009-07-01,990.0
DST:FIKS22:BRANCHE07=B:BELØB=1:SÆSON=EJSÆSON,2009-08-01,792.0
DST:FIKS22:BRANCHE07=B:BELØB=1:SÆSON=EJSÆSON,2009-09-01,955.0
DST:FIKS22:BRANCHE07=B:BELØB=1:SÆSON=EJSÆSON,2009-10-01,989.0
DST:FIKS22:BRANCHE07=B:BELØB=1:SÆSON=EJSÆSON,2009-11-01,1072.0
DST:FIKS22:BRANCHE07=B:BELØB=1:SÆSON=EJSÆSON,2009-12-01,1028.0
DST:FIKS22:BRANCHE07=B:BELØB=1:SÆSON=EJSÆSON,2010-01-01,1144.0
DST:FIKS22:BRANCHE07=B:BELØB=1:SÆSON=EJSÆSON,2010-02-01,1029.0
DST:FIKS22:BRANCHE07=B:BELØB=1:SÆSON=EJSÆSON,2010-03-01,1104.0
DST:FIKS22:BRANCHE07=B:BELØB=1:SÆSON=EJSÆSON,2010-04-01,1122.0
DST:FIKS22:BRANCHE07=B:BELØB=1:SÆSON=EJSÆSON,2010-05-01,1131.0
DST:FIKS22:BRANCHE07=B:BELØB=1:SÆSON=EJSÆSON,2010-06-01,1505.0
DST:FIKS22:BRANCHE07=B:BELØB=1:SÆSON=EJSÆSON,2010-07-01,641.0
DST:FIKS22:BRANCHE07=B:BELØB=1:SÆSON=EJSÆSON,2010-08-01,619.0
DST:FIKS22:BRANCHE07=B:BELØB=1:SÆSON=EJSÆSON,2010-09-01,649.0
DST:FIKS22:BRANCHE07=B:BELØB=1:SÆSON=EJSÆSON,2010-10-01,462.0
DST:FIKS22:BRANCHE07=B:BELØB=1:SÆSON=EJSÆSON,2010-11-01,187.0
DST:FIKS22:BRANCHE07=B:BELØB=1:SÆSON=EJSÆSON,2010-12-01,551.0
DST:FIKS22:BRANCHE07=B:BELØB=1:SÆSON=EJSÆSON,2011-01-01,909.0
DST:FIKS22:BRANCHE07=B:BELØB=1:SÆSON=EJSÆSON,2011-02-01,574.0
DST:FIKS22:BRANCHE07=B:BELØB=1:SÆSON=EJSÆSON,2011-03-01,1118.0
DST:FIKS22:BRANCHE07=B:BELØB=1:SÆSON=EJSÆSON,2011-04-01,773.0
DST:FIKS22:BRANCHE07=B:BELØB=1:SÆSON=EJSÆSON,2011-05-01,529.0
DST:FIKS22:BRANCHE07=B:BELØB=1:SÆSON=EJSÆSON,2011-06-01,1446.0
DST:FIKS22:BRANCHE07=B:BELØB=1:SÆSON=EJSÆSON,2011-07-01,742.0
DST:FIKS22:BRANCHE07=B:BELØB=1:SÆSON=EJSÆSON,2011-08-01,775.0
DST:FIKS22:BRANCHE07=B:BELØB=1:SÆSON=EJSÆSON,2011-09-01,885.0
DST:FIKS22:BRANCHE07=B:BELØB=1:SÆSON=EJSÆSON,2011-10-01,563.0
DST:FIKS22:BRANCHE07=B:BELØB=1:SÆSON=EJSÆSON,2011-11-01,887.0
DST:FIKS22:BRANCHE07=B:BELØB=1:SÆSON=EJSÆSON,2011-12-01,568.0
DST:FIKS22:BRANCHE07=B:BELØB=1:SÆSON=EJSÆSON,2012-01-01,394.0
DST:FIKS22:BRANCHE07=B:BELØB=1:SÆSON=EJSÆSON,2012-02-01,619.0
DST:FIKS22:BRANCHE07=B:BELØB=1:SÆSON=EJSÆSON,2012-03-01,689.0
DST:FIKS22:BRANCHE07=B:BELØB=1:SÆSON=EJSÆSON,2012-04-01,557.0
DST:FIKS22:BRANCHE07=B:BELØB=1:SÆSON=EJSÆSON,2012-05-01,1310.0
DST:FIKS22:BRANCHE07=B:BELØB=1:SÆSON=EJSÆSON,2012-06-01,679.0
DST:FIKS22:BRANCHE07=B:BELØB=1:SÆSON=EJSÆSON,2012-07-01,632.0
DST:FIKS22:BRANCHE07=B:BELØB=1:SÆSON=EJSÆSON,2012-08-01,374.0
DST:FIKS22:BRANCHE07=B:BELØB=1:SÆSON=EJSÆSON,2012-09-01,932.0
DST:FIKS22:BRANCHE07=B:BELØB=1:SÆSON=EJSÆSON,2012-10-01,593.0
DST:FIKS22:BRANCHE07=B:BELØB=1:SÆSON=EJSÆSON,2012-11-01,543.0
DST:FIKS22:BRANCHE07=B:BELØB=1:SÆSON=EJSÆSON,2012-12-01,357.0
DST:FIKS22:BRANCHE07=B:BELØB=1:SÆSON=EJSÆSON,2013-01-01,364.0
DST:FIKS22:BRANCHE07=B:BELØB=1:SÆSON=EJSÆSON,2013-02-01,336.0
DST:FIKS22:BRANCHE07=B:BELØB=1:SÆSON=EJSÆSON,2013-03-01,297.0
DST:FIKS22:BRANCHE07=B:BELØB=1:SÆSON=EJSÆSON,2013-04-01,387.0
DST:FIKS22:BRANCHE07=B:BELØB=1:SÆSON=EJSÆSON,2013-05-01,462.0
DST:FIKS22:BRANCHE07=B:BELØB=1:SÆSON=EJSÆSON,2013-06-01,486.0
DST:FIKS22:BRANCHE07=B:BELØB=1:SÆSON=EJSÆSON,2013-07-01,407.0
DST:FIKS22:BRANCHE07=B:BELØB=1:SÆSON=EJSÆSON,2013-08-01,353.0
DST:FIKS22:BRANCHE07=B:BELØB=1:SÆSON=EJSÆSON,2013-09-01,403.0
DST:FIKS22:BRANCHE07=B:BELØB=1:SÆSON=EJSÆSON,2013-10-01,364.0
DST:FIKS22:BRANCHE07=B:BELØB=1:SÆSON=EJSÆSON,2013-11-01,322.0
DST:FIKS22:BRANCHE07=B:BELØB=1:SÆSON=EJSÆSON,2013-12-01,305.0
DST:FIKS22:BRANCHE07=B:BELØB=1:SÆSON=EJSÆSON,2014-01-01,251.0
DST:FIKS22:BRANCHE07=B:BELØB=1:SÆSON=EJSÆSON,2014-02-01,275.0
DST:FIKS22:BRANCHE07=B:BELØB=1:SÆSON=EJSÆSON,2014-03-01,326.0
DST:FIKS22:BRANCHE07=B:BELØB=1:SÆSON=EJSÆSON,2014-04-01,366.0
DST:FIKS22:BRANCHE07=B:BELØB=1:SÆSON=EJSÆSON,2014-05-01,353.0
DST:FIKS22:BRANCHE07=B:BELØB=1:SÆSON=EJSÆSON,2014-06-01,304.0
DST:FIKS22:BRANCHE07=B:BELØB=1:SÆSON=EJSÆSON,2014-07-01,745.0
DST:FIKS22:BRANCHE07=B:BELØB=1:SÆSON=EJSÆSON,2014-08-01,350.0
DST:FIKS22:BRANCHE07=B:BELØB=1:SÆSON=EJSÆSON,2014-09-01,710.0
DST:FIKS22:BRANCHE07=B:BELØB=1:SÆSON=EJSÆSON,2014-10-01,345.0
DST:FIKS22:BRANCHE07=B:BELØB=1:SÆSON=EJSÆSON,2014-11-01,319.0
DST:FIKS22:BRANCHE07=B:BELØB=1:SÆSON=EJSÆSON,2014-12-01,268.0
DST:FIKS22:BRANCHE07=B:BELØB=1:SÆSON=EJSÆSON,2015-01-01,655.0
DST:FIKS22:BRANCHE07=B:BELØB=1:SÆSON=EJSÆSON,2015-02-01,414.0
DST:FIKS22:BRANCHE07=B:BELØB=1:SÆSON=EJSÆSON,2015-03-01,640.0
DST:FIKS22:BRANCHE07=B:BELØB=1:SÆSON=EJSÆSON,2015-04-01,640.0
DST:FIKS22:BRANCHE07=B:BELØB=1:SÆSON=EJSÆSON,2015-05-01,818.0
DST:FIKS22:BRANCHE07=B:BELØB=1:SÆSON=EJSÆSON,2015-06-01,642.0
DST:FIKS22:BRANCHE07=B:BELØB=1:SÆSON=EJSÆSON,2015-07-01,831.0
DST:FIKS22:BRANCHE07=B:BELØB=1:SÆSON=EJSÆSON,2015-08-01,734.0
DST:FIKS22:BRANCHE07=B:BELØB=1:SÆSON=EJSÆSON,2015-09-01,915.0
DST:FIKS22:BRANCHE07=B:BELØB=1:SÆSON=EJSÆSON,2015-10-01,476.0
DST:FIKS22:BRANCHE07=B:BELØB=1:SÆSON=EJSÆSON,2015-11-01,844.0
DST:FIKS22:BRANCHE07=B:BELØB=1:SÆSON=EJSÆSON,2015-12-01,674.0
DST:FIKS22:BRANCHE07=B:BELØB=1:SÆSON=EJSÆSON,2016-01-01,296.0
DST:FIKS22:BRANCHE07=B:BELØB=1:SÆSON=EJSÆSON,2016-02-01,743.0
DST:FIKS22:BRANCHE07=B:BELØB=1:SÆSON=EJSÆSON,2016-03-01,863.0
DST:FIKS22:BRANCHE07=B:BELØB=1:SÆSON=EJSÆSON,2016-04-01,783.0
DST:FIKS22:BRANCHE07=B:BELØB=1:SÆSON=EJSÆSON,2016-05-01,784.0
DST:FIKS22:BRANCHE07=B:BELØB=1:SÆSON=EJSÆSON,2016-06-01,679.0
DST:FIKS22:BRANCHE07=B:BELØB=1:SÆSON=EJSÆSON,2016-07-01,563.0
DST:FIKS22:BRANCHE07=B:BELØB=1:SÆSON=EJSÆSON,2016-08-01,1000.0
DST:FIKS22:BRANCHE07=B:BELØB=1:SÆSON=EJSÆSON,2016-09-01,658.0
DST:FIKS22:BRANCHE07=B:BELØB=1:SÆSON=EJSÆSON,2016-10-01,993.0
DST:FIKS22:BRANCHE07=B:BELØB=1:SÆSON=EJSÆSON,2016-11-01,835.0
DST:FIKS22:BRANCHE07=B:BELØB=1:SÆSON=EJSÆSON,2016-12-01,840.0
DST:FIKS22:BRANCHE07=B:BELØB=1:SÆSON=EJSÆSON,2017-01-01,727.0
DST:FIKS22:BRANCHE07=B:BELØB=1:SÆSON=EJSÆSON,2017-02-01,578.0
DST:FIKS22:BRANCHE07=B:BELØB=1:SÆSON=EJSÆSON,2017-03-01,1007.0
DST:FIKS22:BRANCHE07=B:BELØB=1:SÆSON=EJSÆSON,2017-04-01,628.0
DST:FIKS22:BRANCHE07=B:BELØB=1:SÆSON=EJSÆSON,2017-05-01,788.0
DST:FIKS22:BRANCHE07=B:BELØB=1:SÆSON=EJSÆSON,2017-06-01,330.0
DST:FIKS22:BRANCHE07=B:BELØB=1:SÆSON=EJSÆSON,2017-07-01,803.0
DST:FIKS22:BRANCHE07=B:BELØB=1:SÆSON=EJSÆSON,2017-08-01,420.0
DST:FIKS22:BRANCHE07=B:BELØB=1:SÆSON=EJSÆSON,2017-09-01,871.0
DST:FIKS22:BRANCHE07=B:BELØB=1:SÆSON=EJSÆSON,2017-10-01,384.0
DST:FIKS22:BRANCHE07=B:BELØB=1:SÆSON=EJSÆSON,2017-11-01,926.0
DST:FIKS22:BRANCHE07=B:BELØB=1:SÆSON=EJSÆSON,2017-12-01,1032.0
DST:FIKS22:BRANCHE07=B:BELØB=1:SÆSON=EJSÆSON,2018-01-01,683.0
DST:FIKS22:BRANCHE07=B:BELØB=1:SÆSON=EJSÆSON,2018-02-01,802.0
DST:FIKS22:BRANCHE07=B:BELØB=1:SÆSON=EJSÆSON,2018-03-01,623.0
DST:FIKS22:BRANCHE07=B:BELØB=1:SÆSON=EJSÆSON,2018-04-01,837.0
DST:FIKS22:BRANCHE07=B:BELØB=1:SÆSON=EJSÆSON,2018-05-01,881.0
DST:FIKS22:BRANCHE07=B:BELØB=1:SÆSON=EJSÆSON,2018-06-01,588.0
DST:FIKS22:BRANCHE07=B:BELØB=1:SÆSON=EJSÆSON,2018-07-01,790.0
DST:FIKS22:BRANCHE07=B:BELØB=1:SÆSON=EJSÆSON,2018-08-01,723.0
DST:FIKS22:BRANCHE07=B:BELØB=1:SÆSON=EJSÆSON,2018-09-01,652.0
DST:FIKS22:BRANCHE07=B:BELØB=1:SÆSON=EJSÆSON,2018-10-01,1089.0
DST:FIKS22:BRANCHE07=B:BELØB=1:SÆSON=EJSÆSON,2018-11-01,722.0
DST:FIKS22:BRANCHE07=B:BELØB=1:SÆSON=EJSÆSON,2018-12-01,753.0
DST:FIKS22:BRANCHE07=B:BELØB=1:SÆSON=EJSÆSON,2019-01-01,363.0
DST:FIKS22:BRANCHE07=B:BELØB=1:SÆSON=EJSÆSON,2019-02-01,1302.0
DST:FIKS22:BRANCHE07=B:BELØB=1:SÆSON=EJSÆSON,2019-03-01,372.0
DST:FIKS22:BRANCHE07=B:BELØB=1:SÆSON=EJSÆSON,2019-04-01,939.0
DST:FIKS22:BRANCHE07=B:BELØB=1:SÆSON=EJSÆSON,2019-05-01,1294.0
DST:FIKS22:BRANCHE07=B:BELØB=1:SÆSON=EJSÆSON,2019-06-01,695.0
DST:FIKS22:BRANCHE07=B:BELØB=1:SÆSON=EJSÆSON,2019-07-01,1150.0
DST:FIKS22:BRANCHE07=B:BELØB=1:SÆSON=EJSÆSON,2019-08-01,688.0
DST:FIKS22:BRANCHE07=B:BELØB=1:SÆSON=EJSÆSON,2019-09-01,538.0
DST:FIKS22:BRANCHE07=B:BELØB=1:SÆSON=EJSÆSON,2019-10-01,323.0
DST:FIKS22:BRANCHE07=B:BELØB=1:SÆSON=EJSÆSON,2019-11-01,741.0
DST:FIKS22:BRANCHE07=B:BELØB=1:SÆSON=EJSÆSON,2019-12-01,373.0
DST:FIKS22:BRANCHE07=B:BELØB=1:SÆSON=EJSÆSON,2020-01-01,582.0
DST:FIKS22:BRANCHE07=B:BELØB=1:SÆSON=EJSÆSON,2020-02-01,1812.0
DST:FIKS22:BRANCHE07=B:BELØB=1:SÆSON=EJSÆSON,2020-03-01,399.0
DST:FIKS22:BRANCHE07=B:BELØB=1:SÆSON=EJSÆSON,2020-04-01,397.0
DST:FIKS22:BRANCHE07=B:BELØB=1:SÆSON=EJSÆSON,2020-05-01,384.0
DST:FIKS22:BRANCHE07=B:BELØB=1:SÆSON=EJSÆSON,2020-06-01,388.0
DST:FIKS22:BRANCHE07=B:BELØB=1:SÆSON=EJSÆSON,2020-07-01,399.0
DST:FIKS22:BRANCHE07=B:BELØB=1:SÆSON=EJSÆSON,2020-08-01,490.0
DST:FIKS22:BRANCHE07=B:BELØB=1:SÆSON=EJSÆSON,2020-09-01,603.0
DST:FIKS22:BRANCHE07=B:BELØB=1:SÆSON=EJSÆSON,2020-10-01,599.0
DST:FIKS22:BRANCHE07=B:BELØB=1:SÆSON=EJSÆSON,2020-11-01,669.0
DST:FIKS22:BRANCHE07=B:BELØB=1:SÆSON=EJSÆSON,2020-12-01,831.0
DST:FIKS22:BRANCHE07=B:BELØB=1:SÆSON=EJSÆSON,2021-01-01,256.0
DST:FIKS22:BRANCHE07=B:BELØB=1:SÆSON=EJSÆSON,2021-02-01,1014.0
DST:FIKS22:BRANCHE07=B:BELØB=1:SÆSON=EJSÆSON,2021-03-01,758.0
DST:FIKS22:BRANCHE07=B:BELØB=1:SÆSON=EJSÆSON,2021-04-01,739.0
DST:FIKS22:BRANCHE07=B:BELØB=1:SÆSON=EJSÆSON,2021-05-01,711.0
DST:FIKS22:BRANCHE07=B:BELØB=1:SÆSON=EJSÆSON,2021-06-01,953.0
DST:FIKS22:BRANCHE07=B:BELØB=1:SÆSON=EJSÆSON,2021-07-01,939.0
DST:FIKS22:BRANCHE07=B:BELØB=1:SÆSON=EJSÆSON,2021-08-01,809.0
DST:FIKS22:BRANCHE07=B:BELØB=1:SÆSON=EJSÆSON,2021-09-01,948.0
DST:FIKS22:BRANCHE07=B:BELØB=1:SÆSON=EJSÆSON,2021-10-01,1132.0
DST:FIKS22:BRANCHE07=B:BELØB=1:SÆSON=EJSÆSON,2021-11-01,1288.0
DST:FIKS22:BRANCHE07=B:BELØB=1:SÆSON=EJSÆSON,2021-12-01,1321.0
DST:FIKS22:BRANCHE07=B:BELØB=1:SÆSON=EJSÆSON,2022-01-01,1565.0
DST:FIKS22:BRANCHE07=B:BELØB=1:SÆSON=EJSÆSON,2022-02-01,1198.0
DST:FIKS22:BRANCHE07=B:BELØB=1:SÆSON=EJSÆSON,2022-03-01,1365.0
DST:FIKS22:BRANCHE07=B:BELØB=1:SÆSON=EJSÆSON,2022-04-01,1437.0
DST:FIKS22:BRANCHE07=B:BELØB=1:SÆSON=EJSÆSON,2022-05-01,1314.0
DST:FIKS22:BRANCHE07=B:BELØB=1:SÆSON=EJSÆSON,2022-06-01,1777.0
DST:FIKS22:BRANCHE07=B:BELØB=1:SÆSON=EJSÆSON,2022-07-01,1880.0
DST:FIKS22:BRANCHE07=B:BELØB=1:SÆSON=EJSÆSON,2022-08-01,1232.0
DST:FIKS22:BRANCHE07=B:BELØB=1:SÆSON=EJSÆSON,2022-09-01,1912.0
DST:FIKS22:BRANCHE07=B:BELØB=1:SÆSON=EJSÆSON,2022-10-01,1400.0
DST:FIKS22:BRANCHE07=B:BELØB=1:SÆSON=EJSÆSON,2022-11-01,1648.0
DST:FIKS22:BRANCHE07=B:BELØB=1:SÆSON=EJSÆSON,2022-12-01,1593.0
DST:FIKS22:BRANCHE07=B:BELØB=1:SÆSON=EJSÆSON,2023-01-01,1644.0
DST:FIKS22:BRANCHE07=B:BELØB=1:SÆSON=EJSÆSON,2023-02-01,1305.0
DST:FIKS22:BRANCHE07=B:BELØB=1:SÆSON=EJSÆSON,2023-03-01,1405.0
DST:FIKS22:BRANCHE07=B:BELØB=1:SÆSON=EJSÆSON,2023-04-01,1108.0
DST:FIKS22:BRANCHE07=B:BELØB=1:SÆSON=EJSÆSON,2023-05-01,1499.0
DST:FIKS22:BRANCHE07=B:BELØB=1:SÆSON=EJSÆSON,2023-06-01,1256.0
DST:FIKS22:BRANCHE07=B:BELØB=1:SÆSON=EJSÆSON,2023-07-01,873.0
DST:FIKS22:BRANCHE07=B:BELØB=1:SÆSON=EJSÆSON,2023-08-01,1505.0
DST:FIKS22:BRANCHE07=B:BELØB=1:SÆSON=EJSÆSON,2023-09-01,1347.0
DST:FIKS22:BRANCHE07=B:BELØB=1:SÆSON=EJSÆSON,2023-10-01,1267.0
DST:FIKS22:BRANCHE07=B:BELØB=1:SÆSON=EJSÆSON,2023-11-01,1004.0
DST:FIKS22:BRANCHE07=B:BELØB=1:SÆSON=EJSÆSON,2023-12-01,1357.0
DST:FIKS22:BRANCHE07=B:BELØB=1:SÆSON=EJSÆSON,2024-01-01,1355.0
DST:FIKS22:BRANCHE07=B:BELØB=1:SÆSON=EJSÆSON,2024-02-01,1095.0
DST:FIKS22:BRANCHE07=B:BELØB=1:SÆSON=EJSÆSON,2024-03-01,1386.0
DST:FIKS22:BRANCHE07=B:BELØB=1:SÆSON=EJSÆSON,2024-04-01,1133.0
DST:FIKS22:BRANCHE07=B:BELØB=1:SÆSON=EJSÆSON,2024-05-01,1512.0
DST:FIKS22:BRANCHE07=B:BELØB=1:SÆSON=EJSÆSON,2024-06-01,1162.0
DST:FIKS22:BRANCHE07=B:BELØB=1:SÆSON=EJSÆSON,2024-07-01,1546.0
DST:FIKS22:BRANCHE07=B:BELØB=1:SÆSON=EJSÆSON,2024-08-01,598.0
DST:FIKS22:BRANCHE07=B:BELØB=1:SÆSON=EJSÆSON,2024-09-01,725.0
DST:FIKS22:BRANCHE07=B:BELØB=1:SÆSON=EJSÆSON,2024-10-01,1538.0
DST:FIKS22:BRANCHE07=B:BELØB=1:SÆSON=EJSÆSON,2024-11-01,1064.0
DST:FIKS22:BRANCHE07=B:BELØB=1:SÆSON=EJSÆSON,2024-12-01,1581.0
DST:FIKS22:BRANCHE07=B:BELØB=1:SÆSON=EJSÆSON,2025-01-01,1132.0
DST:FIKS22:BRANCHE07=B:BELØB=1:SÆSON=EJSÆSON,2025-02-01,1300.0
DST:FIKS22:BRANCHE07=B:BELØB=1:SÆSON=EJSÆSON,2025-03-01,1359.0
DST:FIKS22:BRANCHE07=B:BELØB=1:SÆSON=EJSÆSON,2025-04-01,897.0
DST:FIKS22:BRANCHE07=B:BELØB=1:SÆSON=EJSÆSON,2025-05-01,1193.0
DST:FIKS22:BRANCHE07=B:BELØB=1:SÆSON=EJSÆSON,2025-06-01,1206.0
DST:FIKS22:BRANCHE07=B:BELØB=1:SÆSON=EJSÆSON,2025-07-01,1592.0
DST:FIKS22:BRANCHE07=B:BELØB=1:SÆSON=EJSÆSON,2025-08-01,953.0
DST:FIKS22:BRANCHE07=B:BELØB=1:SÆSON=EJSÆSON,2025-09-01,1193.0
DST:FIKS22:BRANCHE07=B:BELØB=1:SÆSON=EJSÆSON,2025-10-01,1366.0
DST:FIKS22:BRANCHE07=B:BELØB=1:SÆSON=EJSÆSON,2025-11-01,1047.0
DST:FIKS22:BRANCHE07=B:BELØB=1:SÆSON=EJSÆSON,2025-12-01,980.0
DST:FIKS22:BRANCHE07=B:BELØB=1:SÆSON=EJSÆSON,2026-01-01,1279.0
DST:FIKS22:BRANCHE07=B:BELØB=1:SÆSON=EJSÆSON,2026-02-01,1066.0
DST:FIKS22:BRANCHE07=B:BELØB=1:SÆSON=EJSÆSON,2026-03-01,1386.0
DST:FIKS22:BRANCHE07=B:BELØB=1:SÆSON=SÆSON,2009-01-01,793.0
DST:FIKS22:BRANCHE07=B:BELØB=1:SÆSON=SÆSON,2009-02-01,738.0
DST:FIKS22:BRANCHE07=B:BELØB=1:SÆSON=SÆSON,2009-03-01,863.0
DST:FIKS22:BRANCHE07=B:BELØB=1:SÆSON=SÆSON,2009-04-01,1043.0
DST:FIKS22:BRANCHE07=B:BELØB=1:SÆSON=SÆSON,2009-05-01,966.0
DST:FIKS22:BRANCHE07=B:BELØB=1:SÆSON=SÆSON,2009-06-01,1000.0
DST:FIKS22:BRANCHE07=B:BELØB=1:SÆSON=SÆSON,2009-07-01,990.0
DST:FIKS22:BRANCHE07=B:BELØB=1:SÆSON=SÆSON,2009-08-01,792.0
DST:FIKS22:BRANCHE07=B:BELØB=1:SÆSON=SÆSON,2009-09-01,955.0
DST:FIKS22:BRANCHE07=B:BELØB=1:SÆSON=SÆSON,2009-10-01,989.0
DST:FIKS22:BRANCHE07=B:BELØB=1:SÆSON=SÆSON,2009-11-01,1072.0
DST:FIKS22:BRANCHE07=B:BELØB=1:SÆSON=SÆSON,2009-12-01,1028.0
DST:FIKS22:BRANCHE07=B:BELØB=1:SÆSON=SÆSON,2010-01-01,1144.0
DST:FIKS22:BRANCHE07=B:BELØB=1:SÆSON=SÆSON,2010-02-01,1029.0
DST:FIKS22:BRANCHE07=B:BELØB=1:SÆSON=SÆSON,2010-03-01,1104.0
DST:FIKS22:BRANCHE07=B:BELØB=1:SÆSON=SÆSON,2010-04-01,1122.0
DST:FIKS22:BRANCHE07=B:BELØB=1:SÆSON=SÆSON,2010-05-01,1131.0
DST:FIKS22:BRANCHE07=B:BELØB=1:SÆSON=SÆSON,2010-06-01,1505.0
DST:FIKS22:BRANCHE07=B:BELØB=1:SÆSON=SÆSON,2010-07-01,641.0
DST:FIKS22:BRANCHE07=B:BELØB=1:SÆSON=SÆSON,2010-08-01,619.0
DST:FIKS22:BRANCHE07=B:BELØB=1:SÆSON=SÆSON,2010-09-01,649.0
DST:FIKS22:BRANCHE07=B:BELØB=1:SÆSON=SÆSON,2010-10-01,462.0
DST:FIKS22:BRANCHE07=B:BELØB=1:SÆSON=SÆSON,2010-11-01,187.0
DST:FIKS22:BRANCHE07=B:BELØB=1:SÆSON=SÆSON,2010-12-01,551.0
DST:FIKS22:BRANCHE07=B:BELØB=1:SÆSON=SÆSON,2011-01-01,909.0
DST:FIKS22:BRANCHE07=B:BELØB=1:SÆSON=SÆSON,2011-02-01,574.0
DST:FIKS22:BRANCHE07=B:BELØB=1:SÆSON=SÆSON,2011-03-01,1118.0
DST:FIKS22:BRANCHE07=B:BELØB=1:SÆSON=SÆSON,2011-04-01,773.0
DST:FIKS22:BRANCHE07=B:BELØB=1:SÆSON=SÆSON,2011-05-01,529.0
DST:FIKS22:BRANCHE07=B:BELØB=1:SÆSON=SÆSON,2011-06-01,1446.0
DST:FIKS22:BRANCHE07=B:BELØB=1:SÆSON=SÆSON,2011-07-01,742.0
DST:FIKS22:BRANCHE07=B:BELØB=1:SÆSON=SÆSON,2011-08-01,775.0
DST:FIKS22:BRANCHE07=B:BELØB=1:SÆSON=SÆSON,2011-09-01,885.0
DST:FIKS22:BRANCHE07=B:BELØB=1:SÆSON=SÆSON,2011-10-01,563.0
DST:FIKS22:BRANCHE07=B:BELØB=1:SÆSON=SÆSON,2011-11-01,887.0
DST:FIKS22:BRANCHE07=B:BELØB=1:SÆSON=SÆSON,2011-12-01,568.0
DST:FIKS22:BRANCHE07=B:BELØB=1:SÆSON=SÆSON,2012-01-01,394.0
DST:FIKS22:BRANCHE07=B:BELØB=1:SÆSON=SÆSON,2012-02-01,619.0
DST:FIKS22:BRANCHE07=B:BELØB=1:SÆSON=SÆSON,2012-03-01,689.0
DST:FIKS22:BRANCHE07=B:BELØB=1:SÆSON=SÆSON,2012-04-01,557.0
DST:FIKS22:BRANCHE07=B:BELØB=1:SÆSON=SÆSON,2012-05-01,1310.0
DST:FIKS22:BRANCHE07=B:BELØB=1:SÆSON=SÆSON,2012-06-01,679.0
DST:FIKS22:BRANCHE07=B:BELØB=1:SÆSON=SÆSON,2012-07-01,632.0
DST:FIKS22:BRANCHE07=B:BELØB=1:SÆSON=SÆSON,2012-08-01,374.0
DST:FIKS22:BRANCHE07=B:BELØB=1:SÆSON=SÆSON,2012-09-01,932.0
DST:FIKS22:BRANCHE07=B:BELØB=1:SÆSON=SÆSON,2012-10-01,593.0
DST:FIKS22:BRANCHE07=B:BELØB=1:SÆSON=SÆSON,2012-11-01,543.0
DST:FIKS22:BRANCHE07=B:BELØB=1:SÆSON=SÆSON,2012-12-01,357.0
DST:FIKS22:BRANCHE07=B:BELØB=1:SÆSON=SÆSON,2013-01-01,364.0
DST:FIKS22:BRANCHE07=B:BELØB=1:SÆSON=SÆSON,2013-02-01,336.0
DST:FIKS22:BRANCHE07=B:BELØB=1:SÆSON=SÆSON,2013-03-01,297.0
DST:FIKS22:BRANCHE07=B:BELØB=1:SÆSON=SÆSON,2013-04-01,387.0
DST:FIKS22:BRANCHE07=B:BELØB=1:SÆSON=SÆSON,2013-05-01,462.0
DST:FIKS22:BRANCHE07=B:BELØB=1:SÆSON=SÆSON,2013-06-01,486.0
DST:FIKS22:BRANCHE07=B:BELØB=1:SÆSON=SÆSON,2013-07-01,407.0
DST:FIKS22:BRANCHE07=B:BELØB=1:SÆSON=SÆSON,2013-08-01,353.0
DST:FIKS22:BRANCHE07=B:BELØB=1:SÆSON=SÆSON,2013-09-01,403.0
DST:FIKS22:BRANCHE07=B:BELØB=1:SÆSON=SÆSON,2013-10-01,364.0
DST:FIKS22:BRANCHE07=B:BELØB=1:SÆSON=SÆSON,2013-11-01,322.0
DST:FIKS22:BRANCHE07=B:BELØB=1:SÆSON=SÆSON,2013-12-01,305.0
DST:FIKS22:BRANCHE07=B:BELØB=1:SÆSON=SÆSON,2014-01-01,251.0
DST:FIKS22:BRANCHE07=B:BELØB=1:SÆSON=SÆSON,2014-02-01,275.0
DST:FIKS22:BRANCHE07=B:BELØB=1:SÆSON=SÆSON,2014-03-01,326.0
DST:FIKS22:BRANCHE07=B:BELØB=1:SÆSON=SÆSON,2014-04-01,366.0
DST:FIKS22:BRANCHE07=B:BELØB=1:SÆSON=SÆSON,2014-05-01,353.0
DST:FIKS22:BRANCHE07=B:BELØB=1:SÆSON=SÆSON,2014-06-01,304.0
DST:FIKS22:BRANCHE07=B:BELØB=1:SÆSON=SÆSON,2014-07-01,745.0
DST:FIKS22:BRANCHE07=B:BELØB=1:SÆSON=SÆSON,2014-08-01,350.0
DST:FIKS22:BRANCHE07=B:BELØB=1:SÆSON=SÆSON,2014-09-01,710.0
DST:FIKS22:BRANCHE07=B:BELØB=1:SÆSON=SÆSON,2014-10-01,345.0
DST:FIKS22:BRANCHE07=B:BELØB=1:SÆSON=SÆSON,2014-11-01,319.0
DST:FIKS22:BRANCHE07=B:BELØB=1:SÆSON=SÆSON,2014-12-01,268.0
DST:FIKS22:BRANCHE07=B:BELØB=1:SÆSON=SÆSON,2015-01-01,655.0
DST:FIKS22:BRANCHE07=B:BELØB=1:SÆSON=SÆSON,2015-02-01,414.0
DST:FIKS22:BRANCHE07=B:BELØB=1:SÆSON=SÆSON,2015-03-01,640.0
DST:FIKS22:BRANCHE07=B:BELØB=1:SÆSON=SÆSON,2015-04-01,640.0
DST:FIKS22:BRANCHE07=B:BELØB=1:SÆSON=SÆSON,2015-05-01,818.0
DST:FIKS22:BRANCHE07=B:BELØB=1:SÆSON=SÆSON,2015-06-01,642.0
DST:FIKS22:BRANCHE07=B:BELØB=1:SÆSON=SÆSON,2015-07-01,831.0
DST:FIKS22:BRANCHE07=B:BELØB=1:SÆSON=SÆSON,2015-08-01,734.0
DST:FIKS22:BRANCHE07=B:BELØB=1:SÆSON=SÆSON,2015-09-01,915.0
DST:FIKS22:BRANCHE07=B:BELØB=1:SÆSON=SÆSON,2015-10-01,476.0
DST:FIKS22:BRANCHE07=B:BELØB=1:SÆSON=SÆSON,2015-11-01,844.0
DST:FIKS22:BRANCHE07=B:BELØB=1:SÆSON=SÆSON,2015-12-01,674.0
DST:FIKS22:BRANCHE07=B:BELØB=1:SÆSON=SÆSON,2016-01-01,296.0
DST:FIKS22:BRANCHE07=B:BELØB=1:SÆSON=SÆSON,2016-02-01,743.0
DST:FIKS22:BRANCHE07=B:BELØB=1:SÆSON=SÆSON,2016-03-01,863.0
DST:FIKS22:BRANCHE07=B:BELØB=1:SÆSON=SÆSON,2016-04-01,783.0
DST:FIKS22:BRANCHE07=B:BELØB=1:SÆSON=SÆSON,2016-05-01,784.0
DST:FIKS22:BRANCHE07=B:BELØB=1:SÆSON=SÆSON,2016-06-01,679.0
DST:FIKS22:BRANCHE07=B:BELØB=1:SÆSON=SÆSON,2016-07-01,563.0
DST:FIKS22:BRANCHE07=B:BELØB=1:SÆSON=SÆSON,2016-08-01,1000.0
DST:FIKS22:BRANCHE07=B:BELØB=1:SÆSON=SÆSON,2016-09-01,658.0
DST:FIKS22:BRANCHE07=B:BELØB=1:SÆSON=SÆSON,2016-10-01,993.0
DST:FIKS22:BRANCHE07=B:BELØB=1:SÆSON=SÆSON,2016-11-01,835.0
DST:FIKS22:BRANCHE07=B:BELØB=1:SÆSON=SÆSON,2016-12-01,840.0
DST:FIKS22:BRANCHE07=B:BELØB=1:SÆSON=SÆSON,2017-01-01,727.0
DST:FIKS22:BRANCHE07=B:BELØB=1:SÆSON=SÆSON,2017-02-01,578.0
DST:FIKS22:BRANCHE07=B:BELØB=1:SÆSON=SÆSON,2017-03-01,1007.0
DST:FIKS22:BRANCHE07=B:BELØB=1:SÆSON=SÆSON,2017-04-01,628.0
DST:FIKS22:BRANCHE07=B:BELØB=1:SÆSON=SÆSON,2017-05-01,788.0
DST:FIKS22:BRANCHE07=B:BELØB=1:SÆSON=SÆSON,2017-06-01,330.0
DST:FIKS22:BRANCHE07=B:BELØB=1:SÆSON=SÆSON,2017-07-01,803.0
DST:FIKS22:BRANCHE07=B:BELØB=1:SÆSON=SÆSON,2017-08-01,420.0
DST:FIKS22:BRANCHE07=B:BELØB=1:SÆSON=SÆSON,2017-09-01,871.0
DST:FIKS22:BRANCHE07=B:BELØB=1:SÆSON=SÆSON,2017-10-01,384.0
DST:FIKS22:BRANCHE07=B:BELØB=1:SÆSON=SÆSON,2017-11-01,926.0
DST:FIKS22:BRANCHE07=B:BELØB=1:SÆSON=SÆSON,2017-12-01,1032.0
DST:FIKS22:BRANCHE07=B:BELØB=1:SÆSON=SÆSON,2018-01-01,683.0
DST:FIKS22:BRANCHE07=B:BELØB=1:SÆSON=SÆSON,2018-02-01,802.0
DST:FIKS22:BRANCHE07=B:BELØB=1:SÆSON=SÆSON,2018-03-01,623.0
DST:FIKS22:BRANCHE07=B:BELØB=1:SÆSON=SÆSON,2018-04-01,837.0
DST:FIKS22:BRANCHE07=B:BELØB=1:SÆSON=SÆSON,2018-05-01,881.0
DST:FIKS22:BRANCHE07=B:BELØB=1:SÆSON=SÆSON,2018-06-01,588.0
DST:FIKS22:BRANCHE07=B:BELØB=1:SÆSON=SÆSON,2018-07-01,790.0
DST:FIKS22:BRANCHE07=B:BELØB=1:SÆSON=SÆSON,2018-08-01,723.0
DST:FIKS22:BRANCHE07=B:BELØB=1:SÆSON=SÆSON,2018-09-01,652.0
DST:FIKS22:BRANCHE07=B:BELØB=1:SÆSON=SÆSON,2018-10-01,1089.0
DST:FIKS22:BRANCHE07=B:BELØB=1:SÆSON=SÆSON,2018-11-01,722.0
DST:FIKS22:BRANCHE07=B:BELØB=1:SÆSON=SÆSON,2018-12-01,753.0
DST:FIKS22:BRANCHE07=B:BELØB=1:SÆSON=SÆSON,2019-01-01,363.0
DST:FIKS22:BRANCHE07=B:BELØB=1:SÆSON=SÆSON,2019-02-01,1302.0
DST:FIKS22:BRANCHE07=B:BELØB=1:SÆSON=SÆSON,2019-03-01,372.0
DST:FIKS22:BRANCHE07=B:BELØB=1:SÆSON=SÆSON,2019-04-01,939.0
DST:FIKS22:BRANCHE07=B:BELØB=1:SÆSON=SÆSON,2019-05-01,1294.0
DST:FIKS22:BRANCHE07=B:BELØB=1:SÆSON=SÆSON,2019-06-01,695.0
DST:FIKS22:BRANCHE07=B:BELØB=1:SÆSON=SÆSON,2019-07-01,1150.0
DST:FIKS22:BRANCHE07=B:BELØB=1:SÆSON=SÆSON,2019-08-01,688.0
DST:FIKS22:BRANCHE07=B:BELØB=1:SÆSON=SÆSON,2019-09-01,538.0
DST:FIKS22:BRANCHE07=B:BELØB=1:SÆSON=SÆSON,2019-10-01,323.0
DST:FIKS22:BRANCHE07=B:BELØB=1:SÆSON=SÆSON,2019-11-01,741.0
DST:FIKS22:BRANCHE07=B:BELØB=1:SÆSON=SÆSON,2019-12-01,373.0
DST:FIKS22:BRANCHE07=B:BELØB=1:SÆSON=SÆSON,2020-01-01,582.0
DST:FIKS22:BRANCHE07=B:BELØB=1:SÆSON=SÆSON,2020-02-01,1812.0
DST:FIKS22:BRANCHE07=B:BELØB=1:SÆSON=SÆSON,2020-03-01,399.0
DST:FIKS22:BRANCHE07=B:BELØB=1:SÆSON=SÆSON,2020-04-01,397.0
DST:FIKS22:BRANCHE07=B:BELØB=1:SÆSON=SÆSON,2020-05-01,384.0
DST:FIKS22:BRANCHE07=B:BELØB=1:SÆSON=SÆSON,2020-06-01,388.0
DST:FIKS22:BRANCHE07=B:BELØB=1:SÆSON=SÆSON,2020-07-01,399.0
DST:FIKS22:BRANCHE07=B:BELØB=1:SÆSON=SÆSON,2020-08-01,490.0
DST:FIKS22:BRANCHE07=B:BELØB=1:SÆSON=SÆSON,2020-09-01,603.0
DST:FIKS22:BRANCHE07=B:BELØB=1:SÆSON=SÆSON,2020-10-01,599.0
DST:FIKS22:BRANCHE07=B:BELØB=1:SÆSON=SÆSON,2020-11-01,669.0
DST:FIKS22:BRANCHE07=B:BELØB=1:SÆSON=SÆSON,2020-12-01,831.0
DST:FIKS22:BRANCHE07=B:BELØB=1:SÆSON=SÆSON,2021-01-01,256.0
DST:FIKS22:BRANCHE07=B:BELØB=1:SÆSON=SÆSON,2021-02-01,1014.0
DST:FIKS22:BRANCHE07=B:BELØB=1:SÆSON=SÆSON,2021-03-01,758.0
DST:FIKS22:BRANCHE07=B:BELØB=1:SÆSON=SÆSON,2021-04-01,739.0
DST:FIKS22:BRANCHE07=B:BELØB=1:SÆSON=SÆSON,2021-05-01,711.0
DST:FIKS22:BRANCHE07=B:BELØB=1:SÆSON=SÆSON,2021-06-01,953.0
DST:FIKS22:BRANCHE07=B:BELØB=1:SÆSON=SÆSON,2021-07-01,939.0
DST:FIKS22:BRANCHE07=B:BELØB=1:SÆSON=SÆSON,2021-08-01,809.0
DST:FIKS22:BRANCHE07=B:BELØB=1:SÆSON=SÆSON,2021-09-01,948.0
DST:FIKS22:BRANCHE07=B:BELØB=1:SÆSON=SÆSON,2021-10-01,1132.0
DST:FIKS22:BRANCHE07=B:BELØB=1:SÆSON=SÆSON,2021-11-01,1288.0
DST:FIKS22:BRANCHE07=B:BELØB=1:SÆSON=SÆSON,2021-12-01,1321.0
DST:FIKS22:BRANCHE07=B:BELØB=1:SÆSON=SÆSON,2022-01-01,1565.0
DST:FIKS22:BRANCHE07=B:BELØB=1:SÆSON=SÆSON,2022-02-01,1198.0
DST:FIKS22:BRANCHE07=B:BELØB=1:SÆSON=SÆSON,2022-03-01,1365.0
DST:FIKS22:BRANCHE07=B:BELØB=1:SÆSON=SÆSON,2022-04-01,1437.0
DST:FIKS22:BRANCHE07=B:BELØB=1:SÆSON=SÆSON,2022-05-01,1314.0
DST:FIKS22:BRANCHE07=B:BELØB=1:SÆSON=SÆSON,2022-06-01,1777.0
DST:FIKS22:BRANCHE07=B:BELØB=1:SÆSON=SÆSON,2022-07-01,1880.0
DST:FIKS22:BRANCHE07=B:BELØB=1:SÆSON=SÆSON,2022-08-01,1232.0
DST:FIKS22:BRANCHE07=B:BELØB=1:SÆSON=SÆSON,2022-09-01,1912.0
DST:FIKS22:BRANCHE07=B:BELØB=1:SÆSON=SÆSON,2022-10-01,1400.0
DST:FIKS22:BRANCHE07=B:BELØB=1:SÆSON=SÆSON,2022-11-01,1648.0
DST:FIKS22:BRANCHE07=B:BELØB=1:SÆSON=SÆSON,2022-12-01,1593.0
DST:FIKS22:BRANCHE07=B:BELØB=1:SÆSON=SÆSON,2023-01-01,1644.0
DST:FIKS22:BRANCHE07=B:BELØB=1:SÆSON=SÆSON,2023-02-01,1305.0
DST:FIKS22:BRANCHE07=B:BELØB=1:SÆSON=SÆSON,2023-03-01,1405.0
DST:FIKS22:BRANCHE07=B:BELØB=1:SÆSON=SÆSON,2023-04-01,1108.0
DST:FIKS22:BRANCHE07=B:BELØB=1:SÆSON=SÆSON,2023-05-01,1499.0
DST:FIKS22:BRANCHE07=B:BELØB=1:SÆSON=SÆSON,2023-06-01,1256.0
DST:FIKS22:BRANCHE07=B:BELØB=1:SÆSON=SÆSON,2023-07-01,873.0
DST:FIKS22:BRANCHE07=B:BELØB=1:SÆSON=SÆSON,2023-08-01,1505.0
DST:FIKS22:BRANCHE07=B:BELØB=1:SÆSON=SÆSON,2023-09-01,1347.0
DST:FIKS22:BRANCHE07=B:BELØB=1:SÆSON=SÆSON,2023-10-01,1267.0
DST:FIKS22:BRANCHE07=B:BELØB=1:SÆSON=SÆSON,2023-11-01,1004.0
DST:FIKS22:BRANCHE07=B:BELØB=1:SÆSON=SÆSON,2023-12-01,1357.0
DST:FIKS22:BRANCHE07=B:BELØB=1:SÆSON=SÆSON,2024-01-01,1355.0
DST:FIKS22:BRANCHE07=B:BELØB=1:SÆSON=SÆSON,2024-02-01,1095.0
DST:FIKS22:BRANCHE07=B:BELØB=1:SÆSON=SÆSON,2024-03-01,1386.0
DST:FIKS22:BRANCHE07=B:BELØB=1:SÆSON=SÆSON,2024-04-01,1133.0
DST:FIKS22:BRANCHE07=B:BELØB=1:SÆSON=SÆSON,2024-05-01,1512.0
DST:FIKS22:BRANCHE07=B:BELØB=1:SÆSON=SÆSON,2024-06-01,1162.0
DST:FIKS22:BRANCHE07=B:BELØB=1:SÆSON=SÆSON,2024-07-01,1546.0
DST:FIKS22:BRANCHE07=B:BELØB=1:SÆSON=SÆSON,2024-08-01,598.0
DST:FIKS22:BRANCHE07=B:BELØB=1:SÆSON=SÆSON,2024-09-01,725.0
DST:FIKS22:BRANCHE07=B:BELØB=1:SÆSON=SÆSON,2024-10-01,1538.0
DST:FIKS22:BRANCHE07=B:BELØB=1:SÆSON=SÆSON,2024-11-01,1064.0
DST:FIKS22:BRANCHE07=B:BELØB=1:SÆSON=SÆSON,2024-12-01,1581.0
DST:FIKS22:BRANCHE07=B:BELØB=1:SÆSON=SÆSON,2025-01-01,1132.0
DST:FIKS22:BRANCHE07=B:BELØB=1:SÆSON=SÆSON,2025-02-01,1300.0
DST:FIKS22:BRANCHE07=B:BELØB=1:SÆSON=SÆSON,2025-03-01,1359.0
DST:FIKS22:BRANCHE07=B:BELØB=1:SÆSON=SÆSON,2025-04-01,897.0
DST:FIKS22:BRANCHE07=B:BELØB=1:SÆSON=SÆSON,2025-05-01,1193.0
DST:FIKS22:BRANCHE07=B:BELØB=1:SÆSON=SÆSON,2025-06-01,1206.0
DST:FIKS22:BRANCHE07=B:BELØB=1:SÆSON=SÆSON,2025-07-01,1592.0
DST:FIKS22:BRANCHE07=B:BELØB=1:SÆSON=SÆSON,2025-08-01,953.0
DST:FIKS22:BRANCHE07=B:BELØB=1:SÆSON=SÆSON,2025-09-01,1193.0
DST:FIKS22:BRANCHE07=B:BELØB=1:SÆSON=SÆSON,2025-10-01,1366.0
DST:FIKS22:BRANCHE07=B:BELØB=1:SÆSON=SÆSON,2025-11-01,1047.0
DST:FIKS22:BRANCHE07=B:BELØB=1:SÆSON=SÆSON,2025-12-01,980.0
DST:FIKS22:BRANCHE07=B:BELØB=1:SÆSON=SÆSON,2026-01-01,1279.0
DST:FIKS22:BRANCHE07=B:BELØB=1:SÆSON=SÆSON,2026-02-01,1066.0
DST:FIKS22:BRANCHE07=B:BELØB=1:SÆSON=SÆSON,2026-03-01,1386.0
DST:FIKS22:BRANCHE07=B:BELØB=3:SÆSON=EJSÆSON,2009-01-01,439.0
DST:FIKS22:BRANCHE07=B:BELØB=3:SÆSON=EJSÆSON,2009-02-01,469.0
DST:FIKS22:BRANCHE07=B:BELØB=3:SÆSON=EJSÆSON,2009-03-01,515.0
DST:FIKS22:BRANCHE07=B:BELØB=3:SÆSON=EJSÆSON,2009-04-01,495.0
DST:FIKS22:BRANCHE07=B:BELØB=3:SÆSON=EJSÆSON,2009-05-01,485.0
DST:FIKS22:BRANCHE07=B:BELØB=3:SÆSON=EJSÆSON,2009-06-01,516.0
DST:FIKS22:BRANCHE07=B:BELØB=3:SÆSON=EJSÆSON,2009-07-01,481.0
DST:FIKS22:BRANCHE07=B:BELØB=3:SÆSON=EJSÆSON,2009-08-01,442.0
DST:FIKS22:BRANCHE07=B:BELØB=3:SÆSON=EJSÆSON,2009-09-01,525.0
DST:FIKS22:BRANCHE07=B:BELØB=3:SÆSON=EJSÆSON,2009-10-01,479.0
DST:FIKS22:BRANCHE07=B:BELØB=3:SÆSON=EJSÆSON,2009-11-01,539.0
DST:FIKS22:BRANCHE07=B:BELØB=3:SÆSON=EJSÆSON,2009-12-01,523.0
DST:FIKS22:BRANCHE07=B:BELØB=3:SÆSON=EJSÆSON,2010-01-01,418.0
DST:FIKS22:BRANCHE07=B:BELØB=3:SÆSON=EJSÆSON,2010-02-01,445.0
DST:FIKS22:BRANCHE07=B:BELØB=3:SÆSON=EJSÆSON,2010-03-01,526.0
DST:FIKS22:BRANCHE07=B:BELØB=3:SÆSON=EJSÆSON,2010-04-01,524.0
DST:FIKS22:BRANCHE07=B:BELØB=3:SÆSON=EJSÆSON,2010-05-01,486.0
DST:FIKS22:BRANCHE07=B:BELØB=3:SÆSON=EJSÆSON,2010-06-01,618.0
DST:FIKS22:BRANCHE07=B:BELØB=3:SÆSON=EJSÆSON,2010-07-01,519.0
DST:FIKS22:BRANCHE07=B:BELØB=3:SÆSON=EJSÆSON,2010-08-01,512.0
DST:FIKS22:BRANCHE07=B:BELØB=3:SÆSON=EJSÆSON,2010-09-01,593.0
DST:FIKS22:BRANCHE07=B:BELØB=3:SÆSON=EJSÆSON,2010-10-01,497.0
DST:FIKS22:BRANCHE07=B:BELØB=3:SÆSON=EJSÆSON,2010-11-01,533.0
DST:FIKS22:BRANCHE07=B:BELØB=3:SÆSON=EJSÆSON,2010-12-01,483.0
DST:FIKS22:BRANCHE07=B:BELØB=3:SÆSON=EJSÆSON,2011-01-01,435.0
DST:FIKS22:BRANCHE07=B:BELØB=3:SÆSON=EJSÆSON,2011-02-01,456.0
DST:FIKS22:BRANCHE07=B:BELØB=3:SÆSON=EJSÆSON,2011-03-01,553.0
DST:FIKS22:BRANCHE07=B:BELØB=3:SÆSON=EJSÆSON,2011-04-01,508.0
DST:FIKS22:BRANCHE07=B:BELØB=3:SÆSON=EJSÆSON,2011-05-01,638.0
DST:FIKS22:BRANCHE07=B:BELØB=3:SÆSON=EJSÆSON,2011-06-01,676.0
DST:FIKS22:BRANCHE07=B:BELØB=3:SÆSON=EJSÆSON,2011-07-01,584.0
DST:FIKS22:BRANCHE07=B:BELØB=3:SÆSON=EJSÆSON,2011-08-01,681.0
DST:FIKS22:BRANCHE07=B:BELØB=3:SÆSON=EJSÆSON,2011-09-01,589.0
DST:FIKS22:BRANCHE07=B:BELØB=3:SÆSON=EJSÆSON,2011-10-01,590.0
DST:FIKS22:BRANCHE07=B:BELØB=3:SÆSON=EJSÆSON,2011-11-01,647.0
DST:FIKS22:BRANCHE07=B:BELØB=3:SÆSON=EJSÆSON,2011-12-01,1307.0
DST:FIKS22:BRANCHE07=B:BELØB=3:SÆSON=EJSÆSON,2012-01-01,660.0
DST:FIKS22:BRANCHE07=B:BELØB=3:SÆSON=EJSÆSON,2012-02-01,592.0
DST:FIKS22:BRANCHE07=B:BELØB=3:SÆSON=EJSÆSON,2012-03-01,565.0
DST:FIKS22:BRANCHE07=B:BELØB=3:SÆSON=EJSÆSON,2012-04-01,637.0
DST:FIKS22:BRANCHE07=B:BELØB=3:SÆSON=EJSÆSON,2012-05-01,617.0
DST:FIKS22:BRANCHE07=B:BELØB=3:SÆSON=EJSÆSON,2012-06-01,816.0
DST:FIKS22:BRANCHE07=B:BELØB=3:SÆSON=EJSÆSON,2012-07-01,718.0
DST:FIKS22:BRANCHE07=B:BELØB=3:SÆSON=EJSÆSON,2012-08-01,647.0
DST:FIKS22:BRANCHE07=B:BELØB=3:SÆSON=EJSÆSON,2012-09-01,695.0
DST:FIKS22:BRANCHE07=B:BELØB=3:SÆSON=EJSÆSON,2012-10-01,806.0
DST:FIKS22:BRANCHE07=B:BELØB=3:SÆSON=EJSÆSON,2012-11-01,781.0
DST:FIKS22:BRANCHE07=B:BELØB=3:SÆSON=EJSÆSON,2012-12-01,637.0
DST:FIKS22:BRANCHE07=B:BELØB=3:SÆSON=EJSÆSON,2013-01-01,621.0
DST:FIKS22:BRANCHE07=B:BELØB=3:SÆSON=EJSÆSON,2013-02-01,538.0
DST:FIKS22:BRANCHE07=B:BELØB=3:SÆSON=EJSÆSON,2013-03-01,500.0
DST:FIKS22:BRANCHE07=B:BELØB=3:SÆSON=EJSÆSON,2013-04-01,547.0
DST:FIKS22:BRANCHE07=B:BELØB=3:SÆSON=EJSÆSON,2013-05-01,574.0
DST:FIKS22:BRANCHE07=B:BELØB=3:SÆSON=EJSÆSON,2013-06-01,587.0
DST:FIKS22:BRANCHE07=B:BELØB=3:SÆSON=EJSÆSON,2013-07-01,579.0
DST:FIKS22:BRANCHE07=B:BELØB=3:SÆSON=EJSÆSON,2013-08-01,488.0
DST:FIKS22:BRANCHE07=B:BELØB=3:SÆSON=EJSÆSON,2013-09-01,472.0
DST:FIKS22:BRANCHE07=B:BELØB=3:SÆSON=EJSÆSON,2013-10-01,585.0
DST:FIKS22:BRANCHE07=B:BELØB=3:SÆSON=EJSÆSON,2013-11-01,560.0
DST:FIKS22:BRANCHE07=B:BELØB=3:SÆSON=EJSÆSON,2013-12-01,820.0
DST:FIKS22:BRANCHE07=B:BELØB=3:SÆSON=EJSÆSON,2014-01-01,438.0
DST:FIKS22:BRANCHE07=B:BELØB=3:SÆSON=EJSÆSON,2014-02-01,528.0
DST:FIKS22:BRANCHE07=B:BELØB=3:SÆSON=EJSÆSON,2014-03-01,431.0
DST:FIKS22:BRANCHE07=B:BELØB=3:SÆSON=EJSÆSON,2014-04-01,509.0
DST:FIKS22:BRANCHE07=B:BELØB=3:SÆSON=EJSÆSON,2014-05-01,498.0
DST:FIKS22:BRANCHE07=B:BELØB=3:SÆSON=EJSÆSON,2014-06-01,434.0
DST:FIKS22:BRANCHE07=B:BELØB=3:SÆSON=EJSÆSON,2014-07-01,2057.0
DST:FIKS22:BRANCHE07=B:BELØB=3:SÆSON=EJSÆSON,2014-08-01,1981.0
DST:FIKS22:BRANCHE07=B:BELØB=3:SÆSON=EJSÆSON,2014-09-01,1951.0
DST:FIKS22:BRANCHE07=B:BELØB=3:SÆSON=EJSÆSON,2014-10-01,1144.0
DST:FIKS22:BRANCHE07=B:BELØB=3:SÆSON=EJSÆSON,2014-11-01,1158.0
DST:FIKS22:BRANCHE07=B:BELØB=3:SÆSON=EJSÆSON,2014-12-01,1253.0
DST:FIKS22:BRANCHE07=B:BELØB=3:SÆSON=EJSÆSON,2015-01-01,1033.0
DST:FIKS22:BRANCHE07=B:BELØB=3:SÆSON=EJSÆSON,2015-02-01,938.0
DST:FIKS22:BRANCHE07=B:BELØB=3:SÆSON=EJSÆSON,2015-03-01,1107.0
DST:FIKS22:BRANCHE07=B:BELØB=3:SÆSON=EJSÆSON,2015-04-01,825.0
DST:FIKS22:BRANCHE07=B:BELØB=3:SÆSON=EJSÆSON,2015-05-01,983.0
DST:FIKS22:BRANCHE07=B:BELØB=3:SÆSON=EJSÆSON,2015-06-01,1128.0
DST:FIKS22:BRANCHE07=B:BELØB=3:SÆSON=EJSÆSON,2015-07-01,926.0
DST:FIKS22:BRANCHE07=B:BELØB=3:SÆSON=EJSÆSON,2015-08-01,923.0
DST:FIKS22:BRANCHE07=B:BELØB=3:SÆSON=EJSÆSON,2015-09-01,814.0
DST:FIKS22:BRANCHE07=B:BELØB=3:SÆSON=EJSÆSON,2015-10-01,1290.0
DST:FIKS22:BRANCHE07=B:BELØB=3:SÆSON=EJSÆSON,2015-11-01,1216.0
DST:FIKS22:BRANCHE07=B:BELØB=3:SÆSON=EJSÆSON,2015-12-01,1369.0
DST:FIKS22:BRANCHE07=B:BELØB=3:SÆSON=EJSÆSON,2016-01-01,911.0
DST:FIKS22:BRANCHE07=B:BELØB=3:SÆSON=EJSÆSON,2016-02-01,827.0
DST:FIKS22:BRANCHE07=B:BELØB=3:SÆSON=EJSÆSON,2016-03-01,967.0
DST:FIKS22:BRANCHE07=B:BELØB=3:SÆSON=EJSÆSON,2016-04-01,1048.0
DST:FIKS22:BRANCHE07=B:BELØB=3:SÆSON=EJSÆSON,2016-05-01,1194.0
DST:FIKS22:BRANCHE07=B:BELØB=3:SÆSON=EJSÆSON,2016-06-01,1122.0
DST:FIKS22:BRANCHE07=B:BELØB=3:SÆSON=EJSÆSON,2016-07-01,963.0
DST:FIKS22:BRANCHE07=B:BELØB=3:SÆSON=EJSÆSON,2016-08-01,961.0
DST:FIKS22:BRANCHE07=B:BELØB=3:SÆSON=EJSÆSON,2016-09-01,929.0
DST:FIKS22:BRANCHE07=B:BELØB=3:SÆSON=EJSÆSON,2016-10-01,1047.0
DST:FIKS22:BRANCHE07=B:BELØB=3:SÆSON=EJSÆSON,2016-11-01,1049.0
DST:FIKS22:BRANCHE07=B:BELØB=3:SÆSON=EJSÆSON,2016-12-01,1166.0
DST:FIKS22:BRANCHE07=B:BELØB=3:SÆSON=EJSÆSON,2017-01-01,865.0
DST:FIKS22:BRANCHE07=B:BELØB=3:SÆSON=EJSÆSON,2017-02-01,892.0
DST:FIKS22:BRANCHE07=B:BELØB=3:SÆSON=EJSÆSON,2017-03-01,910.0
DST:FIKS22:BRANCHE07=B:BELØB=3:SÆSON=EJSÆSON,2017-04-01,765.0
DST:FIKS22:BRANCHE07=B:BELØB=3:SÆSON=EJSÆSON,2017-05-01,1094.0
DST:FIKS22:BRANCHE07=B:BELØB=3:SÆSON=EJSÆSON,2017-06-01,813.0
DST:FIKS22:BRANCHE07=B:BELØB=3:SÆSON=EJSÆSON,2017-07-01,552.0
DST:FIKS22:BRANCHE07=B:BELØB=3:SÆSON=EJSÆSON,2017-08-01,847.0
DST:FIKS22:BRANCHE07=B:BELØB=3:SÆSON=EJSÆSON,2017-09-01,725.0
DST:FIKS22:BRANCHE07=B:BELØB=3:SÆSON=EJSÆSON,2017-10-01,1309.0
DST:FIKS22:BRANCHE07=B:BELØB=3:SÆSON=EJSÆSON,2017-11-01,1195.0
DST:FIKS22:BRANCHE07=B:BELØB=3:SÆSON=EJSÆSON,2017-12-01,1060.0
DST:FIKS22:BRANCHE07=B:BELØB=3:SÆSON=EJSÆSON,2018-01-01,812.0
DST:FIKS22:BRANCHE07=B:BELØB=3:SÆSON=EJSÆSON,2018-02-01,571.0
DST:FIKS22:BRANCHE07=B:BELØB=3:SÆSON=EJSÆSON,2018-03-01,631.0
DST:FIKS22:BRANCHE07=B:BELØB=3:SÆSON=EJSÆSON,2018-04-01,737.0
DST:FIKS22:BRANCHE07=B:BELØB=3:SÆSON=EJSÆSON,2018-05-01,858.0
DST:FIKS22:BRANCHE07=B:BELØB=3:SÆSON=EJSÆSON,2018-06-01,746.0
DST:FIKS22:BRANCHE07=B:BELØB=3:SÆSON=EJSÆSON,2018-07-01,745.0
DST:FIKS22:BRANCHE07=B:BELØB=3:SÆSON=EJSÆSON,2018-08-01,790.0
DST:FIKS22:BRANCHE07=B:BELØB=3:SÆSON=EJSÆSON,2018-09-01,636.0
DST:FIKS22:BRANCHE07=B:BELØB=3:SÆSON=EJSÆSON,2018-10-01,788.0
DST:FIKS22:BRANCHE07=B:BELØB=3:SÆSON=EJSÆSON,2018-11-01,904.0
DST:FIKS22:BRANCHE07=B:BELØB=3:SÆSON=EJSÆSON,2018-12-01,827.0
DST:FIKS22:BRANCHE07=B:BELØB=3:SÆSON=EJSÆSON,2019-01-01,576.0
DST:FIKS22:BRANCHE07=B:BELØB=3:SÆSON=EJSÆSON,2019-02-01,701.0
DST:FIKS22:BRANCHE07=B:BELØB=3:SÆSON=EJSÆSON,2019-03-01,758.0
DST:FIKS22:BRANCHE07=B:BELØB=3:SÆSON=EJSÆSON,2019-04-01,774.0
DST:FIKS22:BRANCHE07=B:BELØB=3:SÆSON=EJSÆSON,2019-05-01,945.0
DST:FIKS22:BRANCHE07=B:BELØB=3:SÆSON=EJSÆSON,2019-06-01,798.0
DST:FIKS22:BRANCHE07=B:BELØB=3:SÆSON=EJSÆSON,2019-07-01,843.0
DST:FIKS22:BRANCHE07=B:BELØB=3:SÆSON=EJSÆSON,2019-08-01,899.0
DST:FIKS22:BRANCHE07=B:BELØB=3:SÆSON=EJSÆSON,2019-09-01,780.0
DST:FIKS22:BRANCHE07=B:BELØB=3:SÆSON=EJSÆSON,2019-10-01,804.0
DST:FIKS22:BRANCHE07=B:BELØB=3:SÆSON=EJSÆSON,2019-11-01,731.0
DST:FIKS22:BRANCHE07=B:BELØB=3:SÆSON=EJSÆSON,2019-12-01,856.0
DST:FIKS22:BRANCHE07=B:BELØB=3:SÆSON=EJSÆSON,2020-01-01,692.0
DST:FIKS22:BRANCHE07=B:BELØB=3:SÆSON=EJSÆSON,2020-02-01,483.0
DST:FIKS22:BRANCHE07=B:BELØB=3:SÆSON=EJSÆSON,2020-03-01,800.0
DST:FIKS22:BRANCHE07=B:BELØB=3:SÆSON=EJSÆSON,2020-04-01,504.0
DST:FIKS22:BRANCHE07=B:BELØB=3:SÆSON=EJSÆSON,2020-05-01,511.0
DST:FIKS22:BRANCHE07=B:BELØB=3:SÆSON=EJSÆSON,2020-06-01,472.0
DST:FIKS22:BRANCHE07=B:BELØB=3:SÆSON=EJSÆSON,2020-07-01,405.0
DST:FIKS22:BRANCHE07=B:BELØB=3:SÆSON=EJSÆSON,2020-08-01,371.0
DST:FIKS22:BRANCHE07=B:BELØB=3:SÆSON=EJSÆSON,2020-09-01,429.0
DST:FIKS22:BRANCHE07=B:BELØB=3:SÆSON=EJSÆSON,2020-10-01,410.0
DST:FIKS22:BRANCHE07=B:BELØB=3:SÆSON=EJSÆSON,2020-11-01,1126.0
DST:FIKS22:BRANCHE07=B:BELØB=3:SÆSON=EJSÆSON,2020-12-01,519.0
DST:FIKS22:BRANCHE07=B:BELØB=3:SÆSON=EJSÆSON,2021-01-01,920.0
DST:FIKS22:BRANCHE07=B:BELØB=3:SÆSON=EJSÆSON,2021-02-01,890.0
DST:FIKS22:BRANCHE07=B:BELØB=3:SÆSON=EJSÆSON,2021-03-01,1293.0
DST:FIKS22:BRANCHE07=B:BELØB=3:SÆSON=EJSÆSON,2021-04-01,960.0
DST:FIKS22:BRANCHE07=B:BELØB=3:SÆSON=EJSÆSON,2021-05-01,3038.0
DST:FIKS22:BRANCHE07=B:BELØB=3:SÆSON=EJSÆSON,2021-06-01,1832.0
DST:FIKS22:BRANCHE07=B:BELØB=3:SÆSON=EJSÆSON,2021-07-01,2542.0
DST:FIKS22:BRANCHE07=B:BELØB=3:SÆSON=EJSÆSON,2021-08-01,1226.0
DST:FIKS22:BRANCHE07=B:BELØB=3:SÆSON=EJSÆSON,2021-09-01,1178.0
DST:FIKS22:BRANCHE07=B:BELØB=3:SÆSON=EJSÆSON,2021-10-01,1242.0
DST:FIKS22:BRANCHE07=B:BELØB=3:SÆSON=EJSÆSON,2021-11-01,1276.0
DST:FIKS22:BRANCHE07=B:BELØB=3:SÆSON=EJSÆSON,2021-12-01,1630.0
DST:FIKS22:BRANCHE07=B:BELØB=3:SÆSON=EJSÆSON,2022-01-01,1481.0
DST:FIKS22:BRANCHE07=B:BELØB=3:SÆSON=EJSÆSON,2022-02-01,1479.0
DST:FIKS22:BRANCHE07=B:BELØB=3:SÆSON=EJSÆSON,2022-03-01,1817.0
DST:FIKS22:BRANCHE07=B:BELØB=3:SÆSON=EJSÆSON,2022-04-01,1920.0
DST:FIKS22:BRANCHE07=B:BELØB=3:SÆSON=EJSÆSON,2022-05-01,1859.0
DST:FIKS22:BRANCHE07=B:BELØB=3:SÆSON=EJSÆSON,2022-06-01,2008.0
DST:FIKS22:BRANCHE07=B:BELØB=3:SÆSON=EJSÆSON,2022-07-01,1949.0
DST:FIKS22:BRANCHE07=B:BELØB=3:SÆSON=EJSÆSON,2022-08-01,1816.0
DST:FIKS22:BRANCHE07=B:BELØB=3:SÆSON=EJSÆSON,2022-09-01,1919.0
DST:FIKS22:BRANCHE07=B:BELØB=3:SÆSON=EJSÆSON,2022-10-01,2465.0
DST:FIKS22:BRANCHE07=B:BELØB=3:SÆSON=EJSÆSON,2022-11-01,1891.0
DST:FIKS22:BRANCHE07=B:BELØB=3:SÆSON=EJSÆSON,2022-12-01,1731.0
DST:FIKS22:BRANCHE07=B:BELØB=3:SÆSON=EJSÆSON,2023-01-01,1540.0
DST:FIKS22:BRANCHE07=B:BELØB=3:SÆSON=EJSÆSON,2023-02-01,1381.0
DST:FIKS22:BRANCHE07=B:BELØB=3:SÆSON=EJSÆSON,2023-03-01,1585.0
DST:FIKS22:BRANCHE07=B:BELØB=3:SÆSON=EJSÆSON,2023-04-01,1434.0
DST:FIKS22:BRANCHE07=B:BELØB=3:SÆSON=EJSÆSON,2023-05-01,1418.0
DST:FIKS22:BRANCHE07=B:BELØB=3:SÆSON=EJSÆSON,2023-06-01,1550.0
DST:FIKS22:BRANCHE07=B:BELØB=3:SÆSON=EJSÆSON,2023-07-01,1380.0
DST:FIKS22:BRANCHE07=B:BELØB=3:SÆSON=EJSÆSON,2023-08-01,1439.0
DST:FIKS22:BRANCHE07=B:BELØB=3:SÆSON=EJSÆSON,2023-09-01,1380.0
DST:FIKS22:BRANCHE07=B:BELØB=3:SÆSON=EJSÆSON,2023-10-01,1636.0
DST:FIKS22:BRANCHE07=B:BELØB=3:SÆSON=EJSÆSON,2023-11-01,1587.0
DST:FIKS22:BRANCHE07=B:BELØB=3:SÆSON=EJSÆSON,2023-12-01,1702.0
DST:FIKS22:BRANCHE07=B:BELØB=3:SÆSON=EJSÆSON,2024-01-01,1590.0
DST:FIKS22:BRANCHE07=B:BELØB=3:SÆSON=EJSÆSON,2024-02-01,1438.0
DST:FIKS22:BRANCHE07=B:BELØB=3:SÆSON=EJSÆSON,2024-03-01,1583.0
DST:FIKS22:BRANCHE07=B:BELØB=3:SÆSON=EJSÆSON,2024-04-01,1664.0
DST:FIKS22:BRANCHE07=B:BELØB=3:SÆSON=EJSÆSON,2024-05-01,1410.0
DST:FIKS22:BRANCHE07=B:BELØB=3:SÆSON=EJSÆSON,2024-06-01,1546.0
DST:FIKS22:BRANCHE07=B:BELØB=3:SÆSON=EJSÆSON,2024-07-01,1334.0
DST:FIKS22:BRANCHE07=B:BELØB=3:SÆSON=EJSÆSON,2024-08-01,1427.0
DST:FIKS22:BRANCHE07=B:BELØB=3:SÆSON=EJSÆSON,2024-09-01,1845.0
DST:FIKS22:BRANCHE07=B:BELØB=3:SÆSON=EJSÆSON,2024-10-01,1245.0
DST:FIKS22:BRANCHE07=B:BELØB=3:SÆSON=EJSÆSON,2024-11-01,1431.0
DST:FIKS22:BRANCHE07=B:BELØB=3:SÆSON=EJSÆSON,2024-12-01,1489.0
DST:FIKS22:BRANCHE07=B:BELØB=3:SÆSON=EJSÆSON,2025-01-01,1441.0
DST:FIKS22:BRANCHE07=B:BELØB=3:SÆSON=EJSÆSON,2025-02-01,1324.0
DST:FIKS22:BRANCHE07=B:BELØB=3:SÆSON=EJSÆSON,2025-03-01,1373.0
DST:FIKS22:BRANCHE07=B:BELØB=3:SÆSON=EJSÆSON,2025-04-01,1347.0
DST:FIKS22:BRANCHE07=B:BELØB=3:SÆSON=EJSÆSON,2025-05-01,1433.0
DST:FIKS22:BRANCHE07=B:BELØB=3:SÆSON=EJSÆSON,2025-06-01,1406.0
DST:FIKS22:BRANCHE07=B:BELØB=3:SÆSON=EJSÆSON,2025-07-01,1763.0
DST:FIKS22:BRANCHE07=B:BELØB=3:SÆSON=EJSÆSON,2025-08-01,1304.0
DST:FIKS22:BRANCHE07=B:BELØB=3:SÆSON=EJSÆSON,2025-09-01,1395.0
DST:FIKS22:BRANCHE07=B:BELØB=3:SÆSON=EJSÆSON,2025-10-01,1372.0
DST:FIKS22:BRANCHE07=B:BELØB=3:SÆSON=EJSÆSON,2025-11-01,1297.0
DST:FIKS22:BRANCHE07=B:BELØB=3:SÆSON=EJSÆSON,2025-12-01,1478.0
DST:FIKS22:BRANCHE07=B:BELØB=3:SÆSON=EJSÆSON,2026-01-01,1373.0
DST:FIKS22:BRANCHE07=B:BELØB=3:SÆSON=EJSÆSON,2026-02-01,1236.0
DST:FIKS22:BRANCHE07=B:BELØB=3:SÆSON=EJSÆSON,2026-03-01,1541.0
DST:FIKS22:BRANCHE07=B:BELØB=3:SÆSON=SÆSON,2009-01-01,439.0
DST:FIKS22:BRANCHE07=B:BELØB=3:SÆSON=SÆSON,2009-02-01,469.0
DST:FIKS22:BRANCHE07=B:BELØB=3:SÆSON=SÆSON,2009-03-01,515.0
DST:FIKS22:BRANCHE07=B:BELØB=3:SÆSON=SÆSON,2009-04-01,495.0
DST:FIKS22:BRANCHE07=B:BELØB=3:SÆSON=SÆSON,2009-05-01,485.0
DST:FIKS22:BRANCHE07=B:BELØB=3:SÆSON=SÆSON,2009-06-01,516.0
DST:FIKS22:BRANCHE07=B:BELØB=3:SÆSON=SÆSON,2009-07-01,481.0
DST:FIKS22:BRANCHE07=B:BELØB=3:SÆSON=SÆSON,2009-08-01,442.0
DST:FIKS22:BRANCHE07=B:BELØB=3:SÆSON=SÆSON,2009-09-01,525.0
DST:FIKS22:BRANCHE07=B:BELØB=3:SÆSON=SÆSON,2009-10-01,479.0
DST:FIKS22:BRANCHE07=B:BELØB=3:SÆSON=SÆSON,2009-11-01,539.0
DST:FIKS22:BRANCHE07=B:BELØB=3:SÆSON=SÆSON,2009-12-01,523.0
DST:FIKS22:BRANCHE07=B:BELØB=3:SÆSON=SÆSON,2010-01-01,418.0
DST:FIKS22:BRANCHE07=B:BELØB=3:SÆSON=SÆSON,2010-02-01,445.0
DST:FIKS22:BRANCHE07=B:BELØB=3:SÆSON=SÆSON,2010-03-01,526.0
DST:FIKS22:BRANCHE07=B:BELØB=3:SÆSON=SÆSON,2010-04-01,524.0
DST:FIKS22:BRANCHE07=B:BELØB=3:SÆSON=SÆSON,2010-05-01,486.0
DST:FIKS22:BRANCHE07=B:BELØB=3:SÆSON=SÆSON,2010-06-01,618.0
DST:FIKS22:BRANCHE07=B:BELØB=3:SÆSON=SÆSON,2010-07-01,519.0
DST:FIKS22:BRANCHE07=B:BELØB=3:SÆSON=SÆSON,2010-08-01,512.0
DST:FIKS22:BRANCHE07=B:BELØB=3:SÆSON=SÆSON,2010-09-01,593.0
DST:FIKS22:BRANCHE07=B:BELØB=3:SÆSON=SÆSON,2010-10-01,497.0
DST:FIKS22:BRANCHE07=B:BELØB=3:SÆSON=SÆSON,2010-11-01,533.0
DST:FIKS22:BRANCHE07=B:BELØB=3:SÆSON=SÆSON,2010-12-01,483.0
DST:FIKS22:BRANCHE07=B:BELØB=3:SÆSON=SÆSON,2011-01-01,435.0
DST:FIKS22:BRANCHE07=B:BELØB=3:SÆSON=SÆSON,2011-02-01,456.0
DST:FIKS22:BRANCHE07=B:BELØB=3:SÆSON=SÆSON,2011-03-01,553.0
DST:FIKS22:BRANCHE07=B:BELØB=3:SÆSON=SÆSON,2011-04-01,508.0
DST:FIKS22:BRANCHE07=B:BELØB=3:SÆSON=SÆSON,2011-05-01,638.0
DST:FIKS22:BRANCHE07=B:BELØB=3:SÆSON=SÆSON,2011-06-01,676.0
DST:FIKS22:BRANCHE07=B:BELØB=3:SÆSON=SÆSON,2011-07-01,584.0
DST:FIKS22:BRANCHE07=B:BELØB=3:SÆSON=SÆSON,2011-08-01,681.0
DST:FIKS22:BRANCHE07=B:BELØB=3:SÆSON=SÆSON,2011-09-01,589.0
DST:FIKS22:BRANCHE07=B:BELØB=3:SÆSON=SÆSON,2011-10-01,590.0
DST:FIKS22:BRANCHE07=B:BELØB=3:SÆSON=SÆSON,2011-11-01,647.0
DST:FIKS22:BRANCHE07=B:BELØB=3:SÆSON=SÆSON,2011-12-01,1307.0
DST:FIKS22:BRANCHE07=B:BELØB=3:SÆSON=SÆSON,2012-01-01,660.0
DST:FIKS22:BRANCHE07=B:BELØB=3:SÆSON=SÆSON,2012-02-01,592.0
DST:FIKS22:BRANCHE07=B:BELØB=3:SÆSON=SÆSON,2012-03-01,565.0
DST:FIKS22:BRANCHE07=B:BELØB=3:SÆSON=SÆSON,2012-04-01,637.0
DST:FIKS22:BRANCHE07=B:BELØB=3:SÆSON=SÆSON,2012-05-01,617.0
DST:FIKS22:BRANCHE07=B:BELØB=3:SÆSON=SÆSON,2012-06-01,816.0
DST:FIKS22:BRANCHE07=B:BELØB=3:SÆSON=SÆSON,2012-07-01,718.0
DST:FIKS22:BRANCHE07=B:BELØB=3:SÆSON=SÆSON,2012-08-01,647.0
DST:FIKS22:BRANCHE07=B:BELØB=3:SÆSON=SÆSON,2012-09-01,695.0
DST:FIKS22:BRANCHE07=B:BELØB=3:SÆSON=SÆSON,2012-10-01,806.0
DST:FIKS22:BRANCHE07=B:BELØB=3:SÆSON=SÆSON,2012-11-01,781.0
DST:FIKS22:BRANCHE07=B:BELØB=3:SÆSON=SÆSON,2012-12-01,637.0
DST:FIKS22:BRANCHE07=B:BELØB=3:SÆSON=SÆSON,2013-01-01,621.0
DST:FIKS22:BRANCHE07=B:BELØB=3:SÆSON=SÆSON,2013-02-01,538.0
DST:FIKS22:BRANCHE07=B:BELØB=3:SÆSON=SÆSON,2013-03-01,500.0
DST:FIKS22:BRANCHE07=B:BELØB=3:SÆSON=SÆSON,2013-04-01,547.0
DST:FIKS22:BRANCHE07=B:BELØB=3:SÆSON=SÆSON,2013-05-01,574.0
DST:FIKS22:BRANCHE07=B:BELØB=3:SÆSON=SÆSON,2013-06-01,587.0
DST:FIKS22:BRANCHE07=B:BELØB=3:SÆSON=SÆSON,2013-07-01,579.0
DST:FIKS22:BRANCHE07=B:BELØB=3:SÆSON=SÆSON,2013-08-01,488.0
DST:FIKS22:BRANCHE07=B:BELØB=3:SÆSON=SÆSON,2013-09-01,472.0
DST:FIKS22:BRANCHE07=B:BELØB=3:SÆSON=SÆSON,2013-10-01,585.0
DST:FIKS22:BRANCHE07=B:BELØB=3:SÆSON=SÆSON,2013-11-01,560.0
DST:FIKS22:BRANCHE07=B:BELØB=3:SÆSON=SÆSON,2013-12-01,820.0
DST:FIKS22:BRANCHE07=B:BELØB=3:SÆSON=SÆSON,2014-01-01,438.0
DST:FIKS22:BRANCHE07=B:BELØB=3:SÆSON=SÆSON,2014-02-01,528.0
DST:FIKS22:BRANCHE07=B:BELØB=3:SÆSON=SÆSON,2014-03-01,431.0
DST:FIKS22:BRANCHE07=B:BELØB=3:SÆSON=SÆSON,2014-04-01,509.0
DST:FIKS22:BRANCHE07=B:BELØB=3:SÆSON=SÆSON,2014-05-01,498.0
DST:FIKS22:BRANCHE07=B:BELØB=3:SÆSON=SÆSON,2014-06-01,434.0
DST:FIKS22:BRANCHE07=B:BELØB=3:SÆSON=SÆSON,2014-07-01,2057.0
DST:FIKS22:BRANCHE07=B:BELØB=3:SÆSON=SÆSON,2014-08-01,1981.0
DST:FIKS22:BRANCHE07=B:BELØB=3:SÆSON=SÆSON,2014-09-01,1951.0
DST:FIKS22:BRANCHE07=B:BELØB=3:SÆSON=SÆSON,2014-10-01,1144.0
DST:FIKS22:BRANCHE07=B:BELØB=3:SÆSON=SÆSON,2014-11-01,1158.0
DST:FIKS22:BRANCHE07=B:BELØB=3:SÆSON=SÆSON,2014-12-01,1253.0
DST:FIKS22:BRANCHE07=B:BELØB=3:SÆSON=SÆSON,2015-01-01,1033.0
DST:FIKS22:BRANCHE07=B:BELØB=3:SÆSON=SÆSON,2015-02-01,938.0
DST:FIKS22:BRANCHE07=B:BELØB=3:SÆSON=SÆSON,2015-03-01,1107.0
DST:FIKS22:BRANCHE07=B:BELØB=3:SÆSON=SÆSON,2015-04-01,825.0
DST:FIKS22:BRANCHE07=B:BELØB=3:SÆSON=SÆSON,2015-05-01,983.0
DST:FIKS22:BRANCHE07=B:BELØB=3:SÆSON=SÆSON,2015-06-01,1128.0
DST:FIKS22:BRANCHE07=B:BELØB=3:SÆSON=SÆSON,2015-07-01,926.0
DST:FIKS22:BRANCHE07=B:BELØB=3:SÆSON=SÆSON,2015-08-01,923.0
DST:FIKS22:BRANCHE07=B:BELØB=3:SÆSON=SÆSON,2015-09-01,814.0
DST:FIKS22:BRANCHE07=B:BELØB=3:SÆSON=SÆSON,2015-10-01,1290.0
DST:FIKS22:BRANCHE07=B:BELØB=3:SÆSON=SÆSON,2015-11-01,1216.0
DST:FIKS22:BRANCHE07=B:BELØB=3:SÆSON=SÆSON,2015-12-01,1369.0
DST:FIKS22:BRANCHE07=B:BELØB=3:SÆSON=SÆSON,2016-01-01,911.0
DST:FIKS22:BRANCHE07=B:BELØB=3:SÆSON=SÆSON,2016-02-01,827.0
DST:FIKS22:BRANCHE07=B:BELØB=3:SÆSON=SÆSON,2016-03-01,967.0
DST:FIKS22:BRANCHE07=B:BELØB=3:SÆSON=SÆSON,2016-04-01,1048.0
DST:FIKS22:BRANCHE07=B:BELØB=3:SÆSON=SÆSON,2016-05-01,1194.0
DST:FIKS22:BRANCHE07=B:BELØB=3:SÆSON=SÆSON,2016-06-01,1122.0
DST:FIKS22:BRANCHE07=B:BELØB=3:SÆSON=SÆSON,2016-07-01,963.0
DST:FIKS22:BRANCHE07=B:BELØB=3:SÆSON=SÆSON,2016-08-01,961.0
DST:FIKS22:BRANCHE07=B:BELØB=3:SÆSON=SÆSON,2016-09-01,929.0
DST:FIKS22:BRANCHE07=B:BELØB=3:SÆSON=SÆSON,2016-10-01,1047.0
DST:FIKS22:BRANCHE07=B:BELØB=3:SÆSON=SÆSON,2016-11-01,1049.0
DST:FIKS22:BRANCHE07=B:BELØB=3:SÆSON=SÆSON,2016-12-01,1166.0
DST:FIKS22:BRANCHE07=B:BELØB=3:SÆSON=SÆSON,2017-01-01,865.0
DST:FIKS22:BRANCHE07=B:BELØB=3:SÆSON=SÆSON,2017-02-01,892.0
DST:FIKS22:BRANCHE07=B:BELØB=3:SÆSON=SÆSON,2017-03-01,910.0
DST:FIKS22:BRANCHE07=B:BELØB=3:SÆSON=SÆSON,2017-04-01,765.0
DST:FIKS22:BRANCHE07=B:BELØB=3:SÆSON=SÆSON,2017-05-01,1094.0
DST:FIKS22:BRANCHE07=B:BELØB=3:SÆSON=SÆSON,2017-06-01,813.0
DST:FIKS22:BRANCHE07=B:BELØB=3:SÆSON=SÆSON,2017-07-01,552.0
DST:FIKS22:BRANCHE07=B:BELØB=3:SÆSON=SÆSON,2017-08-01,847.0
DST:FIKS22:BRANCHE07=B:BELØB=3:SÆSON=SÆSON,2017-09-01,725.0
DST:FIKS22:BRANCHE07=B:BELØB=3:SÆSON=SÆSON,2017-10-01,1309.0
DST:FIKS22:BRANCHE07=B:BELØB=3:SÆSON=SÆSON,2017-11-01,1195.0
DST:FIKS22:BRANCHE07=B:BELØB=3:SÆSON=SÆSON,2017-12-01,1060.0
DST:FIKS22:BRANCHE07=B:BELØB=3:SÆSON=SÆSON,2018-01-01,812.0
DST:FIKS22:BRANCHE07=B:BELØB=3:SÆSON=SÆSON,2018-02-01,571.0
DST:FIKS22:BRANCHE07=B:BELØB=3:SÆSON=SÆSON,2018-03-01,631.0
DST:FIKS22:BRANCHE07=B:BELØB=3:SÆSON=SÆSON,2018-04-01,737.0
DST:FIKS22:BRANCHE07=B:BELØB=3:SÆSON=SÆSON,2018-05-01,858.0
DST:FIKS22:BRANCHE07=B:BELØB=3:SÆSON=SÆSON,2018-06-01,746.0
DST:FIKS22:BRANCHE07=B:BELØB=3:SÆSON=SÆSON,2018-07-01,745.0
DST:FIKS22:BRANCHE07=B:BELØB=3:SÆSON=SÆSON,2018-08-01,790.0
DST:FIKS22:BRANCHE07=B:BELØB=3:SÆSON=SÆSON,2018-09-01,636.0
DST:FIKS22:BRANCHE07=B:BELØB=3:SÆSON=SÆSON,2018-10-01,788.0
DST:FIKS22:BRANCHE07=B:BELØB=3:SÆSON=SÆSON,2018-11-01,904.0
DST:FIKS22:BRANCHE07=B:BELØB=3:SÆSON=SÆSON,2018-12-01,827.0
DST:FIKS22:BRANCHE07=B:BELØB=3:SÆSON=SÆSON,2019-01-01,576.0
DST:FIKS22:BRANCHE07=B:BELØB=3:SÆSON=SÆSON,2019-02-01,701.0
DST:FIKS22:BRANCHE07=B:BELØB=3:SÆSON=SÆSON,2019-03-01,758.0
DST:FIKS22:BRANCHE07=B:BELØB=3:SÆSON=SÆSON,2019-04-01,774.0
DST:FIKS22:BRANCHE07=B:BELØB=3:SÆSON=SÆSON,2019-05-01,945.0
DST:FIKS22:BRANCHE07=B:BELØB=3:SÆSON=SÆSON,2019-06-01,798.0
DST:FIKS22:BRANCHE07=B:BELØB=3:SÆSON=SÆSON,2019-07-01,843.0
DST:FIKS22:BRANCHE07=B:BELØB=3:SÆSON=SÆSON,2019-08-01,899.0
DST:FIKS22:BRANCHE07=B:BELØB=3:SÆSON=SÆSON,2019-09-01,780.0
DST:FIKS22:BRANCHE07=B:BELØB=3:SÆSON=SÆSON,2019-10-01,804.0
DST:FIKS22:BRANCHE07=B:BELØB=3:SÆSON=SÆSON,2019-11-01,731.0
DST:FIKS22:BRANCHE07=B:BELØB=3:SÆSON=SÆSON,2019-12-01,856.0
DST:FIKS22:BRANCHE07=B:BELØB=3:SÆSON=SÆSON,2020-01-01,692.0
DST:FIKS22:BRANCHE07=B:BELØB=3:SÆSON=SÆSON,2020-02-01,483.0
DST:FIKS22:BRANCHE07=B:BELØB=3:SÆSON=SÆSON,2020-03-01,800.0
DST:FIKS22:BRANCHE07=B:BELØB=3:SÆSON=SÆSON,2020-04-01,504.0
DST:FIKS22:BRANCHE07=B:BELØB=3:SÆSON=SÆSON,2020-05-01,511.0
DST:FIKS22:BRANCHE07=B:BELØB=3:SÆSON=SÆSON,2020-06-01,472.0
DST:FIKS22:BRANCHE07=B:BELØB=3:SÆSON=SÆSON,2020-07-01,405.0
DST:FIKS22:BRANCHE07=B:BELØB=3:SÆSON=SÆSON,2020-08-01,371.0
DST:FIKS22:BRANCHE07=B:BELØB=3:SÆSON=SÆSON,2020-09-01,429.0
DST:FIKS22:BRANCHE07=B:BELØB=3:SÆSON=SÆSON,2020-10-01,410.0
DST:FIKS22:BRANCHE07=B:BELØB=3:SÆSON=SÆSON,2020-11-01,1126.0
DST:FIKS22:BRANCHE07=B:BELØB=3:SÆSON=SÆSON,2020-12-01,519.0
DST:FIKS22:BRANCHE07=B:BELØB=3:SÆSON=SÆSON,2021-01-01,920.0
DST:FIKS22:BRANCHE07=B:BELØB=3:SÆSON=SÆSON,2021-02-01,890.0
DST:FIKS22:BRANCHE07=B:BELØB=3:SÆSON=SÆSON,2021-03-01,1293.0
DST:FIKS22:BRANCHE07=B:BELØB=3:SÆSON=SÆSON,2021-04-01,960.0
DST:FIKS22:BRANCHE07=B:BELØB=3:SÆSON=SÆSON,2021-05-01,3038.0
DST:FIKS22:BRANCHE07=B:BELØB=3:SÆSON=SÆSON,2021-06-01,1832.0
DST:FIKS22:BRANCHE07=B:BELØB=3:SÆSON=SÆSON,2021-07-01,2542.0
DST:FIKS22:BRANCHE07=B:BELØB=3:SÆSON=SÆSON,2021-08-01,1226.0
DST:FIKS22:BRANCHE07=B:BELØB=3:SÆSON=SÆSON,2021-09-01,1178.0
DST:FIKS22:BRANCHE07=B:BELØB=3:SÆSON=SÆSON,2021-10-01,1242.0
DST:FIKS22:BRANCHE07=B:BELØB=3:SÆSON=SÆSON,2021-11-01,1276.0
DST:FIKS22:BRANCHE07=B:BELØB=3:SÆSON=SÆSON,2021-12-01,1630.0
DST:FIKS22:BRANCHE07=B:BELØB=3:SÆSON=SÆSON,2022-01-01,1481.0
DST:FIKS22:BRANCHE07=B:BELØB=3:SÆSON=SÆSON,2022-02-01,1479.0
DST:FIKS22:BRANCHE07=B:BELØB=3:SÆSON=SÆSON,2022-03-01,1817.0
DST:FIKS22:BRANCHE07=B:BELØB=3:SÆSON=SÆSON,2022-04-01,1920.0
DST:FIKS22:BRANCHE07=B:BELØB=3:SÆSON=SÆSON,2022-05-01,1859.0
DST:FIKS22:BRANCHE07=B:BELØB=3:SÆSON=SÆSON,2022-06-01,2008.0
DST:FIKS22:BRANCHE07=B:BELØB=3:SÆSON=SÆSON,2022-07-01,1949.0
DST:FIKS22:BRANCHE07=B:BELØB=3:SÆSON=SÆSON,2022-08-01,1816.0
DST:FIKS22:BRANCHE07=B:BELØB=3:SÆSON=SÆSON,2022-09-01,1919.0
DST:FIKS22:BRANCHE07=B:BELØB=3:SÆSON=SÆSON,2022-10-01,2465.0
DST:FIKS22:BRANCHE07=B:BELØB=3:SÆSON=SÆSON,2022-11-01,1891.0
DST:FIKS22:BRANCHE07=B:BELØB=3:SÆSON=SÆSON,2022-12-01,1731.0
DST:FIKS22:BRANCHE07=B:BELØB=3:SÆSON=SÆSON,2023-01-01,1540.0
DST:FIKS22:BRANCHE07=B:BELØB=3:SÆSON=SÆSON,2023-02-01,1381.0
DST:FIKS22:BRANCHE07=B:BELØB=3:SÆSON=SÆSON,2023-03-01,1585.0
DST:FIKS22:BRANCHE07=B:BELØB=3:SÆSON=SÆSON,2023-04-01,1434.0
DST:FIKS22:BRANCHE07=B:BELØB=3:SÆSON=SÆSON,2023-05-01,1418.0
DST:FIKS22:BRANCHE07=B:BELØB=3:SÆSON=SÆSON,2023-06-01,1550.0
DST:FIKS22:BRANCHE07=B:BELØB=3:SÆSON=SÆSON,2023-07-01,1380.0
DST:FIKS22:BRANCHE07=B:BELØB=3:SÆSON=SÆSON,2023-08-01,1439.0
DST:FIKS22:BRANCHE07=B:BELØB=3:SÆSON=SÆSON,2023-09-01,1380.0
DST:FIKS22:BRANCHE07=B:BELØB=3:SÆSON=SÆSON,2023-10-01,1636.0
DST:FIKS22:BRANCHE07=B:BELØB=3:SÆSON=SÆSON,2023-11-01,1587.0
DST:FIKS22:BRANCHE07=B:BELØB=3:SÆSON=SÆSON,2023-12-01,1702.0
DST:FIKS22:BRANCHE07=B:BELØB=3:SÆSON=SÆSON,2024-01-01,1590.0
DST:FIKS22:BRANCHE07=B:BELØB=3:SÆSON=SÆSON,2024-02-01,1438.0
DST:FIKS22:BRANCHE07=B:BELØB=3:SÆSON=SÆSON,2024-03-01,1583.0
DST:FIKS22:BRANCHE07=B:BELØB=3:SÆSON=SÆSON,2024-04-01,1664.0
DST:FIKS22:BRANCHE07=B:BELØB=3:SÆSON=SÆSON,2024-05-01,1410.0
DST:FIKS22:BRANCHE07=B:BELØB=3:SÆSON=SÆSON,2024-06-01,1546.0
DST:FIKS22:BRANCHE07=B:BELØB=3:SÆSON=SÆSON,2024-07-01,1334.0
DST:FIKS22:BRANCHE07=B:BELØB=3:SÆSON=SÆSON,2024-08-01,1427.0
DST:FIKS22:BRANCHE07=B:BELØB=3:SÆSON=SÆSON,2024-09-01,1845.0
DST:FIKS22:BRANCHE07=B:BELØB=3:SÆSON=SÆSON,2024-10-01,1245.0
DST:FIKS22:BRANCHE07=B:BELØB=3:SÆSON=SÆSON,2024-11-01,1431.0
DST:FIKS22:BRANCHE07=B:BELØB=3:SÆSON=SÆSON,2024-12-01,1489.0
DST:FIKS22:BRANCHE07=B:BELØB=3:SÆSON=SÆSON,2025-01-01,1441.0
DST:FIKS22:BRANCHE07=B:BELØB=3:SÆSON=SÆSON,2025-02-01,1324.0
DST:FIKS22:BRANCHE07=B:BELØB=3:SÆSON=SÆSON,2025-03-01,1373.0
DST:FIKS22:BRANCHE07=B:BELØB=3:SÆSON=SÆSON,2025-04-01,1347.0
DST:FIKS22:BRANCHE07=B:BELØB=3:SÆSON=SÆSON,2025-05-01,1433.0
DST:FIKS22:BRANCHE07=B:BELØB=3:SÆSON=SÆSON,2025-06-01,1406.0
DST:FIKS22:BRANCHE07=B:BELØB=3:SÆSON=SÆSON,2025-07-01,1763.0
DST:FIKS22:BRANCHE07=B:BELØB=3:SÆSON=SÆSON,2025-08-01,1304.0
DST:FIKS22:BRANCHE07=B:BELØB=3:SÆSON=SÆSON,2025-09-01,1395.0
DST:FIKS22:BRANCHE07=B:BELØB=3:SÆSON=SÆSON,2025-10-01,1372.0
DST:FIKS22:BRANCHE07=B:BELØB=3:SÆSON=SÆSON,2025-11-01,1297.0
DST:FIKS22:BRANCHE07=B:BELØB=3:SÆSON=SÆSON,2025-12-01,1478.0
DST:FIKS22:BRANCHE07=B:BELØB=3:SÆSON=SÆSON,2026-01-01,1373.0
DST:FIKS22:BRANCHE07=B:BELØB=3:SÆSON=SÆSON,2026-02-01,1236.0
DST:FIKS22:BRANCHE07=B:BELØB=3:SÆSON=SÆSON,2026-03-01,1541.0
DST:FIKS22:BRANCHE07=B:BELØB=4:SÆSON=EJSÆSON,2009-01-01,2107.0
DST:FIKS22:BRANCHE07=B:BELØB=4:SÆSON=EJSÆSON,2009-02-01,1996.0
DST:FIKS22:BRANCHE07=B:BELØB=4:SÆSON=EJSÆSON,2009-03-01,4319.0
DST:FIKS22:BRANCHE07=B:BELØB=4:SÆSON=EJSÆSON,2009-04-01,2023.0
DST:FIKS22:BRANCHE07=B:BELØB=4:SÆSON=EJSÆSON,2009-05-01,2326.0
DST:FIKS22:BRANCHE07=B:BELØB=4:SÆSON=EJSÆSON,2009-06-01,4822.0
DST:FIKS22:BRANCHE07=B:BELØB=4:SÆSON=EJSÆSON,2009-07-01,2317.0
DST:FIKS22:BRANCHE07=B:BELØB=4:SÆSON=EJSÆSON,2009-08-01,2126.0
DST:FIKS22:BRANCHE07=B:BELØB=4:SÆSON=EJSÆSON,2009-09-01,4730.0
DST:FIKS22:BRANCHE07=B:BELØB=4:SÆSON=EJSÆSON,2009-10-01,2254.0
DST:FIKS22:BRANCHE07=B:BELØB=4:SÆSON=EJSÆSON,2009-11-01,2626.0
DST:FIKS22:BRANCHE07=B:BELØB=4:SÆSON=EJSÆSON,2009-12-01,4757.0
DST:FIKS22:BRANCHE07=B:BELØB=4:SÆSON=EJSÆSON,2010-01-01,2495.0
DST:FIKS22:BRANCHE07=B:BELØB=4:SÆSON=EJSÆSON,2010-02-01,2379.0
DST:FIKS22:BRANCHE07=B:BELØB=4:SÆSON=EJSÆSON,2010-03-01,4421.0
DST:FIKS22:BRANCHE07=B:BELØB=4:SÆSON=EJSÆSON,2010-04-01,2999.0
DST:FIKS22:BRANCHE07=B:BELØB=4:SÆSON=EJSÆSON,2010-05-01,2766.0
DST:FIKS22:BRANCHE07=B:BELØB=4:SÆSON=EJSÆSON,2010-06-01,4329.0
DST:FIKS22:BRANCHE07=B:BELØB=4:SÆSON=EJSÆSON,2010-07-01,2945.0
DST:FIKS22:BRANCHE07=B:BELØB=4:SÆSON=EJSÆSON,2010-08-01,1943.0
DST:FIKS22:BRANCHE07=B:BELØB=4:SÆSON=EJSÆSON,2010-09-01,2619.0
DST:FIKS22:BRANCHE07=B:BELØB=4:SÆSON=EJSÆSON,2010-10-01,2773.0
DST:FIKS22:BRANCHE07=B:BELØB=4:SÆSON=EJSÆSON,2010-11-01,2968.0
DST:FIKS22:BRANCHE07=B:BELØB=4:SÆSON=EJSÆSON,2010-12-01,4580.0
DST:FIKS22:BRANCHE07=B:BELØB=4:SÆSON=EJSÆSON,2011-01-01,3366.0
DST:FIKS22:BRANCHE07=B:BELØB=4:SÆSON=EJSÆSON,2011-02-01,2786.0
DST:FIKS22:BRANCHE07=B:BELØB=4:SÆSON=EJSÆSON,2011-03-01,5103.0
DST:FIKS22:BRANCHE07=B:BELØB=4:SÆSON=EJSÆSON,2011-04-01,2499.0
DST:FIKS22:BRANCHE07=B:BELØB=4:SÆSON=EJSÆSON,2011-05-01,3311.0
DST:FIKS22:BRANCHE07=B:BELØB=4:SÆSON=EJSÆSON,2011-06-01,5803.0
DST:FIKS22:BRANCHE07=B:BELØB=4:SÆSON=EJSÆSON,2011-07-01,3418.0
DST:FIKS22:BRANCHE07=B:BELØB=4:SÆSON=EJSÆSON,2011-08-01,3478.0
DST:FIKS22:BRANCHE07=B:BELØB=4:SÆSON=EJSÆSON,2011-09-01,4848.0
DST:FIKS22:BRANCHE07=B:BELØB=4:SÆSON=EJSÆSON,2011-10-01,2670.0
DST:FIKS22:BRANCHE07=B:BELØB=4:SÆSON=EJSÆSON,2011-11-01,4322.0
DST:FIKS22:BRANCHE07=B:BELØB=4:SÆSON=EJSÆSON,2011-12-01,3661.0
DST:FIKS22:BRANCHE07=B:BELØB=4:SÆSON=EJSÆSON,2012-01-01,3933.0
DST:FIKS22:BRANCHE07=B:BELØB=4:SÆSON=EJSÆSON,2012-02-01,3681.0
DST:FIKS22:BRANCHE07=B:BELØB=4:SÆSON=EJSÆSON,2012-03-01,2895.0
DST:FIKS22:BRANCHE07=B:BELØB=4:SÆSON=EJSÆSON,2012-04-01,3644.0
DST:FIKS22:BRANCHE07=B:BELØB=4:SÆSON=EJSÆSON,2012-05-01,2914.0
DST:FIKS22:BRANCHE07=B:BELØB=4:SÆSON=EJSÆSON,2012-06-01,4222.0
DST:FIKS22:BRANCHE07=B:BELØB=4:SÆSON=EJSÆSON,2012-07-01,4005.0
DST:FIKS22:BRANCHE07=B:BELØB=4:SÆSON=EJSÆSON,2012-08-01,2144.0
DST:FIKS22:BRANCHE07=B:BELØB=4:SÆSON=EJSÆSON,2012-09-01,2561.0
DST:FIKS22:BRANCHE07=B:BELØB=4:SÆSON=EJSÆSON,2012-10-01,4469.0
DST:FIKS22:BRANCHE07=B:BELØB=4:SÆSON=EJSÆSON,2012-11-01,4668.0
DST:FIKS22:BRANCHE07=B:BELØB=4:SÆSON=EJSÆSON,2012-12-01,3385.0
DST:FIKS22:BRANCHE07=B:BELØB=4:SÆSON=EJSÆSON,2013-01-01,2868.0
DST:FIKS22:BRANCHE07=B:BELØB=4:SÆSON=EJSÆSON,2013-02-01,2785.0
DST:FIKS22:BRANCHE07=B:BELØB=4:SÆSON=EJSÆSON,2013-03-01,1652.0
DST:FIKS22:BRANCHE07=B:BELØB=4:SÆSON=EJSÆSON,2013-04-01,2946.0
DST:FIKS22:BRANCHE07=B:BELØB=4:SÆSON=EJSÆSON,2013-05-01,1914.0
DST:FIKS22:BRANCHE07=B:BELØB=4:SÆSON=EJSÆSON,2013-06-01,2957.0
DST:FIKS22:BRANCHE07=B:BELØB=4:SÆSON=EJSÆSON,2013-07-01,2148.0
DST:FIKS22:BRANCHE07=B:BELØB=4:SÆSON=EJSÆSON,2013-08-01,2464.0
DST:FIKS22:BRANCHE07=B:BELØB=4:SÆSON=EJSÆSON,2013-09-01,1951.0
DST:FIKS22:BRANCHE07=B:BELØB=4:SÆSON=EJSÆSON,2013-10-01,2255.0
DST:FIKS22:BRANCHE07=B:BELØB=4:SÆSON=EJSÆSON,2013-11-01,2537.0
DST:FIKS22:BRANCHE07=B:BELØB=4:SÆSON=EJSÆSON,2013-12-01,3110.0
DST:FIKS22:BRANCHE07=B:BELØB=4:SÆSON=EJSÆSON,2014-01-01,1220.0
DST:FIKS22:BRANCHE07=B:BELØB=4:SÆSON=EJSÆSON,2014-02-01,2299.0
DST:FIKS22:BRANCHE07=B:BELØB=4:SÆSON=EJSÆSON,2014-03-01,1804.0
DST:FIKS22:BRANCHE07=B:BELØB=4:SÆSON=EJSÆSON,2014-04-01,2245.0
DST:FIKS22:BRANCHE07=B:BELØB=4:SÆSON=EJSÆSON,2014-05-01,2507.0
DST:FIKS22:BRANCHE07=B:BELØB=4:SÆSON=EJSÆSON,2014-06-01,1263.0
DST:FIKS22:BRANCHE07=B:BELØB=4:SÆSON=EJSÆSON,2014-07-01,8511.0
DST:FIKS22:BRANCHE07=B:BELØB=4:SÆSON=EJSÆSON,2014-08-01,8917.0
DST:FIKS22:BRANCHE07=B:BELØB=4:SÆSON=EJSÆSON,2014-09-01,7576.0
DST:FIKS22:BRANCHE07=B:BELØB=4:SÆSON=EJSÆSON,2014-10-01,5050.0
DST:FIKS22:BRANCHE07=B:BELØB=4:SÆSON=EJSÆSON,2014-11-01,5247.0
DST:FIKS22:BRANCHE07=B:BELØB=4:SÆSON=EJSÆSON,2014-12-01,4746.0
DST:FIKS22:BRANCHE07=B:BELØB=4:SÆSON=EJSÆSON,2015-01-01,2653.0
DST:FIKS22:BRANCHE07=B:BELØB=4:SÆSON=EJSÆSON,2015-02-01,1609.0
DST:FIKS22:BRANCHE07=B:BELØB=4:SÆSON=EJSÆSON,2015-03-01,1999.0
DST:FIKS22:BRANCHE07=B:BELØB=4:SÆSON=EJSÆSON,2015-04-01,1829.0
DST:FIKS22:BRANCHE07=B:BELØB=4:SÆSON=EJSÆSON,2015-05-01,2081.0
DST:FIKS22:BRANCHE07=B:BELØB=4:SÆSON=EJSÆSON,2015-06-01,2285.0
DST:FIKS22:BRANCHE07=B:BELØB=4:SÆSON=EJSÆSON,2015-07-01,2199.0
DST:FIKS22:BRANCHE07=B:BELØB=4:SÆSON=EJSÆSON,2015-08-01,2528.0
DST:FIKS22:BRANCHE07=B:BELØB=4:SÆSON=EJSÆSON,2015-09-01,2319.0
DST:FIKS22:BRANCHE07=B:BELØB=4:SÆSON=EJSÆSON,2015-10-01,4035.0
DST:FIKS22:BRANCHE07=B:BELØB=4:SÆSON=EJSÆSON,2015-11-01,4378.0
DST:FIKS22:BRANCHE07=B:BELØB=4:SÆSON=EJSÆSON,2015-12-01,4170.0
DST:FIKS22:BRANCHE07=B:BELØB=4:SÆSON=EJSÆSON,2016-01-01,2085.0
DST:FIKS22:BRANCHE07=B:BELØB=4:SÆSON=EJSÆSON,2016-02-01,1847.0
DST:FIKS22:BRANCHE07=B:BELØB=4:SÆSON=EJSÆSON,2016-03-01,2186.0
DST:FIKS22:BRANCHE07=B:BELØB=4:SÆSON=EJSÆSON,2016-04-01,2985.0
DST:FIKS22:BRANCHE07=B:BELØB=4:SÆSON=EJSÆSON,2016-05-01,3365.0
DST:FIKS22:BRANCHE07=B:BELØB=4:SÆSON=EJSÆSON,2016-06-01,2803.0
DST:FIKS22:BRANCHE07=B:BELØB=4:SÆSON=EJSÆSON,2016-07-01,2879.0
DST:FIKS22:BRANCHE07=B:BELØB=4:SÆSON=EJSÆSON,2016-08-01,2444.0
DST:FIKS22:BRANCHE07=B:BELØB=4:SÆSON=EJSÆSON,2016-09-01,2815.0
DST:FIKS22:BRANCHE07=B:BELØB=4:SÆSON=EJSÆSON,2016-10-01,3293.0
DST:FIKS22:BRANCHE07=B:BELØB=4:SÆSON=EJSÆSON,2016-11-01,2711.0
DST:FIKS22:BRANCHE07=B:BELØB=4:SÆSON=EJSÆSON,2016-12-01,3523.0
DST:FIKS22:BRANCHE07=B:BELØB=4:SÆSON=EJSÆSON,2017-01-01,2618.0
DST:FIKS22:BRANCHE07=B:BELØB=4:SÆSON=EJSÆSON,2017-02-01,2962.0
DST:FIKS22:BRANCHE07=B:BELØB=4:SÆSON=EJSÆSON,2017-03-01,3017.0
DST:FIKS22:BRANCHE07=B:BELØB=4:SÆSON=EJSÆSON,2017-04-01,2563.0
DST:FIKS22:BRANCHE07=B:BELØB=4:SÆSON=EJSÆSON,2017-05-01,2455.0
DST:FIKS22:BRANCHE07=B:BELØB=4:SÆSON=EJSÆSON,2017-06-01,1933.0
DST:FIKS22:BRANCHE07=B:BELØB=4:SÆSON=EJSÆSON,2017-07-01,2283.0
DST:FIKS22:BRANCHE07=B:BELØB=4:SÆSON=EJSÆSON,2017-08-01,1480.0
DST:FIKS22:BRANCHE07=B:BELØB=4:SÆSON=EJSÆSON,2017-09-01,1867.0
DST:FIKS22:BRANCHE07=B:BELØB=4:SÆSON=EJSÆSON,2017-10-01,3645.0
DST:FIKS22:BRANCHE07=B:BELØB=4:SÆSON=EJSÆSON,2017-11-01,3798.0
DST:FIKS22:BRANCHE07=B:BELØB=4:SÆSON=EJSÆSON,2017-12-01,3026.0
DST:FIKS22:BRANCHE07=B:BELØB=4:SÆSON=EJSÆSON,2018-01-01,1946.0
DST:FIKS22:BRANCHE07=B:BELØB=4:SÆSON=EJSÆSON,2018-02-01,2856.0
DST:FIKS22:BRANCHE07=B:BELØB=4:SÆSON=EJSÆSON,2018-03-01,2328.0
DST:FIKS22:BRANCHE07=B:BELØB=4:SÆSON=EJSÆSON,2018-04-01,3160.0
DST:FIKS22:BRANCHE07=B:BELØB=4:SÆSON=EJSÆSON,2018-05-01,3190.0
DST:FIKS22:BRANCHE07=B:BELØB=4:SÆSON=EJSÆSON,2018-06-01,1756.0
DST:FIKS22:BRANCHE07=B:BELØB=4:SÆSON=EJSÆSON,2018-07-01,2165.0
DST:FIKS22:BRANCHE07=B:BELØB=4:SÆSON=EJSÆSON,2018-08-01,2404.0
DST:FIKS22:BRANCHE07=B:BELØB=4:SÆSON=EJSÆSON,2018-09-01,1998.0
DST:FIKS22:BRANCHE07=B:BELØB=4:SÆSON=EJSÆSON,2018-10-01,2772.0
DST:FIKS22:BRANCHE07=B:BELØB=4:SÆSON=EJSÆSON,2018-11-01,2716.0
DST:FIKS22:BRANCHE07=B:BELØB=4:SÆSON=EJSÆSON,2018-12-01,3662.0
DST:FIKS22:BRANCHE07=B:BELØB=4:SÆSON=EJSÆSON,2019-01-01,2197.0
DST:FIKS22:BRANCHE07=B:BELØB=4:SÆSON=EJSÆSON,2019-02-01,2620.0
DST:FIKS22:BRANCHE07=B:BELØB=4:SÆSON=EJSÆSON,2019-03-01,2279.0
DST:FIKS22:BRANCHE07=B:BELØB=4:SÆSON=EJSÆSON,2019-04-01,2816.0
DST:FIKS22:BRANCHE07=B:BELØB=4:SÆSON=EJSÆSON,2019-05-01,2578.0
DST:FIKS22:BRANCHE07=B:BELØB=4:SÆSON=EJSÆSON,2019-06-01,2279.0
DST:FIKS22:BRANCHE07=B:BELØB=4:SÆSON=EJSÆSON,2019-07-01,2401.0
DST:FIKS22:BRANCHE07=B:BELØB=4:SÆSON=EJSÆSON,2019-08-01,2057.0
DST:FIKS22:BRANCHE07=B:BELØB=4:SÆSON=EJSÆSON,2019-09-01,1977.0
DST:FIKS22:BRANCHE07=B:BELØB=4:SÆSON=EJSÆSON,2019-10-01,1070.0
DST:FIKS22:BRANCHE07=B:BELØB=4:SÆSON=EJSÆSON,2019-11-01,1670.0
DST:FIKS22:BRANCHE07=B:BELØB=4:SÆSON=EJSÆSON,2019-12-01,1852.0
DST:FIKS22:BRANCHE07=B:BELØB=4:SÆSON=EJSÆSON,2020-01-01,1434.0
DST:FIKS22:BRANCHE07=B:BELØB=4:SÆSON=EJSÆSON,2020-02-01,2348.0
DST:FIKS22:BRANCHE07=B:BELØB=4:SÆSON=EJSÆSON,2020-03-01,1144.0
DST:FIKS22:BRANCHE07=B:BELØB=4:SÆSON=EJSÆSON,2020-04-01,1081.0
DST:FIKS22:BRANCHE07=B:BELØB=4:SÆSON=EJSÆSON,2020-05-01,1437.0
DST:FIKS22:BRANCHE07=B:BELØB=4:SÆSON=EJSÆSON,2020-06-01,1333.0
DST:FIKS22:BRANCHE07=B:BELØB=4:SÆSON=EJSÆSON,2020-07-01,1050.0
DST:FIKS22:BRANCHE07=B:BELØB=4:SÆSON=EJSÆSON,2020-08-01,1105.0
DST:FIKS22:BRANCHE07=B:BELØB=4:SÆSON=EJSÆSON,2020-09-01,1230.0
DST:FIKS22:BRANCHE07=B:BELØB=4:SÆSON=EJSÆSON,2020-10-01,1277.0
DST:FIKS22:BRANCHE07=B:BELØB=4:SÆSON=EJSÆSON,2020-11-01,1294.0
DST:FIKS22:BRANCHE07=B:BELØB=4:SÆSON=EJSÆSON,2020-12-01,1451.0
DST:FIKS22:BRANCHE07=B:BELØB=4:SÆSON=EJSÆSON,2021-01-01,1323.0
DST:FIKS22:BRANCHE07=B:BELØB=4:SÆSON=EJSÆSON,2021-02-01,1999.0
DST:FIKS22:BRANCHE07=B:BELØB=4:SÆSON=EJSÆSON,2021-03-01,2029.0
DST:FIKS22:BRANCHE07=B:BELØB=4:SÆSON=EJSÆSON,2021-04-01,1747.0
DST:FIKS22:BRANCHE07=B:BELØB=4:SÆSON=EJSÆSON,2021-05-01,2079.0
DST:FIKS22:BRANCHE07=B:BELØB=4:SÆSON=EJSÆSON,2021-06-01,2690.0
DST:FIKS22:BRANCHE07=B:BELØB=4:SÆSON=EJSÆSON,2021-07-01,3042.0
DST:FIKS22:BRANCHE07=B:BELØB=4:SÆSON=EJSÆSON,2021-08-01,1943.0
DST:FIKS22:BRANCHE07=B:BELØB=4:SÆSON=EJSÆSON,2021-09-01,2349.0
DST:FIKS22:BRANCHE07=B:BELØB=4:SÆSON=EJSÆSON,2021-10-01,2283.0
DST:FIKS22:BRANCHE07=B:BELØB=4:SÆSON=EJSÆSON,2021-11-01,2925.0
DST:FIKS22:BRANCHE07=B:BELØB=4:SÆSON=EJSÆSON,2021-12-01,3063.0
DST:FIKS22:BRANCHE07=B:BELØB=4:SÆSON=EJSÆSON,2022-01-01,2826.0
DST:FIKS22:BRANCHE07=B:BELØB=4:SÆSON=EJSÆSON,2022-02-01,2583.0
DST:FIKS22:BRANCHE07=B:BELØB=4:SÆSON=EJSÆSON,2022-03-01,2897.0
DST:FIKS22:BRANCHE07=B:BELØB=4:SÆSON=EJSÆSON,2022-04-01,3342.0
DST:FIKS22:BRANCHE07=B:BELØB=4:SÆSON=EJSÆSON,2022-05-01,2900.0
DST:FIKS22:BRANCHE07=B:BELØB=4:SÆSON=EJSÆSON,2022-06-01,3941.0
DST:FIKS22:BRANCHE07=B:BELØB=4:SÆSON=EJSÆSON,2022-07-01,3464.0
DST:FIKS22:BRANCHE07=B:BELØB=4:SÆSON=EJSÆSON,2022-08-01,3495.0
DST:FIKS22:BRANCHE07=B:BELØB=4:SÆSON=EJSÆSON,2022-09-01,4294.0
DST:FIKS22:BRANCHE07=B:BELØB=4:SÆSON=EJSÆSON,2022-10-01,3191.0
DST:FIKS22:BRANCHE07=B:BELØB=4:SÆSON=EJSÆSON,2022-11-01,3518.0
DST:FIKS22:BRANCHE07=B:BELØB=4:SÆSON=EJSÆSON,2022-12-01,3734.0
DST:FIKS22:BRANCHE07=B:BELØB=4:SÆSON=EJSÆSON,2023-01-01,2845.0
DST:FIKS22:BRANCHE07=B:BELØB=4:SÆSON=EJSÆSON,2023-02-01,2303.0
DST:FIKS22:BRANCHE07=B:BELØB=4:SÆSON=EJSÆSON,2023-03-01,3348.0
DST:FIKS22:BRANCHE07=B:BELØB=4:SÆSON=EJSÆSON,2023-04-01,2333.0
DST:FIKS22:BRANCHE07=B:BELØB=4:SÆSON=EJSÆSON,2023-05-01,3164.0
DST:FIKS22:BRANCHE07=B:BELØB=4:SÆSON=EJSÆSON,2023-06-01,2697.0
DST:FIKS22:BRANCHE07=B:BELØB=4:SÆSON=EJSÆSON,2023-07-01,2186.0
DST:FIKS22:BRANCHE07=B:BELØB=4:SÆSON=EJSÆSON,2023-08-01,3106.0
DST:FIKS22:BRANCHE07=B:BELØB=4:SÆSON=EJSÆSON,2023-09-01,2673.0
DST:FIKS22:BRANCHE07=B:BELØB=4:SÆSON=EJSÆSON,2023-10-01,2958.0
DST:FIKS22:BRANCHE07=B:BELØB=4:SÆSON=EJSÆSON,2023-11-01,3220.0
DST:FIKS22:BRANCHE07=B:BELØB=4:SÆSON=EJSÆSON,2023-12-01,3321.0
DST:FIKS22:BRANCHE07=B:BELØB=4:SÆSON=EJSÆSON,2024-01-01,3131.0
DST:FIKS22:BRANCHE07=B:BELØB=4:SÆSON=EJSÆSON,2024-02-01,3002.0
DST:FIKS22:BRANCHE07=B:BELØB=4:SÆSON=EJSÆSON,2024-03-01,2457.0
DST:FIKS22:BRANCHE07=B:BELØB=4:SÆSON=EJSÆSON,2024-04-01,2450.0
DST:FIKS22:BRANCHE07=B:BELØB=4:SÆSON=EJSÆSON,2024-05-01,2859.0
DST:FIKS22:BRANCHE07=B:BELØB=4:SÆSON=EJSÆSON,2024-06-01,2652.0
DST:FIKS22:BRANCHE07=B:BELØB=4:SÆSON=EJSÆSON,2024-07-01,2892.0
DST:FIKS22:BRANCHE07=B:BELØB=4:SÆSON=EJSÆSON,2024-08-01,1916.0
DST:FIKS22:BRANCHE07=B:BELØB=4:SÆSON=EJSÆSON,2024-09-01,1833.0
DST:FIKS22:BRANCHE07=B:BELØB=4:SÆSON=EJSÆSON,2024-10-01,2938.0
DST:FIKS22:BRANCHE07=B:BELØB=4:SÆSON=EJSÆSON,2024-11-01,2452.0
DST:FIKS22:BRANCHE07=B:BELØB=4:SÆSON=EJSÆSON,2024-12-01,3021.0
DST:FIKS22:BRANCHE07=B:BELØB=4:SÆSON=EJSÆSON,2025-01-01,2754.0
DST:FIKS22:BRANCHE07=B:BELØB=4:SÆSON=EJSÆSON,2025-02-01,2778.0
DST:FIKS22:BRANCHE07=B:BELØB=4:SÆSON=EJSÆSON,2025-03-01,2648.0
DST:FIKS22:BRANCHE07=B:BELØB=4:SÆSON=EJSÆSON,2025-04-01,2275.0
DST:FIKS22:BRANCHE07=B:BELØB=4:SÆSON=EJSÆSON,2025-05-01,2450.0
DST:FIKS22:BRANCHE07=B:BELØB=4:SÆSON=EJSÆSON,2025-06-01,2404.0
DST:FIKS22:BRANCHE07=B:BELØB=4:SÆSON=EJSÆSON,2025-07-01,2976.0
DST:FIKS22:BRANCHE07=B:BELØB=4:SÆSON=EJSÆSON,2025-08-01,1900.0
DST:FIKS22:BRANCHE07=B:BELØB=4:SÆSON=EJSÆSON,2025-09-01,2132.0
DST:FIKS22:BRANCHE07=B:BELØB=4:SÆSON=EJSÆSON,2025-10-01,2410.0
DST:FIKS22:BRANCHE07=B:BELØB=4:SÆSON=EJSÆSON,2025-11-01,2004.0
DST:FIKS22:BRANCHE07=B:BELØB=4:SÆSON=EJSÆSON,2025-12-01,1788.0
DST:FIKS22:BRANCHE07=B:BELØB=4:SÆSON=EJSÆSON,2026-01-01,2123.0
DST:FIKS22:BRANCHE07=B:BELØB=4:SÆSON=EJSÆSON,2026-02-01,1728.0
DST:FIKS22:BRANCHE07=B:BELØB=4:SÆSON=EJSÆSON,2026-03-01,2363.0
DST:FIKS22:BRANCHE07=B:BELØB=4:SÆSON=SÆSON,2009-01-01,2107.0
DST:FIKS22:BRANCHE07=B:BELØB=4:SÆSON=SÆSON,2009-02-01,1996.0
DST:FIKS22:BRANCHE07=B:BELØB=4:SÆSON=SÆSON,2009-03-01,4096.0
DST:FIKS22:BRANCHE07=B:BELØB=4:SÆSON=SÆSON,2009-04-01,2134.0
DST:FIKS22:BRANCHE07=B:BELØB=4:SÆSON=SÆSON,2009-05-01,2326.0
DST:FIKS22:BRANCHE07=B:BELØB=4:SÆSON=SÆSON,2009-06-01,4822.0
DST:FIKS22:BRANCHE07=B:BELØB=4:SÆSON=SÆSON,2009-07-01,2317.0
DST:FIKS22:BRANCHE07=B:BELØB=4:SÆSON=SÆSON,2009-08-01,2126.0
DST:FIKS22:BRANCHE07=B:BELØB=4:SÆSON=SÆSON,2009-09-01,4730.0
DST:FIKS22:BRANCHE07=B:BELØB=4:SÆSON=SÆSON,2009-10-01,2254.0
DST:FIKS22:BRANCHE07=B:BELØB=4:SÆSON=SÆSON,2009-11-01,2626.0
DST:FIKS22:BRANCHE07=B:BELØB=4:SÆSON=SÆSON,2009-12-01,4757.0
DST:FIKS22:BRANCHE07=B:BELØB=4:SÆSON=SÆSON,2010-01-01,2495.0
DST:FIKS22:BRANCHE07=B:BELØB=4:SÆSON=SÆSON,2010-02-01,2379.0
DST:FIKS22:BRANCHE07=B:BELØB=4:SÆSON=SÆSON,2010-03-01,4192.0
DST:FIKS22:BRANCHE07=B:BELØB=4:SÆSON=SÆSON,2010-04-01,3162.0
DST:FIKS22:BRANCHE07=B:BELØB=4:SÆSON=SÆSON,2010-05-01,2766.0
DST:FIKS22:BRANCHE07=B:BELØB=4:SÆSON=SÆSON,2010-06-01,4329.0
DST:FIKS22:BRANCHE07=B:BELØB=4:SÆSON=SÆSON,2010-07-01,2945.0
DST:FIKS22:BRANCHE07=B:BELØB=4:SÆSON=SÆSON,2010-08-01,1943.0
DST:FIKS22:BRANCHE07=B:BELØB=4:SÆSON=SÆSON,2010-09-01,2619.0
DST:FIKS22:BRANCHE07=B:BELØB=4:SÆSON=SÆSON,2010-10-01,2773.0
DST:FIKS22:BRANCHE07=B:BELØB=4:SÆSON=SÆSON,2010-11-01,2968.0
DST:FIKS22:BRANCHE07=B:BELØB=4:SÆSON=SÆSON,2010-12-01,4580.0
DST:FIKS22:BRANCHE07=B:BELØB=4:SÆSON=SÆSON,2011-01-01,3366.0
DST:FIKS22:BRANCHE07=B:BELØB=4:SÆSON=SÆSON,2011-02-01,2786.0
DST:FIKS22:BRANCHE07=B:BELØB=4:SÆSON=SÆSON,2011-03-01,4839.0
DST:FIKS22:BRANCHE07=B:BELØB=4:SÆSON=SÆSON,2011-04-01,2635.0
DST:FIKS22:BRANCHE07=B:BELØB=4:SÆSON=SÆSON,2011-05-01,3311.0
DST:FIKS22:BRANCHE07=B:BELØB=4:SÆSON=SÆSON,2011-06-01,5803.0
DST:FIKS22:BRANCHE07=B:BELØB=4:SÆSON=SÆSON,2011-07-01,3418.0
DST:FIKS22:BRANCHE07=B:BELØB=4:SÆSON=SÆSON,2011-08-01,3478.0
DST:FIKS22:BRANCHE07=B:BELØB=4:SÆSON=SÆSON,2011-09-01,4848.0
DST:FIKS22:BRANCHE07=B:BELØB=4:SÆSON=SÆSON,2011-10-01,2670.0
DST:FIKS22:BRANCHE07=B:BELØB=4:SÆSON=SÆSON,2011-11-01,4322.0
DST:FIKS22:BRANCHE07=B:BELØB=4:SÆSON=SÆSON,2011-12-01,3661.0
DST:FIKS22:BRANCHE07=B:BELØB=4:SÆSON=SÆSON,2012-01-01,3933.0
DST:FIKS22:BRANCHE07=B:BELØB=4:SÆSON=SÆSON,2012-02-01,3681.0
DST:FIKS22:BRANCHE07=B:BELØB=4:SÆSON=SÆSON,2012-03-01,2746.0
DST:FIKS22:BRANCHE07=B:BELØB=4:SÆSON=SÆSON,2012-04-01,3843.0
DST:FIKS22:BRANCHE07=B:BELØB=4:SÆSON=SÆSON,2012-05-01,2914.0
DST:FIKS22:BRANCHE07=B:BELØB=4:SÆSON=SÆSON,2012-06-01,4222.0
DST:FIKS22:BRANCHE07=B:BELØB=4:SÆSON=SÆSON,2012-07-01,4005.0
DST:FIKS22:BRANCHE07=B:BELØB=4:SÆSON=SÆSON,2012-08-01,2144.0
DST:FIKS22:BRANCHE07=B:BELØB=4:SÆSON=SÆSON,2012-09-01,2561.0
DST:FIKS22:BRANCHE07=B:BELØB=4:SÆSON=SÆSON,2012-10-01,4469.0
DST:FIKS22:BRANCHE07=B:BELØB=4:SÆSON=SÆSON,2012-11-01,4668.0
DST:FIKS22:BRANCHE07=B:BELØB=4:SÆSON=SÆSON,2012-12-01,3385.0
DST:FIKS22:BRANCHE07=B:BELØB=4:SÆSON=SÆSON,2013-01-01,2868.0
DST:FIKS22:BRANCHE07=B:BELØB=4:SÆSON=SÆSON,2013-02-01,2785.0
DST:FIKS22:BRANCHE07=B:BELØB=4:SÆSON=SÆSON,2013-03-01,1912.0
DST:FIKS22:BRANCHE07=B:BELØB=4:SÆSON=SÆSON,2013-04-01,2545.0
DST:FIKS22:BRANCHE07=B:BELØB=4:SÆSON=SÆSON,2013-05-01,1914.0
DST:FIKS22:BRANCHE07=B:BELØB=4:SÆSON=SÆSON,2013-06-01,2957.0
DST:FIKS22:BRANCHE07=B:BELØB=4:SÆSON=SÆSON,2013-07-01,2148.0
DST:FIKS22:BRANCHE07=B:BELØB=4:SÆSON=SÆSON,2013-08-01,2464.0
DST:FIKS22:BRANCHE07=B:BELØB=4:SÆSON=SÆSON,2013-09-01,1951.0
DST:FIKS22:BRANCHE07=B:BELØB=4:SÆSON=SÆSON,2013-10-01,2255.0
DST:FIKS22:BRANCHE07=B:BELØB=4:SÆSON=SÆSON,2013-11-01,2537.0
DST:FIKS22:BRANCHE07=B:BELØB=4:SÆSON=SÆSON,2013-12-01,3110.0
DST:FIKS22:BRANCHE07=B:BELØB=4:SÆSON=SÆSON,2014-01-01,1220.0
DST:FIKS22:BRANCHE07=B:BELØB=4:SÆSON=SÆSON,2014-02-01,2299.0
DST:FIKS22:BRANCHE07=B:BELØB=4:SÆSON=SÆSON,2014-03-01,1711.0
DST:FIKS22:BRANCHE07=B:BELØB=4:SÆSON=SÆSON,2014-04-01,2367.0
DST:FIKS22:BRANCHE07=B:BELØB=4:SÆSON=SÆSON,2014-05-01,2507.0
DST:FIKS22:BRANCHE07=B:BELØB=4:SÆSON=SÆSON,2014-06-01,1263.0
DST:FIKS22:BRANCHE07=B:BELØB=4:SÆSON=SÆSON,2014-07-01,8511.0
DST:FIKS22:BRANCHE07=B:BELØB=4:SÆSON=SÆSON,2014-08-01,8917.0
DST:FIKS22:BRANCHE07=B:BELØB=4:SÆSON=SÆSON,2014-09-01,7576.0
DST:FIKS22:BRANCHE07=B:BELØB=4:SÆSON=SÆSON,2014-10-01,5050.0
DST:FIKS22:BRANCHE07=B:BELØB=4:SÆSON=SÆSON,2014-11-01,5247.0
DST:FIKS22:BRANCHE07=B:BELØB=4:SÆSON=SÆSON,2014-12-01,4746.0
DST:FIKS22:BRANCHE07=B:BELØB=4:SÆSON=SÆSON,2015-01-01,2653.0
DST:FIKS22:BRANCHE07=B:BELØB=4:SÆSON=SÆSON,2015-02-01,1609.0
DST:FIKS22:BRANCHE07=B:BELØB=4:SÆSON=SÆSON,2015-03-01,1896.0
DST:FIKS22:BRANCHE07=B:BELØB=4:SÆSON=SÆSON,2015-04-01,1929.0
DST:FIKS22:BRANCHE07=B:BELØB=4:SÆSON=SÆSON,2015-05-01,2081.0
DST:FIKS22:BRANCHE07=B:BELØB=4:SÆSON=SÆSON,2015-06-01,2285.0
DST:FIKS22:BRANCHE07=B:BELØB=4:SÆSON=SÆSON,2015-07-01,2199.0
DST:FIKS22:BRANCHE07=B:BELØB=4:SÆSON=SÆSON,2015-08-01,2528.0
DST:FIKS22:BRANCHE07=B:BELØB=4:SÆSON=SÆSON,2015-09-01,2319.0
DST:FIKS22:BRANCHE07=B:BELØB=4:SÆSON=SÆSON,2015-10-01,4035.0
DST:FIKS22:BRANCHE07=B:BELØB=4:SÆSON=SÆSON,2015-11-01,4378.0
DST:FIKS22:BRANCHE07=B:BELØB=4:SÆSON=SÆSON,2015-12-01,4170.0
DST:FIKS22:BRANCHE07=B:BELØB=4:SÆSON=SÆSON,2016-01-01,2085.0
DST:FIKS22:BRANCHE07=B:BELØB=4:SÆSON=SÆSON,2016-02-01,1847.0
DST:FIKS22:BRANCHE07=B:BELØB=4:SÆSON=SÆSON,2016-03-01,2531.0
DST:FIKS22:BRANCHE07=B:BELØB=4:SÆSON=SÆSON,2016-04-01,2578.0
DST:FIKS22:BRANCHE07=B:BELØB=4:SÆSON=SÆSON,2016-05-01,3365.0
DST:FIKS22:BRANCHE07=B:BELØB=4:SÆSON=SÆSON,2016-06-01,2803.0
DST:FIKS22:BRANCHE07=B:BELØB=4:SÆSON=SÆSON,2016-07-01,2879.0
DST:FIKS22:BRANCHE07=B:BELØB=4:SÆSON=SÆSON,2016-08-01,2444.0
DST:FIKS22:BRANCHE07=B:BELØB=4:SÆSON=SÆSON,2016-09-01,2815.0
DST:FIKS22:BRANCHE07=B:BELØB=4:SÆSON=SÆSON,2016-10-01,3293.0
DST:FIKS22:BRANCHE07=B:BELØB=4:SÆSON=SÆSON,2016-11-01,2711.0
DST:FIKS22:BRANCHE07=B:BELØB=4:SÆSON=SÆSON,2016-12-01,3523.0
DST:FIKS22:BRANCHE07=B:BELØB=4:SÆSON=SÆSON,2017-01-01,2618.0
DST:FIKS22:BRANCHE07=B:BELØB=4:SÆSON=SÆSON,2017-02-01,2962.0
DST:FIKS22:BRANCHE07=B:BELØB=4:SÆSON=SÆSON,2017-03-01,2861.0
DST:FIKS22:BRANCHE07=B:BELØB=4:SÆSON=SÆSON,2017-04-01,2702.0
DST:FIKS22:BRANCHE07=B:BELØB=4:SÆSON=SÆSON,2017-05-01,2455.0
DST:FIKS22:BRANCHE07=B:BELØB=4:SÆSON=SÆSON,2017-06-01,1933.0
DST:FIKS22:BRANCHE07=B:BELØB=4:SÆSON=SÆSON,2017-07-01,2283.0
DST:FIKS22:BRANCHE07=B:BELØB=4:SÆSON=SÆSON,2017-08-01,1480.0
DST:FIKS22:BRANCHE07=B:BELØB=4:SÆSON=SÆSON,2017-09-01,1867.0
DST:FIKS22:BRANCHE07=B:BELØB=4:SÆSON=SÆSON,2017-10-01,3645.0
DST:FIKS22:BRANCHE07=B:BELØB=4:SÆSON=SÆSON,2017-11-01,3798.0
DST:FIKS22:BRANCHE07=B:BELØB=4:SÆSON=SÆSON,2017-12-01,3026.0
DST:FIKS22:BRANCHE07=B:BELØB=4:SÆSON=SÆSON,2018-01-01,1946.0
DST:FIKS22:BRANCHE07=B:BELØB=4:SÆSON=SÆSON,2018-02-01,2856.0
DST:FIKS22:BRANCHE07=B:BELØB=4:SÆSON=SÆSON,2018-03-01,2696.0
DST:FIKS22:BRANCHE07=B:BELØB=4:SÆSON=SÆSON,2018-04-01,2729.0
DST:FIKS22:BRANCHE07=B:BELØB=4:SÆSON=SÆSON,2018-05-01,3190.0
DST:FIKS22:BRANCHE07=B:BELØB=4:SÆSON=SÆSON,2018-06-01,1756.0
DST:FIKS22:BRANCHE07=B:BELØB=4:SÆSON=SÆSON,2018-07-01,2165.0
DST:FIKS22:BRANCHE07=B:BELØB=4:SÆSON=SÆSON,2018-08-01,2404.0
DST:FIKS22:BRANCHE07=B:BELØB=4:SÆSON=SÆSON,2018-09-01,1998.0
DST:FIKS22:BRANCHE07=B:BELØB=4:SÆSON=SÆSON,2018-10-01,2772.0
DST:FIKS22:BRANCHE07=B:BELØB=4:SÆSON=SÆSON,2018-11-01,2716.0
DST:FIKS22:BRANCHE07=B:BELØB=4:SÆSON=SÆSON,2018-12-01,3662.0
DST:FIKS22:BRANCHE07=B:BELØB=4:SÆSON=SÆSON,2019-01-01,2197.0
DST:FIKS22:BRANCHE07=B:BELØB=4:SÆSON=SÆSON,2019-02-01,2620.0
DST:FIKS22:BRANCHE07=B:BELØB=4:SÆSON=SÆSON,2019-03-01,2161.0
DST:FIKS22:BRANCHE07=B:BELØB=4:SÆSON=SÆSON,2019-04-01,2970.0
DST:FIKS22:BRANCHE07=B:BELØB=4:SÆSON=SÆSON,2019-05-01,2578.0
DST:FIKS22:BRANCHE07=B:BELØB=4:SÆSON=SÆSON,2019-06-01,2279.0
DST:FIKS22:BRANCHE07=B:BELØB=4:SÆSON=SÆSON,2019-07-01,2401.0
DST:FIKS22:BRANCHE07=B:BELØB=4:SÆSON=SÆSON,2019-08-01,2057.0
DST:FIKS22:BRANCHE07=B:BELØB=4:SÆSON=SÆSON,2019-09-01,1977.0
DST:FIKS22:BRANCHE07=B:BELØB=4:SÆSON=SÆSON,2019-10-01,1070.0
DST:FIKS22:BRANCHE07=B:BELØB=4:SÆSON=SÆSON,2019-11-01,1670.0
DST:FIKS22:BRANCHE07=B:BELØB=4:SÆSON=SÆSON,2019-12-01,1852.0
DST:FIKS22:BRANCHE07=B:BELØB=4:SÆSON=SÆSON,2020-01-01,1434.0
DST:FIKS22:BRANCHE07=B:BELØB=4:SÆSON=SÆSON,2020-02-01,2348.0
DST:FIKS22:BRANCHE07=B:BELØB=4:SÆSON=SÆSON,2020-03-01,1085.0
DST:FIKS22:BRANCHE07=B:BELØB=4:SÆSON=SÆSON,2020-04-01,1140.0
DST:FIKS22:BRANCHE07=B:BELØB=4:SÆSON=SÆSON,2020-05-01,1437.0
DST:FIKS22:BRANCHE07=B:BELØB=4:SÆSON=SÆSON,2020-06-01,1333.0
DST:FIKS22:BRANCHE07=B:BELØB=4:SÆSON=SÆSON,2020-07-01,1050.0
DST:FIKS22:BRANCHE07=B:BELØB=4:SÆSON=SÆSON,2020-08-01,1105.0
DST:FIKS22:BRANCHE07=B:BELØB=4:SÆSON=SÆSON,2020-09-01,1230.0
DST:FIKS22:BRANCHE07=B:BELØB=4:SÆSON=SÆSON,2020-10-01,1277.0
DST:FIKS22:BRANCHE07=B:BELØB=4:SÆSON=SÆSON,2020-11-01,1294.0
DST:FIKS22:BRANCHE07=B:BELØB=4:SÆSON=SÆSON,2020-12-01,1451.0
DST:FIKS22:BRANCHE07=B:BELØB=4:SÆSON=SÆSON,2021-01-01,1323.0
DST:FIKS22:BRANCHE07=B:BELØB=4:SÆSON=SÆSON,2021-02-01,1999.0
DST:FIKS22:BRANCHE07=B:BELØB=4:SÆSON=SÆSON,2021-03-01,1924.0
DST:FIKS22:BRANCHE07=B:BELØB=4:SÆSON=SÆSON,2021-04-01,1842.0
DST:FIKS22:BRANCHE07=B:BELØB=4:SÆSON=SÆSON,2021-05-01,2079.0
DST:FIKS22:BRANCHE07=B:BELØB=4:SÆSON=SÆSON,2021-06-01,2690.0
DST:FIKS22:BRANCHE07=B:BELØB=4:SÆSON=SÆSON,2021-07-01,3042.0
DST:FIKS22:BRANCHE07=B:BELØB=4:SÆSON=SÆSON,2021-08-01,1943.0
DST:FIKS22:BRANCHE07=B:BELØB=4:SÆSON=SÆSON,2021-09-01,2349.0
DST:FIKS22:BRANCHE07=B:BELØB=4:SÆSON=SÆSON,2021-10-01,2283.0
DST:FIKS22:BRANCHE07=B:BELØB=4:SÆSON=SÆSON,2021-11-01,2925.0
DST:FIKS22:BRANCHE07=B:BELØB=4:SÆSON=SÆSON,2021-12-01,3063.0
DST:FIKS22:BRANCHE07=B:BELØB=4:SÆSON=SÆSON,2022-01-01,2826.0
DST:FIKS22:BRANCHE07=B:BELØB=4:SÆSON=SÆSON,2022-02-01,2583.0
DST:FIKS22:BRANCHE07=B:BELØB=4:SÆSON=SÆSON,2022-03-01,2747.0
DST:FIKS22:BRANCHE07=B:BELØB=4:SÆSON=SÆSON,2022-04-01,3524.0
DST:FIKS22:BRANCHE07=B:BELØB=4:SÆSON=SÆSON,2022-05-01,2900.0
DST:FIKS22:BRANCHE07=B:BELØB=4:SÆSON=SÆSON,2022-06-01,3941.0
DST:FIKS22:BRANCHE07=B:BELØB=4:SÆSON=SÆSON,2022-07-01,3464.0
DST:FIKS22:BRANCHE07=B:BELØB=4:SÆSON=SÆSON,2022-08-01,3495.0
DST:FIKS22:BRANCHE07=B:BELØB=4:SÆSON=SÆSON,2022-09-01,4294.0
DST:FIKS22:BRANCHE07=B:BELØB=4:SÆSON=SÆSON,2022-10-01,3191.0
DST:FIKS22:BRANCHE07=B:BELØB=4:SÆSON=SÆSON,2022-11-01,3518.0
DST:FIKS22:BRANCHE07=B:BELØB=4:SÆSON=SÆSON,2022-12-01,3734.0
DST:FIKS22:BRANCHE07=B:BELØB=4:SÆSON=SÆSON,2023-01-01,2845.0
DST:FIKS22:BRANCHE07=B:BELØB=4:SÆSON=SÆSON,2023-02-01,2303.0
DST:FIKS22:BRANCHE07=B:BELØB=4:SÆSON=SÆSON,2023-03-01,3175.0
DST:FIKS22:BRANCHE07=B:BELØB=4:SÆSON=SÆSON,2023-04-01,2460.0
DST:FIKS22:BRANCHE07=B:BELØB=4:SÆSON=SÆSON,2023-05-01,3164.0
DST:FIKS22:BRANCHE07=B:BELØB=4:SÆSON=SÆSON,2023-06-01,2697.0
DST:FIKS22:BRANCHE07=B:BELØB=4:SÆSON=SÆSON,2023-07-01,2186.0
DST:FIKS22:BRANCHE07=B:BELØB=4:SÆSON=SÆSON,2023-08-01,3106.0
DST:FIKS22:BRANCHE07=B:BELØB=4:SÆSON=SÆSON,2023-09-01,2673.0
DST:FIKS22:BRANCHE07=B:BELØB=4:SÆSON=SÆSON,2023-10-01,2958.0
DST:FIKS22:BRANCHE07=B:BELØB=4:SÆSON=SÆSON,2023-11-01,3220.0
DST:FIKS22:BRANCHE07=B:BELØB=4:SÆSON=SÆSON,2023-12-01,3321.0
DST:FIKS22:BRANCHE07=B:BELØB=4:SÆSON=SÆSON,2024-01-01,3131.0
DST:FIKS22:BRANCHE07=B:BELØB=4:SÆSON=SÆSON,2024-02-01,3002.0
DST:FIKS22:BRANCHE07=B:BELØB=4:SÆSON=SÆSON,2024-03-01,2845.0
DST:FIKS22:BRANCHE07=B:BELØB=4:SÆSON=SÆSON,2024-04-01,2116.0
DST:FIKS22:BRANCHE07=B:BELØB=4:SÆSON=SÆSON,2024-05-01,2859.0
DST:FIKS22:BRANCHE07=B:BELØB=4:SÆSON=SÆSON,2024-06-01,2652.0
DST:FIKS22:BRANCHE07=B:BELØB=4:SÆSON=SÆSON,2024-07-01,2892.0
DST:FIKS22:BRANCHE07=B:BELØB=4:SÆSON=SÆSON,2024-08-01,1916.0
DST:FIKS22:BRANCHE07=B:BELØB=4:SÆSON=SÆSON,2024-09-01,1833.0
DST:FIKS22:BRANCHE07=B:BELØB=4:SÆSON=SÆSON,2024-10-01,2938.0
DST:FIKS22:BRANCHE07=B:BELØB=4:SÆSON=SÆSON,2024-11-01,2452.0
DST:FIKS22:BRANCHE07=B:BELØB=4:SÆSON=SÆSON,2024-12-01,3021.0
DST:FIKS22:BRANCHE07=B:BELØB=4:SÆSON=SÆSON,2025-01-01,2754.0
DST:FIKS22:BRANCHE07=B:BELØB=4:SÆSON=SÆSON,2025-02-01,2778.0
DST:FIKS22:BRANCHE07=B:BELØB=4:SÆSON=SÆSON,2025-03-01,2511.0
DST:FIKS22:BRANCHE07=B:BELØB=4:SÆSON=SÆSON,2025-04-01,2399.0
DST:FIKS22:BRANCHE07=B:BELØB=4:SÆSON=SÆSON,2025-05-01,2450.0
DST:FIKS22:BRANCHE07=B:BELØB=4:SÆSON=SÆSON,2025-06-01,2404.0
DST:FIKS22:BRANCHE07=B:BELØB=4:SÆSON=SÆSON,2025-07-01,2976.0
DST:FIKS22:BRANCHE07=B:BELØB=4:SÆSON=SÆSON,2025-08-01,1900.0
DST:FIKS22:BRANCHE07=B:BELØB=4:SÆSON=SÆSON,2025-09-01,2132.0
DST:FIKS22:BRANCHE07=B:BELØB=4:SÆSON=SÆSON,2025-10-01,2410.0
DST:FIKS22:BRANCHE07=B:BELØB=4:SÆSON=SÆSON,2025-11-01,2004.0
DST:FIKS22:BRANCHE07=B:BELØB=4:SÆSON=SÆSON,2025-12-01,1788.0
DST:FIKS22:BRANCHE07=B:BELØB=4:SÆSON=SÆSON,2026-01-01,2123.0
DST:FIKS22:BRANCHE07=B:BELØB=4:SÆSON=SÆSON,2026-02-01,1728.0
DST:FIKS22:BRANCHE07=B:BELØB=4:SÆSON=SÆSON,2026-03-01,2241.0
DST:FIKS22:BRANCHE07=C:BELØB=0:SÆSON=EJSÆSON,2009-01-01,25719.0
DST:FIKS22:BRANCHE07=C:BELØB=0:SÆSON=EJSÆSON,2009-02-01,24063.0
DST:FIKS22:BRANCHE07=C:BELØB=0:SÆSON=EJSÆSON,2009-03-01,25616.0
DST:FIKS22:BRANCHE07=C:BELØB=0:SÆSON=EJSÆSON,2009-04-01,24569.0
DST:FIKS22:BRANCHE07=C:BELØB=0:SÆSON=EJSÆSON,2009-05-01,22175.0
DST:FIKS22:BRANCHE07=C:BELØB=0:SÆSON=EJSÆSON,2009-06-01,25247.0
DST:FIKS22:BRANCHE07=C:BELØB=0:SÆSON=EJSÆSON,2009-07-01,22277.0
DST:FIKS22:BRANCHE07=C:BELØB=0:SÆSON=EJSÆSON,2009-08-01,21811.0
DST:FIKS22:BRANCHE07=C:BELØB=0:SÆSON=EJSÆSON,2009-09-01,25243.0
DST:FIKS22:BRANCHE07=C:BELØB=0:SÆSON=EJSÆSON,2009-10-01,26041.0
DST:FIKS22:BRANCHE07=C:BELØB=0:SÆSON=EJSÆSON,2009-11-01,24380.0
DST:FIKS22:BRANCHE07=C:BELØB=0:SÆSON=EJSÆSON,2009-12-01,25716.0
DST:FIKS22:BRANCHE07=C:BELØB=0:SÆSON=EJSÆSON,2010-01-01,20529.0
DST:FIKS22:BRANCHE07=C:BELØB=0:SÆSON=EJSÆSON,2010-02-01,21893.0
DST:FIKS22:BRANCHE07=C:BELØB=0:SÆSON=EJSÆSON,2010-03-01,24988.0
DST:FIKS22:BRANCHE07=C:BELØB=0:SÆSON=EJSÆSON,2010-04-01,22772.0
DST:FIKS22:BRANCHE07=C:BELØB=0:SÆSON=EJSÆSON,2010-05-01,23610.0
DST:FIKS22:BRANCHE07=C:BELØB=0:SÆSON=EJSÆSON,2010-06-01,26316.0
DST:FIKS22:BRANCHE07=C:BELØB=0:SÆSON=EJSÆSON,2010-07-01,22366.0
DST:FIKS22:BRANCHE07=C:BELØB=0:SÆSON=EJSÆSON,2010-08-01,24638.0
DST:FIKS22:BRANCHE07=C:BELØB=0:SÆSON=EJSÆSON,2010-09-01,27242.0
DST:FIKS22:BRANCHE07=C:BELØB=0:SÆSON=EJSÆSON,2010-10-01,27487.0
DST:FIKS22:BRANCHE07=C:BELØB=0:SÆSON=EJSÆSON,2010-11-01,27398.0
DST:FIKS22:BRANCHE07=C:BELØB=0:SÆSON=EJSÆSON,2010-12-01,27961.0
DST:FIKS22:BRANCHE07=C:BELØB=0:SÆSON=EJSÆSON,2011-01-01,24737.0
DST:FIKS22:BRANCHE07=C:BELØB=0:SÆSON=EJSÆSON,2011-02-01,24025.0
DST:FIKS22:BRANCHE07=C:BELØB=0:SÆSON=EJSÆSON,2011-03-01,29799.0
DST:FIKS22:BRANCHE07=C:BELØB=0:SÆSON=EJSÆSON,2011-04-01,24354.0
DST:FIKS22:BRANCHE07=C:BELØB=0:SÆSON=EJSÆSON,2011-05-01,28666.0
DST:FIKS22:BRANCHE07=C:BELØB=0:SÆSON=EJSÆSON,2011-06-01,27977.0
DST:FIKS22:BRANCHE07=C:BELØB=0:SÆSON=EJSÆSON,2011-07-01,23822.0
DST:FIKS22:BRANCHE07=C:BELØB=0:SÆSON=EJSÆSON,2011-08-01,26724.0
DST:FIKS22:BRANCHE07=C:BELØB=0:SÆSON=EJSÆSON,2011-09-01,30031.0
DST:FIKS22:BRANCHE07=C:BELØB=0:SÆSON=EJSÆSON,2011-10-01,29187.0
DST:FIKS22:BRANCHE07=C:BELØB=0:SÆSON=EJSÆSON,2011-11-01,28721.0
DST:FIKS22:BRANCHE07=C:BELØB=0:SÆSON=EJSÆSON,2011-12-01,30769.0
DST:FIKS22:BRANCHE07=C:BELØB=0:SÆSON=EJSÆSON,2012-01-01,26031.0
DST:FIKS22:BRANCHE07=C:BELØB=0:SÆSON=EJSÆSON,2012-02-01,24944.0
DST:FIKS22:BRANCHE07=C:BELØB=0:SÆSON=EJSÆSON,2012-03-01,29348.0
DST:FIKS22:BRANCHE07=C:BELØB=0:SÆSON=EJSÆSON,2012-04-01,26463.0
DST:FIKS22:BRANCHE07=C:BELØB=0:SÆSON=EJSÆSON,2012-05-01,26099.0
DST:FIKS22:BRANCHE07=C:BELØB=0:SÆSON=EJSÆSON,2012-06-01,27661.0
DST:FIKS22:BRANCHE07=C:BELØB=0:SÆSON=EJSÆSON,2012-07-01,23242.0
DST:FIKS22:BRANCHE07=C:BELØB=0:SÆSON=EJSÆSON,2012-08-01,27400.0
DST:FIKS22:BRANCHE07=C:BELØB=0:SÆSON=EJSÆSON,2012-09-01,29457.0
DST:FIKS22:BRANCHE07=C:BELØB=0:SÆSON=EJSÆSON,2012-10-01,29291.0
DST:FIKS22:BRANCHE07=C:BELØB=0:SÆSON=EJSÆSON,2012-11-01,27799.0
DST:FIKS22:BRANCHE07=C:BELØB=0:SÆSON=EJSÆSON,2012-12-01,27173.0
DST:FIKS22:BRANCHE07=C:BELØB=0:SÆSON=EJSÆSON,2013-01-01,25839.0
DST:FIKS22:BRANCHE07=C:BELØB=0:SÆSON=EJSÆSON,2013-02-01,24241.0
DST:FIKS22:BRANCHE07=C:BELØB=0:SÆSON=EJSÆSON,2013-03-01,25021.0
DST:FIKS22:BRANCHE07=C:BELØB=0:SÆSON=EJSÆSON,2013-04-01,27182.0
DST:FIKS22:BRANCHE07=C:BELØB=0:SÆSON=EJSÆSON,2013-05-01,26356.0
DST:FIKS22:BRANCHE07=C:BELØB=0:SÆSON=EJSÆSON,2013-06-01,26539.0
DST:FIKS22:BRANCHE07=C:BELØB=0:SÆSON=EJSÆSON,2013-07-01,24935.0
DST:FIKS22:BRANCHE07=C:BELØB=0:SÆSON=EJSÆSON,2013-08-01,25679.0
DST:FIKS22:BRANCHE07=C:BELØB=0:SÆSON=EJSÆSON,2013-09-01,28849.0
DST:FIKS22:BRANCHE07=C:BELØB=0:SÆSON=EJSÆSON,2013-10-01,30681.0
DST:FIKS22:BRANCHE07=C:BELØB=0:SÆSON=EJSÆSON,2013-11-01,27401.0
DST:FIKS22:BRANCHE07=C:BELØB=0:SÆSON=EJSÆSON,2013-12-01,27207.0
DST:FIKS22:BRANCHE07=C:BELØB=0:SÆSON=EJSÆSON,2014-01-01,25933.0
DST:FIKS22:BRANCHE07=C:BELØB=0:SÆSON=EJSÆSON,2014-02-01,25563.0
DST:FIKS22:BRANCHE07=C:BELØB=0:SÆSON=EJSÆSON,2014-03-01,27863.0
DST:FIKS22:BRANCHE07=C:BELØB=0:SÆSON=EJSÆSON,2014-04-01,25901.0
DST:FIKS22:BRANCHE07=C:BELØB=0:SÆSON=EJSÆSON,2014-05-01,27126.0
DST:FIKS22:BRANCHE07=C:BELØB=0:SÆSON=EJSÆSON,2014-06-01,26946.0
DST:FIKS22:BRANCHE07=C:BELØB=0:SÆSON=EJSÆSON,2014-07-01,24184.0
DST:FIKS22:BRANCHE07=C:BELØB=0:SÆSON=EJSÆSON,2014-08-01,26062.0
DST:FIKS22:BRANCHE07=C:BELØB=0:SÆSON=EJSÆSON,2014-09-01,29524.0
DST:FIKS22:BRANCHE07=C:BELØB=0:SÆSON=EJSÆSON,2014-10-01,28485.0
DST:FIKS22:BRANCHE07=C:BELØB=0:SÆSON=EJSÆSON,2014-11-01,30394.0
DST:FIKS22:BRANCHE07=C:BELØB=0:SÆSON=EJSÆSON,2014-12-01,26425.0
DST:FIKS22:BRANCHE07=C:BELØB=0:SÆSON=EJSÆSON,2015-01-01,25138.0
DST:FIKS22:BRANCHE07=C:BELØB=0:SÆSON=EJSÆSON,2015-02-01,23945.0
DST:FIKS22:BRANCHE07=C:BELØB=0:SÆSON=EJSÆSON,2015-03-01,28729.0
DST:FIKS22:BRANCHE07=C:BELØB=0:SÆSON=EJSÆSON,2015-04-01,27185.0
DST:FIKS22:BRANCHE07=C:BELØB=0:SÆSON=EJSÆSON,2015-05-01,24964.0
DST:FIKS22:BRANCHE07=C:BELØB=0:SÆSON=EJSÆSON,2015-06-01,27780.0
DST:FIKS22:BRANCHE07=C:BELØB=0:SÆSON=EJSÆSON,2015-07-01,27084.0
DST:FIKS22:BRANCHE07=C:BELØB=0:SÆSON=EJSÆSON,2015-08-01,26494.0
DST:FIKS22:BRANCHE07=C:BELØB=0:SÆSON=EJSÆSON,2015-09-01,29196.0
DST:FIKS22:BRANCHE07=C:BELØB=0:SÆSON=EJSÆSON,2015-10-01,27946.0
DST:FIKS22:BRANCHE07=C:BELØB=0:SÆSON=EJSÆSON,2015-11-01,27817.0
DST:FIKS22:BRANCHE07=C:BELØB=0:SÆSON=EJSÆSON,2015-12-01,30675.0
DST:FIKS22:BRANCHE07=C:BELØB=0:SÆSON=EJSÆSON,2016-01-01,24836.0
DST:FIKS22:BRANCHE07=C:BELØB=0:SÆSON=EJSÆSON,2016-02-01,25207.0
DST:FIKS22:BRANCHE07=C:BELØB=0:SÆSON=EJSÆSON,2016-03-01,26615.0
DST:FIKS22:BRANCHE07=C:BELØB=0:SÆSON=EJSÆSON,2016-04-01,26707.0
DST:FIKS22:BRANCHE07=C:BELØB=0:SÆSON=EJSÆSON,2016-05-01,26168.0
DST:FIKS22:BRANCHE07=C:BELØB=0:SÆSON=EJSÆSON,2016-06-01,31074.0
DST:FIKS22:BRANCHE07=C:BELØB=0:SÆSON=EJSÆSON,2016-07-01,23301.0
DST:FIKS22:BRANCHE07=C:BELØB=0:SÆSON=EJSÆSON,2016-08-01,27552.0
DST:FIKS22:BRANCHE07=C:BELØB=0:SÆSON=EJSÆSON,2016-09-01,29889.0
DST:FIKS22:BRANCHE07=C:BELØB=0:SÆSON=EJSÆSON,2016-10-01,27915.0
DST:FIKS22:BRANCHE07=C:BELØB=0:SÆSON=EJSÆSON,2016-11-01,39052.0
DST:FIKS22:BRANCHE07=C:BELØB=0:SÆSON=EJSÆSON,2016-12-01,32800.0
DST:FIKS22:BRANCHE07=C:BELØB=0:SÆSON=EJSÆSON,2017-01-01,26479.0
DST:FIKS22:BRANCHE07=C:BELØB=0:SÆSON=EJSÆSON,2017-02-01,24934.0
DST:FIKS22:BRANCHE07=C:BELØB=0:SÆSON=EJSÆSON,2017-03-01,30862.0
DST:FIKS22:BRANCHE07=C:BELØB=0:SÆSON=EJSÆSON,2017-04-01,25403.0
DST:FIKS22:BRANCHE07=C:BELØB=0:SÆSON=EJSÆSON,2017-05-01,27238.0
DST:FIKS22:BRANCHE07=C:BELØB=0:SÆSON=EJSÆSON,2017-06-01,30819.0
DST:FIKS22:BRANCHE07=C:BELØB=0:SÆSON=EJSÆSON,2017-07-01,28124.0
DST:FIKS22:BRANCHE07=C:BELØB=0:SÆSON=EJSÆSON,2017-08-01,28870.0
DST:FIKS22:BRANCHE07=C:BELØB=0:SÆSON=EJSÆSON,2017-09-01,29905.0
DST:FIKS22:BRANCHE07=C:BELØB=0:SÆSON=EJSÆSON,2017-10-01,33551.0
DST:FIKS22:BRANCHE07=C:BELØB=0:SÆSON=EJSÆSON,2017-11-01,30141.0
DST:FIKS22:BRANCHE07=C:BELØB=0:SÆSON=EJSÆSON,2017-12-01,30222.0
DST:FIKS22:BRANCHE07=C:BELØB=0:SÆSON=EJSÆSON,2018-01-01,29416.0
DST:FIKS22:BRANCHE07=C:BELØB=0:SÆSON=EJSÆSON,2018-02-01,24011.0
DST:FIKS22:BRANCHE07=C:BELØB=0:SÆSON=EJSÆSON,2018-03-01,27268.0
DST:FIKS22:BRANCHE07=C:BELØB=0:SÆSON=EJSÆSON,2018-04-01,28769.0
DST:FIKS22:BRANCHE07=C:BELØB=0:SÆSON=EJSÆSON,2018-05-01,27630.0
DST:FIKS22:BRANCHE07=C:BELØB=0:SÆSON=EJSÆSON,2018-06-01,28505.0
DST:FIKS22:BRANCHE07=C:BELØB=0:SÆSON=EJSÆSON,2018-07-01,27922.0
DST:FIKS22:BRANCHE07=C:BELØB=0:SÆSON=EJSÆSON,2018-08-01,27348.0
DST:FIKS22:BRANCHE07=C:BELØB=0:SÆSON=EJSÆSON,2018-09-01,28092.0
DST:FIKS22:BRANCHE07=C:BELØB=0:SÆSON=EJSÆSON,2018-10-01,31206.0
DST:FIKS22:BRANCHE07=C:BELØB=0:SÆSON=EJSÆSON,2018-11-01,29969.0
DST:FIKS22:BRANCHE07=C:BELØB=0:SÆSON=EJSÆSON,2018-12-01,28972.0
DST:FIKS22:BRANCHE07=C:BELØB=0:SÆSON=EJSÆSON,2019-01-01,31658.0
DST:FIKS22:BRANCHE07=C:BELØB=0:SÆSON=EJSÆSON,2019-02-01,25074.0
DST:FIKS22:BRANCHE07=C:BELØB=0:SÆSON=EJSÆSON,2019-03-01,29191.0
DST:FIKS22:BRANCHE07=C:BELØB=0:SÆSON=EJSÆSON,2019-04-01,28740.0
DST:FIKS22:BRANCHE07=C:BELØB=0:SÆSON=EJSÆSON,2019-05-01,27058.0
DST:FIKS22:BRANCHE07=C:BELØB=0:SÆSON=EJSÆSON,2019-06-01,27198.0
DST:FIKS22:BRANCHE07=C:BELØB=0:SÆSON=EJSÆSON,2019-07-01,29736.0
DST:FIKS22:BRANCHE07=C:BELØB=0:SÆSON=EJSÆSON,2019-08-01,27723.0
DST:FIKS22:BRANCHE07=C:BELØB=0:SÆSON=EJSÆSON,2019-09-01,30119.0
DST:FIKS22:BRANCHE07=C:BELØB=0:SÆSON=EJSÆSON,2019-10-01,35072.0
DST:FIKS22:BRANCHE07=C:BELØB=0:SÆSON=EJSÆSON,2019-11-01,29317.0
DST:FIKS22:BRANCHE07=C:BELØB=0:SÆSON=EJSÆSON,2019-12-01,31293.0
DST:FIKS22:BRANCHE07=C:BELØB=0:SÆSON=EJSÆSON,2020-01-01,34497.0
DST:FIKS22:BRANCHE07=C:BELØB=0:SÆSON=EJSÆSON,2020-02-01,25853.0
DST:FIKS22:BRANCHE07=C:BELØB=0:SÆSON=EJSÆSON,2020-03-01,33347.0
DST:FIKS22:BRANCHE07=C:BELØB=0:SÆSON=EJSÆSON,2020-04-01,26098.0
DST:FIKS22:BRANCHE07=C:BELØB=0:SÆSON=EJSÆSON,2020-05-01,27762.0
DST:FIKS22:BRANCHE07=C:BELØB=0:SÆSON=EJSÆSON,2020-06-01,27749.0
DST:FIKS22:BRANCHE07=C:BELØB=0:SÆSON=EJSÆSON,2020-07-01,28215.0
DST:FIKS22:BRANCHE07=C:BELØB=0:SÆSON=EJSÆSON,2020-08-01,26265.0
DST:FIKS22:BRANCHE07=C:BELØB=0:SÆSON=EJSÆSON,2020-09-01,30742.0
DST:FIKS22:BRANCHE07=C:BELØB=0:SÆSON=EJSÆSON,2020-10-01,31591.0
DST:FIKS22:BRANCHE07=C:BELØB=0:SÆSON=EJSÆSON,2020-11-01,30208.0
DST:FIKS22:BRANCHE07=C:BELØB=0:SÆSON=EJSÆSON,2020-12-01,31688.0
DST:FIKS22:BRANCHE07=C:BELØB=0:SÆSON=EJSÆSON,2021-01-01,26645.0
DST:FIKS22:BRANCHE07=C:BELØB=0:SÆSON=EJSÆSON,2021-02-01,26039.0
DST:FIKS22:BRANCHE07=C:BELØB=0:SÆSON=EJSÆSON,2021-03-01,31631.0
DST:FIKS22:BRANCHE07=C:BELØB=0:SÆSON=EJSÆSON,2021-04-01,30036.0
DST:FIKS22:BRANCHE07=C:BELØB=0:SÆSON=EJSÆSON,2021-05-01,27643.0
DST:FIKS22:BRANCHE07=C:BELØB=0:SÆSON=EJSÆSON,2021-06-01,31986.0
DST:FIKS22:BRANCHE07=C:BELØB=0:SÆSON=EJSÆSON,2021-07-01,30119.0
DST:FIKS22:BRANCHE07=C:BELØB=0:SÆSON=EJSÆSON,2021-08-01,30355.0
DST:FIKS22:BRANCHE07=C:BELØB=0:SÆSON=EJSÆSON,2021-09-01,35523.0
DST:FIKS22:BRANCHE07=C:BELØB=0:SÆSON=EJSÆSON,2021-10-01,36795.0
DST:FIKS22:BRANCHE07=C:BELØB=0:SÆSON=EJSÆSON,2021-11-01,35083.0
DST:FIKS22:BRANCHE07=C:BELØB=0:SÆSON=EJSÆSON,2021-12-01,39156.0
DST:FIKS22:BRANCHE07=C:BELØB=0:SÆSON=EJSÆSON,2022-01-01,34587.0
DST:FIKS22:BRANCHE07=C:BELØB=0:SÆSON=EJSÆSON,2022-02-01,38442.0
DST:FIKS22:BRANCHE07=C:BELØB=0:SÆSON=EJSÆSON,2022-03-01,56975.0
DST:FIKS22:BRANCHE07=C:BELØB=0:SÆSON=EJSÆSON,2022-04-01,44902.0
DST:FIKS22:BRANCHE07=C:BELØB=0:SÆSON=EJSÆSON,2022-05-01,42731.0
DST:FIKS22:BRANCHE07=C:BELØB=0:SÆSON=EJSÆSON,2022-06-01,47587.0
DST:FIKS22:BRANCHE07=C:BELØB=0:SÆSON=EJSÆSON,2022-07-01,43807.0
DST:FIKS22:BRANCHE07=C:BELØB=0:SÆSON=EJSÆSON,2022-08-01,45538.0
DST:FIKS22:BRANCHE07=C:BELØB=0:SÆSON=EJSÆSON,2022-09-01,52257.0
DST:FIKS22:BRANCHE07=C:BELØB=0:SÆSON=EJSÆSON,2022-10-01,46562.0
DST:FIKS22:BRANCHE07=C:BELØB=0:SÆSON=EJSÆSON,2022-11-01,44505.0
DST:FIKS22:BRANCHE07=C:BELØB=0:SÆSON=EJSÆSON,2022-12-01,47526.0
DST:FIKS22:BRANCHE07=C:BELØB=0:SÆSON=EJSÆSON,2023-01-01,42524.0
DST:FIKS22:BRANCHE07=C:BELØB=0:SÆSON=EJSÆSON,2023-02-01,38688.0
DST:FIKS22:BRANCHE07=C:BELØB=0:SÆSON=EJSÆSON,2023-03-01,46904.0
DST:FIKS22:BRANCHE07=C:BELØB=0:SÆSON=EJSÆSON,2023-04-01,39771.0
DST:FIKS22:BRANCHE07=C:BELØB=0:SÆSON=EJSÆSON,2023-05-01,37975.0
DST:FIKS22:BRANCHE07=C:BELØB=0:SÆSON=EJSÆSON,2023-06-01,40947.0
DST:FIKS22:BRANCHE07=C:BELØB=0:SÆSON=EJSÆSON,2023-07-01,34874.0
DST:FIKS22:BRANCHE07=C:BELØB=0:SÆSON=EJSÆSON,2023-08-01,38720.0
DST:FIKS22:BRANCHE07=C:BELØB=0:SÆSON=EJSÆSON,2023-09-01,43037.0
DST:FIKS22:BRANCHE07=C:BELØB=0:SÆSON=EJSÆSON,2023-10-01,43752.0
DST:FIKS22:BRANCHE07=C:BELØB=0:SÆSON=EJSÆSON,2023-11-01,40974.0
DST:FIKS22:BRANCHE07=C:BELØB=0:SÆSON=EJSÆSON,2023-12-01,44066.0
DST:FIKS22:BRANCHE07=C:BELØB=0:SÆSON=EJSÆSON,2024-01-01,41011.0
DST:FIKS22:BRANCHE07=C:BELØB=0:SÆSON=EJSÆSON,2024-02-01,37228.0
DST:FIKS22:BRANCHE07=C:BELØB=0:SÆSON=EJSÆSON,2024-03-01,37966.0
DST:FIKS22:BRANCHE07=C:BELØB=0:SÆSON=EJSÆSON,2024-04-01,41289.0
DST:FIKS22:BRANCHE07=C:BELØB=0:SÆSON=EJSÆSON,2024-05-01,38082.0
DST:FIKS22:BRANCHE07=C:BELØB=0:SÆSON=EJSÆSON,2024-06-01,38866.0
DST:FIKS22:BRANCHE07=C:BELØB=0:SÆSON=EJSÆSON,2024-07-01,39742.0
DST:FIKS22:BRANCHE07=C:BELØB=0:SÆSON=EJSÆSON,2024-08-01,37053.0
DST:FIKS22:BRANCHE07=C:BELØB=0:SÆSON=EJSÆSON,2024-09-01,38767.0
DST:FIKS22:BRANCHE07=C:BELØB=0:SÆSON=EJSÆSON,2024-10-01,44116.0
DST:FIKS22:BRANCHE07=C:BELØB=0:SÆSON=EJSÆSON,2024-11-01,40011.0
DST:FIKS22:BRANCHE07=C:BELØB=0:SÆSON=EJSÆSON,2024-12-01,41799.0
DST:FIKS22:BRANCHE07=C:BELØB=0:SÆSON=EJSÆSON,2025-01-01,47550.0
DST:FIKS22:BRANCHE07=C:BELØB=0:SÆSON=EJSÆSON,2025-02-01,37162.0
DST:FIKS22:BRANCHE07=C:BELØB=0:SÆSON=EJSÆSON,2025-03-01,41084.0
DST:FIKS22:BRANCHE07=C:BELØB=0:SÆSON=EJSÆSON,2025-04-01,41652.0
DST:FIKS22:BRANCHE07=C:BELØB=0:SÆSON=EJSÆSON,2025-05-01,37643.0
DST:FIKS22:BRANCHE07=C:BELØB=0:SÆSON=EJSÆSON,2025-06-01,42373.0
DST:FIKS22:BRANCHE07=C:BELØB=0:SÆSON=EJSÆSON,2025-07-01,38679.0
DST:FIKS22:BRANCHE07=C:BELØB=0:SÆSON=EJSÆSON,2025-08-01,37126.0
DST:FIKS22:BRANCHE07=C:BELØB=0:SÆSON=EJSÆSON,2025-09-01,42472.0
DST:FIKS22:BRANCHE07=C:BELØB=0:SÆSON=EJSÆSON,2025-10-01,45101.0
DST:FIKS22:BRANCHE07=C:BELØB=0:SÆSON=EJSÆSON,2025-11-01,40061.0
DST:FIKS22:BRANCHE07=C:BELØB=0:SÆSON=EJSÆSON,2025-12-01,41733.0
DST:FIKS22:BRANCHE07=C:BELØB=0:SÆSON=EJSÆSON,2026-01-01,44920.0
DST:FIKS22:BRANCHE07=C:BELØB=0:SÆSON=EJSÆSON,2026-02-01,34370.0
DST:FIKS22:BRANCHE07=C:BELØB=0:SÆSON=EJSÆSON,2026-03-01,41898.0
DST:FIKS22:BRANCHE07=C:BELØB=0:SÆSON=SÆSON,2009-01-01,27303.0
DST:FIKS22:BRANCHE07=C:BELØB=0:SÆSON=SÆSON,2009-02-01,26305.0
DST:FIKS22:BRANCHE07=C:BELØB=0:SÆSON=SÆSON,2009-03-01,24572.0
DST:FIKS22:BRANCHE07=C:BELØB=0:SÆSON=SÆSON,2009-04-01,25402.0
DST:FIKS22:BRANCHE07=C:BELØB=0:SÆSON=SÆSON,2009-05-01,23362.0
DST:FIKS22:BRANCHE07=C:BELØB=0:SÆSON=SÆSON,2009-06-01,24624.0
DST:FIKS22:BRANCHE07=C:BELØB=0:SÆSON=SÆSON,2009-07-01,24235.0
DST:FIKS22:BRANCHE07=C:BELØB=0:SÆSON=SÆSON,2009-08-01,23330.0
DST:FIKS22:BRANCHE07=C:BELØB=0:SÆSON=SÆSON,2009-09-01,23732.0
DST:FIKS22:BRANCHE07=C:BELØB=0:SÆSON=SÆSON,2009-10-01,23506.0
DST:FIKS22:BRANCHE07=C:BELØB=0:SÆSON=SÆSON,2009-11-01,23748.0
DST:FIKS22:BRANCHE07=C:BELØB=0:SÆSON=SÆSON,2009-12-01,23267.0
DST:FIKS22:BRANCHE07=C:BELØB=0:SÆSON=SÆSON,2010-01-01,22371.0
DST:FIKS22:BRANCHE07=C:BELØB=0:SÆSON=SÆSON,2010-02-01,23979.0
DST:FIKS22:BRANCHE07=C:BELØB=0:SÆSON=SÆSON,2010-03-01,23657.0
DST:FIKS22:BRANCHE07=C:BELØB=0:SÆSON=SÆSON,2010-04-01,23772.0
DST:FIKS22:BRANCHE07=C:BELØB=0:SÆSON=SÆSON,2010-05-01,24954.0
DST:FIKS22:BRANCHE07=C:BELØB=0:SÆSON=SÆSON,2010-06-01,24460.0
DST:FIKS22:BRANCHE07=C:BELØB=0:SÆSON=SÆSON,2010-07-01,24848.0
DST:FIKS22:BRANCHE07=C:BELØB=0:SÆSON=SÆSON,2010-08-01,25542.0
DST:FIKS22:BRANCHE07=C:BELØB=0:SÆSON=SÆSON,2010-09-01,25112.0
DST:FIKS22:BRANCHE07=C:BELØB=0:SÆSON=SÆSON,2010-10-01,25698.0
DST:FIKS22:BRANCHE07=C:BELØB=0:SÆSON=SÆSON,2010-11-01,26229.0
DST:FIKS22:BRANCHE07=C:BELØB=0:SÆSON=SÆSON,2010-12-01,24552.0
DST:FIKS22:BRANCHE07=C:BELØB=0:SÆSON=SÆSON,2011-01-01,26424.0
DST:FIKS22:BRANCHE07=C:BELØB=0:SÆSON=SÆSON,2011-02-01,26364.0
DST:FIKS22:BRANCHE07=C:BELØB=0:SÆSON=SÆSON,2011-03-01,27464.0
DST:FIKS22:BRANCHE07=C:BELØB=0:SÆSON=SÆSON,2011-04-01,25962.0
DST:FIKS22:BRANCHE07=C:BELØB=0:SÆSON=SÆSON,2011-05-01,28693.0
DST:FIKS22:BRANCHE07=C:BELØB=0:SÆSON=SÆSON,2011-06-01,27222.0
DST:FIKS22:BRANCHE07=C:BELØB=0:SÆSON=SÆSON,2011-07-01,27355.0
DST:FIKS22:BRANCHE07=C:BELØB=0:SÆSON=SÆSON,2011-08-01,27314.0
DST:FIKS22:BRANCHE07=C:BELØB=0:SÆSON=SÆSON,2011-09-01,27166.0
DST:FIKS22:BRANCHE07=C:BELØB=0:SÆSON=SÆSON,2011-10-01,27724.0
DST:FIKS22:BRANCHE07=C:BELØB=0:SÆSON=SÆSON,2011-11-01,27631.0
DST:FIKS22:BRANCHE07=C:BELØB=0:SÆSON=SÆSON,2011-12-01,28401.0
DST:FIKS22:BRANCHE07=C:BELØB=0:SÆSON=SÆSON,2012-01-01,27367.0
DST:FIKS22:BRANCHE07=C:BELØB=0:SÆSON=SÆSON,2012-02-01,26545.0
DST:FIKS22:BRANCHE07=C:BELØB=0:SÆSON=SÆSON,2012-03-01,27388.0
DST:FIKS22:BRANCHE07=C:BELØB=0:SÆSON=SÆSON,2012-04-01,28176.0
DST:FIKS22:BRANCHE07=C:BELØB=0:SÆSON=SÆSON,2012-05-01,26572.0
DST:FIKS22:BRANCHE07=C:BELØB=0:SÆSON=SÆSON,2012-06-01,27093.0
DST:FIKS22:BRANCHE07=C:BELØB=0:SÆSON=SÆSON,2012-07-01,25955.0
DST:FIKS22:BRANCHE07=C:BELØB=0:SÆSON=SÆSON,2012-08-01,27145.0
DST:FIKS22:BRANCHE07=C:BELØB=0:SÆSON=SÆSON,2012-09-01,28540.0
DST:FIKS22:BRANCHE07=C:BELØB=0:SÆSON=SÆSON,2012-10-01,26870.0
DST:FIKS22:BRANCHE07=C:BELØB=0:SÆSON=SÆSON,2012-11-01,26011.0
DST:FIKS22:BRANCHE07=C:BELØB=0:SÆSON=SÆSON,2012-12-01,26774.0
DST:FIKS22:BRANCHE07=C:BELØB=0:SÆSON=SÆSON,2013-01-01,26867.0
DST:FIKS22:BRANCHE07=C:BELØB=0:SÆSON=SÆSON,2013-02-01,26754.0
DST:FIKS22:BRANCHE07=C:BELØB=0:SÆSON=SÆSON,2013-03-01,26524.0
DST:FIKS22:BRANCHE07=C:BELØB=0:SÆSON=SÆSON,2013-04-01,26443.0
DST:FIKS22:BRANCHE07=C:BELØB=0:SÆSON=SÆSON,2013-05-01,26066.0
DST:FIKS22:BRANCHE07=C:BELØB=0:SÆSON=SÆSON,2013-06-01,26526.0
DST:FIKS22:BRANCHE07=C:BELØB=0:SÆSON=SÆSON,2013-07-01,27233.0
DST:FIKS22:BRANCHE07=C:BELØB=0:SÆSON=SÆSON,2013-08-01,25879.0
DST:FIKS22:BRANCHE07=C:BELØB=0:SÆSON=SÆSON,2013-09-01,27195.0
DST:FIKS22:BRANCHE07=C:BELØB=0:SÆSON=SÆSON,2013-10-01,27843.0
DST:FIKS22:BRANCHE07=C:BELØB=0:SÆSON=SÆSON,2013-11-01,26920.0
DST:FIKS22:BRANCHE07=C:BELØB=0:SÆSON=SÆSON,2013-12-01,26354.0
DST:FIKS22:BRANCHE07=C:BELØB=0:SÆSON=SÆSON,2014-01-01,26570.0
DST:FIKS22:BRANCHE07=C:BELØB=0:SÆSON=SÆSON,2014-02-01,28291.0
DST:FIKS22:BRANCHE07=C:BELØB=0:SÆSON=SÆSON,2014-03-01,27199.0
DST:FIKS22:BRANCHE07=C:BELØB=0:SÆSON=SÆSON,2014-04-01,27075.0
DST:FIKS22:BRANCHE07=C:BELØB=0:SÆSON=SÆSON,2014-05-01,27945.0
DST:FIKS22:BRANCHE07=C:BELØB=0:SÆSON=SÆSON,2014-06-01,27356.0
DST:FIKS22:BRANCHE07=C:BELØB=0:SÆSON=SÆSON,2014-07-01,25321.0
DST:FIKS22:BRANCHE07=C:BELØB=0:SÆSON=SÆSON,2014-08-01,27175.0
DST:FIKS22:BRANCHE07=C:BELØB=0:SÆSON=SÆSON,2014-09-01,27340.0
DST:FIKS22:BRANCHE07=C:BELØB=0:SÆSON=SÆSON,2014-10-01,25904.0
DST:FIKS22:BRANCHE07=C:BELØB=0:SÆSON=SÆSON,2014-11-01,30625.0
DST:FIKS22:BRANCHE07=C:BELØB=0:SÆSON=SÆSON,2014-12-01,25587.0
DST:FIKS22:BRANCHE07=C:BELØB=0:SÆSON=SÆSON,2015-01-01,26885.0
DST:FIKS22:BRANCHE07=C:BELØB=0:SÆSON=SÆSON,2015-02-01,26644.0
DST:FIKS22:BRANCHE07=C:BELØB=0:SÆSON=SÆSON,2015-03-01,27255.0
DST:FIKS22:BRANCHE07=C:BELØB=0:SÆSON=SÆSON,2015-04-01,28055.0
DST:FIKS22:BRANCHE07=C:BELØB=0:SÆSON=SÆSON,2015-05-01,27088.0
DST:FIKS22:BRANCHE07=C:BELØB=0:SÆSON=SÆSON,2015-06-01,27067.0
DST:FIKS22:BRANCHE07=C:BELØB=0:SÆSON=SÆSON,2015-07-01,27652.0
DST:FIKS22:BRANCHE07=C:BELØB=0:SÆSON=SÆSON,2015-08-01,27971.0
DST:FIKS22:BRANCHE07=C:BELØB=0:SÆSON=SÆSON,2015-09-01,27243.0
DST:FIKS22:BRANCHE07=C:BELØB=0:SÆSON=SÆSON,2015-10-01,26118.0
DST:FIKS22:BRANCHE07=C:BELØB=0:SÆSON=SÆSON,2015-11-01,27319.0
DST:FIKS22:BRANCHE07=C:BELØB=0:SÆSON=SÆSON,2015-12-01,27625.0
DST:FIKS22:BRANCHE07=C:BELØB=0:SÆSON=SÆSON,2016-01-01,26957.0
DST:FIKS22:BRANCHE07=C:BELØB=0:SÆSON=SÆSON,2016-02-01,27336.0
DST:FIKS22:BRANCHE07=C:BELØB=0:SÆSON=SÆSON,2016-03-01,27239.0
DST:FIKS22:BRANCHE07=C:BELØB=0:SÆSON=SÆSON,2016-04-01,26253.0
DST:FIKS22:BRANCHE07=C:BELØB=0:SÆSON=SÆSON,2016-05-01,27340.0
DST:FIKS22:BRANCHE07=C:BELØB=0:SÆSON=SÆSON,2016-06-01,29232.0
DST:FIKS22:BRANCHE07=C:BELØB=0:SÆSON=SÆSON,2016-07-01,24704.0
DST:FIKS22:BRANCHE07=C:BELØB=0:SÆSON=SÆSON,2016-08-01,28052.0
DST:FIKS22:BRANCHE07=C:BELØB=0:SÆSON=SÆSON,2016-09-01,27332.0
DST:FIKS22:BRANCHE07=C:BELØB=0:SÆSON=SÆSON,2016-10-01,27209.0
DST:FIKS22:BRANCHE07=C:BELØB=0:SÆSON=SÆSON,2016-11-01,37788.0
DST:FIKS22:BRANCHE07=C:BELØB=0:SÆSON=SÆSON,2016-12-01,29920.0
DST:FIKS22:BRANCHE07=C:BELØB=0:SÆSON=SÆSON,2017-01-01,27086.0
DST:FIKS22:BRANCHE07=C:BELØB=0:SÆSON=SÆSON,2017-02-01,28334.0
DST:FIKS22:BRANCHE07=C:BELØB=0:SÆSON=SÆSON,2017-03-01,28189.0
DST:FIKS22:BRANCHE07=C:BELØB=0:SÆSON=SÆSON,2017-04-01,27716.0
DST:FIKS22:BRANCHE07=C:BELØB=0:SÆSON=SÆSON,2017-05-01,28662.0
DST:FIKS22:BRANCHE07=C:BELØB=0:SÆSON=SÆSON,2017-06-01,29198.0
DST:FIKS22:BRANCHE07=C:BELØB=0:SÆSON=SÆSON,2017-07-01,29847.0
DST:FIKS22:BRANCHE07=C:BELØB=0:SÆSON=SÆSON,2017-08-01,28986.0
DST:FIKS22:BRANCHE07=C:BELØB=0:SÆSON=SÆSON,2017-09-01,28881.0
DST:FIKS22:BRANCHE07=C:BELØB=0:SÆSON=SÆSON,2017-10-01,31339.0
DST:FIKS22:BRANCHE07=C:BELØB=0:SÆSON=SÆSON,2017-11-01,28810.0
DST:FIKS22:BRANCHE07=C:BELØB=0:SÆSON=SÆSON,2017-12-01,29080.0
DST:FIKS22:BRANCHE07=C:BELØB=0:SÆSON=SÆSON,2018-01-01,29781.0
DST:FIKS22:BRANCHE07=C:BELØB=0:SÆSON=SÆSON,2018-02-01,27471.0
DST:FIKS22:BRANCHE07=C:BELØB=0:SÆSON=SÆSON,2018-03-01,27984.0
DST:FIKS22:BRANCHE07=C:BELØB=0:SÆSON=SÆSON,2018-04-01,28353.0
DST:FIKS22:BRANCHE07=C:BELØB=0:SÆSON=SÆSON,2018-05-01,28313.0
DST:FIKS22:BRANCHE07=C:BELØB=0:SÆSON=SÆSON,2018-06-01,28778.0
DST:FIKS22:BRANCHE07=C:BELØB=0:SÆSON=SÆSON,2018-07-01,28586.0
DST:FIKS22:BRANCHE07=C:BELØB=0:SÆSON=SÆSON,2018-08-01,27636.0
DST:FIKS22:BRANCHE07=C:BELØB=0:SÆSON=SÆSON,2018-09-01,27932.0
DST:FIKS22:BRANCHE07=C:BELØB=0:SÆSON=SÆSON,2018-10-01,28348.0
DST:FIKS22:BRANCHE07=C:BELØB=0:SÆSON=SÆSON,2018-11-01,28381.0
DST:FIKS22:BRANCHE07=C:BELØB=0:SÆSON=SÆSON,2018-12-01,28195.0
DST:FIKS22:BRANCHE07=C:BELØB=0:SÆSON=SÆSON,2019-01-01,31178.0
DST:FIKS22:BRANCHE07=C:BELØB=0:SÆSON=SÆSON,2019-02-01,28768.0
DST:FIKS22:BRANCHE07=C:BELØB=0:SÆSON=SÆSON,2019-03-01,28176.0
DST:FIKS22:BRANCHE07=C:BELØB=0:SÆSON=SÆSON,2019-04-01,29589.0
DST:FIKS22:BRANCHE07=C:BELØB=0:SÆSON=SÆSON,2019-05-01,28053.0
DST:FIKS22:BRANCHE07=C:BELØB=0:SÆSON=SÆSON,2019-06-01,28564.0
DST:FIKS22:BRANCHE07=C:BELØB=0:SÆSON=SÆSON,2019-07-01,30263.0
DST:FIKS22:BRANCHE07=C:BELØB=0:SÆSON=SÆSON,2019-08-01,28879.0
DST:FIKS22:BRANCHE07=C:BELØB=0:SÆSON=SÆSON,2019-09-01,29078.0
DST:FIKS22:BRANCHE07=C:BELØB=0:SÆSON=SÆSON,2019-10-01,30896.0
DST:FIKS22:BRANCHE07=C:BELØB=0:SÆSON=SÆSON,2019-11-01,29207.0
DST:FIKS22:BRANCHE07=C:BELØB=0:SÆSON=SÆSON,2019-12-01,30100.0
DST:FIKS22:BRANCHE07=C:BELØB=0:SÆSON=SÆSON,2020-01-01,33351.0
DST:FIKS22:BRANCHE07=C:BELØB=0:SÆSON=SÆSON,2020-02-01,29223.0
DST:FIKS22:BRANCHE07=C:BELØB=0:SÆSON=SÆSON,2020-03-01,31465.0
DST:FIKS22:BRANCHE07=C:BELØB=0:SÆSON=SÆSON,2020-04-01,26237.0
DST:FIKS22:BRANCHE07=C:BELØB=0:SÆSON=SÆSON,2020-05-01,30708.0
DST:FIKS22:BRANCHE07=C:BELØB=0:SÆSON=SÆSON,2020-06-01,28517.0
DST:FIKS22:BRANCHE07=C:BELØB=0:SÆSON=SÆSON,2020-07-01,28248.0
DST:FIKS22:BRANCHE07=C:BELØB=0:SÆSON=SÆSON,2020-08-01,28819.0
DST:FIKS22:BRANCHE07=C:BELØB=0:SÆSON=SÆSON,2020-09-01,28945.0
DST:FIKS22:BRANCHE07=C:BELØB=0:SÆSON=SÆSON,2020-10-01,28216.0
DST:FIKS22:BRANCHE07=C:BELØB=0:SÆSON=SÆSON,2020-11-01,30214.0
DST:FIKS22:BRANCHE07=C:BELØB=0:SÆSON=SÆSON,2020-12-01,28456.0
DST:FIKS22:BRANCHE07=C:BELØB=0:SÆSON=SÆSON,2021-01-01,27611.0
DST:FIKS22:BRANCHE07=C:BELØB=0:SÆSON=SÆSON,2021-02-01,29568.0
DST:FIKS22:BRANCHE07=C:BELØB=0:SÆSON=SÆSON,2021-03-01,29345.0
DST:FIKS22:BRANCHE07=C:BELØB=0:SÆSON=SÆSON,2021-04-01,30474.0
DST:FIKS22:BRANCHE07=C:BELØB=0:SÆSON=SÆSON,2021-05-01,30637.0
DST:FIKS22:BRANCHE07=C:BELØB=0:SÆSON=SÆSON,2021-06-01,31438.0
DST:FIKS22:BRANCHE07=C:BELØB=0:SÆSON=SÆSON,2021-07-01,31362.0
DST:FIKS22:BRANCHE07=C:BELØB=0:SÆSON=SÆSON,2021-08-01,32265.0
DST:FIKS22:BRANCHE07=C:BELØB=0:SÆSON=SÆSON,2021-09-01,32607.0
DST:FIKS22:BRANCHE07=C:BELØB=0:SÆSON=SÆSON,2021-10-01,34229.0
DST:FIKS22:BRANCHE07=C:BELØB=0:SÆSON=SÆSON,2021-11-01,34453.0
DST:FIKS22:BRANCHE07=C:BELØB=0:SÆSON=SÆSON,2021-12-01,34047.0
DST:FIKS22:BRANCHE07=C:BELØB=0:SÆSON=SÆSON,2022-01-01,34939.0
DST:FIKS22:BRANCHE07=C:BELØB=0:SÆSON=SÆSON,2022-02-01,43230.0
DST:FIKS22:BRANCHE07=C:BELØB=0:SÆSON=SÆSON,2022-03-01,51605.0
DST:FIKS22:BRANCHE07=C:BELØB=0:SÆSON=SÆSON,2022-04-01,46391.0
DST:FIKS22:BRANCHE07=C:BELØB=0:SÆSON=SÆSON,2022-05-01,46559.0
DST:FIKS22:BRANCHE07=C:BELØB=0:SÆSON=SÆSON,2022-06-01,47092.0
DST:FIKS22:BRANCHE07=C:BELØB=0:SÆSON=SÆSON,2022-07-01,47990.0
DST:FIKS22:BRANCHE07=C:BELØB=0:SÆSON=SÆSON,2022-08-01,47934.0
DST:FIKS22:BRANCHE07=C:BELØB=0:SÆSON=SÆSON,2022-09-01,47149.0
DST:FIKS22:BRANCHE07=C:BELØB=0:SÆSON=SÆSON,2022-10-01,44063.0
DST:FIKS22:BRANCHE07=C:BELØB=0:SÆSON=SÆSON,2022-11-01,43743.0
DST:FIKS22:BRANCHE07=C:BELØB=0:SÆSON=SÆSON,2022-12-01,43243.0
DST:FIKS22:BRANCHE07=C:BELØB=0:SÆSON=SÆSON,2023-01-01,41799.0
DST:FIKS22:BRANCHE07=C:BELØB=0:SÆSON=SÆSON,2023-02-01,43436.0
DST:FIKS22:BRANCHE07=C:BELØB=0:SÆSON=SÆSON,2023-03-01,42321.0
DST:FIKS22:BRANCHE07=C:BELØB=0:SÆSON=SÆSON,2023-04-01,42090.0
DST:FIKS22:BRANCHE07=C:BELØB=0:SÆSON=SÆSON,2023-05-01,41565.0
DST:FIKS22:BRANCHE07=C:BELØB=0:SÆSON=SÆSON,2023-06-01,39665.0
DST:FIKS22:BRANCHE07=C:BELØB=0:SÆSON=SÆSON,2023-07-01,38928.0
DST:FIKS22:BRANCHE07=C:BELØB=0:SÆSON=SÆSON,2023-08-01,39911.0
DST:FIKS22:BRANCHE07=C:BELØB=0:SÆSON=SÆSON,2023-09-01,40746.0
DST:FIKS22:BRANCHE07=C:BELØB=0:SÆSON=SÆSON,2023-10-01,40446.0
DST:FIKS22:BRANCHE07=C:BELØB=0:SÆSON=SÆSON,2023-11-01,39603.0
DST:FIKS22:BRANCHE07=C:BELØB=0:SÆSON=SÆSON,2023-12-01,42370.0
DST:FIKS22:BRANCHE07=C:BELØB=0:SÆSON=SÆSON,2024-01-01,40009.0
DST:FIKS22:BRANCHE07=C:BELØB=0:SÆSON=SÆSON,2024-02-01,39423.0
DST:FIKS22:BRANCHE07=C:BELØB=0:SÆSON=SÆSON,2024-03-01,40116.0
DST:FIKS22:BRANCHE07=C:BELØB=0:SÆSON=SÆSON,2024-04-01,38747.0
DST:FIKS22:BRANCHE07=C:BELØB=0:SÆSON=SÆSON,2024-05-01,39602.0
DST:FIKS22:BRANCHE07=C:BELØB=0:SÆSON=SÆSON,2024-06-01,40191.0
DST:FIKS22:BRANCHE07=C:BELØB=0:SÆSON=SÆSON,2024-07-01,42654.0
DST:FIKS22:BRANCHE07=C:BELØB=0:SÆSON=SÆSON,2024-08-01,39046.0
DST:FIKS22:BRANCHE07=C:BELØB=0:SÆSON=SÆSON,2024-09-01,36924.0
DST:FIKS22:BRANCHE07=C:BELØB=0:SÆSON=SÆSON,2024-10-01,39522.0
DST:FIKS22:BRANCHE07=C:BELØB=0:SÆSON=SÆSON,2024-11-01,39966.0
DST:FIKS22:BRANCHE07=C:BELØB=0:SÆSON=SÆSON,2024-12-01,39929.0
DST:FIKS22:BRANCHE07=C:BELØB=0:SÆSON=SÆSON,2025-01-01,44508.0
DST:FIKS22:BRANCHE07=C:BELØB=0:SÆSON=SÆSON,2025-02-01,41917.0
DST:FIKS22:BRANCHE07=C:BELØB=0:SÆSON=SÆSON,2025-03-01,40085.0
DST:FIKS22:BRANCHE07=C:BELØB=0:SÆSON=SÆSON,2025-04-01,41818.0
DST:FIKS22:BRANCHE07=C:BELØB=0:SÆSON=SÆSON,2025-05-01,40606.0
DST:FIKS22:BRANCHE07=C:BELØB=0:SÆSON=SÆSON,2025-06-01,44130.0
DST:FIKS22:BRANCHE07=C:BELØB=0:SÆSON=SÆSON,2025-07-01,40573.0
DST:FIKS22:BRANCHE07=C:BELØB=0:SÆSON=SÆSON,2025-08-01,40701.0
DST:FIKS22:BRANCHE07=C:BELØB=0:SÆSON=SÆSON,2025-09-01,39883.0
DST:FIKS22:BRANCHE07=C:BELØB=0:SÆSON=SÆSON,2025-10-01,40279.0
DST:FIKS22:BRANCHE07=C:BELØB=0:SÆSON=SÆSON,2025-11-01,41004.0
DST:FIKS22:BRANCHE07=C:BELØB=0:SÆSON=SÆSON,2025-12-01,39965.0
DST:FIKS22:BRANCHE07=C:BELØB=0:SÆSON=SÆSON,2026-01-01,43745.0
DST:FIKS22:BRANCHE07=C:BELØB=0:SÆSON=SÆSON,2026-02-01,38878.0
DST:FIKS22:BRANCHE07=C:BELØB=0:SÆSON=SÆSON,2026-03-01,39735.0
DST:FIKS22:BRANCHE07=C:BELØB=1:SÆSON=EJSÆSON,2009-01-01,24093.0
DST:FIKS22:BRANCHE07=C:BELØB=1:SÆSON=EJSÆSON,2009-02-01,24162.0
DST:FIKS22:BRANCHE07=C:BELØB=1:SÆSON=EJSÆSON,2009-03-01,27660.0
DST:FIKS22:BRANCHE07=C:BELØB=1:SÆSON=EJSÆSON,2009-04-01,25194.0
DST:FIKS22:BRANCHE07=C:BELØB=1:SÆSON=EJSÆSON,2009-05-01,23861.0
DST:FIKS22:BRANCHE07=C:BELØB=1:SÆSON=EJSÆSON,2009-06-01,26754.0
DST:FIKS22:BRANCHE07=C:BELØB=1:SÆSON=EJSÆSON,2009-07-01,21852.0
DST:FIKS22:BRANCHE07=C:BELØB=1:SÆSON=EJSÆSON,2009-08-01,25014.0
DST:FIKS22:BRANCHE07=C:BELØB=1:SÆSON=EJSÆSON,2009-09-01,27016.0
DST:FIKS22:BRANCHE07=C:BELØB=1:SÆSON=EJSÆSON,2009-10-01,24991.0
DST:FIKS22:BRANCHE07=C:BELØB=1:SÆSON=EJSÆSON,2009-11-01,24939.0
DST:FIKS22:BRANCHE07=C:BELØB=1:SÆSON=EJSÆSON,2009-12-01,23828.0
DST:FIKS22:BRANCHE07=C:BELØB=1:SÆSON=EJSÆSON,2010-01-01,19812.0
DST:FIKS22:BRANCHE07=C:BELØB=1:SÆSON=EJSÆSON,2010-02-01,20108.0
DST:FIKS22:BRANCHE07=C:BELØB=1:SÆSON=EJSÆSON,2010-03-01,25654.0
DST:FIKS22:BRANCHE07=C:BELØB=1:SÆSON=EJSÆSON,2010-04-01,21830.0
DST:FIKS22:BRANCHE07=C:BELØB=1:SÆSON=EJSÆSON,2010-05-01,24125.0
DST:FIKS22:BRANCHE07=C:BELØB=1:SÆSON=EJSÆSON,2010-06-01,26958.0
DST:FIKS22:BRANCHE07=C:BELØB=1:SÆSON=EJSÆSON,2010-07-01,22942.0
DST:FIKS22:BRANCHE07=C:BELØB=1:SÆSON=EJSÆSON,2010-08-01,24403.0
DST:FIKS22:BRANCHE07=C:BELØB=1:SÆSON=EJSÆSON,2010-09-01,27910.0
DST:FIKS22:BRANCHE07=C:BELØB=1:SÆSON=EJSÆSON,2010-10-01,25615.0
DST:FIKS22:BRANCHE07=C:BELØB=1:SÆSON=EJSÆSON,2010-11-01,27299.0
DST:FIKS22:BRANCHE07=C:BELØB=1:SÆSON=EJSÆSON,2010-12-01,26789.0
DST:FIKS22:BRANCHE07=C:BELØB=1:SÆSON=EJSÆSON,2011-01-01,20780.0
DST:FIKS22:BRANCHE07=C:BELØB=1:SÆSON=EJSÆSON,2011-02-01,24802.0
DST:FIKS22:BRANCHE07=C:BELØB=1:SÆSON=EJSÆSON,2011-03-01,28023.0
DST:FIKS22:BRANCHE07=C:BELØB=1:SÆSON=EJSÆSON,2011-04-01,25274.0
DST:FIKS22:BRANCHE07=C:BELØB=1:SÆSON=EJSÆSON,2011-05-01,27806.0
DST:FIKS22:BRANCHE07=C:BELØB=1:SÆSON=EJSÆSON,2011-06-01,27868.0
DST:FIKS22:BRANCHE07=C:BELØB=1:SÆSON=EJSÆSON,2011-07-01,21522.0
DST:FIKS22:BRANCHE07=C:BELØB=1:SÆSON=EJSÆSON,2011-08-01,29048.0
DST:FIKS22:BRANCHE07=C:BELØB=1:SÆSON=EJSÆSON,2011-09-01,29199.0
DST:FIKS22:BRANCHE07=C:BELØB=1:SÆSON=EJSÆSON,2011-10-01,27248.0
DST:FIKS22:BRANCHE07=C:BELØB=1:SÆSON=EJSÆSON,2011-11-01,28515.0
DST:FIKS22:BRANCHE07=C:BELØB=1:SÆSON=EJSÆSON,2011-12-01,28136.0
DST:FIKS22:BRANCHE07=C:BELØB=1:SÆSON=EJSÆSON,2012-01-01,22458.0
DST:FIKS22:BRANCHE07=C:BELØB=1:SÆSON=EJSÆSON,2012-02-01,23671.0
DST:FIKS22:BRANCHE07=C:BELØB=1:SÆSON=EJSÆSON,2012-03-01,28616.0
DST:FIKS22:BRANCHE07=C:BELØB=1:SÆSON=EJSÆSON,2012-04-01,25036.0
DST:FIKS22:BRANCHE07=C:BELØB=1:SÆSON=EJSÆSON,2012-05-01,26412.0
DST:FIKS22:BRANCHE07=C:BELØB=1:SÆSON=EJSÆSON,2012-06-01,27716.0
DST:FIKS22:BRANCHE07=C:BELØB=1:SÆSON=EJSÆSON,2012-07-01,22524.0
DST:FIKS22:BRANCHE07=C:BELØB=1:SÆSON=EJSÆSON,2012-08-01,26772.0
DST:FIKS22:BRANCHE07=C:BELØB=1:SÆSON=EJSÆSON,2012-09-01,27160.0
DST:FIKS22:BRANCHE07=C:BELØB=1:SÆSON=EJSÆSON,2012-10-01,27598.0
DST:FIKS22:BRANCHE07=C:BELØB=1:SÆSON=EJSÆSON,2012-11-01,27274.0
DST:FIKS22:BRANCHE07=C:BELØB=1:SÆSON=EJSÆSON,2012-12-01,26748.0
DST:FIKS22:BRANCHE07=C:BELØB=1:SÆSON=EJSÆSON,2013-01-01,22751.0
DST:FIKS22:BRANCHE07=C:BELØB=1:SÆSON=EJSÆSON,2013-02-01,21819.0
DST:FIKS22:BRANCHE07=C:BELØB=1:SÆSON=EJSÆSON,2013-03-01,25616.0
DST:FIKS22:BRANCHE07=C:BELØB=1:SÆSON=EJSÆSON,2013-04-01,25728.0
DST:FIKS22:BRANCHE07=C:BELØB=1:SÆSON=EJSÆSON,2013-05-01,27415.0
DST:FIKS22:BRANCHE07=C:BELØB=1:SÆSON=EJSÆSON,2013-06-01,27748.0
DST:FIKS22:BRANCHE07=C:BELØB=1:SÆSON=EJSÆSON,2013-07-01,23384.0
DST:FIKS22:BRANCHE07=C:BELØB=1:SÆSON=EJSÆSON,2013-08-01,28010.0
DST:FIKS22:BRANCHE07=C:BELØB=1:SÆSON=EJSÆSON,2013-09-01,26742.0
DST:FIKS22:BRANCHE07=C:BELØB=1:SÆSON=EJSÆSON,2013-10-01,26882.0
DST:FIKS22:BRANCHE07=C:BELØB=1:SÆSON=EJSÆSON,2013-11-01,26892.0
DST:FIKS22:BRANCHE07=C:BELØB=1:SÆSON=EJSÆSON,2013-12-01,24322.0
DST:FIKS22:BRANCHE07=C:BELØB=1:SÆSON=EJSÆSON,2014-01-01,22735.0
DST:FIKS22:BRANCHE07=C:BELØB=1:SÆSON=EJSÆSON,2014-02-01,22487.0
DST:FIKS22:BRANCHE07=C:BELØB=1:SÆSON=EJSÆSON,2014-03-01,25777.0
DST:FIKS22:BRANCHE07=C:BELØB=1:SÆSON=EJSÆSON,2014-04-01,24664.0
DST:FIKS22:BRANCHE07=C:BELØB=1:SÆSON=EJSÆSON,2014-05-01,26768.0
DST:FIKS22:BRANCHE07=C:BELØB=1:SÆSON=EJSÆSON,2014-06-01,26697.0
DST:FIKS22:BRANCHE07=C:BELØB=1:SÆSON=EJSÆSON,2014-07-01,23301.0
DST:FIKS22:BRANCHE07=C:BELØB=1:SÆSON=EJSÆSON,2014-08-01,26821.0
DST:FIKS22:BRANCHE07=C:BELØB=1:SÆSON=EJSÆSON,2014-09-01,27962.0
DST:FIKS22:BRANCHE07=C:BELØB=1:SÆSON=EJSÆSON,2014-10-01,27130.0
DST:FIKS22:BRANCHE07=C:BELØB=1:SÆSON=EJSÆSON,2014-11-01,25589.0
DST:FIKS22:BRANCHE07=C:BELØB=1:SÆSON=EJSÆSON,2014-12-01,25879.0
DST:FIKS22:BRANCHE07=C:BELØB=1:SÆSON=EJSÆSON,2015-01-01,21780.0
DST:FIKS22:BRANCHE07=C:BELØB=1:SÆSON=EJSÆSON,2015-02-01,21919.0
DST:FIKS22:BRANCHE07=C:BELØB=1:SÆSON=EJSÆSON,2015-03-01,29126.0
DST:FIKS22:BRANCHE07=C:BELØB=1:SÆSON=EJSÆSON,2015-04-01,26099.0
DST:FIKS22:BRANCHE07=C:BELØB=1:SÆSON=EJSÆSON,2015-05-01,25029.0
DST:FIKS22:BRANCHE07=C:BELØB=1:SÆSON=EJSÆSON,2015-06-01,28331.0
DST:FIKS22:BRANCHE07=C:BELØB=1:SÆSON=EJSÆSON,2015-07-01,22732.0
DST:FIKS22:BRANCHE07=C:BELØB=1:SÆSON=EJSÆSON,2015-08-01,26366.0
DST:FIKS22:BRANCHE07=C:BELØB=1:SÆSON=EJSÆSON,2015-09-01,28539.0
DST:FIKS22:BRANCHE07=C:BELØB=1:SÆSON=EJSÆSON,2015-10-01,26753.0
DST:FIKS22:BRANCHE07=C:BELØB=1:SÆSON=EJSÆSON,2015-11-01,26975.0
DST:FIKS22:BRANCHE07=C:BELØB=1:SÆSON=EJSÆSON,2015-12-01,28534.0
DST:FIKS22:BRANCHE07=C:BELØB=1:SÆSON=EJSÆSON,2016-01-01,21102.0
DST:FIKS22:BRANCHE07=C:BELØB=1:SÆSON=EJSÆSON,2016-02-01,25025.0
DST:FIKS22:BRANCHE07=C:BELØB=1:SÆSON=EJSÆSON,2016-03-01,26010.0
DST:FIKS22:BRANCHE07=C:BELØB=1:SÆSON=EJSÆSON,2016-04-01,25727.0
DST:FIKS22:BRANCHE07=C:BELØB=1:SÆSON=EJSÆSON,2016-05-01,26160.0
DST:FIKS22:BRANCHE07=C:BELØB=1:SÆSON=EJSÆSON,2016-06-01,29650.0
DST:FIKS22:BRANCHE07=C:BELØB=1:SÆSON=EJSÆSON,2016-07-01,21540.0
DST:FIKS22:BRANCHE07=C:BELØB=1:SÆSON=EJSÆSON,2016-08-01,28298.0
DST:FIKS22:BRANCHE07=C:BELØB=1:SÆSON=EJSÆSON,2016-09-01,30019.0
DST:FIKS22:BRANCHE07=C:BELØB=1:SÆSON=EJSÆSON,2016-10-01,27310.0
DST:FIKS22:BRANCHE07=C:BELØB=1:SÆSON=EJSÆSON,2016-11-01,28736.0
DST:FIKS22:BRANCHE07=C:BELØB=1:SÆSON=EJSÆSON,2016-12-01,29255.0
DST:FIKS22:BRANCHE07=C:BELØB=1:SÆSON=EJSÆSON,2017-01-01,23452.0
DST:FIKS22:BRANCHE07=C:BELØB=1:SÆSON=EJSÆSON,2017-02-01,23210.0
DST:FIKS22:BRANCHE07=C:BELØB=1:SÆSON=EJSÆSON,2017-03-01,29618.0
DST:FIKS22:BRANCHE07=C:BELØB=1:SÆSON=EJSÆSON,2017-04-01,24101.0
DST:FIKS22:BRANCHE07=C:BELØB=1:SÆSON=EJSÆSON,2017-05-01,27431.0
DST:FIKS22:BRANCHE07=C:BELØB=1:SÆSON=EJSÆSON,2017-06-01,29911.0
DST:FIKS22:BRANCHE07=C:BELØB=1:SÆSON=EJSÆSON,2017-07-01,22062.0
DST:FIKS22:BRANCHE07=C:BELØB=1:SÆSON=EJSÆSON,2017-08-01,29452.0
DST:FIKS22:BRANCHE07=C:BELØB=1:SÆSON=EJSÆSON,2017-09-01,28075.0
DST:FIKS22:BRANCHE07=C:BELØB=1:SÆSON=EJSÆSON,2017-10-01,28571.0
DST:FIKS22:BRANCHE07=C:BELØB=1:SÆSON=EJSÆSON,2017-11-01,29793.0
DST:FIKS22:BRANCHE07=C:BELØB=1:SÆSON=EJSÆSON,2017-12-01,26653.0
DST:FIKS22:BRANCHE07=C:BELØB=1:SÆSON=EJSÆSON,2018-01-01,24130.0
DST:FIKS22:BRANCHE07=C:BELØB=1:SÆSON=EJSÆSON,2018-02-01,22715.0
DST:FIKS22:BRANCHE07=C:BELØB=1:SÆSON=EJSÆSON,2018-03-01,25424.0
DST:FIKS22:BRANCHE07=C:BELØB=1:SÆSON=EJSÆSON,2018-04-01,25447.0
DST:FIKS22:BRANCHE07=C:BELØB=1:SÆSON=EJSÆSON,2018-05-01,28358.0
DST:FIKS22:BRANCHE07=C:BELØB=1:SÆSON=EJSÆSON,2018-06-01,28361.0
DST:FIKS22:BRANCHE07=C:BELØB=1:SÆSON=EJSÆSON,2018-07-01,23227.0
DST:FIKS22:BRANCHE07=C:BELØB=1:SÆSON=EJSÆSON,2018-08-01,27666.0
DST:FIKS22:BRANCHE07=C:BELØB=1:SÆSON=EJSÆSON,2018-09-01,27455.0
DST:FIKS22:BRANCHE07=C:BELØB=1:SÆSON=EJSÆSON,2018-10-01,29749.0
DST:FIKS22:BRANCHE07=C:BELØB=1:SÆSON=EJSÆSON,2018-11-01,29194.0
DST:FIKS22:BRANCHE07=C:BELØB=1:SÆSON=EJSÆSON,2018-12-01,26249.0
DST:FIKS22:BRANCHE07=C:BELØB=1:SÆSON=EJSÆSON,2019-01-01,25695.0
DST:FIKS22:BRANCHE07=C:BELØB=1:SÆSON=EJSÆSON,2019-02-01,23213.0
DST:FIKS22:BRANCHE07=C:BELØB=1:SÆSON=EJSÆSON,2019-03-01,27475.0
DST:FIKS22:BRANCHE07=C:BELØB=1:SÆSON=EJSÆSON,2019-04-01,26890.0
DST:FIKS22:BRANCHE07=C:BELØB=1:SÆSON=EJSÆSON,2019-05-01,27815.0
DST:FIKS22:BRANCHE07=C:BELØB=1:SÆSON=EJSÆSON,2019-06-01,26631.0
DST:FIKS22:BRANCHE07=C:BELØB=1:SÆSON=EJSÆSON,2019-07-01,24516.0
DST:FIKS22:BRANCHE07=C:BELØB=1:SÆSON=EJSÆSON,2019-08-01,28368.0
DST:FIKS22:BRANCHE07=C:BELØB=1:SÆSON=EJSÆSON,2019-09-01,29417.0
DST:FIKS22:BRANCHE07=C:BELØB=1:SÆSON=EJSÆSON,2019-10-01,30710.0
DST:FIKS22:BRANCHE07=C:BELØB=1:SÆSON=EJSÆSON,2019-11-01,28858.0
DST:FIKS22:BRANCHE07=C:BELØB=1:SÆSON=EJSÆSON,2019-12-01,27540.0
DST:FIKS22:BRANCHE07=C:BELØB=1:SÆSON=EJSÆSON,2020-01-01,25729.0
DST:FIKS22:BRANCHE07=C:BELØB=1:SÆSON=EJSÆSON,2020-02-01,24110.0
DST:FIKS22:BRANCHE07=C:BELØB=1:SÆSON=EJSÆSON,2020-03-01,28476.0
DST:FIKS22:BRANCHE07=C:BELØB=1:SÆSON=EJSÆSON,2020-04-01,24456.0
DST:FIKS22:BRANCHE07=C:BELØB=1:SÆSON=EJSÆSON,2020-05-01,24881.0
DST:FIKS22:BRANCHE07=C:BELØB=1:SÆSON=EJSÆSON,2020-06-01,28298.0
DST:FIKS22:BRANCHE07=C:BELØB=1:SÆSON=EJSÆSON,2020-07-01,23645.0
DST:FIKS22:BRANCHE07=C:BELØB=1:SÆSON=EJSÆSON,2020-08-01,26327.0
DST:FIKS22:BRANCHE07=C:BELØB=1:SÆSON=EJSÆSON,2020-09-01,29326.0
DST:FIKS22:BRANCHE07=C:BELØB=1:SÆSON=EJSÆSON,2020-10-01,27958.0
DST:FIKS22:BRANCHE07=C:BELØB=1:SÆSON=EJSÆSON,2020-11-01,27511.0
DST:FIKS22:BRANCHE07=C:BELØB=1:SÆSON=EJSÆSON,2020-12-01,27893.0
DST:FIKS22:BRANCHE07=C:BELØB=1:SÆSON=EJSÆSON,2021-01-01,22855.0
DST:FIKS22:BRANCHE07=C:BELØB=1:SÆSON=EJSÆSON,2021-02-01,24280.0
DST:FIKS22:BRANCHE07=C:BELØB=1:SÆSON=EJSÆSON,2021-03-01,30917.0
DST:FIKS22:BRANCHE07=C:BELØB=1:SÆSON=EJSÆSON,2021-04-01,26514.0
DST:FIKS22:BRANCHE07=C:BELØB=1:SÆSON=EJSÆSON,2021-05-01,27404.0
DST:FIKS22:BRANCHE07=C:BELØB=1:SÆSON=EJSÆSON,2021-06-01,31271.0
DST:FIKS22:BRANCHE07=C:BELØB=1:SÆSON=EJSÆSON,2021-07-01,26019.0
DST:FIKS22:BRANCHE07=C:BELØB=1:SÆSON=EJSÆSON,2021-08-01,28917.0
DST:FIKS22:BRANCHE07=C:BELØB=1:SÆSON=EJSÆSON,2021-09-01,34022.0
DST:FIKS22:BRANCHE07=C:BELØB=1:SÆSON=EJSÆSON,2021-10-01,31368.0
DST:FIKS22:BRANCHE07=C:BELØB=1:SÆSON=EJSÆSON,2021-11-01,33044.0
DST:FIKS22:BRANCHE07=C:BELØB=1:SÆSON=EJSÆSON,2021-12-01,33198.0
DST:FIKS22:BRANCHE07=C:BELØB=1:SÆSON=EJSÆSON,2022-01-01,30246.0
DST:FIKS22:BRANCHE07=C:BELØB=1:SÆSON=EJSÆSON,2022-02-01,36287.0
DST:FIKS22:BRANCHE07=C:BELØB=1:SÆSON=EJSÆSON,2022-03-01,42999.0
DST:FIKS22:BRANCHE07=C:BELØB=1:SÆSON=EJSÆSON,2022-04-01,39078.0
DST:FIKS22:BRANCHE07=C:BELØB=1:SÆSON=EJSÆSON,2022-05-01,42124.0
DST:FIKS22:BRANCHE07=C:BELØB=1:SÆSON=EJSÆSON,2022-06-01,44712.0
DST:FIKS22:BRANCHE07=C:BELØB=1:SÆSON=EJSÆSON,2022-07-01,37236.0
DST:FIKS22:BRANCHE07=C:BELØB=1:SÆSON=EJSÆSON,2022-08-01,42864.0
DST:FIKS22:BRANCHE07=C:BELØB=1:SÆSON=EJSÆSON,2022-09-01,46195.0
DST:FIKS22:BRANCHE07=C:BELØB=1:SÆSON=EJSÆSON,2022-10-01,40957.0
DST:FIKS22:BRANCHE07=C:BELØB=1:SÆSON=EJSÆSON,2022-11-01,41327.0
DST:FIKS22:BRANCHE07=C:BELØB=1:SÆSON=EJSÆSON,2022-12-01,39369.0
DST:FIKS22:BRANCHE07=C:BELØB=1:SÆSON=EJSÆSON,2023-01-01,36282.0
DST:FIKS22:BRANCHE07=C:BELØB=1:SÆSON=EJSÆSON,2023-02-01,35069.0
DST:FIKS22:BRANCHE07=C:BELØB=1:SÆSON=EJSÆSON,2023-03-01,41684.0
DST:FIKS22:BRANCHE07=C:BELØB=1:SÆSON=EJSÆSON,2023-04-01,34151.0
DST:FIKS22:BRANCHE07=C:BELØB=1:SÆSON=EJSÆSON,2023-05-01,36685.0
DST:FIKS22:BRANCHE07=C:BELØB=1:SÆSON=EJSÆSON,2023-06-01,40145.0
DST:FIKS22:BRANCHE07=C:BELØB=1:SÆSON=EJSÆSON,2023-07-01,28084.0
DST:FIKS22:BRANCHE07=C:BELØB=1:SÆSON=EJSÆSON,2023-08-01,36920.0
DST:FIKS22:BRANCHE07=C:BELØB=1:SÆSON=EJSÆSON,2023-09-01,39817.0
DST:FIKS22:BRANCHE07=C:BELØB=1:SÆSON=EJSÆSON,2023-10-01,38486.0
DST:FIKS22:BRANCHE07=C:BELØB=1:SÆSON=EJSÆSON,2023-11-01,38879.0
DST:FIKS22:BRANCHE07=C:BELØB=1:SÆSON=EJSÆSON,2023-12-01,35068.0
DST:FIKS22:BRANCHE07=C:BELØB=1:SÆSON=EJSÆSON,2024-01-01,32047.0
DST:FIKS22:BRANCHE07=C:BELØB=1:SÆSON=EJSÆSON,2024-02-01,32691.0
DST:FIKS22:BRANCHE07=C:BELØB=1:SÆSON=EJSÆSON,2024-03-01,33516.0
DST:FIKS22:BRANCHE07=C:BELØB=1:SÆSON=EJSÆSON,2024-04-01,36056.0
DST:FIKS22:BRANCHE07=C:BELØB=1:SÆSON=EJSÆSON,2024-05-01,36283.0
DST:FIKS22:BRANCHE07=C:BELØB=1:SÆSON=EJSÆSON,2024-06-01,35843.0
DST:FIKS22:BRANCHE07=C:BELØB=1:SÆSON=EJSÆSON,2024-07-01,31210.0
DST:FIKS22:BRANCHE07=C:BELØB=1:SÆSON=EJSÆSON,2024-08-01,35542.0
DST:FIKS22:BRANCHE07=C:BELØB=1:SÆSON=EJSÆSON,2024-09-01,35514.0
DST:FIKS22:BRANCHE07=C:BELØB=1:SÆSON=EJSÆSON,2024-10-01,38211.0
DST:FIKS22:BRANCHE07=C:BELØB=1:SÆSON=EJSÆSON,2024-11-01,36699.0
DST:FIKS22:BRANCHE07=C:BELØB=1:SÆSON=EJSÆSON,2024-12-01,34152.0
DST:FIKS22:BRANCHE07=C:BELØB=1:SÆSON=EJSÆSON,2025-01-01,33119.0
DST:FIKS22:BRANCHE07=C:BELØB=1:SÆSON=EJSÆSON,2025-02-01,32033.0
DST:FIKS22:BRANCHE07=C:BELØB=1:SÆSON=EJSÆSON,2025-03-01,36038.0
DST:FIKS22:BRANCHE07=C:BELØB=1:SÆSON=EJSÆSON,2025-04-01,34492.0
DST:FIKS22:BRANCHE07=C:BELØB=1:SÆSON=EJSÆSON,2025-05-01,33974.0
DST:FIKS22:BRANCHE07=C:BELØB=1:SÆSON=EJSÆSON,2025-06-01,37251.0
DST:FIKS22:BRANCHE07=C:BELØB=1:SÆSON=EJSÆSON,2025-07-01,31971.0
DST:FIKS22:BRANCHE07=C:BELØB=1:SÆSON=EJSÆSON,2025-08-01,33608.0
DST:FIKS22:BRANCHE07=C:BELØB=1:SÆSON=EJSÆSON,2025-09-01,38332.0
DST:FIKS22:BRANCHE07=C:BELØB=1:SÆSON=EJSÆSON,2025-10-01,37831.0
DST:FIKS22:BRANCHE07=C:BELØB=1:SÆSON=EJSÆSON,2025-11-01,36574.0
DST:FIKS22:BRANCHE07=C:BELØB=1:SÆSON=EJSÆSON,2025-12-01,35052.0
DST:FIKS22:BRANCHE07=C:BELØB=1:SÆSON=EJSÆSON,2026-01-01,30589.0
DST:FIKS22:BRANCHE07=C:BELØB=1:SÆSON=EJSÆSON,2026-02-01,29761.0
DST:FIKS22:BRANCHE07=C:BELØB=1:SÆSON=EJSÆSON,2026-03-01,38951.0
DST:FIKS22:BRANCHE07=C:BELØB=1:SÆSON=SÆSON,2009-01-01,28290.0
DST:FIKS22:BRANCHE07=C:BELØB=1:SÆSON=SÆSON,2009-02-01,27729.0
DST:FIKS22:BRANCHE07=C:BELØB=1:SÆSON=SÆSON,2009-03-01,26254.0
DST:FIKS22:BRANCHE07=C:BELØB=1:SÆSON=SÆSON,2009-04-01,25793.0
DST:FIKS22:BRANCHE07=C:BELØB=1:SÆSON=SÆSON,2009-05-01,24125.0
DST:FIKS22:BRANCHE07=C:BELØB=1:SÆSON=SÆSON,2009-06-01,24951.0
DST:FIKS22:BRANCHE07=C:BELØB=1:SÆSON=SÆSON,2009-07-01,24542.0
DST:FIKS22:BRANCHE07=C:BELØB=1:SÆSON=SÆSON,2009-08-01,24268.0
DST:FIKS22:BRANCHE07=C:BELØB=1:SÆSON=SÆSON,2009-09-01,24266.0
DST:FIKS22:BRANCHE07=C:BELØB=1:SÆSON=SÆSON,2009-10-01,23552.0
DST:FIKS22:BRANCHE07=C:BELØB=1:SÆSON=SÆSON,2009-11-01,23955.0
DST:FIKS22:BRANCHE07=C:BELØB=1:SÆSON=SÆSON,2009-12-01,22959.0
DST:FIKS22:BRANCHE07=C:BELØB=1:SÆSON=SÆSON,2010-01-01,24094.0
DST:FIKS22:BRANCHE07=C:BELØB=1:SÆSON=SÆSON,2010-02-01,23139.0
DST:FIKS22:BRANCHE07=C:BELØB=1:SÆSON=SÆSON,2010-03-01,23626.0
DST:FIKS22:BRANCHE07=C:BELØB=1:SÆSON=SÆSON,2010-04-01,22977.0
DST:FIKS22:BRANCHE07=C:BELØB=1:SÆSON=SÆSON,2010-05-01,24378.0
DST:FIKS22:BRANCHE07=C:BELØB=1:SÆSON=SÆSON,2010-06-01,23836.0
DST:FIKS22:BRANCHE07=C:BELØB=1:SÆSON=SÆSON,2010-07-01,26176.0
DST:FIKS22:BRANCHE07=C:BELØB=1:SÆSON=SÆSON,2010-08-01,23055.0
DST:FIKS22:BRANCHE07=C:BELØB=1:SÆSON=SÆSON,2010-09-01,25039.0
DST:FIKS22:BRANCHE07=C:BELØB=1:SÆSON=SÆSON,2010-10-01,25156.0
DST:FIKS22:BRANCHE07=C:BELØB=1:SÆSON=SÆSON,2010-11-01,25316.0
DST:FIKS22:BRANCHE07=C:BELØB=1:SÆSON=SÆSON,2010-12-01,24965.0
DST:FIKS22:BRANCHE07=C:BELØB=1:SÆSON=SÆSON,2011-01-01,24738.0
DST:FIKS22:BRANCHE07=C:BELØB=1:SÆSON=SÆSON,2011-02-01,28622.0
DST:FIKS22:BRANCHE07=C:BELØB=1:SÆSON=SÆSON,2011-03-01,25527.0
DST:FIKS22:BRANCHE07=C:BELØB=1:SÆSON=SÆSON,2011-04-01,26528.0
DST:FIKS22:BRANCHE07=C:BELØB=1:SÆSON=SÆSON,2011-05-01,26259.0
DST:FIKS22:BRANCHE07=C:BELØB=1:SÆSON=SÆSON,2011-06-01,26098.0
DST:FIKS22:BRANCHE07=C:BELØB=1:SÆSON=SÆSON,2011-07-01,25478.0
DST:FIKS22:BRANCHE07=C:BELØB=1:SÆSON=SÆSON,2011-08-01,26724.0
DST:FIKS22:BRANCHE07=C:BELØB=1:SÆSON=SÆSON,2011-09-01,26137.0
DST:FIKS22:BRANCHE07=C:BELØB=1:SÆSON=SÆSON,2011-10-01,26896.0
DST:FIKS22:BRANCHE07=C:BELØB=1:SÆSON=SÆSON,2011-11-01,26624.0
DST:FIKS22:BRANCHE07=C:BELØB=1:SÆSON=SÆSON,2011-12-01,27165.0
DST:FIKS22:BRANCHE07=C:BELØB=1:SÆSON=SÆSON,2012-01-01,25783.0
DST:FIKS22:BRANCHE07=C:BELØB=1:SÆSON=SÆSON,2012-02-01,26380.0
DST:FIKS22:BRANCHE07=C:BELØB=1:SÆSON=SÆSON,2012-03-01,26539.0
DST:FIKS22:BRANCHE07=C:BELØB=1:SÆSON=SÆSON,2012-04-01,26589.0
DST:FIKS22:BRANCHE07=C:BELØB=1:SÆSON=SÆSON,2012-05-01,25764.0
DST:FIKS22:BRANCHE07=C:BELØB=1:SÆSON=SÆSON,2012-06-01,25649.0
DST:FIKS22:BRANCHE07=C:BELØB=1:SÆSON=SÆSON,2012-07-01,26015.0
DST:FIKS22:BRANCHE07=C:BELØB=1:SÆSON=SÆSON,2012-08-01,24474.0
DST:FIKS22:BRANCHE07=C:BELØB=1:SÆSON=SÆSON,2012-09-01,26076.0
DST:FIKS22:BRANCHE07=C:BELØB=1:SÆSON=SÆSON,2012-10-01,25912.0
DST:FIKS22:BRANCHE07=C:BELØB=1:SÆSON=SÆSON,2012-11-01,25262.0
DST:FIKS22:BRANCHE07=C:BELØB=1:SÆSON=SÆSON,2012-12-01,27594.0
DST:FIKS22:BRANCHE07=C:BELØB=1:SÆSON=SÆSON,2013-01-01,26126.0
DST:FIKS22:BRANCHE07=C:BELØB=1:SÆSON=SÆSON,2013-02-01,25246.0
DST:FIKS22:BRANCHE07=C:BELØB=1:SÆSON=SÆSON,2013-03-01,26428.0
DST:FIKS22:BRANCHE07=C:BELØB=1:SÆSON=SÆSON,2013-04-01,25465.0
DST:FIKS22:BRANCHE07=C:BELØB=1:SÆSON=SÆSON,2013-05-01,25880.0
DST:FIKS22:BRANCHE07=C:BELØB=1:SÆSON=SÆSON,2013-06-01,26339.0
DST:FIKS22:BRANCHE07=C:BELØB=1:SÆSON=SÆSON,2013-07-01,26308.0
DST:FIKS22:BRANCHE07=C:BELØB=1:SÆSON=SÆSON,2013-08-01,26137.0
DST:FIKS22:BRANCHE07=C:BELØB=1:SÆSON=SÆSON,2013-09-01,25166.0
DST:FIKS22:BRANCHE07=C:BELØB=1:SÆSON=SÆSON,2013-10-01,25105.0
DST:FIKS22:BRANCHE07=C:BELØB=1:SÆSON=SÆSON,2013-11-01,25724.0
DST:FIKS22:BRANCHE07=C:BELØB=1:SÆSON=SÆSON,2013-12-01,24252.0
DST:FIKS22:BRANCHE07=C:BELØB=1:SÆSON=SÆSON,2014-01-01,25858.0
DST:FIKS22:BRANCHE07=C:BELØB=1:SÆSON=SÆSON,2014-02-01,26013.0
DST:FIKS22:BRANCHE07=C:BELØB=1:SÆSON=SÆSON,2014-03-01,24812.0
DST:FIKS22:BRANCHE07=C:BELØB=1:SÆSON=SÆSON,2014-04-01,25480.0
DST:FIKS22:BRANCHE07=C:BELØB=1:SÆSON=SÆSON,2014-05-01,25888.0
DST:FIKS22:BRANCHE07=C:BELØB=1:SÆSON=SÆSON,2014-06-01,25895.0
DST:FIKS22:BRANCHE07=C:BELØB=1:SÆSON=SÆSON,2014-07-01,26104.0
DST:FIKS22:BRANCHE07=C:BELØB=1:SÆSON=SÆSON,2014-08-01,26061.0
DST:FIKS22:BRANCHE07=C:BELØB=1:SÆSON=SÆSON,2014-09-01,25417.0
DST:FIKS22:BRANCHE07=C:BELØB=1:SÆSON=SÆSON,2014-10-01,25433.0
DST:FIKS22:BRANCHE07=C:BELØB=1:SÆSON=SÆSON,2014-11-01,25259.0
DST:FIKS22:BRANCHE07=C:BELØB=1:SÆSON=SÆSON,2014-12-01,25078.0
DST:FIKS22:BRANCHE07=C:BELØB=1:SÆSON=SÆSON,2015-01-01,25386.0
DST:FIKS22:BRANCHE07=C:BELØB=1:SÆSON=SÆSON,2015-02-01,25345.0
DST:FIKS22:BRANCHE07=C:BELØB=1:SÆSON=SÆSON,2015-03-01,27281.0
DST:FIKS22:BRANCHE07=C:BELØB=1:SÆSON=SÆSON,2015-04-01,27043.0
DST:FIKS22:BRANCHE07=C:BELØB=1:SÆSON=SÆSON,2015-05-01,26049.0
DST:FIKS22:BRANCHE07=C:BELØB=1:SÆSON=SÆSON,2015-06-01,25611.0
DST:FIKS22:BRANCHE07=C:BELØB=1:SÆSON=SÆSON,2015-07-01,25610.0
DST:FIKS22:BRANCHE07=C:BELØB=1:SÆSON=SÆSON,2015-08-01,25805.0
DST:FIKS22:BRANCHE07=C:BELØB=1:SÆSON=SÆSON,2015-09-01,26041.0
DST:FIKS22:BRANCHE07=C:BELØB=1:SÆSON=SÆSON,2015-10-01,25405.0
DST:FIKS22:BRANCHE07=C:BELØB=1:SÆSON=SÆSON,2015-11-01,25957.0
DST:FIKS22:BRANCHE07=C:BELØB=1:SÆSON=SÆSON,2015-12-01,26485.0
DST:FIKS22:BRANCHE07=C:BELØB=1:SÆSON=SÆSON,2016-01-01,25283.0
DST:FIKS22:BRANCHE07=C:BELØB=1:SÆSON=SÆSON,2016-02-01,27791.0
DST:FIKS22:BRANCHE07=C:BELØB=1:SÆSON=SÆSON,2016-03-01,26042.0
DST:FIKS22:BRANCHE07=C:BELØB=1:SÆSON=SÆSON,2016-04-01,25580.0
DST:FIKS22:BRANCHE07=C:BELØB=1:SÆSON=SÆSON,2016-05-01,25777.0
DST:FIKS22:BRANCHE07=C:BELØB=1:SÆSON=SÆSON,2016-06-01,26068.0
DST:FIKS22:BRANCHE07=C:BELØB=1:SÆSON=SÆSON,2016-07-01,25784.0
DST:FIKS22:BRANCHE07=C:BELØB=1:SÆSON=SÆSON,2016-08-01,26372.0
DST:FIKS22:BRANCHE07=C:BELØB=1:SÆSON=SÆSON,2016-09-01,27129.0
DST:FIKS22:BRANCHE07=C:BELØB=1:SÆSON=SÆSON,2016-10-01,26824.0
DST:FIKS22:BRANCHE07=C:BELØB=1:SÆSON=SÆSON,2016-11-01,26674.0
DST:FIKS22:BRANCHE07=C:BELØB=1:SÆSON=SÆSON,2016-12-01,27317.0
DST:FIKS22:BRANCHE07=C:BELØB=1:SÆSON=SÆSON,2017-01-01,26284.0
DST:FIKS22:BRANCHE07=C:BELØB=1:SÆSON=SÆSON,2017-02-01,26855.0
DST:FIKS22:BRANCHE07=C:BELØB=1:SÆSON=SÆSON,2017-03-01,26938.0
DST:FIKS22:BRANCHE07=C:BELØB=1:SÆSON=SÆSON,2017-04-01,26529.0
DST:FIKS22:BRANCHE07=C:BELØB=1:SÆSON=SÆSON,2017-05-01,26549.0
DST:FIKS22:BRANCHE07=C:BELØB=1:SÆSON=SÆSON,2017-06-01,27071.0
DST:FIKS22:BRANCHE07=C:BELØB=1:SÆSON=SÆSON,2017-07-01,26452.0
DST:FIKS22:BRANCHE07=C:BELØB=1:SÆSON=SÆSON,2017-08-01,27453.0
DST:FIKS22:BRANCHE07=C:BELØB=1:SÆSON=SÆSON,2017-09-01,26084.0
DST:FIKS22:BRANCHE07=C:BELØB=1:SÆSON=SÆSON,2017-10-01,27061.0
DST:FIKS22:BRANCHE07=C:BELØB=1:SÆSON=SÆSON,2017-11-01,27552.0
DST:FIKS22:BRANCHE07=C:BELØB=1:SÆSON=SÆSON,2017-12-01,26903.0
DST:FIKS22:BRANCHE07=C:BELØB=1:SÆSON=SÆSON,2018-01-01,26932.0
DST:FIKS22:BRANCHE07=C:BELØB=1:SÆSON=SÆSON,2018-02-01,26257.0
DST:FIKS22:BRANCHE07=C:BELØB=1:SÆSON=SÆSON,2018-03-01,25237.0
DST:FIKS22:BRANCHE07=C:BELØB=1:SÆSON=SÆSON,2018-04-01,26418.0
DST:FIKS22:BRANCHE07=C:BELØB=1:SÆSON=SÆSON,2018-05-01,27345.0
DST:FIKS22:BRANCHE07=C:BELØB=1:SÆSON=SÆSON,2018-06-01,26704.0
DST:FIKS22:BRANCHE07=C:BELØB=1:SÆSON=SÆSON,2018-07-01,26962.0
DST:FIKS22:BRANCHE07=C:BELØB=1:SÆSON=SÆSON,2018-08-01,26058.0
DST:FIKS22:BRANCHE07=C:BELØB=1:SÆSON=SÆSON,2018-09-01,26314.0
DST:FIKS22:BRANCHE07=C:BELØB=1:SÆSON=SÆSON,2018-10-01,27274.0
DST:FIKS22:BRANCHE07=C:BELØB=1:SÆSON=SÆSON,2018-11-01,26818.0
DST:FIKS22:BRANCHE07=C:BELØB=1:SÆSON=SÆSON,2018-12-01,26668.0
DST:FIKS22:BRANCHE07=C:BELØB=1:SÆSON=SÆSON,2019-01-01,28324.0
DST:FIKS22:BRANCHE07=C:BELØB=1:SÆSON=SÆSON,2019-02-01,26711.0
DST:FIKS22:BRANCHE07=C:BELØB=1:SÆSON=SÆSON,2019-03-01,26488.0
DST:FIKS22:BRANCHE07=C:BELØB=1:SÆSON=SÆSON,2019-04-01,27872.0
DST:FIKS22:BRANCHE07=C:BELØB=1:SÆSON=SÆSON,2019-05-01,27063.0
DST:FIKS22:BRANCHE07=C:BELØB=1:SÆSON=SÆSON,2019-06-01,26606.0
DST:FIKS22:BRANCHE07=C:BELØB=1:SÆSON=SÆSON,2019-07-01,27470.0
DST:FIKS22:BRANCHE07=C:BELØB=1:SÆSON=SÆSON,2019-08-01,27418.0
DST:FIKS22:BRANCHE07=C:BELØB=1:SÆSON=SÆSON,2019-09-01,27457.0
DST:FIKS22:BRANCHE07=C:BELØB=1:SÆSON=SÆSON,2019-10-01,27877.0
DST:FIKS22:BRANCHE07=C:BELØB=1:SÆSON=SÆSON,2019-11-01,27422.0
DST:FIKS22:BRANCHE07=C:BELØB=1:SÆSON=SÆSON,2019-12-01,27642.0
DST:FIKS22:BRANCHE07=C:BELØB=1:SÆSON=SÆSON,2020-01-01,27958.0
DST:FIKS22:BRANCHE07=C:BELØB=1:SÆSON=SÆSON,2020-02-01,26992.0
DST:FIKS22:BRANCHE07=C:BELØB=1:SÆSON=SÆSON,2020-03-01,26774.0
DST:FIKS22:BRANCHE07=C:BELØB=1:SÆSON=SÆSON,2020-04-01,25286.0
DST:FIKS22:BRANCHE07=C:BELØB=1:SÆSON=SÆSON,2020-05-01,25669.0
DST:FIKS22:BRANCHE07=C:BELØB=1:SÆSON=SÆSON,2020-06-01,26957.0
DST:FIKS22:BRANCHE07=C:BELØB=1:SÆSON=SÆSON,2020-07-01,26169.0
DST:FIKS22:BRANCHE07=C:BELØB=1:SÆSON=SÆSON,2020-08-01,26753.0
DST:FIKS22:BRANCHE07=C:BELØB=1:SÆSON=SÆSON,2020-09-01,26354.0
DST:FIKS22:BRANCHE07=C:BELØB=1:SÆSON=SÆSON,2020-10-01,25942.0
DST:FIKS22:BRANCHE07=C:BELØB=1:SÆSON=SÆSON,2020-11-01,26562.0
DST:FIKS22:BRANCHE07=C:BELØB=1:SÆSON=SÆSON,2020-12-01,26632.0
DST:FIKS22:BRANCHE07=C:BELØB=1:SÆSON=SÆSON,2021-01-01,26355.0
DST:FIKS22:BRANCHE07=C:BELØB=1:SÆSON=SÆSON,2021-02-01,27468.0
DST:FIKS22:BRANCHE07=C:BELØB=1:SÆSON=SÆSON,2021-03-01,28288.0
DST:FIKS22:BRANCHE07=C:BELØB=1:SÆSON=SÆSON,2021-04-01,28090.0
DST:FIKS22:BRANCHE07=C:BELØB=1:SÆSON=SÆSON,2021-05-01,28255.0
DST:FIKS22:BRANCHE07=C:BELØB=1:SÆSON=SÆSON,2021-06-01,28306.0
DST:FIKS22:BRANCHE07=C:BELØB=1:SÆSON=SÆSON,2021-07-01,29234.0
DST:FIKS22:BRANCHE07=C:BELØB=1:SÆSON=SÆSON,2021-08-01,28741.0
DST:FIKS22:BRANCHE07=C:BELØB=1:SÆSON=SÆSON,2021-09-01,30378.0
DST:FIKS22:BRANCHE07=C:BELØB=1:SÆSON=SÆSON,2021-10-01,30363.0
DST:FIKS22:BRANCHE07=C:BELØB=1:SÆSON=SÆSON,2021-11-01,30871.0
DST:FIKS22:BRANCHE07=C:BELØB=1:SÆSON=SÆSON,2021-12-01,30900.0
DST:FIKS22:BRANCHE07=C:BELØB=1:SÆSON=SÆSON,2022-01-01,34072.0
DST:FIKS22:BRANCHE07=C:BELØB=1:SÆSON=SÆSON,2022-02-01,40696.0
DST:FIKS22:BRANCHE07=C:BELØB=1:SÆSON=SÆSON,2022-03-01,39028.0
DST:FIKS22:BRANCHE07=C:BELØB=1:SÆSON=SÆSON,2022-04-01,41109.0
DST:FIKS22:BRANCHE07=C:BELØB=1:SÆSON=SÆSON,2022-05-01,42307.0
DST:FIKS22:BRANCHE07=C:BELØB=1:SÆSON=SÆSON,2022-06-01,41270.0
DST:FIKS22:BRANCHE07=C:BELØB=1:SÆSON=SÆSON,2022-07-01,43488.0
DST:FIKS22:BRANCHE07=C:BELØB=1:SÆSON=SÆSON,2022-08-01,41677.0
DST:FIKS22:BRANCHE07=C:BELØB=1:SÆSON=SÆSON,2022-09-01,40982.0
DST:FIKS22:BRANCHE07=C:BELØB=1:SÆSON=SÆSON,2022-10-01,39833.0
DST:FIKS22:BRANCHE07=C:BELØB=1:SÆSON=SÆSON,2022-11-01,38682.0
DST:FIKS22:BRANCHE07=C:BELØB=1:SÆSON=SÆSON,2022-12-01,38219.0
DST:FIKS22:BRANCHE07=C:BELØB=1:SÆSON=SÆSON,2023-01-01,39439.0
DST:FIKS22:BRANCHE07=C:BELØB=1:SÆSON=SÆSON,2023-02-01,39210.0
DST:FIKS22:BRANCHE07=C:BELØB=1:SÆSON=SÆSON,2023-03-01,38017.0
DST:FIKS22:BRANCHE07=C:BELØB=1:SÆSON=SÆSON,2023-04-01,37063.0
DST:FIKS22:BRANCHE07=C:BELØB=1:SÆSON=SÆSON,2023-05-01,36858.0
DST:FIKS22:BRANCHE07=C:BELØB=1:SÆSON=SÆSON,2023-06-01,36751.0
DST:FIKS22:BRANCHE07=C:BELØB=1:SÆSON=SÆSON,2023-07-01,32919.0
DST:FIKS22:BRANCHE07=C:BELØB=1:SÆSON=SÆSON,2023-08-01,35677.0
DST:FIKS22:BRANCHE07=C:BELØB=1:SÆSON=SÆSON,2023-09-01,36574.0
DST:FIKS22:BRANCHE07=C:BELØB=1:SÆSON=SÆSON,2023-10-01,36458.0
DST:FIKS22:BRANCHE07=C:BELØB=1:SÆSON=SÆSON,2023-11-01,36160.0
DST:FIKS22:BRANCHE07=C:BELØB=1:SÆSON=SÆSON,2023-12-01,36726.0
DST:FIKS22:BRANCHE07=C:BELØB=1:SÆSON=SÆSON,2024-01-01,34988.0
DST:FIKS22:BRANCHE07=C:BELØB=1:SÆSON=SÆSON,2024-02-01,34770.0
DST:FIKS22:BRANCHE07=C:BELØB=1:SÆSON=SÆSON,2024-03-01,34803.0
DST:FIKS22:BRANCHE07=C:BELØB=1:SÆSON=SÆSON,2024-04-01,35514.0
DST:FIKS22:BRANCHE07=C:BELØB=1:SÆSON=SÆSON,2024-05-01,34954.0
DST:FIKS22:BRANCHE07=C:BELØB=1:SÆSON=SÆSON,2024-06-01,34800.0
DST:FIKS22:BRANCHE07=C:BELØB=1:SÆSON=SÆSON,2024-07-01,34698.0
DST:FIKS22:BRANCHE07=C:BELØB=1:SÆSON=SÆSON,2024-08-01,35137.0
DST:FIKS22:BRANCHE07=C:BELØB=1:SÆSON=SÆSON,2024-09-01,33178.0
DST:FIKS22:BRANCHE07=C:BELØB=1:SÆSON=SÆSON,2024-10-01,34928.0
DST:FIKS22:BRANCHE07=C:BELØB=1:SÆSON=SÆSON,2024-11-01,34761.0
DST:FIKS22:BRANCHE07=C:BELØB=1:SÆSON=SÆSON,2024-12-01,34733.0
DST:FIKS22:BRANCHE07=C:BELØB=1:SÆSON=SÆSON,2025-01-01,35871.0
DST:FIKS22:BRANCHE07=C:BELØB=1:SÆSON=SÆSON,2025-02-01,35917.0
DST:FIKS22:BRANCHE07=C:BELØB=1:SÆSON=SÆSON,2025-03-01,35096.0
DST:FIKS22:BRANCHE07=C:BELØB=1:SÆSON=SÆSON,2025-04-01,35252.0
DST:FIKS22:BRANCHE07=C:BELØB=1:SÆSON=SÆSON,2025-05-01,33421.0
DST:FIKS22:BRANCHE07=C:BELØB=1:SÆSON=SÆSON,2025-06-01,36836.0
DST:FIKS22:BRANCHE07=C:BELØB=1:SÆSON=SÆSON,2025-07-01,35329.0
DST:FIKS22:BRANCHE07=C:BELØB=1:SÆSON=SÆSON,2025-08-01,34504.0
DST:FIKS22:BRANCHE07=C:BELØB=1:SÆSON=SÆSON,2025-09-01,34709.0
DST:FIKS22:BRANCHE07=C:BELØB=1:SÆSON=SÆSON,2025-10-01,34677.0
DST:FIKS22:BRANCHE07=C:BELØB=1:SÆSON=SÆSON,2025-11-01,35712.0
DST:FIKS22:BRANCHE07=C:BELØB=1:SÆSON=SÆSON,2025-12-01,34829.0
DST:FIKS22:BRANCHE07=C:BELØB=1:SÆSON=SÆSON,2026-01-01,34205.0
DST:FIKS22:BRANCHE07=C:BELØB=1:SÆSON=SÆSON,2026-02-01,33455.0
DST:FIKS22:BRANCHE07=C:BELØB=1:SÆSON=SÆSON,2026-03-01,36928.0
DST:FIKS22:BRANCHE07=C:BELØB=3:SÆSON=EJSÆSON,2009-01-01,38733.0
DST:FIKS22:BRANCHE07=C:BELØB=3:SÆSON=EJSÆSON,2009-02-01,33845.0
DST:FIKS22:BRANCHE07=C:BELØB=3:SÆSON=EJSÆSON,2009-03-01,36720.0
DST:FIKS22:BRANCHE07=C:BELØB=3:SÆSON=EJSÆSON,2009-04-01,33389.0
DST:FIKS22:BRANCHE07=C:BELØB=3:SÆSON=EJSÆSON,2009-05-01,31249.0
DST:FIKS22:BRANCHE07=C:BELØB=3:SÆSON=EJSÆSON,2009-06-01,34618.0
DST:FIKS22:BRANCHE07=C:BELØB=3:SÆSON=EJSÆSON,2009-07-01,30577.0
DST:FIKS22:BRANCHE07=C:BELØB=3:SÆSON=EJSÆSON,2009-08-01,30652.0
DST:FIKS22:BRANCHE07=C:BELØB=3:SÆSON=EJSÆSON,2009-09-01,34884.0
DST:FIKS22:BRANCHE07=C:BELØB=3:SÆSON=EJSÆSON,2009-10-01,36871.0
DST:FIKS22:BRANCHE07=C:BELØB=3:SÆSON=EJSÆSON,2009-11-01,33630.0
DST:FIKS22:BRANCHE07=C:BELØB=3:SÆSON=EJSÆSON,2009-12-01,34944.0
DST:FIKS22:BRANCHE07=C:BELØB=3:SÆSON=EJSÆSON,2010-01-01,28792.0
DST:FIKS22:BRANCHE07=C:BELØB=3:SÆSON=EJSÆSON,2010-02-01,31063.0
DST:FIKS22:BRANCHE07=C:BELØB=3:SÆSON=EJSÆSON,2010-03-01,36060.0
DST:FIKS22:BRANCHE07=C:BELØB=3:SÆSON=EJSÆSON,2010-04-01,32939.0
DST:FIKS22:BRANCHE07=C:BELØB=3:SÆSON=EJSÆSON,2010-05-01,34765.0
DST:FIKS22:BRANCHE07=C:BELØB=3:SÆSON=EJSÆSON,2010-06-01,38418.0
DST:FIKS22:BRANCHE07=C:BELØB=3:SÆSON=EJSÆSON,2010-07-01,32721.0
DST:FIKS22:BRANCHE07=C:BELØB=3:SÆSON=EJSÆSON,2010-08-01,36035.0
DST:FIKS22:BRANCHE07=C:BELØB=3:SÆSON=EJSÆSON,2010-09-01,41638.0
DST:FIKS22:BRANCHE07=C:BELØB=3:SÆSON=EJSÆSON,2010-10-01,39274.0
DST:FIKS22:BRANCHE07=C:BELØB=3:SÆSON=EJSÆSON,2010-11-01,40162.0
DST:FIKS22:BRANCHE07=C:BELØB=3:SÆSON=EJSÆSON,2010-12-01,46367.0
DST:FIKS22:BRANCHE07=C:BELØB=3:SÆSON=EJSÆSON,2011-01-01,36461.0
DST:FIKS22:BRANCHE07=C:BELØB=3:SÆSON=EJSÆSON,2011-02-01,38422.0
DST:FIKS22:BRANCHE07=C:BELØB=3:SÆSON=EJSÆSON,2011-03-01,44253.0
DST:FIKS22:BRANCHE07=C:BELØB=3:SÆSON=EJSÆSON,2011-04-01,39524.0
DST:FIKS22:BRANCHE07=C:BELØB=3:SÆSON=EJSÆSON,2011-05-01,45344.0
DST:FIKS22:BRANCHE07=C:BELØB=3:SÆSON=EJSÆSON,2011-06-01,43631.0
DST:FIKS22:BRANCHE07=C:BELØB=3:SÆSON=EJSÆSON,2011-07-01,37768.0
DST:FIKS22:BRANCHE07=C:BELØB=3:SÆSON=EJSÆSON,2011-08-01,42363.0
DST:FIKS22:BRANCHE07=C:BELØB=3:SÆSON=EJSÆSON,2011-09-01,44818.0
DST:FIKS22:BRANCHE07=C:BELØB=3:SÆSON=EJSÆSON,2011-10-01,43049.0
DST:FIKS22:BRANCHE07=C:BELØB=3:SÆSON=EJSÆSON,2011-11-01,43783.0
DST:FIKS22:BRANCHE07=C:BELØB=3:SÆSON=EJSÆSON,2011-12-01,49232.0
DST:FIKS22:BRANCHE07=C:BELØB=3:SÆSON=EJSÆSON,2012-01-01,41103.0
DST:FIKS22:BRANCHE07=C:BELØB=3:SÆSON=EJSÆSON,2012-02-01,40625.0
DST:FIKS22:BRANCHE07=C:BELØB=3:SÆSON=EJSÆSON,2012-03-01,44947.0
DST:FIKS22:BRANCHE07=C:BELØB=3:SÆSON=EJSÆSON,2012-04-01,42623.0
DST:FIKS22:BRANCHE07=C:BELØB=3:SÆSON=EJSÆSON,2012-05-01,43720.0
DST:FIKS22:BRANCHE07=C:BELØB=3:SÆSON=EJSÆSON,2012-06-01,42944.0
DST:FIKS22:BRANCHE07=C:BELØB=3:SÆSON=EJSÆSON,2012-07-01,37539.0
DST:FIKS22:BRANCHE07=C:BELØB=3:SÆSON=EJSÆSON,2012-08-01,41494.0
DST:FIKS22:BRANCHE07=C:BELØB=3:SÆSON=EJSÆSON,2012-09-01,44743.0
DST:FIKS22:BRANCHE07=C:BELØB=3:SÆSON=EJSÆSON,2012-10-01,46684.0
DST:FIKS22:BRANCHE07=C:BELØB=3:SÆSON=EJSÆSON,2012-11-01,44291.0
DST:FIKS22:BRANCHE07=C:BELØB=3:SÆSON=EJSÆSON,2012-12-01,45760.0
DST:FIKS22:BRANCHE07=C:BELØB=3:SÆSON=EJSÆSON,2013-01-01,41955.0
DST:FIKS22:BRANCHE07=C:BELØB=3:SÆSON=EJSÆSON,2013-02-01,39503.0
DST:FIKS22:BRANCHE07=C:BELØB=3:SÆSON=EJSÆSON,2013-03-01,41784.0
DST:FIKS22:BRANCHE07=C:BELØB=3:SÆSON=EJSÆSON,2013-04-01,43707.0
DST:FIKS22:BRANCHE07=C:BELØB=3:SÆSON=EJSÆSON,2013-05-01,42804.0
DST:FIKS22:BRANCHE07=C:BELØB=3:SÆSON=EJSÆSON,2013-06-01,42274.0
DST:FIKS22:BRANCHE07=C:BELØB=3:SÆSON=EJSÆSON,2013-07-01,40023.0
DST:FIKS22:BRANCHE07=C:BELØB=3:SÆSON=EJSÆSON,2013-08-01,40874.0
DST:FIKS22:BRANCHE07=C:BELØB=3:SÆSON=EJSÆSON,2013-09-01,45740.0
DST:FIKS22:BRANCHE07=C:BELØB=3:SÆSON=EJSÆSON,2013-10-01,47677.0
DST:FIKS22:BRANCHE07=C:BELØB=3:SÆSON=EJSÆSON,2013-11-01,43436.0
DST:FIKS22:BRANCHE07=C:BELØB=3:SÆSON=EJSÆSON,2013-12-01,44815.0
DST:FIKS22:BRANCHE07=C:BELØB=3:SÆSON=EJSÆSON,2014-01-01,41073.0
DST:FIKS22:BRANCHE07=C:BELØB=3:SÆSON=EJSÆSON,2014-02-01,40881.0
DST:FIKS22:BRANCHE07=C:BELØB=3:SÆSON=EJSÆSON,2014-03-01,44139.0
DST:FIKS22:BRANCHE07=C:BELØB=3:SÆSON=EJSÆSON,2014-04-01,41969.0
DST:FIKS22:BRANCHE07=C:BELØB=3:SÆSON=EJSÆSON,2014-05-01,42940.0
DST:FIKS22:BRANCHE07=C:BELØB=3:SÆSON=EJSÆSON,2014-06-01,43791.0
DST:FIKS22:BRANCHE07=C:BELØB=3:SÆSON=EJSÆSON,2014-07-01,40298.0
DST:FIKS22:BRANCHE07=C:BELØB=3:SÆSON=EJSÆSON,2014-08-01,41782.0
DST:FIKS22:BRANCHE07=C:BELØB=3:SÆSON=EJSÆSON,2014-09-01,47698.0
DST:FIKS22:BRANCHE07=C:BELØB=3:SÆSON=EJSÆSON,2014-10-01,46353.0
DST:FIKS22:BRANCHE07=C:BELØB=3:SÆSON=EJSÆSON,2014-11-01,45048.0
DST:FIKS22:BRANCHE07=C:BELØB=3:SÆSON=EJSÆSON,2014-12-01,45423.0
DST:FIKS22:BRANCHE07=C:BELØB=3:SÆSON=EJSÆSON,2015-01-01,39584.0
DST:FIKS22:BRANCHE07=C:BELØB=3:SÆSON=EJSÆSON,2015-02-01,38518.0
DST:FIKS22:BRANCHE07=C:BELØB=3:SÆSON=EJSÆSON,2015-03-01,46291.0
DST:FIKS22:BRANCHE07=C:BELØB=3:SÆSON=EJSÆSON,2015-04-01,43972.0
DST:FIKS22:BRANCHE07=C:BELØB=3:SÆSON=EJSÆSON,2015-05-01,41291.0
DST:FIKS22:BRANCHE07=C:BELØB=3:SÆSON=EJSÆSON,2015-06-01,45993.0
DST:FIKS22:BRANCHE07=C:BELØB=3:SÆSON=EJSÆSON,2015-07-01,43493.0
DST:FIKS22:BRANCHE07=C:BELØB=3:SÆSON=EJSÆSON,2015-08-01,43446.0
DST:FIKS22:BRANCHE07=C:BELØB=3:SÆSON=EJSÆSON,2015-09-01,48725.0
DST:FIKS22:BRANCHE07=C:BELØB=3:SÆSON=EJSÆSON,2015-10-01,45949.0
DST:FIKS22:BRANCHE07=C:BELØB=3:SÆSON=EJSÆSON,2015-11-01,44683.0
DST:FIKS22:BRANCHE07=C:BELØB=3:SÆSON=EJSÆSON,2015-12-01,51043.0
DST:FIKS22:BRANCHE07=C:BELØB=3:SÆSON=EJSÆSON,2016-01-01,41328.0
DST:FIKS22:BRANCHE07=C:BELØB=3:SÆSON=EJSÆSON,2016-02-01,41301.0
DST:FIKS22:BRANCHE07=C:BELØB=3:SÆSON=EJSÆSON,2016-03-01,44162.0
DST:FIKS22:BRANCHE07=C:BELØB=3:SÆSON=EJSÆSON,2016-04-01,43280.0
DST:FIKS22:BRANCHE07=C:BELØB=3:SÆSON=EJSÆSON,2016-05-01,42050.0
DST:FIKS22:BRANCHE07=C:BELØB=3:SÆSON=EJSÆSON,2016-06-01,49638.0
DST:FIKS22:BRANCHE07=C:BELØB=3:SÆSON=EJSÆSON,2016-07-01,38979.0
DST:FIKS22:BRANCHE07=C:BELØB=3:SÆSON=EJSÆSON,2016-08-01,44769.0
DST:FIKS22:BRANCHE07=C:BELØB=3:SÆSON=EJSÆSON,2016-09-01,49674.0
DST:FIKS22:BRANCHE07=C:BELØB=3:SÆSON=EJSÆSON,2016-10-01,45570.0
DST:FIKS22:BRANCHE07=C:BELØB=3:SÆSON=EJSÆSON,2016-11-01,58274.0
DST:FIKS22:BRANCHE07=C:BELØB=3:SÆSON=EJSÆSON,2016-12-01,52747.0
DST:FIKS22:BRANCHE07=C:BELØB=3:SÆSON=EJSÆSON,2017-01-01,44652.0
DST:FIKS22:BRANCHE07=C:BELØB=3:SÆSON=EJSÆSON,2017-02-01,41088.0
DST:FIKS22:BRANCHE07=C:BELØB=3:SÆSON=EJSÆSON,2017-03-01,50801.0
DST:FIKS22:BRANCHE07=C:BELØB=3:SÆSON=EJSÆSON,2017-04-01,42124.0
DST:FIKS22:BRANCHE07=C:BELØB=3:SÆSON=EJSÆSON,2017-05-01,45413.0
DST:FIKS22:BRANCHE07=C:BELØB=3:SÆSON=EJSÆSON,2017-06-01,50192.0
DST:FIKS22:BRANCHE07=C:BELØB=3:SÆSON=EJSÆSON,2017-07-01,44708.0
DST:FIKS22:BRANCHE07=C:BELØB=3:SÆSON=EJSÆSON,2017-08-01,46940.0
DST:FIKS22:BRANCHE07=C:BELØB=3:SÆSON=EJSÆSON,2017-09-01,48552.0
DST:FIKS22:BRANCHE07=C:BELØB=3:SÆSON=EJSÆSON,2017-10-01,52541.0
DST:FIKS22:BRANCHE07=C:BELØB=3:SÆSON=EJSÆSON,2017-11-01,49342.0
DST:FIKS22:BRANCHE07=C:BELØB=3:SÆSON=EJSÆSON,2017-12-01,51905.0
DST:FIKS22:BRANCHE07=C:BELØB=3:SÆSON=EJSÆSON,2018-01-01,48594.0
DST:FIKS22:BRANCHE07=C:BELØB=3:SÆSON=EJSÆSON,2018-02-01,40959.0
DST:FIKS22:BRANCHE07=C:BELØB=3:SÆSON=EJSÆSON,2018-03-01,45678.0
DST:FIKS22:BRANCHE07=C:BELØB=3:SÆSON=EJSÆSON,2018-04-01,48004.0
DST:FIKS22:BRANCHE07=C:BELØB=3:SÆSON=EJSÆSON,2018-05-01,47323.0
DST:FIKS22:BRANCHE07=C:BELØB=3:SÆSON=EJSÆSON,2018-06-01,47887.0
DST:FIKS22:BRANCHE07=C:BELØB=3:SÆSON=EJSÆSON,2018-07-01,46989.0
DST:FIKS22:BRANCHE07=C:BELØB=3:SÆSON=EJSÆSON,2018-08-01,48092.0
DST:FIKS22:BRANCHE07=C:BELØB=3:SÆSON=EJSÆSON,2018-09-01,46926.0
DST:FIKS22:BRANCHE07=C:BELØB=3:SÆSON=EJSÆSON,2018-10-01,54115.0
DST:FIKS22:BRANCHE07=C:BELØB=3:SÆSON=EJSÆSON,2018-11-01,51658.0
DST:FIKS22:BRANCHE07=C:BELØB=3:SÆSON=EJSÆSON,2018-12-01,50443.0
DST:FIKS22:BRANCHE07=C:BELØB=3:SÆSON=EJSÆSON,2019-01-01,52610.0
DST:FIKS22:BRANCHE07=C:BELØB=3:SÆSON=EJSÆSON,2019-02-01,44240.0
DST:FIKS22:BRANCHE07=C:BELØB=3:SÆSON=EJSÆSON,2019-03-01,50764.0
DST:FIKS22:BRANCHE07=C:BELØB=3:SÆSON=EJSÆSON,2019-04-01,48251.0
DST:FIKS22:BRANCHE07=C:BELØB=3:SÆSON=EJSÆSON,2019-05-01,48523.0
DST:FIKS22:BRANCHE07=C:BELØB=3:SÆSON=EJSÆSON,2019-06-01,47430.0
DST:FIKS22:BRANCHE07=C:BELØB=3:SÆSON=EJSÆSON,2019-07-01,50234.0
DST:FIKS22:BRANCHE07=C:BELØB=3:SÆSON=EJSÆSON,2019-08-01,46241.0
DST:FIKS22:BRANCHE07=C:BELØB=3:SÆSON=EJSÆSON,2019-09-01,51411.0
DST:FIKS22:BRANCHE07=C:BELØB=3:SÆSON=EJSÆSON,2019-10-01,56659.0
DST:FIKS22:BRANCHE07=C:BELØB=3:SÆSON=EJSÆSON,2019-11-01,50050.0
DST:FIKS22:BRANCHE07=C:BELØB=3:SÆSON=EJSÆSON,2019-12-01,58232.0
DST:FIKS22:BRANCHE07=C:BELØB=3:SÆSON=EJSÆSON,2020-01-01,54127.0
DST:FIKS22:BRANCHE07=C:BELØB=3:SÆSON=EJSÆSON,2020-02-01,45356.0
DST:FIKS22:BRANCHE07=C:BELØB=3:SÆSON=EJSÆSON,2020-03-01,54713.0
DST:FIKS22:BRANCHE07=C:BELØB=3:SÆSON=EJSÆSON,2020-04-01,46776.0
DST:FIKS22:BRANCHE07=C:BELØB=3:SÆSON=EJSÆSON,2020-05-01,46322.0
DST:FIKS22:BRANCHE07=C:BELØB=3:SÆSON=EJSÆSON,2020-06-01,48644.0
DST:FIKS22:BRANCHE07=C:BELØB=3:SÆSON=EJSÆSON,2020-07-01,46396.0
DST:FIKS22:BRANCHE07=C:BELØB=3:SÆSON=EJSÆSON,2020-08-01,45340.0
DST:FIKS22:BRANCHE07=C:BELØB=3:SÆSON=EJSÆSON,2020-09-01,52323.0
DST:FIKS22:BRANCHE07=C:BELØB=3:SÆSON=EJSÆSON,2020-10-01,52091.0
DST:FIKS22:BRANCHE07=C:BELØB=3:SÆSON=EJSÆSON,2020-11-01,51152.0
DST:FIKS22:BRANCHE07=C:BELØB=3:SÆSON=EJSÆSON,2020-12-01,56196.0
DST:FIKS22:BRANCHE07=C:BELØB=3:SÆSON=EJSÆSON,2021-01-01,46310.0
DST:FIKS22:BRANCHE07=C:BELØB=3:SÆSON=EJSÆSON,2021-02-01,45025.0
DST:FIKS22:BRANCHE07=C:BELØB=3:SÆSON=EJSÆSON,2021-03-01,56264.0
DST:FIKS22:BRANCHE07=C:BELØB=3:SÆSON=EJSÆSON,2021-04-01,50756.0
DST:FIKS22:BRANCHE07=C:BELØB=3:SÆSON=EJSÆSON,2021-05-01,49982.0
DST:FIKS22:BRANCHE07=C:BELØB=3:SÆSON=EJSÆSON,2021-06-01,55826.0
DST:FIKS22:BRANCHE07=C:BELØB=3:SÆSON=EJSÆSON,2021-07-01,52616.0
DST:FIKS22:BRANCHE07=C:BELØB=3:SÆSON=EJSÆSON,2021-08-01,51930.0
DST:FIKS22:BRANCHE07=C:BELØB=3:SÆSON=EJSÆSON,2021-09-01,61323.0
DST:FIKS22:BRANCHE07=C:BELØB=3:SÆSON=EJSÆSON,2021-10-01,61614.0
DST:FIKS22:BRANCHE07=C:BELØB=3:SÆSON=EJSÆSON,2021-11-01,60928.0
DST:FIKS22:BRANCHE07=C:BELØB=3:SÆSON=EJSÆSON,2021-12-01,71482.0
DST:FIKS22:BRANCHE07=C:BELØB=3:SÆSON=EJSÆSON,2022-01-01,58108.0
DST:FIKS22:BRANCHE07=C:BELØB=3:SÆSON=EJSÆSON,2022-02-01,63058.0
DST:FIKS22:BRANCHE07=C:BELØB=3:SÆSON=EJSÆSON,2022-03-01,87792.0
DST:FIKS22:BRANCHE07=C:BELØB=3:SÆSON=EJSÆSON,2022-04-01,72431.0
DST:FIKS22:BRANCHE07=C:BELØB=3:SÆSON=EJSÆSON,2022-05-01,71411.0
DST:FIKS22:BRANCHE07=C:BELØB=3:SÆSON=EJSÆSON,2022-06-01,78330.0
DST:FIKS22:BRANCHE07=C:BELØB=3:SÆSON=EJSÆSON,2022-07-01,68731.0
DST:FIKS22:BRANCHE07=C:BELØB=3:SÆSON=EJSÆSON,2022-08-01,73930.0
DST:FIKS22:BRANCHE07=C:BELØB=3:SÆSON=EJSÆSON,2022-09-01,84256.0
DST:FIKS22:BRANCHE07=C:BELØB=3:SÆSON=EJSÆSON,2022-10-01,74504.0
DST:FIKS22:BRANCHE07=C:BELØB=3:SÆSON=EJSÆSON,2022-11-01,91141.0
DST:FIKS22:BRANCHE07=C:BELØB=3:SÆSON=EJSÆSON,2022-12-01,85159.0
DST:FIKS22:BRANCHE07=C:BELØB=3:SÆSON=EJSÆSON,2023-01-01,68395.0
DST:FIKS22:BRANCHE07=C:BELØB=3:SÆSON=EJSÆSON,2023-02-01,64154.0
DST:FIKS22:BRANCHE07=C:BELØB=3:SÆSON=EJSÆSON,2023-03-01,80089.0
DST:FIKS22:BRANCHE07=C:BELØB=3:SÆSON=EJSÆSON,2023-04-01,66830.0
DST:FIKS22:BRANCHE07=C:BELØB=3:SÆSON=EJSÆSON,2023-05-01,66136.0
DST:FIKS22:BRANCHE07=C:BELØB=3:SÆSON=EJSÆSON,2023-06-01,70796.0
DST:FIKS22:BRANCHE07=C:BELØB=3:SÆSON=EJSÆSON,2023-07-01,59837.0
DST:FIKS22:BRANCHE07=C:BELØB=3:SÆSON=EJSÆSON,2023-08-01,66583.0
DST:FIKS22:BRANCHE07=C:BELØB=3:SÆSON=EJSÆSON,2023-09-01,75231.0
DST:FIKS22:BRANCHE07=C:BELØB=3:SÆSON=EJSÆSON,2023-10-01,72907.0
DST:FIKS22:BRANCHE07=C:BELØB=3:SÆSON=EJSÆSON,2023-11-01,70676.0
DST:FIKS22:BRANCHE07=C:BELØB=3:SÆSON=EJSÆSON,2023-12-01,76046.0
DST:FIKS22:BRANCHE07=C:BELØB=3:SÆSON=EJSÆSON,2024-01-01,70158.0
DST:FIKS22:BRANCHE07=C:BELØB=3:SÆSON=EJSÆSON,2024-02-01,65355.0
DST:FIKS22:BRANCHE07=C:BELØB=3:SÆSON=EJSÆSON,2024-03-01,69492.0
DST:FIKS22:BRANCHE07=C:BELØB=3:SÆSON=EJSÆSON,2024-04-01,72118.0
DST:FIKS22:BRANCHE07=C:BELØB=3:SÆSON=EJSÆSON,2024-05-01,68834.0
DST:FIKS22:BRANCHE07=C:BELØB=3:SÆSON=EJSÆSON,2024-06-01,71469.0
DST:FIKS22:BRANCHE07=C:BELØB=3:SÆSON=EJSÆSON,2024-07-01,68991.0
DST:FIKS22:BRANCHE07=C:BELØB=3:SÆSON=EJSÆSON,2024-08-01,67026.0
DST:FIKS22:BRANCHE07=C:BELØB=3:SÆSON=EJSÆSON,2024-09-01,75308.0
DST:FIKS22:BRANCHE07=C:BELØB=3:SÆSON=EJSÆSON,2024-10-01,79721.0
DST:FIKS22:BRANCHE07=C:BELØB=3:SÆSON=EJSÆSON,2024-11-01,70783.0
DST:FIKS22:BRANCHE07=C:BELØB=3:SÆSON=EJSÆSON,2024-12-01,78410.0
DST:FIKS22:BRANCHE07=C:BELØB=3:SÆSON=EJSÆSON,2025-01-01,79921.0
DST:FIKS22:BRANCHE07=C:BELØB=3:SÆSON=EJSÆSON,2025-02-01,67751.0
DST:FIKS22:BRANCHE07=C:BELØB=3:SÆSON=EJSÆSON,2025-03-01,78900.0
DST:FIKS22:BRANCHE07=C:BELØB=3:SÆSON=EJSÆSON,2025-04-01,70288.0
DST:FIKS22:BRANCHE07=C:BELØB=3:SÆSON=EJSÆSON,2025-05-01,66327.0
DST:FIKS22:BRANCHE07=C:BELØB=3:SÆSON=EJSÆSON,2025-06-01,73595.0
DST:FIKS22:BRANCHE07=C:BELØB=3:SÆSON=EJSÆSON,2025-07-01,90589.0
DST:FIKS22:BRANCHE07=C:BELØB=3:SÆSON=EJSÆSON,2025-08-01,75577.0
DST:FIKS22:BRANCHE07=C:BELØB=3:SÆSON=EJSÆSON,2025-09-01,99898.0
DST:FIKS22:BRANCHE07=C:BELØB=3:SÆSON=EJSÆSON,2025-10-01,112676.0
DST:FIKS22:BRANCHE07=C:BELØB=3:SÆSON=EJSÆSON,2025-11-01,76096.0
DST:FIKS22:BRANCHE07=C:BELØB=3:SÆSON=EJSÆSON,2025-12-01,87457.0
DST:FIKS22:BRANCHE07=C:BELØB=3:SÆSON=EJSÆSON,2026-01-01,76643.0
DST:FIKS22:BRANCHE07=C:BELØB=3:SÆSON=EJSÆSON,2026-02-01,64093.0
DST:FIKS22:BRANCHE07=C:BELØB=3:SÆSON=EJSÆSON,2026-03-01,78740.0
DST:FIKS22:BRANCHE07=C:BELØB=3:SÆSON=SÆSON,2009-01-01,42517.0
DST:FIKS22:BRANCHE07=C:BELØB=3:SÆSON=SÆSON,2009-02-01,36870.0
DST:FIKS22:BRANCHE07=C:BELØB=3:SÆSON=SÆSON,2009-03-01,35439.0
DST:FIKS22:BRANCHE07=C:BELØB=3:SÆSON=SÆSON,2009-04-01,34161.0
DST:FIKS22:BRANCHE07=C:BELØB=3:SÆSON=SÆSON,2009-05-01,31757.0
DST:FIKS22:BRANCHE07=C:BELØB=3:SÆSON=SÆSON,2009-06-01,33823.0
DST:FIKS22:BRANCHE07=C:BELØB=3:SÆSON=SÆSON,2009-07-01,32978.0
DST:FIKS22:BRANCHE07=C:BELØB=3:SÆSON=SÆSON,2009-08-01,32740.0
DST:FIKS22:BRANCHE07=C:BELØB=3:SÆSON=SÆSON,2009-09-01,32183.0
DST:FIKS22:BRANCHE07=C:BELØB=3:SÆSON=SÆSON,2009-10-01,35006.0
DST:FIKS22:BRANCHE07=C:BELØB=3:SÆSON=SÆSON,2009-11-01,33544.0
DST:FIKS22:BRANCHE07=C:BELØB=3:SÆSON=SÆSON,2009-12-01,30383.0
DST:FIKS22:BRANCHE07=C:BELØB=3:SÆSON=SÆSON,2010-01-01,32293.0
DST:FIKS22:BRANCHE07=C:BELØB=3:SÆSON=SÆSON,2010-02-01,33874.0
DST:FIKS22:BRANCHE07=C:BELØB=3:SÆSON=SÆSON,2010-03-01,34010.0
DST:FIKS22:BRANCHE07=C:BELØB=3:SÆSON=SÆSON,2010-04-01,34406.0
DST:FIKS22:BRANCHE07=C:BELØB=3:SÆSON=SÆSON,2010-05-01,35429.0
DST:FIKS22:BRANCHE07=C:BELØB=3:SÆSON=SÆSON,2010-06-01,35764.0
DST:FIKS22:BRANCHE07=C:BELØB=3:SÆSON=SÆSON,2010-07-01,36146.0
DST:FIKS22:BRANCHE07=C:BELØB=3:SÆSON=SÆSON,2010-08-01,37484.0
DST:FIKS22:BRANCHE07=C:BELØB=3:SÆSON=SÆSON,2010-09-01,38056.0
DST:FIKS22:BRANCHE07=C:BELØB=3:SÆSON=SÆSON,2010-10-01,38439.0
DST:FIKS22:BRANCHE07=C:BELØB=3:SÆSON=SÆSON,2010-11-01,39095.0
DST:FIKS22:BRANCHE07=C:BELØB=3:SÆSON=SÆSON,2010-12-01,39449.0
DST:FIKS22:BRANCHE07=C:BELØB=3:SÆSON=SÆSON,2011-01-01,39834.0
DST:FIKS22:BRANCHE07=C:BELØB=3:SÆSON=SÆSON,2011-02-01,41908.0
DST:FIKS22:BRANCHE07=C:BELØB=3:SÆSON=SÆSON,2011-03-01,41090.0
DST:FIKS22:BRANCHE07=C:BELØB=3:SÆSON=SÆSON,2011-04-01,41839.0
DST:FIKS22:BRANCHE07=C:BELØB=3:SÆSON=SÆSON,2011-05-01,43791.0
DST:FIKS22:BRANCHE07=C:BELØB=3:SÆSON=SÆSON,2011-06-01,42679.0
DST:FIKS22:BRANCHE07=C:BELØB=3:SÆSON=SÆSON,2011-07-01,43133.0
DST:FIKS22:BRANCHE07=C:BELØB=3:SÆSON=SÆSON,2011-08-01,43205.0
DST:FIKS22:BRANCHE07=C:BELØB=3:SÆSON=SÆSON,2011-09-01,40682.0
DST:FIKS22:BRANCHE07=C:BELØB=3:SÆSON=SÆSON,2011-10-01,42220.0
DST:FIKS22:BRANCHE07=C:BELØB=3:SÆSON=SÆSON,2011-11-01,42635.0
DST:FIKS22:BRANCHE07=C:BELØB=3:SÆSON=SÆSON,2011-12-01,44109.0
DST:FIKS22:BRANCHE07=C:BELØB=3:SÆSON=SÆSON,2012-01-01,43658.0
DST:FIKS22:BRANCHE07=C:BELØB=3:SÆSON=SÆSON,2012-02-01,42711.0
DST:FIKS22:BRANCHE07=C:BELØB=3:SÆSON=SÆSON,2012-03-01,42650.0
DST:FIKS22:BRANCHE07=C:BELØB=3:SÆSON=SÆSON,2012-04-01,45118.0
DST:FIKS22:BRANCHE07=C:BELØB=3:SÆSON=SÆSON,2012-05-01,43340.0
DST:FIKS22:BRANCHE07=C:BELØB=3:SÆSON=SÆSON,2012-06-01,42303.0
DST:FIKS22:BRANCHE07=C:BELØB=3:SÆSON=SÆSON,2012-07-01,41679.0
DST:FIKS22:BRANCHE07=C:BELØB=3:SÆSON=SÆSON,2012-08-01,41731.0
DST:FIKS22:BRANCHE07=C:BELØB=3:SÆSON=SÆSON,2012-09-01,43074.0
DST:FIKS22:BRANCHE07=C:BELØB=3:SÆSON=SÆSON,2012-10-01,43573.0
DST:FIKS22:BRANCHE07=C:BELØB=3:SÆSON=SÆSON,2012-11-01,42646.0
DST:FIKS22:BRANCHE07=C:BELØB=3:SÆSON=SÆSON,2012-12-01,43781.0
DST:FIKS22:BRANCHE07=C:BELØB=3:SÆSON=SÆSON,2013-01-01,43923.0
DST:FIKS22:BRANCHE07=C:BELØB=3:SÆSON=SÆSON,2013-02-01,43387.0
DST:FIKS22:BRANCHE07=C:BELØB=3:SÆSON=SÆSON,2013-03-01,43919.0
DST:FIKS22:BRANCHE07=C:BELØB=3:SÆSON=SÆSON,2013-04-01,43012.0
DST:FIKS22:BRANCHE07=C:BELØB=3:SÆSON=SÆSON,2013-05-01,41783.0
DST:FIKS22:BRANCHE07=C:BELØB=3:SÆSON=SÆSON,2013-06-01,42557.0
DST:FIKS22:BRANCHE07=C:BELØB=3:SÆSON=SÆSON,2013-07-01,43351.0
DST:FIKS22:BRANCHE07=C:BELØB=3:SÆSON=SÆSON,2013-08-01,41982.0
DST:FIKS22:BRANCHE07=C:BELØB=3:SÆSON=SÆSON,2013-09-01,42896.0
DST:FIKS22:BRANCHE07=C:BELØB=3:SÆSON=SÆSON,2013-10-01,44002.0
DST:FIKS22:BRANCHE07=C:BELØB=3:SÆSON=SÆSON,2013-11-01,43378.0
DST:FIKS22:BRANCHE07=C:BELØB=3:SÆSON=SÆSON,2013-12-01,42004.0
DST:FIKS22:BRANCHE07=C:BELØB=3:SÆSON=SÆSON,2014-01-01,42579.0
DST:FIKS22:BRANCHE07=C:BELØB=3:SÆSON=SÆSON,2014-02-01,45240.0
DST:FIKS22:BRANCHE07=C:BELØB=3:SÆSON=SÆSON,2014-03-01,43118.0
DST:FIKS22:BRANCHE07=C:BELØB=3:SÆSON=SÆSON,2014-04-01,43411.0
DST:FIKS22:BRANCHE07=C:BELØB=3:SÆSON=SÆSON,2014-05-01,43690.0
DST:FIKS22:BRANCHE07=C:BELØB=3:SÆSON=SÆSON,2014-06-01,44494.0
DST:FIKS22:BRANCHE07=C:BELØB=3:SÆSON=SÆSON,2014-07-01,42621.0
DST:FIKS22:BRANCHE07=C:BELØB=3:SÆSON=SÆSON,2014-08-01,44227.0
DST:FIKS22:BRANCHE07=C:BELØB=3:SÆSON=SÆSON,2014-09-01,43803.0
DST:FIKS22:BRANCHE07=C:BELØB=3:SÆSON=SÆSON,2014-10-01,42786.0
DST:FIKS22:BRANCHE07=C:BELØB=3:SÆSON=SÆSON,2014-11-01,46017.0
DST:FIKS22:BRANCHE07=C:BELØB=3:SÆSON=SÆSON,2014-12-01,41736.0
DST:FIKS22:BRANCHE07=C:BELØB=3:SÆSON=SÆSON,2015-01-01,42224.0
DST:FIKS22:BRANCHE07=C:BELØB=3:SÆSON=SÆSON,2015-02-01,42990.0
DST:FIKS22:BRANCHE07=C:BELØB=3:SÆSON=SÆSON,2015-03-01,43915.0
DST:FIKS22:BRANCHE07=C:BELØB=3:SÆSON=SÆSON,2015-04-01,45214.0
DST:FIKS22:BRANCHE07=C:BELØB=3:SÆSON=SÆSON,2015-05-01,44751.0
DST:FIKS22:BRANCHE07=C:BELØB=3:SÆSON=SÆSON,2015-06-01,44354.0
DST:FIKS22:BRANCHE07=C:BELØB=3:SÆSON=SÆSON,2015-07-01,45516.0
DST:FIKS22:BRANCHE07=C:BELØB=3:SÆSON=SÆSON,2015-08-01,46098.0
DST:FIKS22:BRANCHE07=C:BELØB=3:SÆSON=SÆSON,2015-09-01,45056.0
DST:FIKS22:BRANCHE07=C:BELØB=3:SÆSON=SÆSON,2015-10-01,43372.0
DST:FIKS22:BRANCHE07=C:BELØB=3:SÆSON=SÆSON,2015-11-01,44477.0
DST:FIKS22:BRANCHE07=C:BELØB=3:SÆSON=SÆSON,2015-12-01,44473.0
DST:FIKS22:BRANCHE07=C:BELØB=3:SÆSON=SÆSON,2016-01-01,44759.0
DST:FIKS22:BRANCHE07=C:BELØB=3:SÆSON=SÆSON,2016-02-01,44658.0
DST:FIKS22:BRANCHE07=C:BELØB=3:SÆSON=SÆSON,2016-03-01,44524.0
DST:FIKS22:BRANCHE07=C:BELØB=3:SÆSON=SÆSON,2016-04-01,42976.0
DST:FIKS22:BRANCHE07=C:BELØB=3:SÆSON=SÆSON,2016-05-01,43758.0
DST:FIKS22:BRANCHE07=C:BELØB=3:SÆSON=SÆSON,2016-06-01,46473.0
DST:FIKS22:BRANCHE07=C:BELØB=3:SÆSON=SÆSON,2016-07-01,42592.0
DST:FIKS22:BRANCHE07=C:BELØB=3:SÆSON=SÆSON,2016-08-01,45386.0
DST:FIKS22:BRANCHE07=C:BELØB=3:SÆSON=SÆSON,2016-09-01,45948.0
DST:FIKS22:BRANCHE07=C:BELØB=3:SÆSON=SÆSON,2016-10-01,44448.0
DST:FIKS22:BRANCHE07=C:BELØB=3:SÆSON=SÆSON,2016-11-01,56613.0
DST:FIKS22:BRANCHE07=C:BELØB=3:SÆSON=SÆSON,2016-12-01,46810.0
DST:FIKS22:BRANCHE07=C:BELØB=3:SÆSON=SÆSON,2017-01-01,45402.0
DST:FIKS22:BRANCHE07=C:BELØB=3:SÆSON=SÆSON,2017-02-01,46428.0
DST:FIKS22:BRANCHE07=C:BELØB=3:SÆSON=SÆSON,2017-03-01,46753.0
DST:FIKS22:BRANCHE07=C:BELØB=3:SÆSON=SÆSON,2017-04-01,45951.0
DST:FIKS22:BRANCHE07=C:BELØB=3:SÆSON=SÆSON,2017-05-01,46687.0
DST:FIKS22:BRANCHE07=C:BELØB=3:SÆSON=SÆSON,2017-06-01,48032.0
DST:FIKS22:BRANCHE07=C:BELØB=3:SÆSON=SÆSON,2017-07-01,48697.0
DST:FIKS22:BRANCHE07=C:BELØB=3:SÆSON=SÆSON,2017-08-01,47287.0
DST:FIKS22:BRANCHE07=C:BELØB=3:SÆSON=SÆSON,2017-09-01,47014.0
DST:FIKS22:BRANCHE07=C:BELØB=3:SÆSON=SÆSON,2017-10-01,49545.0
DST:FIKS22:BRANCHE07=C:BELØB=3:SÆSON=SÆSON,2017-11-01,47568.0
DST:FIKS22:BRANCHE07=C:BELØB=3:SÆSON=SÆSON,2017-12-01,48551.0
DST:FIKS22:BRANCHE07=C:BELØB=3:SÆSON=SÆSON,2018-01-01,48851.0
DST:FIKS22:BRANCHE07=C:BELØB=3:SÆSON=SÆSON,2018-02-01,46394.0
DST:FIKS22:BRANCHE07=C:BELØB=3:SÆSON=SÆSON,2018-03-01,46280.0
DST:FIKS22:BRANCHE07=C:BELØB=3:SÆSON=SÆSON,2018-04-01,48648.0
DST:FIKS22:BRANCHE07=C:BELØB=3:SÆSON=SÆSON,2018-05-01,47974.0
DST:FIKS22:BRANCHE07=C:BELØB=3:SÆSON=SÆSON,2018-06-01,48099.0
DST:FIKS22:BRANCHE07=C:BELØB=3:SÆSON=SÆSON,2018-07-01,49477.0
DST:FIKS22:BRANCHE07=C:BELØB=3:SÆSON=SÆSON,2018-08-01,49036.0
DST:FIKS22:BRANCHE07=C:BELØB=3:SÆSON=SÆSON,2018-09-01,46861.0
DST:FIKS22:BRANCHE07=C:BELØB=3:SÆSON=SÆSON,2018-10-01,49597.0
DST:FIKS22:BRANCHE07=C:BELØB=3:SÆSON=SÆSON,2018-11-01,49682.0
DST:FIKS22:BRANCHE07=C:BELØB=3:SÆSON=SÆSON,2018-12-01,47260.0
DST:FIKS22:BRANCHE07=C:BELØB=3:SÆSON=SÆSON,2019-01-01,52038.0
DST:FIKS22:BRANCHE07=C:BELØB=3:SÆSON=SÆSON,2019-02-01,50176.0
DST:FIKS22:BRANCHE07=C:BELØB=3:SÆSON=SÆSON,2019-03-01,49235.0
DST:FIKS22:BRANCHE07=C:BELØB=3:SÆSON=SÆSON,2019-04-01,49978.0
DST:FIKS22:BRANCHE07=C:BELØB=3:SÆSON=SÆSON,2019-05-01,49510.0
DST:FIKS22:BRANCHE07=C:BELØB=3:SÆSON=SÆSON,2019-06-01,49908.0
DST:FIKS22:BRANCHE07=C:BELØB=3:SÆSON=SÆSON,2019-07-01,51980.0
DST:FIKS22:BRANCHE07=C:BELØB=3:SÆSON=SÆSON,2019-08-01,48670.0
DST:FIKS22:BRANCHE07=C:BELØB=3:SÆSON=SÆSON,2019-09-01,50088.0
DST:FIKS22:BRANCHE07=C:BELØB=3:SÆSON=SÆSON,2019-10-01,51111.0
DST:FIKS22:BRANCHE07=C:BELØB=3:SÆSON=SÆSON,2019-11-01,49875.0
DST:FIKS22:BRANCHE07=C:BELØB=3:SÆSON=SÆSON,2019-12-01,53459.0
DST:FIKS22:BRANCHE07=C:BELØB=3:SÆSON=SÆSON,2020-01-01,53307.0
DST:FIKS22:BRANCHE07=C:BELØB=3:SÆSON=SÆSON,2020-02-01,50626.0
DST:FIKS22:BRANCHE07=C:BELØB=3:SÆSON=SÆSON,2020-03-01,51484.0
DST:FIKS22:BRANCHE07=C:BELØB=3:SÆSON=SÆSON,2020-04-01,47781.0
DST:FIKS22:BRANCHE07=C:BELØB=3:SÆSON=SÆSON,2020-05-01,50127.0
DST:FIKS22:BRANCHE07=C:BELØB=3:SÆSON=SÆSON,2020-06-01,49201.0
DST:FIKS22:BRANCHE07=C:BELØB=3:SÆSON=SÆSON,2020-07-01,47760.0
DST:FIKS22:BRANCHE07=C:BELØB=3:SÆSON=SÆSON,2020-08-01,49836.0
DST:FIKS22:BRANCHE07=C:BELØB=3:SÆSON=SÆSON,2020-09-01,49318.0
DST:FIKS22:BRANCHE07=C:BELØB=3:SÆSON=SÆSON,2020-10-01,48261.0
DST:FIKS22:BRANCHE07=C:BELØB=3:SÆSON=SÆSON,2020-11-01,51098.0
DST:FIKS22:BRANCHE07=C:BELØB=3:SÆSON=SÆSON,2020-12-01,48107.0
DST:FIKS22:BRANCHE07=C:BELØB=3:SÆSON=SÆSON,2021-01-01,48469.0
DST:FIKS22:BRANCHE07=C:BELØB=3:SÆSON=SÆSON,2021-02-01,50928.0
DST:FIKS22:BRANCHE07=C:BELØB=3:SÆSON=SÆSON,2021-03-01,51488.0
DST:FIKS22:BRANCHE07=C:BELØB=3:SÆSON=SÆSON,2021-04-01,52845.0
DST:FIKS22:BRANCHE07=C:BELØB=3:SÆSON=SÆSON,2021-05-01,54228.0
DST:FIKS22:BRANCHE07=C:BELØB=3:SÆSON=SÆSON,2021-06-01,53854.0
DST:FIKS22:BRANCHE07=C:BELØB=3:SÆSON=SÆSON,2021-07-01,56124.0
DST:FIKS22:BRANCHE07=C:BELØB=3:SÆSON=SÆSON,2021-08-01,55537.0
DST:FIKS22:BRANCHE07=C:BELØB=3:SÆSON=SÆSON,2021-09-01,56718.0
DST:FIKS22:BRANCHE07=C:BELØB=3:SÆSON=SÆSON,2021-10-01,59292.0
DST:FIKS22:BRANCHE07=C:BELØB=3:SÆSON=SÆSON,2021-11-01,59470.0
DST:FIKS22:BRANCHE07=C:BELØB=3:SÆSON=SÆSON,2021-12-01,59674.0
DST:FIKS22:BRANCHE07=C:BELØB=3:SÆSON=SÆSON,2022-01-01,59504.0
DST:FIKS22:BRANCHE07=C:BELØB=3:SÆSON=SÆSON,2022-02-01,71064.0
DST:FIKS22:BRANCHE07=C:BELØB=3:SÆSON=SÆSON,2022-03-01,78769.0
DST:FIKS22:BRANCHE07=C:BELØB=3:SÆSON=SÆSON,2022-04-01,76410.0
DST:FIKS22:BRANCHE07=C:BELØB=3:SÆSON=SÆSON,2022-05-01,76055.0
DST:FIKS22:BRANCHE07=C:BELØB=3:SÆSON=SÆSON,2022-06-01,76523.0
DST:FIKS22:BRANCHE07=C:BELØB=3:SÆSON=SÆSON,2022-07-01,76397.0
DST:FIKS22:BRANCHE07=C:BELØB=3:SÆSON=SÆSON,2022-08-01,77731.0
DST:FIKS22:BRANCHE07=C:BELØB=3:SÆSON=SÆSON,2022-09-01,76954.0
DST:FIKS22:BRANCHE07=C:BELØB=3:SÆSON=SÆSON,2022-10-01,72125.0
DST:FIKS22:BRANCHE07=C:BELØB=3:SÆSON=SÆSON,2022-11-01,89307.0
DST:FIKS22:BRANCHE07=C:BELØB=3:SÆSON=SÆSON,2022-12-01,74367.0
DST:FIKS22:BRANCHE07=C:BELØB=3:SÆSON=SÆSON,2023-01-01,68131.0
DST:FIKS22:BRANCHE07=C:BELØB=3:SÆSON=SÆSON,2023-02-01,72338.0
DST:FIKS22:BRANCHE07=C:BELØB=3:SÆSON=SÆSON,2023-03-01,71672.0
DST:FIKS22:BRANCHE07=C:BELØB=3:SÆSON=SÆSON,2023-04-01,72347.0
DST:FIKS22:BRANCHE07=C:BELØB=3:SÆSON=SÆSON,2023-05-01,70982.0
DST:FIKS22:BRANCHE07=C:BELØB=3:SÆSON=SÆSON,2023-06-01,68513.0
DST:FIKS22:BRANCHE07=C:BELØB=3:SÆSON=SÆSON,2023-07-01,67090.0
DST:FIKS22:BRANCHE07=C:BELØB=3:SÆSON=SÆSON,2023-08-01,69324.0
DST:FIKS22:BRANCHE07=C:BELØB=3:SÆSON=SÆSON,2023-09-01,70802.0
DST:FIKS22:BRANCHE07=C:BELØB=3:SÆSON=SÆSON,2023-10-01,68642.0
DST:FIKS22:BRANCHE07=C:BELØB=3:SÆSON=SÆSON,2023-11-01,68976.0
DST:FIKS22:BRANCHE07=C:BELØB=3:SÆSON=SÆSON,2023-12-01,70290.0
DST:FIKS22:BRANCHE07=C:BELØB=3:SÆSON=SÆSON,2024-01-01,69467.0
DST:FIKS22:BRANCHE07=C:BELØB=3:SÆSON=SÆSON,2024-02-01,70028.0
DST:FIKS22:BRANCHE07=C:BELØB=3:SÆSON=SÆSON,2024-03-01,70808.0
DST:FIKS22:BRANCHE07=C:BELØB=3:SÆSON=SÆSON,2024-04-01,70908.0
DST:FIKS22:BRANCHE07=C:BELØB=3:SÆSON=SÆSON,2024-05-01,71803.0
DST:FIKS22:BRANCHE07=C:BELØB=3:SÆSON=SÆSON,2024-06-01,73162.0
DST:FIKS22:BRANCHE07=C:BELØB=3:SÆSON=SÆSON,2024-07-01,73772.0
DST:FIKS22:BRANCHE07=C:BELØB=3:SÆSON=SÆSON,2024-08-01,71961.0
DST:FIKS22:BRANCHE07=C:BELØB=3:SÆSON=SÆSON,2024-09-01,70492.0
DST:FIKS22:BRANCHE07=C:BELØB=3:SÆSON=SÆSON,2024-10-01,72526.0
DST:FIKS22:BRANCHE07=C:BELØB=3:SÆSON=SÆSON,2024-11-01,71807.0
DST:FIKS22:BRANCHE07=C:BELØB=3:SÆSON=SÆSON,2024-12-01,71181.0
DST:FIKS22:BRANCHE07=C:BELØB=3:SÆSON=SÆSON,2025-01-01,77649.0
DST:FIKS22:BRANCHE07=C:BELØB=3:SÆSON=SÆSON,2025-02-01,76620.0
DST:FIKS22:BRANCHE07=C:BELØB=3:SÆSON=SÆSON,2025-03-01,75034.0
DST:FIKS22:BRANCHE07=C:BELØB=3:SÆSON=SÆSON,2025-04-01,72685.0
DST:FIKS22:BRANCHE07=C:BELØB=3:SÆSON=SÆSON,2025-05-01,71660.0
DST:FIKS22:BRANCHE07=C:BELØB=3:SÆSON=SÆSON,2025-06-01,75590.0
DST:FIKS22:BRANCHE07=C:BELØB=3:SÆSON=SÆSON,2025-07-01,95639.0
DST:FIKS22:BRANCHE07=C:BELØB=3:SÆSON=SÆSON,2025-08-01,84170.0
DST:FIKS22:BRANCHE07=C:BELØB=3:SÆSON=SÆSON,2025-09-01,90943.0
DST:FIKS22:BRANCHE07=C:BELØB=3:SÆSON=SÆSON,2025-10-01,102512.0
DST:FIKS22:BRANCHE07=C:BELØB=3:SÆSON=SÆSON,2025-11-01,79296.0
DST:FIKS22:BRANCHE07=C:BELØB=3:SÆSON=SÆSON,2025-12-01,78040.0
DST:FIKS22:BRANCHE07=C:BELØB=3:SÆSON=SÆSON,2026-01-01,76884.0
DST:FIKS22:BRANCHE07=C:BELØB=3:SÆSON=SÆSON,2026-02-01,72522.0
DST:FIKS22:BRANCHE07=C:BELØB=3:SÆSON=SÆSON,2026-03-01,72739.0
DST:FIKS22:BRANCHE07=C:BELØB=4:SÆSON=EJSÆSON,2009-01-01,47132.0
DST:FIKS22:BRANCHE07=C:BELØB=4:SÆSON=EJSÆSON,2009-02-01,47211.0
DST:FIKS22:BRANCHE07=C:BELØB=4:SÆSON=EJSÆSON,2009-03-01,54212.0
DST:FIKS22:BRANCHE07=C:BELØB=4:SÆSON=EJSÆSON,2009-04-01,48655.0
DST:FIKS22:BRANCHE07=C:BELØB=4:SÆSON=EJSÆSON,2009-05-01,47020.0
DST:FIKS22:BRANCHE07=C:BELØB=4:SÆSON=EJSÆSON,2009-06-01,52620.0
DST:FIKS22:BRANCHE07=C:BELØB=4:SÆSON=EJSÆSON,2009-07-01,46645.0
DST:FIKS22:BRANCHE07=C:BELØB=4:SÆSON=EJSÆSON,2009-08-01,48415.0
DST:FIKS22:BRANCHE07=C:BELØB=4:SÆSON=EJSÆSON,2009-09-01,54224.0
DST:FIKS22:BRANCHE07=C:BELØB=4:SÆSON=EJSÆSON,2009-10-01,51748.0
DST:FIKS22:BRANCHE07=C:BELØB=4:SÆSON=EJSÆSON,2009-11-01,51992.0
DST:FIKS22:BRANCHE07=C:BELØB=4:SÆSON=EJSÆSON,2009-12-01,49016.0
DST:FIKS22:BRANCHE07=C:BELØB=4:SÆSON=EJSÆSON,2010-01-01,40235.0
DST:FIKS22:BRANCHE07=C:BELØB=4:SÆSON=EJSÆSON,2010-02-01,42330.0
DST:FIKS22:BRANCHE07=C:BELØB=4:SÆSON=EJSÆSON,2010-03-01,54800.0
DST:FIKS22:BRANCHE07=C:BELØB=4:SÆSON=EJSÆSON,2010-04-01,45715.0
DST:FIKS22:BRANCHE07=C:BELØB=4:SÆSON=EJSÆSON,2010-05-01,49208.0
DST:FIKS22:BRANCHE07=C:BELØB=4:SÆSON=EJSÆSON,2010-06-01,57385.0
DST:FIKS22:BRANCHE07=C:BELØB=4:SÆSON=EJSÆSON,2010-07-01,49468.0
DST:FIKS22:BRANCHE07=C:BELØB=4:SÆSON=EJSÆSON,2010-08-01,52086.0
DST:FIKS22:BRANCHE07=C:BELØB=4:SÆSON=EJSÆSON,2010-09-01,61619.0
DST:FIKS22:BRANCHE07=C:BELØB=4:SÆSON=EJSÆSON,2010-10-01,53977.0
DST:FIKS22:BRANCHE07=C:BELØB=4:SÆSON=EJSÆSON,2010-11-01,57027.0
DST:FIKS22:BRANCHE07=C:BELØB=4:SÆSON=EJSÆSON,2010-12-01,57141.0
DST:FIKS22:BRANCHE07=C:BELØB=4:SÆSON=EJSÆSON,2011-01-01,48044.0
DST:FIKS22:BRANCHE07=C:BELØB=4:SÆSON=EJSÆSON,2011-02-01,51404.0
DST:FIKS22:BRANCHE07=C:BELØB=4:SÆSON=EJSÆSON,2011-03-01,60875.0
DST:FIKS22:BRANCHE07=C:BELØB=4:SÆSON=EJSÆSON,2011-04-01,55671.0
DST:FIKS22:BRANCHE07=C:BELØB=4:SÆSON=EJSÆSON,2011-05-01,60643.0
DST:FIKS22:BRANCHE07=C:BELØB=4:SÆSON=EJSÆSON,2011-06-01,62800.0
DST:FIKS22:BRANCHE07=C:BELØB=4:SÆSON=EJSÆSON,2011-07-01,50968.0
DST:FIKS22:BRANCHE07=C:BELØB=4:SÆSON=EJSÆSON,2011-08-01,59170.0
DST:FIKS22:BRANCHE07=C:BELØB=4:SÆSON=EJSÆSON,2011-09-01,64586.0
DST:FIKS22:BRANCHE07=C:BELØB=4:SÆSON=EJSÆSON,2011-10-01,59010.0
DST:FIKS22:BRANCHE07=C:BELØB=4:SÆSON=EJSÆSON,2011-11-01,61784.0
DST:FIKS22:BRANCHE07=C:BELØB=4:SÆSON=EJSÆSON,2011-12-01,62464.0
DST:FIKS22:BRANCHE07=C:BELØB=4:SÆSON=EJSÆSON,2012-01-01,53092.0
DST:FIKS22:BRANCHE07=C:BELØB=4:SÆSON=EJSÆSON,2012-02-01,54584.0
DST:FIKS22:BRANCHE07=C:BELØB=4:SÆSON=EJSÆSON,2012-03-01,62925.0
DST:FIKS22:BRANCHE07=C:BELØB=4:SÆSON=EJSÆSON,2012-04-01,56921.0
DST:FIKS22:BRANCHE07=C:BELØB=4:SÆSON=EJSÆSON,2012-05-01,60529.0
DST:FIKS22:BRANCHE07=C:BELØB=4:SÆSON=EJSÆSON,2012-06-01,63702.0
DST:FIKS22:BRANCHE07=C:BELØB=4:SÆSON=EJSÆSON,2012-07-01,54205.0
DST:FIKS22:BRANCHE07=C:BELØB=4:SÆSON=EJSÆSON,2012-08-01,62196.0
DST:FIKS22:BRANCHE07=C:BELØB=4:SÆSON=EJSÆSON,2012-09-01,60818.0
DST:FIKS22:BRANCHE07=C:BELØB=4:SÆSON=EJSÆSON,2012-10-01,63872.0
DST:FIKS22:BRANCHE07=C:BELØB=4:SÆSON=EJSÆSON,2012-11-01,64294.0
DST:FIKS22:BRANCHE07=C:BELØB=4:SÆSON=EJSÆSON,2012-12-01,58766.0
DST:FIKS22:BRANCHE07=C:BELØB=4:SÆSON=EJSÆSON,2013-01-01,56411.0
DST:FIKS22:BRANCHE07=C:BELØB=4:SÆSON=EJSÆSON,2013-02-01,50224.0
DST:FIKS22:BRANCHE07=C:BELØB=4:SÆSON=EJSÆSON,2013-03-01,58304.0
DST:FIKS22:BRANCHE07=C:BELØB=4:SÆSON=EJSÆSON,2013-04-01,57303.0
DST:FIKS22:BRANCHE07=C:BELØB=4:SÆSON=EJSÆSON,2013-05-01,59989.0
DST:FIKS22:BRANCHE07=C:BELØB=4:SÆSON=EJSÆSON,2013-06-01,60710.0
DST:FIKS22:BRANCHE07=C:BELØB=4:SÆSON=EJSÆSON,2013-07-01,55486.0
DST:FIKS22:BRANCHE07=C:BELØB=4:SÆSON=EJSÆSON,2013-08-01,61163.0
DST:FIKS22:BRANCHE07=C:BELØB=4:SÆSON=EJSÆSON,2013-09-01,61710.0
DST:FIKS22:BRANCHE07=C:BELØB=4:SÆSON=EJSÆSON,2013-10-01,63939.0
DST:FIKS22:BRANCHE07=C:BELØB=4:SÆSON=EJSÆSON,2013-11-01,60522.0
DST:FIKS22:BRANCHE07=C:BELØB=4:SÆSON=EJSÆSON,2013-12-01,57941.0
DST:FIKS22:BRANCHE07=C:BELØB=4:SÆSON=EJSÆSON,2014-01-01,55079.0
DST:FIKS22:BRANCHE07=C:BELØB=4:SÆSON=EJSÆSON,2014-02-01,53880.0
DST:FIKS22:BRANCHE07=C:BELØB=4:SÆSON=EJSÆSON,2014-03-01,62909.0
DST:FIKS22:BRANCHE07=C:BELØB=4:SÆSON=EJSÆSON,2014-04-01,56998.0
DST:FIKS22:BRANCHE07=C:BELØB=4:SÆSON=EJSÆSON,2014-05-01,59802.0
DST:FIKS22:BRANCHE07=C:BELØB=4:SÆSON=EJSÆSON,2014-06-01,63094.0
DST:FIKS22:BRANCHE07=C:BELØB=4:SÆSON=EJSÆSON,2014-07-01,56344.0
DST:FIKS22:BRANCHE07=C:BELØB=4:SÆSON=EJSÆSON,2014-08-01,57616.0
DST:FIKS22:BRANCHE07=C:BELØB=4:SÆSON=EJSÆSON,2014-09-01,65906.0
DST:FIKS22:BRANCHE07=C:BELØB=4:SÆSON=EJSÆSON,2014-10-01,64536.0
DST:FIKS22:BRANCHE07=C:BELØB=4:SÆSON=EJSÆSON,2014-11-01,59894.0
DST:FIKS22:BRANCHE07=C:BELØB=4:SÆSON=EJSÆSON,2014-12-01,60443.0
DST:FIKS22:BRANCHE07=C:BELØB=4:SÆSON=EJSÆSON,2015-01-01,53881.0
DST:FIKS22:BRANCHE07=C:BELØB=4:SÆSON=EJSÆSON,2015-02-01,53916.0
DST:FIKS22:BRANCHE07=C:BELØB=4:SÆSON=EJSÆSON,2015-03-01,66137.0
DST:FIKS22:BRANCHE07=C:BELØB=4:SÆSON=EJSÆSON,2015-04-01,60319.0
DST:FIKS22:BRANCHE07=C:BELØB=4:SÆSON=EJSÆSON,2015-05-01,57163.0
DST:FIKS22:BRANCHE07=C:BELØB=4:SÆSON=EJSÆSON,2015-06-01,66675.0
DST:FIKS22:BRANCHE07=C:BELØB=4:SÆSON=EJSÆSON,2015-07-01,55896.0
DST:FIKS22:BRANCHE07=C:BELØB=4:SÆSON=EJSÆSON,2015-08-01,58914.0
DST:FIKS22:BRANCHE07=C:BELØB=4:SÆSON=EJSÆSON,2015-09-01,67967.0
DST:FIKS22:BRANCHE07=C:BELØB=4:SÆSON=EJSÆSON,2015-10-01,63715.0
DST:FIKS22:BRANCHE07=C:BELØB=4:SÆSON=EJSÆSON,2015-11-01,62501.0
DST:FIKS22:BRANCHE07=C:BELØB=4:SÆSON=EJSÆSON,2015-12-01,63440.0
DST:FIKS22:BRANCHE07=C:BELØB=4:SÆSON=EJSÆSON,2016-01-01,56317.0
DST:FIKS22:BRANCHE07=C:BELØB=4:SÆSON=EJSÆSON,2016-02-01,59520.0
DST:FIKS22:BRANCHE07=C:BELØB=4:SÆSON=EJSÆSON,2016-03-01,62134.0
DST:FIKS22:BRANCHE07=C:BELØB=4:SÆSON=EJSÆSON,2016-04-01,60355.0
DST:FIKS22:BRANCHE07=C:BELØB=4:SÆSON=EJSÆSON,2016-05-01,62050.0
DST:FIKS22:BRANCHE07=C:BELØB=4:SÆSON=EJSÆSON,2016-06-01,69704.0
DST:FIKS22:BRANCHE07=C:BELØB=4:SÆSON=EJSÆSON,2016-07-01,55969.0
DST:FIKS22:BRANCHE07=C:BELØB=4:SÆSON=EJSÆSON,2016-08-01,65725.0
DST:FIKS22:BRANCHE07=C:BELØB=4:SÆSON=EJSÆSON,2016-09-01,69331.0
DST:FIKS22:BRANCHE07=C:BELØB=4:SÆSON=EJSÆSON,2016-10-01,63724.0
DST:FIKS22:BRANCHE07=C:BELØB=4:SÆSON=EJSÆSON,2016-11-01,65866.0
DST:FIKS22:BRANCHE07=C:BELØB=4:SÆSON=EJSÆSON,2016-12-01,69321.0
DST:FIKS22:BRANCHE07=C:BELØB=4:SÆSON=EJSÆSON,2017-01-01,60136.0
DST:FIKS22:BRANCHE07=C:BELØB=4:SÆSON=EJSÆSON,2017-02-01,56670.0
DST:FIKS22:BRANCHE07=C:BELØB=4:SÆSON=EJSÆSON,2017-03-01,71705.0
DST:FIKS22:BRANCHE07=C:BELØB=4:SÆSON=EJSÆSON,2017-04-01,57747.0
DST:FIKS22:BRANCHE07=C:BELØB=4:SÆSON=EJSÆSON,2017-05-01,64471.0
DST:FIKS22:BRANCHE07=C:BELØB=4:SÆSON=EJSÆSON,2017-06-01,70853.0
DST:FIKS22:BRANCHE07=C:BELØB=4:SÆSON=EJSÆSON,2017-07-01,54065.0
DST:FIKS22:BRANCHE07=C:BELØB=4:SÆSON=EJSÆSON,2017-08-01,66370.0
DST:FIKS22:BRANCHE07=C:BELØB=4:SÆSON=EJSÆSON,2017-09-01,67639.0
DST:FIKS22:BRANCHE07=C:BELØB=4:SÆSON=EJSÆSON,2017-10-01,65520.0
DST:FIKS22:BRANCHE07=C:BELØB=4:SÆSON=EJSÆSON,2017-11-01,66540.0
DST:FIKS22:BRANCHE07=C:BELØB=4:SÆSON=EJSÆSON,2017-12-01,64620.0
DST:FIKS22:BRANCHE07=C:BELØB=4:SÆSON=EJSÆSON,2018-01-01,60153.0
DST:FIKS22:BRANCHE07=C:BELØB=4:SÆSON=EJSÆSON,2018-02-01,57417.0
DST:FIKS22:BRANCHE07=C:BELØB=4:SÆSON=EJSÆSON,2018-03-01,64345.0
DST:FIKS22:BRANCHE07=C:BELØB=4:SÆSON=EJSÆSON,2018-04-01,59026.0
DST:FIKS22:BRANCHE07=C:BELØB=4:SÆSON=EJSÆSON,2018-05-01,65654.0
DST:FIKS22:BRANCHE07=C:BELØB=4:SÆSON=EJSÆSON,2018-06-01,67585.0
DST:FIKS22:BRANCHE07=C:BELØB=4:SÆSON=EJSÆSON,2018-07-01,55399.0
DST:FIKS22:BRANCHE07=C:BELØB=4:SÆSON=EJSÆSON,2018-08-01,67393.0
DST:FIKS22:BRANCHE07=C:BELØB=4:SÆSON=EJSÆSON,2018-09-01,66023.0
DST:FIKS22:BRANCHE07=C:BELØB=4:SÆSON=EJSÆSON,2018-10-01,68402.0
DST:FIKS22:BRANCHE07=C:BELØB=4:SÆSON=EJSÆSON,2018-11-01,67692.0
DST:FIKS22:BRANCHE07=C:BELØB=4:SÆSON=EJSÆSON,2018-12-01,68732.0
DST:FIKS22:BRANCHE07=C:BELØB=4:SÆSON=EJSÆSON,2019-01-01,63572.0
DST:FIKS22:BRANCHE07=C:BELØB=4:SÆSON=EJSÆSON,2019-02-01,60073.0
DST:FIKS22:BRANCHE07=C:BELØB=4:SÆSON=EJSÆSON,2019-03-01,65144.0
DST:FIKS22:BRANCHE07=C:BELØB=4:SÆSON=EJSÆSON,2019-04-01,66856.0
DST:FIKS22:BRANCHE07=C:BELØB=4:SÆSON=EJSÆSON,2019-05-01,69169.0
DST:FIKS22:BRANCHE07=C:BELØB=4:SÆSON=EJSÆSON,2019-06-01,64899.0
DST:FIKS22:BRANCHE07=C:BELØB=4:SÆSON=EJSÆSON,2019-07-01,64397.0
DST:FIKS22:BRANCHE07=C:BELØB=4:SÆSON=EJSÆSON,2019-08-01,68415.0
DST:FIKS22:BRANCHE07=C:BELØB=4:SÆSON=EJSÆSON,2019-09-01,73822.0
DST:FIKS22:BRANCHE07=C:BELØB=4:SÆSON=EJSÆSON,2019-10-01,77844.0
DST:FIKS22:BRANCHE07=C:BELØB=4:SÆSON=EJSÆSON,2019-11-01,70426.0
DST:FIKS22:BRANCHE07=C:BELØB=4:SÆSON=EJSÆSON,2019-12-01,67424.0
DST:FIKS22:BRANCHE07=C:BELØB=4:SÆSON=EJSÆSON,2020-01-01,73143.0
DST:FIKS22:BRANCHE07=C:BELØB=4:SÆSON=EJSÆSON,2020-02-01,64038.0
DST:FIKS22:BRANCHE07=C:BELØB=4:SÆSON=EJSÆSON,2020-03-01,75341.0
DST:FIKS22:BRANCHE07=C:BELØB=4:SÆSON=EJSÆSON,2020-04-01,61870.0
DST:FIKS22:BRANCHE07=C:BELØB=4:SÆSON=EJSÆSON,2020-05-01,62684.0
DST:FIKS22:BRANCHE07=C:BELØB=4:SÆSON=EJSÆSON,2020-06-01,73108.0
DST:FIKS22:BRANCHE07=C:BELØB=4:SÆSON=EJSÆSON,2020-07-01,60656.0
DST:FIKS22:BRANCHE07=C:BELØB=4:SÆSON=EJSÆSON,2020-08-01,61109.0
DST:FIKS22:BRANCHE07=C:BELØB=4:SÆSON=EJSÆSON,2020-09-01,72182.0
DST:FIKS22:BRANCHE07=C:BELØB=4:SÆSON=EJSÆSON,2020-10-01,67620.0
DST:FIKS22:BRANCHE07=C:BELØB=4:SÆSON=EJSÆSON,2020-11-01,67672.0
DST:FIKS22:BRANCHE07=C:BELØB=4:SÆSON=EJSÆSON,2020-12-01,74109.0
DST:FIKS22:BRANCHE07=C:BELØB=4:SÆSON=EJSÆSON,2021-01-01,60230.0
DST:FIKS22:BRANCHE07=C:BELØB=4:SÆSON=EJSÆSON,2021-02-01,61234.0
DST:FIKS22:BRANCHE07=C:BELØB=4:SÆSON=EJSÆSON,2021-03-01,80476.0
DST:FIKS22:BRANCHE07=C:BELØB=4:SÆSON=EJSÆSON,2021-04-01,68214.0
DST:FIKS22:BRANCHE07=C:BELØB=4:SÆSON=EJSÆSON,2021-05-01,73329.0
DST:FIKS22:BRANCHE07=C:BELØB=4:SÆSON=EJSÆSON,2021-06-01,81529.0
DST:FIKS22:BRANCHE07=C:BELØB=4:SÆSON=EJSÆSON,2021-07-01,68069.0
DST:FIKS22:BRANCHE07=C:BELØB=4:SÆSON=EJSÆSON,2021-08-01,68849.0
DST:FIKS22:BRANCHE07=C:BELØB=4:SÆSON=EJSÆSON,2021-09-01,80553.0
DST:FIKS22:BRANCHE07=C:BELØB=4:SÆSON=EJSÆSON,2021-10-01,76118.0
DST:FIKS22:BRANCHE07=C:BELØB=4:SÆSON=EJSÆSON,2021-11-01,84020.0
DST:FIKS22:BRANCHE07=C:BELØB=4:SÆSON=EJSÆSON,2021-12-01,82358.0
DST:FIKS22:BRANCHE07=C:BELØB=4:SÆSON=EJSÆSON,2022-01-01,76460.0
DST:FIKS22:BRANCHE07=C:BELØB=4:SÆSON=EJSÆSON,2022-02-01,81423.0
DST:FIKS22:BRANCHE07=C:BELØB=4:SÆSON=EJSÆSON,2022-03-01,97771.0
DST:FIKS22:BRANCHE07=C:BELØB=4:SÆSON=EJSÆSON,2022-04-01,85442.0
DST:FIKS22:BRANCHE07=C:BELØB=4:SÆSON=EJSÆSON,2022-05-01,94352.0
DST:FIKS22:BRANCHE07=C:BELØB=4:SÆSON=EJSÆSON,2022-06-01,98255.0
DST:FIKS22:BRANCHE07=C:BELØB=4:SÆSON=EJSÆSON,2022-07-01,82029.0
DST:FIKS22:BRANCHE07=C:BELØB=4:SÆSON=EJSÆSON,2022-08-01,95050.0
DST:FIKS22:BRANCHE07=C:BELØB=4:SÆSON=EJSÆSON,2022-09-01,99101.0
DST:FIKS22:BRANCHE07=C:BELØB=4:SÆSON=EJSÆSON,2022-10-01,90311.0
DST:FIKS22:BRANCHE07=C:BELØB=4:SÆSON=EJSÆSON,2022-11-01,93488.0
DST:FIKS22:BRANCHE07=C:BELØB=4:SÆSON=EJSÆSON,2022-12-01,98614.0
DST:FIKS22:BRANCHE07=C:BELØB=4:SÆSON=EJSÆSON,2023-01-01,89347.0
DST:FIKS22:BRANCHE07=C:BELØB=4:SÆSON=EJSÆSON,2023-02-01,84030.0
DST:FIKS22:BRANCHE07=C:BELØB=4:SÆSON=EJSÆSON,2023-03-01,101280.0
DST:FIKS22:BRANCHE07=C:BELØB=4:SÆSON=EJSÆSON,2023-04-01,79517.0
DST:FIKS22:BRANCHE07=C:BELØB=4:SÆSON=EJSÆSON,2023-05-01,87235.0
DST:FIKS22:BRANCHE07=C:BELØB=4:SÆSON=EJSÆSON,2023-06-01,96342.0
DST:FIKS22:BRANCHE07=C:BELØB=4:SÆSON=EJSÆSON,2023-07-01,72707.0
DST:FIKS22:BRANCHE07=C:BELØB=4:SÆSON=EJSÆSON,2023-08-01,85727.0
DST:FIKS22:BRANCHE07=C:BELØB=4:SÆSON=EJSÆSON,2023-09-01,91054.0
DST:FIKS22:BRANCHE07=C:BELØB=4:SÆSON=EJSÆSON,2023-10-01,85384.0
DST:FIKS22:BRANCHE07=C:BELØB=4:SÆSON=EJSÆSON,2023-11-01,90487.0
DST:FIKS22:BRANCHE07=C:BELØB=4:SÆSON=EJSÆSON,2023-12-01,94679.0
DST:FIKS22:BRANCHE07=C:BELØB=4:SÆSON=EJSÆSON,2024-01-01,82810.0
DST:FIKS22:BRANCHE07=C:BELØB=4:SÆSON=EJSÆSON,2024-02-01,81975.0
DST:FIKS22:BRANCHE07=C:BELØB=4:SÆSON=EJSÆSON,2024-03-01,86415.0
DST:FIKS22:BRANCHE07=C:BELØB=4:SÆSON=EJSÆSON,2024-04-01,88495.0
DST:FIKS22:BRANCHE07=C:BELØB=4:SÆSON=EJSÆSON,2024-05-01,88304.0
DST:FIKS22:BRANCHE07=C:BELØB=4:SÆSON=EJSÆSON,2024-06-01,91595.0
DST:FIKS22:BRANCHE07=C:BELØB=4:SÆSON=EJSÆSON,2024-07-01,82013.0
DST:FIKS22:BRANCHE07=C:BELØB=4:SÆSON=EJSÆSON,2024-08-01,87578.0
DST:FIKS22:BRANCHE07=C:BELØB=4:SÆSON=EJSÆSON,2024-09-01,91752.0
DST:FIKS22:BRANCHE07=C:BELØB=4:SÆSON=EJSÆSON,2024-10-01,99352.0
DST:FIKS22:BRANCHE07=C:BELØB=4:SÆSON=EJSÆSON,2024-11-01,97860.0
DST:FIKS22:BRANCHE07=C:BELØB=4:SÆSON=EJSÆSON,2024-12-01,102281.0
DST:FIKS22:BRANCHE07=C:BELØB=4:SÆSON=EJSÆSON,2025-01-01,93892.0
DST:FIKS22:BRANCHE07=C:BELØB=4:SÆSON=EJSÆSON,2025-02-01,89793.0
DST:FIKS22:BRANCHE07=C:BELØB=4:SÆSON=EJSÆSON,2025-03-01,97344.0
DST:FIKS22:BRANCHE07=C:BELØB=4:SÆSON=EJSÆSON,2025-04-01,88441.0
DST:FIKS22:BRANCHE07=C:BELØB=4:SÆSON=EJSÆSON,2025-05-01,92162.0
DST:FIKS22:BRANCHE07=C:BELØB=4:SÆSON=EJSÆSON,2025-06-01,95754.0
DST:FIKS22:BRANCHE07=C:BELØB=4:SÆSON=EJSÆSON,2025-07-01,92061.0
DST:FIKS22:BRANCHE07=C:BELØB=4:SÆSON=EJSÆSON,2025-08-01,97251.0
DST:FIKS22:BRANCHE07=C:BELØB=4:SÆSON=EJSÆSON,2025-09-01,101779.0
DST:FIKS22:BRANCHE07=C:BELØB=4:SÆSON=EJSÆSON,2025-10-01,96413.0
DST:FIKS22:BRANCHE07=C:BELØB=4:SÆSON=EJSÆSON,2025-11-01,98189.0
DST:FIKS22:BRANCHE07=C:BELØB=4:SÆSON=EJSÆSON,2025-12-01,97732.0
DST:FIKS22:BRANCHE07=C:BELØB=4:SÆSON=EJSÆSON,2026-01-01,92284.0
DST:FIKS22:BRANCHE07=C:BELØB=4:SÆSON=EJSÆSON,2026-02-01,82602.0
DST:FIKS22:BRANCHE07=C:BELØB=4:SÆSON=EJSÆSON,2026-03-01,108177.0
DST:FIKS22:BRANCHE07=C:BELØB=4:SÆSON=SÆSON,2009-01-01,53744.0
DST:FIKS22:BRANCHE07=C:BELØB=4:SÆSON=SÆSON,2009-02-01,52721.0
DST:FIKS22:BRANCHE07=C:BELØB=4:SÆSON=SÆSON,2009-03-01,51531.0
DST:FIKS22:BRANCHE07=C:BELØB=4:SÆSON=SÆSON,2009-04-01,49988.0
DST:FIKS22:BRANCHE07=C:BELØB=4:SÆSON=SÆSON,2009-05-01,48094.0
DST:FIKS22:BRANCHE07=C:BELØB=4:SÆSON=SÆSON,2009-06-01,48931.0
DST:FIKS22:BRANCHE07=C:BELØB=4:SÆSON=SÆSON,2009-07-01,48997.0
DST:FIKS22:BRANCHE07=C:BELØB=4:SÆSON=SÆSON,2009-08-01,49697.0
DST:FIKS22:BRANCHE07=C:BELØB=4:SÆSON=SÆSON,2009-09-01,49511.0
DST:FIKS22:BRANCHE07=C:BELØB=4:SÆSON=SÆSON,2009-10-01,49088.0
DST:FIKS22:BRANCHE07=C:BELØB=4:SÆSON=SÆSON,2009-11-01,51119.0
DST:FIKS22:BRANCHE07=C:BELØB=4:SÆSON=SÆSON,2009-12-01,47123.0
DST:FIKS22:BRANCHE07=C:BELØB=4:SÆSON=SÆSON,2010-01-01,47641.0
DST:FIKS22:BRANCHE07=C:BELØB=4:SÆSON=SÆSON,2010-02-01,47273.0
DST:FIKS22:BRANCHE07=C:BELØB=4:SÆSON=SÆSON,2010-03-01,50587.0
DST:FIKS22:BRANCHE07=C:BELØB=4:SÆSON=SÆSON,2010-04-01,48306.0
DST:FIKS22:BRANCHE07=C:BELØB=4:SÆSON=SÆSON,2010-05-01,50334.0
DST:FIKS22:BRANCHE07=C:BELØB=4:SÆSON=SÆSON,2010-06-01,50567.0
DST:FIKS22:BRANCHE07=C:BELØB=4:SÆSON=SÆSON,2010-07-01,52883.0
DST:FIKS22:BRANCHE07=C:BELØB=4:SÆSON=SÆSON,2010-08-01,51927.0
DST:FIKS22:BRANCHE07=C:BELØB=4:SÆSON=SÆSON,2010-09-01,56359.0
DST:FIKS22:BRANCHE07=C:BELØB=4:SÆSON=SÆSON,2010-10-01,53256.0
DST:FIKS22:BRANCHE07=C:BELØB=4:SÆSON=SÆSON,2010-11-01,53921.0
DST:FIKS22:BRANCHE07=C:BELØB=4:SÆSON=SÆSON,2010-12-01,52811.0
DST:FIKS22:BRANCHE07=C:BELØB=4:SÆSON=SÆSON,2011-01-01,55530.0
DST:FIKS22:BRANCHE07=C:BELØB=4:SÆSON=SÆSON,2011-02-01,57387.0
DST:FIKS22:BRANCHE07=C:BELØB=4:SÆSON=SÆSON,2011-03-01,55630.0
DST:FIKS22:BRANCHE07=C:BELØB=4:SÆSON=SÆSON,2011-04-01,58250.0
DST:FIKS22:BRANCHE07=C:BELØB=4:SÆSON=SÆSON,2011-05-01,58311.0
DST:FIKS22:BRANCHE07=C:BELØB=4:SÆSON=SÆSON,2011-06-01,58957.0
DST:FIKS22:BRANCHE07=C:BELØB=4:SÆSON=SÆSON,2011-07-01,56810.0
DST:FIKS22:BRANCHE07=C:BELØB=4:SÆSON=SÆSON,2011-08-01,57429.0
DST:FIKS22:BRANCHE07=C:BELØB=4:SÆSON=SÆSON,2011-09-01,58588.0
DST:FIKS22:BRANCHE07=C:BELØB=4:SÆSON=SÆSON,2011-10-01,58581.0
DST:FIKS22:BRANCHE07=C:BELØB=4:SÆSON=SÆSON,2011-11-01,58710.0
DST:FIKS22:BRANCHE07=C:BELØB=4:SÆSON=SÆSON,2011-12-01,59827.0
DST:FIKS22:BRANCHE07=C:BELØB=4:SÆSON=SÆSON,2012-01-01,58685.0
DST:FIKS22:BRANCHE07=C:BELØB=4:SÆSON=SÆSON,2012-02-01,58670.0
DST:FIKS22:BRANCHE07=C:BELØB=4:SÆSON=SÆSON,2012-03-01,58210.0
DST:FIKS22:BRANCHE07=C:BELØB=4:SÆSON=SÆSON,2012-04-01,60759.0
DST:FIKS22:BRANCHE07=C:BELØB=4:SÆSON=SÆSON,2012-05-01,60496.0
DST:FIKS22:BRANCHE07=C:BELØB=4:SÆSON=SÆSON,2012-06-01,59027.0
DST:FIKS22:BRANCHE07=C:BELØB=4:SÆSON=SÆSON,2012-07-01,59455.0
DST:FIKS22:BRANCHE07=C:BELØB=4:SÆSON=SÆSON,2012-08-01,60067.0
DST:FIKS22:BRANCHE07=C:BELØB=4:SÆSON=SÆSON,2012-09-01,59101.0
DST:FIKS22:BRANCHE07=C:BELØB=4:SÆSON=SÆSON,2012-10-01,59956.0
DST:FIKS22:BRANCHE07=C:BELØB=4:SÆSON=SÆSON,2012-11-01,60465.0
DST:FIKS22:BRANCHE07=C:BELØB=4:SÆSON=SÆSON,2012-12-01,60844.0
DST:FIKS22:BRANCHE07=C:BELØB=4:SÆSON=SÆSON,2013-01-01,62115.0
DST:FIKS22:BRANCHE07=C:BELØB=4:SÆSON=SÆSON,2013-02-01,55831.0
DST:FIKS22:BRANCHE07=C:BELØB=4:SÆSON=SÆSON,2013-03-01,59233.0
DST:FIKS22:BRANCHE07=C:BELØB=4:SÆSON=SÆSON,2013-04-01,57870.0
DST:FIKS22:BRANCHE07=C:BELØB=4:SÆSON=SÆSON,2013-05-01,57779.0
DST:FIKS22:BRANCHE07=C:BELØB=4:SÆSON=SÆSON,2013-06-01,58087.0
DST:FIKS22:BRANCHE07=C:BELØB=4:SÆSON=SÆSON,2013-07-01,59454.0
DST:FIKS22:BRANCHE07=C:BELØB=4:SÆSON=SÆSON,2013-08-01,60161.0
DST:FIKS22:BRANCHE07=C:BELØB=4:SÆSON=SÆSON,2013-09-01,58809.0
DST:FIKS22:BRANCHE07=C:BELØB=4:SÆSON=SÆSON,2013-10-01,59669.0
DST:FIKS22:BRANCHE07=C:BELØB=4:SÆSON=SÆSON,2013-11-01,58622.0
DST:FIKS22:BRANCHE07=C:BELØB=4:SÆSON=SÆSON,2013-12-01,57980.0
DST:FIKS22:BRANCHE07=C:BELØB=4:SÆSON=SÆSON,2014-01-01,59400.0
DST:FIKS22:BRANCHE07=C:BELØB=4:SÆSON=SÆSON,2014-02-01,59777.0
DST:FIKS22:BRANCHE07=C:BELØB=4:SÆSON=SÆSON,2014-03-01,60334.0
DST:FIKS22:BRANCHE07=C:BELØB=4:SÆSON=SÆSON,2014-04-01,59256.0
DST:FIKS22:BRANCHE07=C:BELØB=4:SÆSON=SÆSON,2014-05-01,59230.0
DST:FIKS22:BRANCHE07=C:BELØB=4:SÆSON=SÆSON,2014-06-01,62008.0
DST:FIKS22:BRANCHE07=C:BELØB=4:SÆSON=SÆSON,2014-07-01,60322.0
DST:FIKS22:BRANCHE07=C:BELØB=4:SÆSON=SÆSON,2014-08-01,58929.0
DST:FIKS22:BRANCHE07=C:BELØB=4:SÆSON=SÆSON,2014-09-01,60398.0
DST:FIKS22:BRANCHE07=C:BELØB=4:SÆSON=SÆSON,2014-10-01,60350.0
DST:FIKS22:BRANCHE07=C:BELØB=4:SÆSON=SÆSON,2014-11-01,60443.0
DST:FIKS22:BRANCHE07=C:BELØB=4:SÆSON=SÆSON,2014-12-01,59038.0
DST:FIKS22:BRANCHE07=C:BELØB=4:SÆSON=SÆSON,2015-01-01,59161.0
DST:FIKS22:BRANCHE07=C:BELØB=4:SÆSON=SÆSON,2015-02-01,59726.0
DST:FIKS22:BRANCHE07=C:BELØB=4:SÆSON=SÆSON,2015-03-01,61476.0
DST:FIKS22:BRANCHE07=C:BELØB=4:SÆSON=SÆSON,2015-04-01,63080.0
DST:FIKS22:BRANCHE07=C:BELØB=4:SÆSON=SÆSON,2015-05-01,61041.0
DST:FIKS22:BRANCHE07=C:BELØB=4:SÆSON=SÆSON,2015-06-01,61129.0
DST:FIKS22:BRANCHE07=C:BELØB=4:SÆSON=SÆSON,2015-07-01,60223.0
DST:FIKS22:BRANCHE07=C:BELØB=4:SÆSON=SÆSON,2015-08-01,60600.0
DST:FIKS22:BRANCHE07=C:BELØB=4:SÆSON=SÆSON,2015-09-01,62593.0
DST:FIKS22:BRANCHE07=C:BELØB=4:SÆSON=SÆSON,2015-10-01,60708.0
DST:FIKS22:BRANCHE07=C:BELØB=4:SÆSON=SÆSON,2015-11-01,61947.0
DST:FIKS22:BRANCHE07=C:BELØB=4:SÆSON=SÆSON,2015-12-01,59226.0
DST:FIKS22:BRANCHE07=C:BELØB=4:SÆSON=SÆSON,2016-01-01,63744.0
DST:FIKS22:BRANCHE07=C:BELØB=4:SÆSON=SÆSON,2016-02-01,63320.0
DST:FIKS22:BRANCHE07=C:BELØB=4:SÆSON=SÆSON,2016-03-01,60999.0
DST:FIKS22:BRANCHE07=C:BELØB=4:SÆSON=SÆSON,2016-04-01,61054.0
DST:FIKS22:BRANCHE07=C:BELØB=4:SÆSON=SÆSON,2016-05-01,62475.0
DST:FIKS22:BRANCHE07=C:BELØB=4:SÆSON=SÆSON,2016-06-01,61966.0
DST:FIKS22:BRANCHE07=C:BELØB=4:SÆSON=SÆSON,2016-07-01,64237.0
DST:FIKS22:BRANCHE07=C:BELØB=4:SÆSON=SÆSON,2016-08-01,63996.0
DST:FIKS22:BRANCHE07=C:BELØB=4:SÆSON=SÆSON,2016-09-01,63125.0
DST:FIKS22:BRANCHE07=C:BELØB=4:SÆSON=SÆSON,2016-10-01,63604.0
DST:FIKS22:BRANCHE07=C:BELØB=4:SÆSON=SÆSON,2016-11-01,63334.0
DST:FIKS22:BRANCHE07=C:BELØB=4:SÆSON=SÆSON,2016-12-01,63975.0
DST:FIKS22:BRANCHE07=C:BELØB=4:SÆSON=SÆSON,2017-01-01,63554.0
DST:FIKS22:BRANCHE07=C:BELØB=4:SÆSON=SÆSON,2017-02-01,62701.0
DST:FIKS22:BRANCHE07=C:BELØB=4:SÆSON=SÆSON,2017-03-01,64311.0
DST:FIKS22:BRANCHE07=C:BELØB=4:SÆSON=SÆSON,2017-04-01,64081.0
DST:FIKS22:BRANCHE07=C:BELØB=4:SÆSON=SÆSON,2017-05-01,63574.0
DST:FIKS22:BRANCHE07=C:BELØB=4:SÆSON=SÆSON,2017-06-01,64701.0
DST:FIKS22:BRANCHE07=C:BELØB=4:SÆSON=SÆSON,2017-07-01,62629.0
DST:FIKS22:BRANCHE07=C:BELØB=4:SÆSON=SÆSON,2017-08-01,64353.0
DST:FIKS22:BRANCHE07=C:BELØB=4:SÆSON=SÆSON,2017-09-01,63350.0
DST:FIKS22:BRANCHE07=C:BELØB=4:SÆSON=SÆSON,2017-10-01,63609.0
DST:FIKS22:BRANCHE07=C:BELØB=4:SÆSON=SÆSON,2017-11-01,64211.0
DST:FIKS22:BRANCHE07=C:BELØB=4:SÆSON=SÆSON,2017-12-01,63936.0
DST:FIKS22:BRANCHE07=C:BELØB=4:SÆSON=SÆSON,2018-01-01,63632.0
DST:FIKS22:BRANCHE07=C:BELØB=4:SÆSON=SÆSON,2018-02-01,63699.0
DST:FIKS22:BRANCHE07=C:BELØB=4:SÆSON=SÆSON,2018-03-01,62032.0
DST:FIKS22:BRANCHE07=C:BELØB=4:SÆSON=SÆSON,2018-04-01,62811.0
DST:FIKS22:BRANCHE07=C:BELØB=4:SÆSON=SÆSON,2018-05-01,63795.0
DST:FIKS22:BRANCHE07=C:BELØB=4:SÆSON=SÆSON,2018-06-01,64237.0
DST:FIKS22:BRANCHE07=C:BELØB=4:SÆSON=SÆSON,2018-07-01,62330.0
DST:FIKS22:BRANCHE07=C:BELØB=4:SÆSON=SÆSON,2018-08-01,65885.0
DST:FIKS22:BRANCHE07=C:BELØB=4:SÆSON=SÆSON,2018-09-01,64292.0
DST:FIKS22:BRANCHE07=C:BELØB=4:SÆSON=SÆSON,2018-10-01,64439.0
DST:FIKS22:BRANCHE07=C:BELØB=4:SÆSON=SÆSON,2018-11-01,64739.0
DST:FIKS22:BRANCHE07=C:BELØB=4:SÆSON=SÆSON,2018-12-01,67981.0
DST:FIKS22:BRANCHE07=C:BELØB=4:SÆSON=SÆSON,2019-01-01,67223.0
DST:FIKS22:BRANCHE07=C:BELØB=4:SÆSON=SÆSON,2019-02-01,66571.0
DST:FIKS22:BRANCHE07=C:BELØB=4:SÆSON=SÆSON,2019-03-01,61481.0
DST:FIKS22:BRANCHE07=C:BELØB=4:SÆSON=SÆSON,2019-04-01,69699.0
DST:FIKS22:BRANCHE07=C:BELØB=4:SÆSON=SÆSON,2019-05-01,67361.0
DST:FIKS22:BRANCHE07=C:BELØB=4:SÆSON=SÆSON,2019-06-01,65690.0
DST:FIKS22:BRANCHE07=C:BELØB=4:SÆSON=SÆSON,2019-07-01,70201.0
DST:FIKS22:BRANCHE07=C:BELØB=4:SÆSON=SÆSON,2019-08-01,68522.0
DST:FIKS22:BRANCHE07=C:BELØB=4:SÆSON=SÆSON,2019-09-01,70440.0
DST:FIKS22:BRANCHE07=C:BELØB=4:SÆSON=SÆSON,2019-10-01,72885.0
DST:FIKS22:BRANCHE07=C:BELØB=4:SÆSON=SÆSON,2019-11-01,69362.0
DST:FIKS22:BRANCHE07=C:BELØB=4:SÆSON=SÆSON,2019-12-01,64971.0
DST:FIKS22:BRANCHE07=C:BELØB=4:SÆSON=SÆSON,2020-01-01,76533.0
DST:FIKS22:BRANCHE07=C:BELØB=4:SÆSON=SÆSON,2020-02-01,69515.0
DST:FIKS22:BRANCHE07=C:BELØB=4:SÆSON=SÆSON,2020-03-01,69377.0
DST:FIKS22:BRANCHE07=C:BELØB=4:SÆSON=SÆSON,2020-04-01,64579.0
DST:FIKS22:BRANCHE07=C:BELØB=4:SÆSON=SÆSON,2020-05-01,64180.0
DST:FIKS22:BRANCHE07=C:BELØB=4:SÆSON=SÆSON,2020-06-01,70467.0
DST:FIKS22:BRANCHE07=C:BELØB=4:SÆSON=SÆSON,2020-07-01,65518.0
DST:FIKS22:BRANCHE07=C:BELØB=4:SÆSON=SÆSON,2020-08-01,64703.0
DST:FIKS22:BRANCHE07=C:BELØB=4:SÆSON=SÆSON,2020-09-01,66576.0
DST:FIKS22:BRANCHE07=C:BELØB=4:SÆSON=SÆSON,2020-10-01,64550.0
DST:FIKS22:BRANCHE07=C:BELØB=4:SÆSON=SÆSON,2020-11-01,67803.0
DST:FIKS22:BRANCHE07=C:BELØB=4:SÆSON=SÆSON,2020-12-01,68076.0
DST:FIKS22:BRANCHE07=C:BELØB=4:SÆSON=SÆSON,2021-01-01,67309.0
DST:FIKS22:BRANCHE07=C:BELØB=4:SÆSON=SÆSON,2021-02-01,67416.0
DST:FIKS22:BRANCHE07=C:BELØB=4:SÆSON=SÆSON,2021-03-01,71982.0
DST:FIKS22:BRANCHE07=C:BELØB=4:SÆSON=SÆSON,2021-04-01,73113.0
DST:FIKS22:BRANCHE07=C:BELØB=4:SÆSON=SÆSON,2021-05-01,74819.0
DST:FIKS22:BRANCHE07=C:BELØB=4:SÆSON=SÆSON,2021-06-01,74160.0
DST:FIKS22:BRANCHE07=C:BELØB=4:SÆSON=SÆSON,2021-07-01,74647.0
DST:FIKS22:BRANCHE07=C:BELØB=4:SÆSON=SÆSON,2021-08-01,71240.0
DST:FIKS22:BRANCHE07=C:BELØB=4:SÆSON=SÆSON,2021-09-01,74650.0
DST:FIKS22:BRANCHE07=C:BELØB=4:SÆSON=SÆSON,2021-10-01,76045.0
DST:FIKS22:BRANCHE07=C:BELØB=4:SÆSON=SÆSON,2021-11-01,80694.0
DST:FIKS22:BRANCHE07=C:BELØB=4:SÆSON=SÆSON,2021-12-01,72824.0
DST:FIKS22:BRANCHE07=C:BELØB=4:SÆSON=SÆSON,2022-01-01,83312.0
DST:FIKS22:BRANCHE07=C:BELØB=4:SÆSON=SÆSON,2022-02-01,89235.0
DST:FIKS22:BRANCHE07=C:BELØB=4:SÆSON=SÆSON,2022-03-01,86918.0
DST:FIKS22:BRANCHE07=C:BELØB=4:SÆSON=SÆSON,2022-04-01,90466.0
DST:FIKS22:BRANCHE07=C:BELØB=4:SÆSON=SÆSON,2022-05-01,94373.0
DST:FIKS22:BRANCHE07=C:BELØB=4:SÆSON=SÆSON,2022-06-01,90893.0
DST:FIKS22:BRANCHE07=C:BELØB=4:SÆSON=SÆSON,2022-07-01,93503.0
DST:FIKS22:BRANCHE07=C:BELØB=4:SÆSON=SÆSON,2022-08-01,95941.0
DST:FIKS22:BRANCHE07=C:BELØB=4:SÆSON=SÆSON,2022-09-01,91383.0
DST:FIKS22:BRANCHE07=C:BELØB=4:SÆSON=SÆSON,2022-10-01,91351.0
DST:FIKS22:BRANCHE07=C:BELØB=4:SÆSON=SÆSON,2022-11-01,89683.0
DST:FIKS22:BRANCHE07=C:BELØB=4:SÆSON=SÆSON,2022-12-01,90634.0
DST:FIKS22:BRANCHE07=C:BELØB=4:SÆSON=SÆSON,2023-01-01,92994.0
DST:FIKS22:BRANCHE07=C:BELØB=4:SÆSON=SÆSON,2023-02-01,91529.0
DST:FIKS22:BRANCHE07=C:BELØB=4:SÆSON=SÆSON,2023-03-01,90314.0
DST:FIKS22:BRANCHE07=C:BELØB=4:SÆSON=SÆSON,2023-04-01,87595.0
DST:FIKS22:BRANCHE07=C:BELØB=4:SÆSON=SÆSON,2023-05-01,88141.0
DST:FIKS22:BRANCHE07=C:BELØB=4:SÆSON=SÆSON,2023-06-01,87901.0
DST:FIKS22:BRANCHE07=C:BELØB=4:SÆSON=SÆSON,2023-07-01,83444.0
DST:FIKS22:BRANCHE07=C:BELØB=4:SÆSON=SÆSON,2023-08-01,85656.0
DST:FIKS22:BRANCHE07=C:BELØB=4:SÆSON=SÆSON,2023-09-01,86985.0
DST:FIKS22:BRANCHE07=C:BELØB=4:SÆSON=SÆSON,2023-10-01,84492.0
DST:FIKS22:BRANCHE07=C:BELØB=4:SÆSON=SÆSON,2023-11-01,86410.0
DST:FIKS22:BRANCHE07=C:BELØB=4:SÆSON=SÆSON,2023-12-01,93944.0
DST:FIKS22:BRANCHE07=C:BELØB=4:SÆSON=SÆSON,2024-01-01,85886.0
DST:FIKS22:BRANCHE07=C:BELØB=4:SÆSON=SÆSON,2024-02-01,84780.0
DST:FIKS22:BRANCHE07=C:BELØB=4:SÆSON=SÆSON,2024-03-01,86553.0
DST:FIKS22:BRANCHE07=C:BELØB=4:SÆSON=SÆSON,2024-04-01,90166.0
DST:FIKS22:BRANCHE07=C:BELØB=4:SÆSON=SÆSON,2024-05-01,85988.0
DST:FIKS22:BRANCHE07=C:BELØB=4:SÆSON=SÆSON,2024-06-01,88930.0
DST:FIKS22:BRANCHE07=C:BELØB=4:SÆSON=SÆSON,2024-07-01,88961.0
DST:FIKS22:BRANCHE07=C:BELØB=4:SÆSON=SÆSON,2024-08-01,88827.0
DST:FIKS22:BRANCHE07=C:BELØB=4:SÆSON=SÆSON,2024-09-01,89536.0
DST:FIKS22:BRANCHE07=C:BELØB=4:SÆSON=SÆSON,2024-10-01,95256.0
DST:FIKS22:BRANCHE07=C:BELØB=4:SÆSON=SÆSON,2024-11-01,94650.0
DST:FIKS22:BRANCHE07=C:BELØB=4:SÆSON=SÆSON,2024-12-01,98737.0
DST:FIKS22:BRANCHE07=C:BELØB=4:SÆSON=SÆSON,2025-01-01,95713.0
DST:FIKS22:BRANCHE07=C:BELØB=4:SÆSON=SÆSON,2025-02-01,97263.0
DST:FIKS22:BRANCHE07=C:BELØB=4:SÆSON=SÆSON,2025-03-01,92374.0
DST:FIKS22:BRANCHE07=C:BELØB=4:SÆSON=SÆSON,2025-04-01,92493.0
DST:FIKS22:BRANCHE07=C:BELØB=4:SÆSON=SÆSON,2025-05-01,92752.0
DST:FIKS22:BRANCHE07=C:BELØB=4:SÆSON=SÆSON,2025-06-01,95127.0
DST:FIKS22:BRANCHE07=C:BELØB=4:SÆSON=SÆSON,2025-07-01,99115.0
DST:FIKS22:BRANCHE07=C:BELØB=4:SÆSON=SÆSON,2025-08-01,102501.0
DST:FIKS22:BRANCHE07=C:BELØB=4:SÆSON=SÆSON,2025-09-01,95655.0
DST:FIKS22:BRANCHE07=C:BELØB=4:SÆSON=SÆSON,2025-10-01,92638.0
DST:FIKS22:BRANCHE07=C:BELØB=4:SÆSON=SÆSON,2025-11-01,98426.0
DST:FIKS22:BRANCHE07=C:BELØB=4:SÆSON=SÆSON,2025-12-01,92443.0
DST:FIKS22:BRANCHE07=C:BELØB=4:SÆSON=SÆSON,2026-01-01,96543.0
DST:FIKS22:BRANCHE07=C:BELØB=4:SÆSON=SÆSON,2026-02-01,89538.0
DST:FIKS22:BRANCHE07=C:BELØB=4:SÆSON=SÆSON,2026-03-01,99618.0
DST:FIKS22:BRANCHE07=D:BELØB=0:SÆSON=EJSÆSON,2009-01-01,5838.0
DST:FIKS22:BRANCHE07=D:BELØB=0:SÆSON=EJSÆSON,2009-02-01,7141.0
DST:FIKS22:BRANCHE07=D:BELØB=0:SÆSON=EJSÆSON,2009-03-01,6152.0
DST:FIKS22:BRANCHE07=D:BELØB=0:SÆSON=EJSÆSON,2009-04-01,5451.0
DST:FIKS22:BRANCHE07=D:BELØB=0:SÆSON=EJSÆSON,2009-05-01,5706.0
DST:FIKS22:BRANCHE07=D:BELØB=0:SÆSON=EJSÆSON,2009-06-01,6519.0
DST:FIKS22:BRANCHE07=D:BELØB=0:SÆSON=EJSÆSON,2009-07-01,5025.0
DST:FIKS22:BRANCHE07=D:BELØB=0:SÆSON=EJSÆSON,2009-08-01,4351.0
DST:FIKS22:BRANCHE07=D:BELØB=0:SÆSON=EJSÆSON,2009-09-01,5543.0
DST:FIKS22:BRANCHE07=D:BELØB=0:SÆSON=EJSÆSON,2009-10-01,5118.0
DST:FIKS22:BRANCHE07=D:BELØB=0:SÆSON=EJSÆSON,2009-11-01,6171.0
DST:FIKS22:BRANCHE07=D:BELØB=0:SÆSON=EJSÆSON,2009-12-01,7135.0
DST:FIKS22:BRANCHE07=D:BELØB=0:SÆSON=EJSÆSON,2010-01-01,6212.0
DST:FIKS22:BRANCHE07=D:BELØB=0:SÆSON=EJSÆSON,2010-02-01,7420.0
DST:FIKS22:BRANCHE07=D:BELØB=0:SÆSON=EJSÆSON,2010-03-01,7496.0
DST:FIKS22:BRANCHE07=D:BELØB=0:SÆSON=EJSÆSON,2010-04-01,6999.0
DST:FIKS22:BRANCHE07=D:BELØB=0:SÆSON=EJSÆSON,2010-05-01,5172.0
DST:FIKS22:BRANCHE07=D:BELØB=0:SÆSON=EJSÆSON,2010-06-01,5086.0
DST:FIKS22:BRANCHE07=D:BELØB=0:SÆSON=EJSÆSON,2010-07-01,3918.0
DST:FIKS22:BRANCHE07=D:BELØB=0:SÆSON=EJSÆSON,2010-08-01,3873.0
DST:FIKS22:BRANCHE07=D:BELØB=0:SÆSON=EJSÆSON,2010-09-01,4260.0
DST:FIKS22:BRANCHE07=D:BELØB=0:SÆSON=EJSÆSON,2010-10-01,5234.0
DST:FIKS22:BRANCHE07=D:BELØB=0:SÆSON=EJSÆSON,2010-11-01,6012.0
DST:FIKS22:BRANCHE07=D:BELØB=0:SÆSON=EJSÆSON,2010-12-01,8625.0
DST:FIKS22:BRANCHE07=D:BELØB=0:SÆSON=EJSÆSON,2011-01-01,7476.0
DST:FIKS22:BRANCHE07=D:BELØB=0:SÆSON=EJSÆSON,2011-02-01,6687.0
DST:FIKS22:BRANCHE07=D:BELØB=0:SÆSON=EJSÆSON,2011-03-01,7078.0
DST:FIKS22:BRANCHE07=D:BELØB=0:SÆSON=EJSÆSON,2011-04-01,6274.0
DST:FIKS22:BRANCHE07=D:BELØB=0:SÆSON=EJSÆSON,2011-05-01,5074.0
DST:FIKS22:BRANCHE07=D:BELØB=0:SÆSON=EJSÆSON,2011-06-01,5448.0
DST:FIKS22:BRANCHE07=D:BELØB=0:SÆSON=EJSÆSON,2011-07-01,4563.0
DST:FIKS22:BRANCHE07=D:BELØB=0:SÆSON=EJSÆSON,2011-08-01,4526.0
DST:FIKS22:BRANCHE07=D:BELØB=0:SÆSON=EJSÆSON,2011-09-01,4950.0
DST:FIKS22:BRANCHE07=D:BELØB=0:SÆSON=EJSÆSON,2011-10-01,5381.0
DST:FIKS22:BRANCHE07=D:BELØB=0:SÆSON=EJSÆSON,2011-11-01,5944.0
DST:FIKS22:BRANCHE07=D:BELØB=0:SÆSON=EJSÆSON,2011-12-01,9641.0
DST:FIKS22:BRANCHE07=D:BELØB=0:SÆSON=EJSÆSON,2012-01-01,6965.0
DST:FIKS22:BRANCHE07=D:BELØB=0:SÆSON=EJSÆSON,2012-02-01,7336.0
DST:FIKS22:BRANCHE07=D:BELØB=0:SÆSON=EJSÆSON,2012-03-01,7674.0
DST:FIKS22:BRANCHE07=D:BELØB=0:SÆSON=EJSÆSON,2012-04-01,6747.0
DST:FIKS22:BRANCHE07=D:BELØB=0:SÆSON=EJSÆSON,2012-05-01,5856.0
DST:FIKS22:BRANCHE07=D:BELØB=0:SÆSON=EJSÆSON,2012-06-01,5183.0
DST:FIKS22:BRANCHE07=D:BELØB=0:SÆSON=EJSÆSON,2012-07-01,4975.0
DST:FIKS22:BRANCHE07=D:BELØB=0:SÆSON=EJSÆSON,2012-08-01,4614.0
DST:FIKS22:BRANCHE07=D:BELØB=0:SÆSON=EJSÆSON,2012-09-01,4684.0
DST:FIKS22:BRANCHE07=D:BELØB=0:SÆSON=EJSÆSON,2012-10-01,5337.0
DST:FIKS22:BRANCHE07=D:BELØB=0:SÆSON=EJSÆSON,2012-11-01,6236.0
DST:FIKS22:BRANCHE07=D:BELØB=0:SÆSON=EJSÆSON,2012-12-01,12221.0
DST:FIKS22:BRANCHE07=D:BELØB=0:SÆSON=EJSÆSON,2013-01-01,10921.0
DST:FIKS22:BRANCHE07=D:BELØB=0:SÆSON=EJSÆSON,2013-02-01,7147.0
DST:FIKS22:BRANCHE07=D:BELØB=0:SÆSON=EJSÆSON,2013-03-01,7192.0
DST:FIKS22:BRANCHE07=D:BELØB=0:SÆSON=EJSÆSON,2013-04-01,7705.0
DST:FIKS22:BRANCHE07=D:BELØB=0:SÆSON=EJSÆSON,2013-05-01,6075.0
DST:FIKS22:BRANCHE07=D:BELØB=0:SÆSON=EJSÆSON,2013-06-01,6675.0
DST:FIKS22:BRANCHE07=D:BELØB=0:SÆSON=EJSÆSON,2013-07-01,5149.0
DST:FIKS22:BRANCHE07=D:BELØB=0:SÆSON=EJSÆSON,2013-08-01,4060.0
DST:FIKS22:BRANCHE07=D:BELØB=0:SÆSON=EJSÆSON,2013-09-01,4925.0
DST:FIKS22:BRANCHE07=D:BELØB=0:SÆSON=EJSÆSON,2013-10-01,5609.0
DST:FIKS22:BRANCHE07=D:BELØB=0:SÆSON=EJSÆSON,2013-11-01,6021.0
DST:FIKS22:BRANCHE07=D:BELØB=0:SÆSON=EJSÆSON,2013-12-01,11108.0
DST:FIKS22:BRANCHE07=D:BELØB=0:SÆSON=EJSÆSON,2014-01-01,7371.0
DST:FIKS22:BRANCHE07=D:BELØB=0:SÆSON=EJSÆSON,2014-02-01,7243.0
DST:FIKS22:BRANCHE07=D:BELØB=0:SÆSON=EJSÆSON,2014-03-01,6534.0
DST:FIKS22:BRANCHE07=D:BELØB=0:SÆSON=EJSÆSON,2014-04-01,6580.0
DST:FIKS22:BRANCHE07=D:BELØB=0:SÆSON=EJSÆSON,2014-05-01,5509.0
DST:FIKS22:BRANCHE07=D:BELØB=0:SÆSON=EJSÆSON,2014-06-01,5104.0
DST:FIKS22:BRANCHE07=D:BELØB=0:SÆSON=EJSÆSON,2014-07-01,4603.0
DST:FIKS22:BRANCHE07=D:BELØB=0:SÆSON=EJSÆSON,2014-08-01,3359.0
DST:FIKS22:BRANCHE07=D:BELØB=0:SÆSON=EJSÆSON,2014-09-01,4999.0
DST:FIKS22:BRANCHE07=D:BELØB=0:SÆSON=EJSÆSON,2014-10-01,5103.0
DST:FIKS22:BRANCHE07=D:BELØB=0:SÆSON=EJSÆSON,2014-11-01,6762.0
DST:FIKS22:BRANCHE07=D:BELØB=0:SÆSON=EJSÆSON,2014-12-01,7513.0
DST:FIKS22:BRANCHE07=D:BELØB=0:SÆSON=EJSÆSON,2015-01-01,6702.0
DST:FIKS22:BRANCHE07=D:BELØB=0:SÆSON=EJSÆSON,2015-02-01,7981.0
DST:FIKS22:BRANCHE07=D:BELØB=0:SÆSON=EJSÆSON,2015-03-01,7504.0
DST:FIKS22:BRANCHE07=D:BELØB=0:SÆSON=EJSÆSON,2015-04-01,7332.0
DST:FIKS22:BRANCHE07=D:BELØB=0:SÆSON=EJSÆSON,2015-05-01,5996.0
DST:FIKS22:BRANCHE07=D:BELØB=0:SÆSON=EJSÆSON,2015-06-01,5779.0
DST:FIKS22:BRANCHE07=D:BELØB=0:SÆSON=EJSÆSON,2015-07-01,5182.0
DST:FIKS22:BRANCHE07=D:BELØB=0:SÆSON=EJSÆSON,2015-08-01,4341.0
DST:FIKS22:BRANCHE07=D:BELØB=0:SÆSON=EJSÆSON,2015-09-01,5183.0
DST:FIKS22:BRANCHE07=D:BELØB=0:SÆSON=EJSÆSON,2015-10-01,5364.0
DST:FIKS22:BRANCHE07=D:BELØB=0:SÆSON=EJSÆSON,2015-11-01,6254.0
DST:FIKS22:BRANCHE07=D:BELØB=0:SÆSON=EJSÆSON,2015-12-01,7669.0
DST:FIKS22:BRANCHE07=D:BELØB=0:SÆSON=EJSÆSON,2016-01-01,6140.0
DST:FIKS22:BRANCHE07=D:BELØB=0:SÆSON=EJSÆSON,2016-02-01,7081.0
DST:FIKS22:BRANCHE07=D:BELØB=0:SÆSON=EJSÆSON,2016-03-01,6799.0
DST:FIKS22:BRANCHE07=D:BELØB=0:SÆSON=EJSÆSON,2016-04-01,5663.0
DST:FIKS22:BRANCHE07=D:BELØB=0:SÆSON=EJSÆSON,2016-05-01,6883.0
DST:FIKS22:BRANCHE07=D:BELØB=0:SÆSON=EJSÆSON,2016-06-01,7153.0
DST:FIKS22:BRANCHE07=D:BELØB=0:SÆSON=EJSÆSON,2016-07-01,5832.0
DST:FIKS22:BRANCHE07=D:BELØB=0:SÆSON=EJSÆSON,2016-08-01,6927.0
DST:FIKS22:BRANCHE07=D:BELØB=0:SÆSON=EJSÆSON,2016-09-01,7592.0
DST:FIKS22:BRANCHE07=D:BELØB=0:SÆSON=EJSÆSON,2016-10-01,7129.0
DST:FIKS22:BRANCHE07=D:BELØB=0:SÆSON=EJSÆSON,2016-11-01,8405.0
DST:FIKS22:BRANCHE07=D:BELØB=0:SÆSON=EJSÆSON,2016-12-01,10994.0
DST:FIKS22:BRANCHE07=D:BELØB=0:SÆSON=EJSÆSON,2017-01-01,8118.0
DST:FIKS22:BRANCHE07=D:BELØB=0:SÆSON=EJSÆSON,2017-02-01,8944.0
DST:FIKS22:BRANCHE07=D:BELØB=0:SÆSON=EJSÆSON,2017-03-01,8747.0
DST:FIKS22:BRANCHE07=D:BELØB=0:SÆSON=EJSÆSON,2017-04-01,8095.0
DST:FIKS22:BRANCHE07=D:BELØB=0:SÆSON=EJSÆSON,2017-05-01,7370.0
DST:FIKS22:BRANCHE07=D:BELØB=0:SÆSON=EJSÆSON,2017-06-01,7515.0
DST:FIKS22:BRANCHE07=D:BELØB=0:SÆSON=EJSÆSON,2017-07-01,6382.0
DST:FIKS22:BRANCHE07=D:BELØB=0:SÆSON=EJSÆSON,2017-08-01,6901.0
DST:FIKS22:BRANCHE07=D:BELØB=0:SÆSON=EJSÆSON,2017-09-01,7418.0
DST:FIKS22:BRANCHE07=D:BELØB=0:SÆSON=EJSÆSON,2017-10-01,7693.0
DST:FIKS22:BRANCHE07=D:BELØB=0:SÆSON=EJSÆSON,2017-11-01,9020.0
DST:FIKS22:BRANCHE07=D:BELØB=0:SÆSON=EJSÆSON,2017-12-01,11781.0
DST:FIKS22:BRANCHE07=D:BELØB=0:SÆSON=EJSÆSON,2018-01-01,8534.0
DST:FIKS22:BRANCHE07=D:BELØB=0:SÆSON=EJSÆSON,2018-02-01,8475.0
DST:FIKS22:BRANCHE07=D:BELØB=0:SÆSON=EJSÆSON,2018-03-01,9376.0
DST:FIKS22:BRANCHE07=D:BELØB=0:SÆSON=EJSÆSON,2018-04-01,9425.0
DST:FIKS22:BRANCHE07=D:BELØB=0:SÆSON=EJSÆSON,2018-05-01,7474.0
DST:FIKS22:BRANCHE07=D:BELØB=0:SÆSON=EJSÆSON,2018-06-01,7844.0
DST:FIKS22:BRANCHE07=D:BELØB=0:SÆSON=EJSÆSON,2018-07-01,7707.0
DST:FIKS22:BRANCHE07=D:BELØB=0:SÆSON=EJSÆSON,2018-08-01,6987.0
DST:FIKS22:BRANCHE07=D:BELØB=0:SÆSON=EJSÆSON,2018-09-01,7785.0
DST:FIKS22:BRANCHE07=D:BELØB=0:SÆSON=EJSÆSON,2018-10-01,8888.0
DST:FIKS22:BRANCHE07=D:BELØB=0:SÆSON=EJSÆSON,2018-11-01,9786.0
DST:FIKS22:BRANCHE07=D:BELØB=0:SÆSON=EJSÆSON,2018-12-01,11890.0
DST:FIKS22:BRANCHE07=D:BELØB=0:SÆSON=EJSÆSON,2019-01-01,10445.0
DST:FIKS22:BRANCHE07=D:BELØB=0:SÆSON=EJSÆSON,2019-02-01,9923.0
DST:FIKS22:BRANCHE07=D:BELØB=0:SÆSON=EJSÆSON,2019-03-01,9687.0
DST:FIKS22:BRANCHE07=D:BELØB=0:SÆSON=EJSÆSON,2019-04-01,9387.0
DST:FIKS22:BRANCHE07=D:BELØB=0:SÆSON=EJSÆSON,2019-05-01,7616.0
DST:FIKS22:BRANCHE07=D:BELØB=0:SÆSON=EJSÆSON,2019-06-01,7607.0
DST:FIKS22:BRANCHE07=D:BELØB=0:SÆSON=EJSÆSON,2019-07-01,6897.0
DST:FIKS22:BRANCHE07=D:BELØB=0:SÆSON=EJSÆSON,2019-08-01,6762.0
DST:FIKS22:BRANCHE07=D:BELØB=0:SÆSON=EJSÆSON,2019-09-01,8010.0
DST:FIKS22:BRANCHE07=D:BELØB=0:SÆSON=EJSÆSON,2019-10-01,7601.0
DST:FIKS22:BRANCHE07=D:BELØB=0:SÆSON=EJSÆSON,2019-11-01,9328.0
DST:FIKS22:BRANCHE07=D:BELØB=0:SÆSON=EJSÆSON,2019-12-01,11680.0
DST:FIKS22:BRANCHE07=D:BELØB=0:SÆSON=EJSÆSON,2020-01-01,10017.0
DST:FIKS22:BRANCHE07=D:BELØB=0:SÆSON=EJSÆSON,2020-02-01,9429.0
DST:FIKS22:BRANCHE07=D:BELØB=0:SÆSON=EJSÆSON,2020-03-01,9481.0
DST:FIKS22:BRANCHE07=D:BELØB=0:SÆSON=EJSÆSON,2020-04-01,9118.0
DST:FIKS22:BRANCHE07=D:BELØB=0:SÆSON=EJSÆSON,2020-05-01,8538.0
DST:FIKS22:BRANCHE07=D:BELØB=0:SÆSON=EJSÆSON,2020-06-01,7524.0
DST:FIKS22:BRANCHE07=D:BELØB=0:SÆSON=EJSÆSON,2020-07-01,7391.0
DST:FIKS22:BRANCHE07=D:BELØB=0:SÆSON=EJSÆSON,2020-08-01,7430.0
DST:FIKS22:BRANCHE07=D:BELØB=0:SÆSON=EJSÆSON,2020-09-01,8475.0
DST:FIKS22:BRANCHE07=D:BELØB=0:SÆSON=EJSÆSON,2020-10-01,8933.0
DST:FIKS22:BRANCHE07=D:BELØB=0:SÆSON=EJSÆSON,2020-11-01,10354.0
DST:FIKS22:BRANCHE07=D:BELØB=0:SÆSON=EJSÆSON,2020-12-01,16510.0
DST:FIKS22:BRANCHE07=D:BELØB=0:SÆSON=EJSÆSON,2021-01-01,14733.0
DST:FIKS22:BRANCHE07=D:BELØB=0:SÆSON=EJSÆSON,2021-02-01,16555.0
DST:FIKS22:BRANCHE07=D:BELØB=0:SÆSON=EJSÆSON,2021-03-01,16682.0
DST:FIKS22:BRANCHE07=D:BELØB=0:SÆSON=EJSÆSON,2021-04-01,14001.0
DST:FIKS22:BRANCHE07=D:BELØB=0:SÆSON=EJSÆSON,2021-05-01,14759.0
DST:FIKS22:BRANCHE07=D:BELØB=0:SÆSON=EJSÆSON,2021-06-01,14523.0
DST:FIKS22:BRANCHE07=D:BELØB=0:SÆSON=EJSÆSON,2021-07-01,15864.0
DST:FIKS22:BRANCHE07=D:BELØB=0:SÆSON=EJSÆSON,2021-08-01,10134.0
DST:FIKS22:BRANCHE07=D:BELØB=0:SÆSON=EJSÆSON,2021-09-01,10345.0
DST:FIKS22:BRANCHE07=D:BELØB=0:SÆSON=EJSÆSON,2021-10-01,13781.0
DST:FIKS22:BRANCHE07=D:BELØB=0:SÆSON=EJSÆSON,2021-11-01,16625.0
DST:FIKS22:BRANCHE07=D:BELØB=0:SÆSON=EJSÆSON,2021-12-01,21337.0
DST:FIKS22:BRANCHE07=D:BELØB=0:SÆSON=EJSÆSON,2022-01-01,18936.0
DST:FIKS22:BRANCHE07=D:BELØB=0:SÆSON=EJSÆSON,2022-02-01,15297.0
DST:FIKS22:BRANCHE07=D:BELØB=0:SÆSON=EJSÆSON,2022-03-01,17914.0
DST:FIKS22:BRANCHE07=D:BELØB=0:SÆSON=EJSÆSON,2022-04-01,21378.0
DST:FIKS22:BRANCHE07=D:BELØB=0:SÆSON=EJSÆSON,2022-05-01,19275.0
DST:FIKS22:BRANCHE07=D:BELØB=0:SÆSON=EJSÆSON,2022-06-01,15924.0
DST:FIKS22:BRANCHE07=D:BELØB=0:SÆSON=EJSÆSON,2022-07-01,15207.0
DST:FIKS22:BRANCHE07=D:BELØB=0:SÆSON=EJSÆSON,2022-08-01,20084.0
DST:FIKS22:BRANCHE07=D:BELØB=0:SÆSON=EJSÆSON,2022-09-01,21595.0
DST:FIKS22:BRANCHE07=D:BELØB=0:SÆSON=EJSÆSON,2022-10-01,18635.0
DST:FIKS22:BRANCHE07=D:BELØB=0:SÆSON=EJSÆSON,2022-11-01,18361.0
DST:FIKS22:BRANCHE07=D:BELØB=0:SÆSON=EJSÆSON,2022-12-01,24853.0
DST:FIKS22:BRANCHE07=D:BELØB=0:SÆSON=EJSÆSON,2023-01-01,23152.0
DST:FIKS22:BRANCHE07=D:BELØB=0:SÆSON=EJSÆSON,2023-02-01,18085.0
DST:FIKS22:BRANCHE07=D:BELØB=0:SÆSON=EJSÆSON,2023-03-01,18674.0
DST:FIKS22:BRANCHE07=D:BELØB=0:SÆSON=EJSÆSON,2023-04-01,15385.0
DST:FIKS22:BRANCHE07=D:BELØB=0:SÆSON=EJSÆSON,2023-05-01,12450.0
DST:FIKS22:BRANCHE07=D:BELØB=0:SÆSON=EJSÆSON,2023-06-01,13673.0
DST:FIKS22:BRANCHE07=D:BELØB=0:SÆSON=EJSÆSON,2023-07-01,10418.0
DST:FIKS22:BRANCHE07=D:BELØB=0:SÆSON=EJSÆSON,2023-08-01,11963.0
DST:FIKS22:BRANCHE07=D:BELØB=0:SÆSON=EJSÆSON,2023-09-01,13282.0
DST:FIKS22:BRANCHE07=D:BELØB=0:SÆSON=EJSÆSON,2023-10-01,13740.0
DST:FIKS22:BRANCHE07=D:BELØB=0:SÆSON=EJSÆSON,2023-11-01,13298.0
DST:FIKS22:BRANCHE07=D:BELØB=0:SÆSON=EJSÆSON,2023-12-01,16929.0
DST:FIKS22:BRANCHE07=D:BELØB=0:SÆSON=EJSÆSON,2024-01-01,15537.0
DST:FIKS22:BRANCHE07=D:BELØB=0:SÆSON=EJSÆSON,2024-02-01,16139.0
DST:FIKS22:BRANCHE07=D:BELØB=0:SÆSON=EJSÆSON,2024-03-01,16161.0
DST:FIKS22:BRANCHE07=D:BELØB=0:SÆSON=EJSÆSON,2024-04-01,15511.0
DST:FIKS22:BRANCHE07=D:BELØB=0:SÆSON=EJSÆSON,2024-05-01,12847.0
DST:FIKS22:BRANCHE07=D:BELØB=0:SÆSON=EJSÆSON,2024-06-01,11515.0
DST:FIKS22:BRANCHE07=D:BELØB=0:SÆSON=EJSÆSON,2024-07-01,9940.0
DST:FIKS22:BRANCHE07=D:BELØB=0:SÆSON=EJSÆSON,2024-08-01,10684.0
DST:FIKS22:BRANCHE07=D:BELØB=0:SÆSON=EJSÆSON,2024-09-01,11307.0
DST:FIKS22:BRANCHE07=D:BELØB=0:SÆSON=EJSÆSON,2024-10-01,13164.0
DST:FIKS22:BRANCHE07=D:BELØB=0:SÆSON=EJSÆSON,2024-11-01,15439.0
DST:FIKS22:BRANCHE07=D:BELØB=0:SÆSON=EJSÆSON,2024-12-01,17519.0
DST:FIKS22:BRANCHE07=D:BELØB=0:SÆSON=EJSÆSON,2025-01-01,15714.0
DST:FIKS22:BRANCHE07=D:BELØB=0:SÆSON=EJSÆSON,2025-02-01,16836.0
DST:FIKS22:BRANCHE07=D:BELØB=0:SÆSON=EJSÆSON,2025-03-01,17211.0
DST:FIKS22:BRANCHE07=D:BELØB=0:SÆSON=EJSÆSON,2025-04-01,14271.0
DST:FIKS22:BRANCHE07=D:BELØB=0:SÆSON=EJSÆSON,2025-05-01,12848.0
DST:FIKS22:BRANCHE07=D:BELØB=0:SÆSON=EJSÆSON,2025-06-01,11896.0
DST:FIKS22:BRANCHE07=D:BELØB=0:SÆSON=EJSÆSON,2025-07-01,10894.0
DST:FIKS22:BRANCHE07=D:BELØB=0:SÆSON=EJSÆSON,2025-08-01,11586.0
DST:FIKS22:BRANCHE07=D:BELØB=0:SÆSON=EJSÆSON,2025-09-01,12161.0
DST:FIKS22:BRANCHE07=D:BELØB=0:SÆSON=EJSÆSON,2025-10-01,13166.0
DST:FIKS22:BRANCHE07=D:BELØB=0:SÆSON=EJSÆSON,2025-11-01,14687.0
DST:FIKS22:BRANCHE07=D:BELØB=0:SÆSON=EJSÆSON,2025-12-01,19357.0
DST:FIKS22:BRANCHE07=D:BELØB=0:SÆSON=EJSÆSON,2026-01-01,14616.0
DST:FIKS22:BRANCHE07=D:BELØB=0:SÆSON=EJSÆSON,2026-02-01,14958.0
DST:FIKS22:BRANCHE07=D:BELØB=0:SÆSON=EJSÆSON,2026-03-01,14734.0
DST:FIKS22:BRANCHE07=D:BELØB=0:SÆSON=SÆSON,2009-01-01,5294.0
DST:FIKS22:BRANCHE07=D:BELØB=0:SÆSON=SÆSON,2009-02-01,5956.0
DST:FIKS22:BRANCHE07=D:BELØB=0:SÆSON=SÆSON,2009-03-01,5207.0
DST:FIKS22:BRANCHE07=D:BELØB=0:SÆSON=SÆSON,2009-04-01,4961.0
DST:FIKS22:BRANCHE07=D:BELØB=0:SÆSON=SÆSON,2009-05-01,6358.0
DST:FIKS22:BRANCHE07=D:BELØB=0:SÆSON=SÆSON,2009-06-01,7123.0
DST:FIKS22:BRANCHE07=D:BELØB=0:SÆSON=SÆSON,2009-07-01,6659.0
DST:FIKS22:BRANCHE07=D:BELØB=0:SÆSON=SÆSON,2009-08-01,6121.0
DST:FIKS22:BRANCHE07=D:BELØB=0:SÆSON=SÆSON,2009-09-01,6890.0
DST:FIKS22:BRANCHE07=D:BELØB=0:SÆSON=SÆSON,2009-10-01,5882.0
DST:FIKS22:BRANCHE07=D:BELØB=0:SÆSON=SÆSON,2009-11-01,6140.0
DST:FIKS22:BRANCHE07=D:BELØB=0:SÆSON=SÆSON,2009-12-01,4888.0
DST:FIKS22:BRANCHE07=D:BELØB=0:SÆSON=SÆSON,2010-01-01,5619.0
DST:FIKS22:BRANCHE07=D:BELØB=0:SÆSON=SÆSON,2010-02-01,6202.0
DST:FIKS22:BRANCHE07=D:BELØB=0:SÆSON=SÆSON,2010-03-01,6381.0
DST:FIKS22:BRANCHE07=D:BELØB=0:SÆSON=SÆSON,2010-04-01,6351.0
DST:FIKS22:BRANCHE07=D:BELØB=0:SÆSON=SÆSON,2010-05-01,5732.0
DST:FIKS22:BRANCHE07=D:BELØB=0:SÆSON=SÆSON,2010-06-01,5587.0
DST:FIKS22:BRANCHE07=D:BELØB=0:SÆSON=SÆSON,2010-07-01,5145.0
DST:FIKS22:BRANCHE07=D:BELØB=0:SÆSON=SÆSON,2010-08-01,5458.0
DST:FIKS22:BRANCHE07=D:BELØB=0:SÆSON=SÆSON,2010-09-01,5314.0
DST:FIKS22:BRANCHE07=D:BELØB=0:SÆSON=SÆSON,2010-10-01,5997.0
DST:FIKS22:BRANCHE07=D:BELØB=0:SÆSON=SÆSON,2010-11-01,5986.0
DST:FIKS22:BRANCHE07=D:BELØB=0:SÆSON=SÆSON,2010-12-01,5949.0
DST:FIKS22:BRANCHE07=D:BELØB=0:SÆSON=SÆSON,2011-01-01,6677.0
DST:FIKS22:BRANCHE07=D:BELØB=0:SÆSON=SÆSON,2011-02-01,5611.0
DST:FIKS22:BRANCHE07=D:BELØB=0:SÆSON=SÆSON,2011-03-01,6046.0
DST:FIKS22:BRANCHE07=D:BELØB=0:SÆSON=SÆSON,2011-04-01,5657.0
DST:FIKS22:BRANCHE07=D:BELØB=0:SÆSON=SÆSON,2011-05-01,5593.0
DST:FIKS22:BRANCHE07=D:BELØB=0:SÆSON=SÆSON,2011-06-01,6080.0
DST:FIKS22:BRANCHE07=D:BELØB=0:SÆSON=SÆSON,2011-07-01,5949.0
DST:FIKS22:BRANCHE07=D:BELØB=0:SÆSON=SÆSON,2011-08-01,6378.0
DST:FIKS22:BRANCHE07=D:BELØB=0:SÆSON=SÆSON,2011-09-01,6215.0
DST:FIKS22:BRANCHE07=D:BELØB=0:SÆSON=SÆSON,2011-10-01,6125.0
DST:FIKS22:BRANCHE07=D:BELØB=0:SÆSON=SÆSON,2011-11-01,5872.0
DST:FIKS22:BRANCHE07=D:BELØB=0:SÆSON=SÆSON,2011-12-01,6719.0
DST:FIKS22:BRANCHE07=D:BELØB=0:SÆSON=SÆSON,2012-01-01,6134.0
DST:FIKS22:BRANCHE07=D:BELØB=0:SÆSON=SÆSON,2012-02-01,6171.0
DST:FIKS22:BRANCHE07=D:BELØB=0:SÆSON=SÆSON,2012-03-01,6639.0
DST:FIKS22:BRANCHE07=D:BELØB=0:SÆSON=SÆSON,2012-04-01,6069.0
DST:FIKS22:BRANCHE07=D:BELØB=0:SÆSON=SÆSON,2012-05-01,6423.0
DST:FIKS22:BRANCHE07=D:BELØB=0:SÆSON=SÆSON,2012-06-01,5837.0
DST:FIKS22:BRANCHE07=D:BELØB=0:SÆSON=SÆSON,2012-07-01,6385.0
DST:FIKS22:BRANCHE07=D:BELØB=0:SÆSON=SÆSON,2012-08-01,6505.0
DST:FIKS22:BRANCHE07=D:BELØB=0:SÆSON=SÆSON,2012-09-01,5854.0
DST:FIKS22:BRANCHE07=D:BELØB=0:SÆSON=SÆSON,2012-10-01,6055.0
DST:FIKS22:BRANCHE07=D:BELØB=0:SÆSON=SÆSON,2012-11-01,6121.0
DST:FIKS22:BRANCHE07=D:BELØB=0:SÆSON=SÆSON,2012-12-01,8639.0
DST:FIKS22:BRANCHE07=D:BELØB=0:SÆSON=SÆSON,2013-01-01,9599.0
DST:FIKS22:BRANCHE07=D:BELØB=0:SÆSON=SÆSON,2013-02-01,5990.0
DST:FIKS22:BRANCHE07=D:BELØB=0:SÆSON=SÆSON,2013-03-01,6255.0
DST:FIKS22:BRANCHE07=D:BELØB=0:SÆSON=SÆSON,2013-04-01,6961.0
DST:FIKS22:BRANCHE07=D:BELØB=0:SÆSON=SÆSON,2013-05-01,6634.0
DST:FIKS22:BRANCHE07=D:BELØB=0:SÆSON=SÆSON,2013-06-01,7583.0
DST:FIKS22:BRANCHE07=D:BELØB=0:SÆSON=SÆSON,2013-07-01,6537.0
DST:FIKS22:BRANCHE07=D:BELØB=0:SÆSON=SÆSON,2013-08-01,5694.0
DST:FIKS22:BRANCHE07=D:BELØB=0:SÆSON=SÆSON,2013-09-01,6051.0
DST:FIKS22:BRANCHE07=D:BELØB=0:SÆSON=SÆSON,2013-10-01,6330.0
DST:FIKS22:BRANCHE07=D:BELØB=0:SÆSON=SÆSON,2013-11-01,5807.0
DST:FIKS22:BRANCHE07=D:BELØB=0:SÆSON=SÆSON,2013-12-01,7998.0
DST:FIKS22:BRANCHE07=D:BELØB=0:SÆSON=SÆSON,2014-01-01,6560.0
DST:FIKS22:BRANCHE07=D:BELØB=0:SÆSON=SÆSON,2014-02-01,6045.0
DST:FIKS22:BRANCHE07=D:BELØB=0:SÆSON=SÆSON,2014-03-01,5761.0
DST:FIKS22:BRANCHE07=D:BELØB=0:SÆSON=SÆSON,2014-04-01,6009.0
DST:FIKS22:BRANCHE07=D:BELØB=0:SÆSON=SÆSON,2014-05-01,5992.0
DST:FIKS22:BRANCHE07=D:BELØB=0:SÆSON=SÆSON,2014-06-01,5745.0
DST:FIKS22:BRANCHE07=D:BELØB=0:SÆSON=SÆSON,2014-07-01,5784.0
DST:FIKS22:BRANCHE07=D:BELØB=0:SÆSON=SÆSON,2014-08-01,4679.0
DST:FIKS22:BRANCHE07=D:BELØB=0:SÆSON=SÆSON,2014-09-01,5965.0
DST:FIKS22:BRANCHE07=D:BELØB=0:SÆSON=SÆSON,2014-10-01,5736.0
DST:FIKS22:BRANCHE07=D:BELØB=0:SÆSON=SÆSON,2014-11-01,6453.0
DST:FIKS22:BRANCHE07=D:BELØB=0:SÆSON=SÆSON,2014-12-01,5475.0
DST:FIKS22:BRANCHE07=D:BELØB=0:SÆSON=SÆSON,2015-01-01,6098.0
DST:FIKS22:BRANCHE07=D:BELØB=0:SÆSON=SÆSON,2015-02-01,6654.0
DST:FIKS22:BRANCHE07=D:BELØB=0:SÆSON=SÆSON,2015-03-01,6646.0
DST:FIKS22:BRANCHE07=D:BELØB=0:SÆSON=SÆSON,2015-04-01,6768.0
DST:FIKS22:BRANCHE07=D:BELØB=0:SÆSON=SÆSON,2015-05-01,6553.0
DST:FIKS22:BRANCHE07=D:BELØB=0:SÆSON=SÆSON,2015-06-01,6462.0
DST:FIKS22:BRANCHE07=D:BELØB=0:SÆSON=SÆSON,2015-07-01,6499.0
DST:FIKS22:BRANCHE07=D:BELØB=0:SÆSON=SÆSON,2015-08-01,5965.0
DST:FIKS22:BRANCHE07=D:BELØB=0:SÆSON=SÆSON,2015-09-01,6030.0
DST:FIKS22:BRANCHE07=D:BELØB=0:SÆSON=SÆSON,2015-10-01,5965.0
DST:FIKS22:BRANCHE07=D:BELØB=0:SÆSON=SÆSON,2015-11-01,5874.0
DST:FIKS22:BRANCHE07=D:BELØB=0:SÆSON=SÆSON,2015-12-01,5639.0
DST:FIKS22:BRANCHE07=D:BELØB=0:SÆSON=SÆSON,2016-01-01,5674.0
DST:FIKS22:BRANCHE07=D:BELØB=0:SÆSON=SÆSON,2016-02-01,5965.0
DST:FIKS22:BRANCHE07=D:BELØB=0:SÆSON=SÆSON,2016-03-01,6050.0
DST:FIKS22:BRANCHE07=D:BELØB=0:SÆSON=SÆSON,2016-04-01,5284.0
DST:FIKS22:BRANCHE07=D:BELØB=0:SÆSON=SÆSON,2016-05-01,7611.0
DST:FIKS22:BRANCHE07=D:BELØB=0:SÆSON=SÆSON,2016-06-01,7942.0
DST:FIKS22:BRANCHE07=D:BELØB=0:SÆSON=SÆSON,2016-07-01,7295.0
DST:FIKS22:BRANCHE07=D:BELØB=0:SÆSON=SÆSON,2016-08-01,9334.0
DST:FIKS22:BRANCHE07=D:BELØB=0:SÆSON=SÆSON,2016-09-01,8644.0
DST:FIKS22:BRANCHE07=D:BELØB=0:SÆSON=SÆSON,2016-10-01,7844.0
DST:FIKS22:BRANCHE07=D:BELØB=0:SÆSON=SÆSON,2016-11-01,7841.0
DST:FIKS22:BRANCHE07=D:BELØB=0:SÆSON=SÆSON,2016-12-01,8086.0
DST:FIKS22:BRANCHE07=D:BELØB=0:SÆSON=SÆSON,2017-01-01,7538.0
DST:FIKS22:BRANCHE07=D:BELØB=0:SÆSON=SÆSON,2017-02-01,7672.0
DST:FIKS22:BRANCHE07=D:BELØB=0:SÆSON=SÆSON,2017-03-01,7804.0
DST:FIKS22:BRANCHE07=D:BELØB=0:SÆSON=SÆSON,2017-04-01,7663.0
DST:FIKS22:BRANCHE07=D:BELØB=0:SÆSON=SÆSON,2017-05-01,8227.0
DST:FIKS22:BRANCHE07=D:BELØB=0:SÆSON=SÆSON,2017-06-01,8390.0
DST:FIKS22:BRANCHE07=D:BELØB=0:SÆSON=SÆSON,2017-07-01,7949.0
DST:FIKS22:BRANCHE07=D:BELØB=0:SÆSON=SÆSON,2017-08-01,9056.0
DST:FIKS22:BRANCHE07=D:BELØB=0:SÆSON=SÆSON,2017-09-01,8298.0
DST:FIKS22:BRANCHE07=D:BELØB=0:SÆSON=SÆSON,2017-10-01,8350.0
DST:FIKS22:BRANCHE07=D:BELØB=0:SÆSON=SÆSON,2017-11-01,8349.0
DST:FIKS22:BRANCHE07=D:BELØB=0:SÆSON=SÆSON,2017-12-01,8698.0
DST:FIKS22:BRANCHE07=D:BELØB=0:SÆSON=SÆSON,2018-01-01,7924.0
DST:FIKS22:BRANCHE07=D:BELØB=0:SÆSON=SÆSON,2018-02-01,7428.0
DST:FIKS22:BRANCHE07=D:BELØB=0:SÆSON=SÆSON,2018-03-01,8437.0
DST:FIKS22:BRANCHE07=D:BELØB=0:SÆSON=SÆSON,2018-04-01,9039.0
DST:FIKS22:BRANCHE07=D:BELØB=0:SÆSON=SÆSON,2018-05-01,8298.0
DST:FIKS22:BRANCHE07=D:BELØB=0:SÆSON=SÆSON,2018-06-01,8762.0
DST:FIKS22:BRANCHE07=D:BELØB=0:SÆSON=SÆSON,2018-07-01,9553.0
DST:FIKS22:BRANCHE07=D:BELØB=0:SÆSON=SÆSON,2018-08-01,9026.0
DST:FIKS22:BRANCHE07=D:BELØB=0:SÆSON=SÆSON,2018-09-01,8634.0
DST:FIKS22:BRANCHE07=D:BELØB=0:SÆSON=SÆSON,2018-10-01,9590.0
DST:FIKS22:BRANCHE07=D:BELØB=0:SÆSON=SÆSON,2018-11-01,9049.0
DST:FIKS22:BRANCHE07=D:BELØB=0:SÆSON=SÆSON,2018-12-01,8780.0
DST:FIKS22:BRANCHE07=D:BELØB=0:SÆSON=SÆSON,2019-01-01,9550.0
DST:FIKS22:BRANCHE07=D:BELØB=0:SÆSON=SÆSON,2019-02-01,8908.0
DST:FIKS22:BRANCHE07=D:BELØB=0:SÆSON=SÆSON,2019-03-01,8758.0
DST:FIKS22:BRANCHE07=D:BELØB=0:SÆSON=SÆSON,2019-04-01,9136.0
DST:FIKS22:BRANCHE07=D:BELØB=0:SÆSON=SÆSON,2019-05-01,8344.0
DST:FIKS22:BRANCHE07=D:BELØB=0:SÆSON=SÆSON,2019-06-01,8544.0
DST:FIKS22:BRANCHE07=D:BELØB=0:SÆSON=SÆSON,2019-07-01,8454.0
DST:FIKS22:BRANCHE07=D:BELØB=0:SÆSON=SÆSON,2019-08-01,8712.0
DST:FIKS22:BRANCHE07=D:BELØB=0:SÆSON=SÆSON,2019-09-01,8862.0
DST:FIKS22:BRANCHE07=D:BELØB=0:SÆSON=SÆSON,2019-10-01,8197.0
DST:FIKS22:BRANCHE07=D:BELØB=0:SÆSON=SÆSON,2019-11-01,8662.0
DST:FIKS22:BRANCHE07=D:BELØB=0:SÆSON=SÆSON,2019-12-01,8644.0
DST:FIKS22:BRANCHE07=D:BELØB=0:SÆSON=SÆSON,2020-01-01,9000.0
DST:FIKS22:BRANCHE07=D:BELØB=0:SÆSON=SÆSON,2020-02-01,8588.0
DST:FIKS22:BRANCHE07=D:BELØB=0:SÆSON=SÆSON,2020-03-01,8521.0
DST:FIKS22:BRANCHE07=D:BELØB=0:SÆSON=SÆSON,2020-04-01,9002.0
DST:FIKS22:BRANCHE07=D:BELØB=0:SÆSON=SÆSON,2020-05-01,9250.0
DST:FIKS22:BRANCHE07=D:BELØB=0:SÆSON=SÆSON,2020-06-01,8430.0
DST:FIKS22:BRANCHE07=D:BELØB=0:SÆSON=SÆSON,2020-07-01,9057.0
DST:FIKS22:BRANCHE07=D:BELØB=0:SÆSON=SÆSON,2020-08-01,9590.0
DST:FIKS22:BRANCHE07=D:BELØB=0:SÆSON=SÆSON,2020-09-01,9346.0
DST:FIKS22:BRANCHE07=D:BELØB=0:SÆSON=SÆSON,2020-10-01,9673.0
DST:FIKS22:BRANCHE07=D:BELØB=0:SÆSON=SÆSON,2020-11-01,9760.0
DST:FIKS22:BRANCHE07=D:BELØB=0:SÆSON=SÆSON,2020-12-01,12287.0
DST:FIKS22:BRANCHE07=D:BELØB=0:SÆSON=SÆSON,2021-01-01,13006.0
DST:FIKS22:BRANCHE07=D:BELØB=0:SÆSON=SÆSON,2021-02-01,15130.0
DST:FIKS22:BRANCHE07=D:BELØB=0:SÆSON=SÆSON,2021-03-01,14759.0
DST:FIKS22:BRANCHE07=D:BELØB=0:SÆSON=SÆSON,2021-04-01,13929.0
DST:FIKS22:BRANCHE07=D:BELØB=0:SÆSON=SÆSON,2021-05-01,15841.0
DST:FIKS22:BRANCHE07=D:BELØB=0:SÆSON=SÆSON,2021-06-01,16330.0
DST:FIKS22:BRANCHE07=D:BELØB=0:SÆSON=SÆSON,2021-07-01,19626.0
DST:FIKS22:BRANCHE07=D:BELØB=0:SÆSON=SÆSON,2021-08-01,13100.0
DST:FIKS22:BRANCHE07=D:BELØB=0:SÆSON=SÆSON,2021-09-01,11427.0
DST:FIKS22:BRANCHE07=D:BELØB=0:SÆSON=SÆSON,2021-10-01,14882.0
DST:FIKS22:BRANCHE07=D:BELØB=0:SÆSON=SÆSON,2021-11-01,15870.0
DST:FIKS22:BRANCHE07=D:BELØB=0:SÆSON=SÆSON,2021-12-01,16019.0
DST:FIKS22:BRANCHE07=D:BELØB=0:SÆSON=SÆSON,2022-01-01,16646.0
DST:FIKS22:BRANCHE07=D:BELØB=0:SÆSON=SÆSON,2022-02-01,13826.0
DST:FIKS22:BRANCHE07=D:BELØB=0:SÆSON=SÆSON,2022-03-01,15542.0
DST:FIKS22:BRANCHE07=D:BELØB=0:SÆSON=SÆSON,2022-04-01,21378.0
DST:FIKS22:BRANCHE07=D:BELØB=0:SÆSON=SÆSON,2022-05-01,20642.0
DST:FIKS22:BRANCHE07=D:BELØB=0:SÆSON=SÆSON,2022-06-01,17890.0
DST:FIKS22:BRANCHE07=D:BELØB=0:SÆSON=SÆSON,2022-07-01,19219.0
DST:FIKS22:BRANCHE07=D:BELØB=0:SÆSON=SÆSON,2022-08-01,25813.0
DST:FIKS22:BRANCHE07=D:BELØB=0:SÆSON=SÆSON,2022-09-01,23984.0
DST:FIKS22:BRANCHE07=D:BELØB=0:SÆSON=SÆSON,2022-10-01,20039.0
DST:FIKS22:BRANCHE07=D:BELØB=0:SÆSON=SÆSON,2022-11-01,17683.0
DST:FIKS22:BRANCHE07=D:BELØB=0:SÆSON=SÆSON,2022-12-01,18732.0
DST:FIKS22:BRANCHE07=D:BELØB=0:SÆSON=SÆSON,2023-01-01,20396.0
DST:FIKS22:BRANCHE07=D:BELØB=0:SÆSON=SÆSON,2023-02-01,16199.0
DST:FIKS22:BRANCHE07=D:BELØB=0:SÆSON=SÆSON,2023-03-01,16023.0
DST:FIKS22:BRANCHE07=D:BELØB=0:SÆSON=SÆSON,2023-04-01,15248.0
DST:FIKS22:BRANCHE07=D:BELØB=0:SÆSON=SÆSON,2023-05-01,13354.0
DST:FIKS22:BRANCHE07=D:BELØB=0:SÆSON=SÆSON,2023-06-01,15442.0
DST:FIKS22:BRANCHE07=D:BELØB=0:SÆSON=SÆSON,2023-07-01,13295.0
DST:FIKS22:BRANCHE07=D:BELØB=0:SÆSON=SÆSON,2023-08-01,15356.0
DST:FIKS22:BRANCHE07=D:BELØB=0:SÆSON=SÆSON,2023-09-01,14967.0
DST:FIKS22:BRANCHE07=D:BELØB=0:SÆSON=SÆSON,2023-10-01,14683.0
DST:FIKS22:BRANCHE07=D:BELØB=0:SÆSON=SÆSON,2023-11-01,12832.0
DST:FIKS22:BRANCHE07=D:BELØB=0:SÆSON=SÆSON,2023-12-01,12763.0
DST:FIKS22:BRANCHE07=D:BELØB=0:SÆSON=SÆSON,2024-01-01,13760.0
DST:FIKS22:BRANCHE07=D:BELØB=0:SÆSON=SÆSON,2024-02-01,14277.0
DST:FIKS22:BRANCHE07=D:BELØB=0:SÆSON=SÆSON,2024-03-01,13811.0
DST:FIKS22:BRANCHE07=D:BELØB=0:SÆSON=SÆSON,2024-04-01,15188.0
DST:FIKS22:BRANCHE07=D:BELØB=0:SÆSON=SÆSON,2024-05-01,13942.0
DST:FIKS22:BRANCHE07=D:BELØB=0:SÆSON=SÆSON,2024-06-01,13035.0
DST:FIKS22:BRANCHE07=D:BELØB=0:SÆSON=SÆSON,2024-07-01,12855.0
DST:FIKS22:BRANCHE07=D:BELØB=0:SÆSON=SÆSON,2024-08-01,13585.0
DST:FIKS22:BRANCHE07=D:BELØB=0:SÆSON=SÆSON,2024-09-01,12851.0
DST:FIKS22:BRANCHE07=D:BELØB=0:SÆSON=SÆSON,2024-10-01,13989.0
DST:FIKS22:BRANCHE07=D:BELØB=0:SÆSON=SÆSON,2024-11-01,14886.0
DST:FIKS22:BRANCHE07=D:BELØB=0:SÆSON=SÆSON,2024-12-01,13222.0
DST:FIKS22:BRANCHE07=D:BELØB=0:SÆSON=SÆSON,2025-01-01,13996.0
DST:FIKS22:BRANCHE07=D:BELØB=0:SÆSON=SÆSON,2025-02-01,14790.0
DST:FIKS22:BRANCHE07=D:BELØB=0:SÆSON=SÆSON,2025-03-01,14787.0
DST:FIKS22:BRANCHE07=D:BELØB=0:SÆSON=SÆSON,2025-04-01,13746.0
DST:FIKS22:BRANCHE07=D:BELØB=0:SÆSON=SÆSON,2025-05-01,14000.0
DST:FIKS22:BRANCHE07=D:BELØB=0:SÆSON=SÆSON,2025-06-01,13546.0
DST:FIKS22:BRANCHE07=D:BELØB=0:SÆSON=SÆSON,2025-07-01,14179.0
DST:FIKS22:BRANCHE07=D:BELØB=0:SÆSON=SÆSON,2025-08-01,14648.0
DST:FIKS22:BRANCHE07=D:BELØB=0:SÆSON=SÆSON,2025-09-01,13967.0
DST:FIKS22:BRANCHE07=D:BELØB=0:SÆSON=SÆSON,2025-10-01,13934.0
DST:FIKS22:BRANCHE07=D:BELØB=0:SÆSON=SÆSON,2025-11-01,14029.0
DST:FIKS22:BRANCHE07=D:BELØB=0:SÆSON=SÆSON,2025-12-01,14638.0
DST:FIKS22:BRANCHE07=D:BELØB=0:SÆSON=SÆSON,2026-01-01,13128.0
DST:FIKS22:BRANCHE07=D:BELØB=0:SÆSON=SÆSON,2026-02-01,13047.0
DST:FIKS22:BRANCHE07=D:BELØB=0:SÆSON=SÆSON,2026-03-01,12720.0
DST:FIKS22:BRANCHE07=D:BELØB=1:SÆSON=EJSÆSON,2009-01-01,9191.0
DST:FIKS22:BRANCHE07=D:BELØB=1:SÆSON=EJSÆSON,2009-02-01,11681.0
DST:FIKS22:BRANCHE07=D:BELØB=1:SÆSON=EJSÆSON,2009-03-01,9267.0
DST:FIKS22:BRANCHE07=D:BELØB=1:SÆSON=EJSÆSON,2009-04-01,8241.0
DST:FIKS22:BRANCHE07=D:BELØB=1:SÆSON=EJSÆSON,2009-05-01,9164.0
DST:FIKS22:BRANCHE07=D:BELØB=1:SÆSON=EJSÆSON,2009-06-01,7877.0
DST:FIKS22:BRANCHE07=D:BELØB=1:SÆSON=EJSÆSON,2009-07-01,7096.0
DST:FIKS22:BRANCHE07=D:BELØB=1:SÆSON=EJSÆSON,2009-08-01,8800.0
DST:FIKS22:BRANCHE07=D:BELØB=1:SÆSON=EJSÆSON,2009-09-01,7595.0
DST:FIKS22:BRANCHE07=D:BELØB=1:SÆSON=EJSÆSON,2009-10-01,8474.0
DST:FIKS22:BRANCHE07=D:BELØB=1:SÆSON=EJSÆSON,2009-11-01,9846.0
DST:FIKS22:BRANCHE07=D:BELØB=1:SÆSON=EJSÆSON,2009-12-01,9258.0
DST:FIKS22:BRANCHE07=D:BELØB=1:SÆSON=EJSÆSON,2010-01-01,10338.0
DST:FIKS22:BRANCHE07=D:BELØB=1:SÆSON=EJSÆSON,2010-02-01,12920.0
DST:FIKS22:BRANCHE07=D:BELØB=1:SÆSON=EJSÆSON,2010-03-01,10001.0
DST:FIKS22:BRANCHE07=D:BELØB=1:SÆSON=EJSÆSON,2010-04-01,10041.0
DST:FIKS22:BRANCHE07=D:BELØB=1:SÆSON=EJSÆSON,2010-05-01,9729.0
DST:FIKS22:BRANCHE07=D:BELØB=1:SÆSON=EJSÆSON,2010-06-01,8640.0
DST:FIKS22:BRANCHE07=D:BELØB=1:SÆSON=EJSÆSON,2010-07-01,6966.0
DST:FIKS22:BRANCHE07=D:BELØB=1:SÆSON=EJSÆSON,2010-08-01,9425.0
DST:FIKS22:BRANCHE07=D:BELØB=1:SÆSON=EJSÆSON,2010-09-01,7272.0
DST:FIKS22:BRANCHE07=D:BELØB=1:SÆSON=EJSÆSON,2010-10-01,9556.0
DST:FIKS22:BRANCHE07=D:BELØB=1:SÆSON=EJSÆSON,2010-11-01,10019.0
DST:FIKS22:BRANCHE07=D:BELØB=1:SÆSON=EJSÆSON,2010-12-01,10300.0
DST:FIKS22:BRANCHE07=D:BELØB=1:SÆSON=EJSÆSON,2011-01-01,12229.0
DST:FIKS22:BRANCHE07=D:BELØB=1:SÆSON=EJSÆSON,2011-02-01,13757.0
DST:FIKS22:BRANCHE07=D:BELØB=1:SÆSON=EJSÆSON,2011-03-01,10498.0
DST:FIKS22:BRANCHE07=D:BELØB=1:SÆSON=EJSÆSON,2011-04-01,10034.0
DST:FIKS22:BRANCHE07=D:BELØB=1:SÆSON=EJSÆSON,2011-05-01,10291.0
DST:FIKS22:BRANCHE07=D:BELØB=1:SÆSON=EJSÆSON,2011-06-01,9250.0
DST:FIKS22:BRANCHE07=D:BELØB=1:SÆSON=EJSÆSON,2011-07-01,7854.0
DST:FIKS22:BRANCHE07=D:BELØB=1:SÆSON=EJSÆSON,2011-08-01,9846.0
DST:FIKS22:BRANCHE07=D:BELØB=1:SÆSON=EJSÆSON,2011-09-01,7830.0
DST:FIKS22:BRANCHE07=D:BELØB=1:SÆSON=EJSÆSON,2011-10-01,9575.0
DST:FIKS22:BRANCHE07=D:BELØB=1:SÆSON=EJSÆSON,2011-11-01,10221.0
DST:FIKS22:BRANCHE07=D:BELØB=1:SÆSON=EJSÆSON,2011-12-01,11164.0
DST:FIKS22:BRANCHE07=D:BELØB=1:SÆSON=EJSÆSON,2012-01-01,10842.0
DST:FIKS22:BRANCHE07=D:BELØB=1:SÆSON=EJSÆSON,2012-02-01,12592.0
DST:FIKS22:BRANCHE07=D:BELØB=1:SÆSON=EJSÆSON,2012-03-01,11725.0
DST:FIKS22:BRANCHE07=D:BELØB=1:SÆSON=EJSÆSON,2012-04-01,9647.0
DST:FIKS22:BRANCHE07=D:BELØB=1:SÆSON=EJSÆSON,2012-05-01,10086.0
DST:FIKS22:BRANCHE07=D:BELØB=1:SÆSON=EJSÆSON,2012-06-01,8450.0
DST:FIKS22:BRANCHE07=D:BELØB=1:SÆSON=EJSÆSON,2012-07-01,7693.0
DST:FIKS22:BRANCHE07=D:BELØB=1:SÆSON=EJSÆSON,2012-08-01,8685.0
DST:FIKS22:BRANCHE07=D:BELØB=1:SÆSON=EJSÆSON,2012-09-01,7488.0
DST:FIKS22:BRANCHE07=D:BELØB=1:SÆSON=EJSÆSON,2012-10-01,8587.0
DST:FIKS22:BRANCHE07=D:BELØB=1:SÆSON=EJSÆSON,2012-11-01,10846.0
DST:FIKS22:BRANCHE07=D:BELØB=1:SÆSON=EJSÆSON,2012-12-01,13351.0
DST:FIKS22:BRANCHE07=D:BELØB=1:SÆSON=EJSÆSON,2013-01-01,14664.0
DST:FIKS22:BRANCHE07=D:BELØB=1:SÆSON=EJSÆSON,2013-02-01,13310.0
DST:FIKS22:BRANCHE07=D:BELØB=1:SÆSON=EJSÆSON,2013-03-01,10063.0
DST:FIKS22:BRANCHE07=D:BELØB=1:SÆSON=EJSÆSON,2013-04-01,11176.0
DST:FIKS22:BRANCHE07=D:BELØB=1:SÆSON=EJSÆSON,2013-05-01,10760.0
DST:FIKS22:BRANCHE07=D:BELØB=1:SÆSON=EJSÆSON,2013-06-01,8641.0
DST:FIKS22:BRANCHE07=D:BELØB=1:SÆSON=EJSÆSON,2013-07-01,7595.0
DST:FIKS22:BRANCHE07=D:BELØB=1:SÆSON=EJSÆSON,2013-08-01,8317.0
DST:FIKS22:BRANCHE07=D:BELØB=1:SÆSON=EJSÆSON,2013-09-01,8228.0
DST:FIKS22:BRANCHE07=D:BELØB=1:SÆSON=EJSÆSON,2013-10-01,8794.0
DST:FIKS22:BRANCHE07=D:BELØB=1:SÆSON=EJSÆSON,2013-11-01,10002.0
DST:FIKS22:BRANCHE07=D:BELØB=1:SÆSON=EJSÆSON,2013-12-01,13524.0
DST:FIKS22:BRANCHE07=D:BELØB=1:SÆSON=EJSÆSON,2014-01-01,11134.0
DST:FIKS22:BRANCHE07=D:BELØB=1:SÆSON=EJSÆSON,2014-02-01,13389.0
DST:FIKS22:BRANCHE07=D:BELØB=1:SÆSON=EJSÆSON,2014-03-01,10205.0
DST:FIKS22:BRANCHE07=D:BELØB=1:SÆSON=EJSÆSON,2014-04-01,10288.0
DST:FIKS22:BRANCHE07=D:BELØB=1:SÆSON=EJSÆSON,2014-05-01,9566.0
DST:FIKS22:BRANCHE07=D:BELØB=1:SÆSON=EJSÆSON,2014-06-01,7905.0
DST:FIKS22:BRANCHE07=D:BELØB=1:SÆSON=EJSÆSON,2014-07-01,7464.0
DST:FIKS22:BRANCHE07=D:BELØB=1:SÆSON=EJSÆSON,2014-08-01,7256.0
DST:FIKS22:BRANCHE07=D:BELØB=1:SÆSON=EJSÆSON,2014-09-01,8281.0
DST:FIKS22:BRANCHE07=D:BELØB=1:SÆSON=EJSÆSON,2014-10-01,8589.0
DST:FIKS22:BRANCHE07=D:BELØB=1:SÆSON=EJSÆSON,2014-11-01,9319.0
DST:FIKS22:BRANCHE07=D:BELØB=1:SÆSON=EJSÆSON,2014-12-01,10174.0
DST:FIKS22:BRANCHE07=D:BELØB=1:SÆSON=EJSÆSON,2015-01-01,9897.0
DST:FIKS22:BRANCHE07=D:BELØB=1:SÆSON=EJSÆSON,2015-02-01,13760.0
DST:FIKS22:BRANCHE07=D:BELØB=1:SÆSON=EJSÆSON,2015-03-01,11053.0
DST:FIKS22:BRANCHE07=D:BELØB=1:SÆSON=EJSÆSON,2015-04-01,10284.0
DST:FIKS22:BRANCHE07=D:BELØB=1:SÆSON=EJSÆSON,2015-05-01,9719.0
DST:FIKS22:BRANCHE07=D:BELØB=1:SÆSON=EJSÆSON,2015-06-01,7931.0
DST:FIKS22:BRANCHE07=D:BELØB=1:SÆSON=EJSÆSON,2015-07-01,8005.0
DST:FIKS22:BRANCHE07=D:BELØB=1:SÆSON=EJSÆSON,2015-08-01,8298.0
DST:FIKS22:BRANCHE07=D:BELØB=1:SÆSON=EJSÆSON,2015-09-01,8080.0
DST:FIKS22:BRANCHE07=D:BELØB=1:SÆSON=EJSÆSON,2015-10-01,8322.0
DST:FIKS22:BRANCHE07=D:BELØB=1:SÆSON=EJSÆSON,2015-11-01,8459.0
DST:FIKS22:BRANCHE07=D:BELØB=1:SÆSON=EJSÆSON,2015-12-01,8360.0
DST:FIKS22:BRANCHE07=D:BELØB=1:SÆSON=EJSÆSON,2016-01-01,8224.0
DST:FIKS22:BRANCHE07=D:BELØB=1:SÆSON=EJSÆSON,2016-02-01,10897.0
DST:FIKS22:BRANCHE07=D:BELØB=1:SÆSON=EJSÆSON,2016-03-01,8933.0
DST:FIKS22:BRANCHE07=D:BELØB=1:SÆSON=EJSÆSON,2016-04-01,8096.0
DST:FIKS22:BRANCHE07=D:BELØB=1:SÆSON=EJSÆSON,2016-05-01,9086.0
DST:FIKS22:BRANCHE07=D:BELØB=1:SÆSON=EJSÆSON,2016-06-01,8099.0
DST:FIKS22:BRANCHE07=D:BELØB=1:SÆSON=EJSÆSON,2016-07-01,9367.0
DST:FIKS22:BRANCHE07=D:BELØB=1:SÆSON=EJSÆSON,2016-08-01,10070.0
DST:FIKS22:BRANCHE07=D:BELØB=1:SÆSON=EJSÆSON,2016-09-01,9950.0
DST:FIKS22:BRANCHE07=D:BELØB=1:SÆSON=EJSÆSON,2016-10-01,10213.0
DST:FIKS22:BRANCHE07=D:BELØB=1:SÆSON=EJSÆSON,2016-11-01,11848.0
DST:FIKS22:BRANCHE07=D:BELØB=1:SÆSON=EJSÆSON,2016-12-01,13932.0
DST:FIKS22:BRANCHE07=D:BELØB=1:SÆSON=EJSÆSON,2017-01-01,12002.0
DST:FIKS22:BRANCHE07=D:BELØB=1:SÆSON=EJSÆSON,2017-02-01,13854.0
DST:FIKS22:BRANCHE07=D:BELØB=1:SÆSON=EJSÆSON,2017-03-01,11633.0
DST:FIKS22:BRANCHE07=D:BELØB=1:SÆSON=EJSÆSON,2017-04-01,12095.0
DST:FIKS22:BRANCHE07=D:BELØB=1:SÆSON=EJSÆSON,2017-05-01,10973.0
DST:FIKS22:BRANCHE07=D:BELØB=1:SÆSON=EJSÆSON,2017-06-01,9693.0
DST:FIKS22:BRANCHE07=D:BELØB=1:SÆSON=EJSÆSON,2017-07-01,9544.0
DST:FIKS22:BRANCHE07=D:BELØB=1:SÆSON=EJSÆSON,2017-08-01,10289.0
DST:FIKS22:BRANCHE07=D:BELØB=1:SÆSON=EJSÆSON,2017-09-01,9966.0
DST:FIKS22:BRANCHE07=D:BELØB=1:SÆSON=EJSÆSON,2017-10-01,10701.0
DST:FIKS22:BRANCHE07=D:BELØB=1:SÆSON=EJSÆSON,2017-11-01,12344.0
DST:FIKS22:BRANCHE07=D:BELØB=1:SÆSON=EJSÆSON,2017-12-01,13379.0
DST:FIKS22:BRANCHE07=D:BELØB=1:SÆSON=EJSÆSON,2018-01-01,12501.0
DST:FIKS22:BRANCHE07=D:BELØB=1:SÆSON=EJSÆSON,2018-02-01,13803.0
DST:FIKS22:BRANCHE07=D:BELØB=1:SÆSON=EJSÆSON,2018-03-01,12703.0
DST:FIKS22:BRANCHE07=D:BELØB=1:SÆSON=EJSÆSON,2018-04-01,13675.0
DST:FIKS22:BRANCHE07=D:BELØB=1:SÆSON=EJSÆSON,2018-05-01,11481.0
DST:FIKS22:BRANCHE07=D:BELØB=1:SÆSON=EJSÆSON,2018-06-01,10460.0
DST:FIKS22:BRANCHE07=D:BELØB=1:SÆSON=EJSÆSON,2018-07-01,10627.0
DST:FIKS22:BRANCHE07=D:BELØB=1:SÆSON=EJSÆSON,2018-08-01,10768.0
DST:FIKS22:BRANCHE07=D:BELØB=1:SÆSON=EJSÆSON,2018-09-01,10323.0
DST:FIKS22:BRANCHE07=D:BELØB=1:SÆSON=EJSÆSON,2018-10-01,11640.0
DST:FIKS22:BRANCHE07=D:BELØB=1:SÆSON=EJSÆSON,2018-11-01,14000.0
DST:FIKS22:BRANCHE07=D:BELØB=1:SÆSON=EJSÆSON,2018-12-01,13924.0
DST:FIKS22:BRANCHE07=D:BELØB=1:SÆSON=EJSÆSON,2019-01-01,14790.0
DST:FIKS22:BRANCHE07=D:BELØB=1:SÆSON=EJSÆSON,2019-02-01,14823.0
DST:FIKS22:BRANCHE07=D:BELØB=1:SÆSON=EJSÆSON,2019-03-01,12395.0
DST:FIKS22:BRANCHE07=D:BELØB=1:SÆSON=EJSÆSON,2019-04-01,13015.0
DST:FIKS22:BRANCHE07=D:BELØB=1:SÆSON=EJSÆSON,2019-05-01,11091.0
DST:FIKS22:BRANCHE07=D:BELØB=1:SÆSON=EJSÆSON,2019-06-01,9577.0
DST:FIKS22:BRANCHE07=D:BELØB=1:SÆSON=EJSÆSON,2019-07-01,9733.0
DST:FIKS22:BRANCHE07=D:BELØB=1:SÆSON=EJSÆSON,2019-08-01,10260.0
DST:FIKS22:BRANCHE07=D:BELØB=1:SÆSON=EJSÆSON,2019-09-01,10229.0
DST:FIKS22:BRANCHE07=D:BELØB=1:SÆSON=EJSÆSON,2019-10-01,11218.0
DST:FIKS22:BRANCHE07=D:BELØB=1:SÆSON=EJSÆSON,2019-11-01,12707.0
DST:FIKS22:BRANCHE07=D:BELØB=1:SÆSON=EJSÆSON,2019-12-01,12978.0
DST:FIKS22:BRANCHE07=D:BELØB=1:SÆSON=EJSÆSON,2020-01-01,14093.0
DST:FIKS22:BRANCHE07=D:BELØB=1:SÆSON=EJSÆSON,2020-02-01,13918.0
DST:FIKS22:BRANCHE07=D:BELØB=1:SÆSON=EJSÆSON,2020-03-01,12149.0
DST:FIKS22:BRANCHE07=D:BELØB=1:SÆSON=EJSÆSON,2020-04-01,13215.0
DST:FIKS22:BRANCHE07=D:BELØB=1:SÆSON=EJSÆSON,2020-05-01,10600.0
DST:FIKS22:BRANCHE07=D:BELØB=1:SÆSON=EJSÆSON,2020-06-01,9941.0
DST:FIKS22:BRANCHE07=D:BELØB=1:SÆSON=EJSÆSON,2020-07-01,10854.0
DST:FIKS22:BRANCHE07=D:BELØB=1:SÆSON=EJSÆSON,2020-08-01,10441.0
DST:FIKS22:BRANCHE07=D:BELØB=1:SÆSON=EJSÆSON,2020-09-01,10979.0
DST:FIKS22:BRANCHE07=D:BELØB=1:SÆSON=EJSÆSON,2020-10-01,12620.0
DST:FIKS22:BRANCHE07=D:BELØB=1:SÆSON=EJSÆSON,2020-11-01,13543.0
DST:FIKS22:BRANCHE07=D:BELØB=1:SÆSON=EJSÆSON,2020-12-01,17195.0
DST:FIKS22:BRANCHE07=D:BELØB=1:SÆSON=EJSÆSON,2021-01-01,18864.0
DST:FIKS22:BRANCHE07=D:BELØB=1:SÆSON=EJSÆSON,2021-02-01,19531.0
DST:FIKS22:BRANCHE07=D:BELØB=1:SÆSON=EJSÆSON,2021-03-01,19350.0
DST:FIKS22:BRANCHE07=D:BELØB=1:SÆSON=EJSÆSON,2021-04-01,16766.0
DST:FIKS22:BRANCHE07=D:BELØB=1:SÆSON=EJSÆSON,2021-05-01,16503.0
DST:FIKS22:BRANCHE07=D:BELØB=1:SÆSON=EJSÆSON,2021-06-01,16489.0
DST:FIKS22:BRANCHE07=D:BELØB=1:SÆSON=EJSÆSON,2021-07-01,17748.0
DST:FIKS22:BRANCHE07=D:BELØB=1:SÆSON=EJSÆSON,2021-08-01,25983.0
DST:FIKS22:BRANCHE07=D:BELØB=1:SÆSON=EJSÆSON,2021-09-01,30993.0
DST:FIKS22:BRANCHE07=D:BELØB=1:SÆSON=EJSÆSON,2021-10-01,42085.0
DST:FIKS22:BRANCHE07=D:BELØB=1:SÆSON=EJSÆSON,2021-11-01,21381.0
DST:FIKS22:BRANCHE07=D:BELØB=1:SÆSON=EJSÆSON,2021-12-01,24527.0
DST:FIKS22:BRANCHE07=D:BELØB=1:SÆSON=EJSÆSON,2022-01-01,27650.0
DST:FIKS22:BRANCHE07=D:BELØB=1:SÆSON=EJSÆSON,2022-02-01,22556.0
DST:FIKS22:BRANCHE07=D:BELØB=1:SÆSON=EJSÆSON,2022-03-01,22468.0
DST:FIKS22:BRANCHE07=D:BELØB=1:SÆSON=EJSÆSON,2022-04-01,29447.0
DST:FIKS22:BRANCHE07=D:BELØB=1:SÆSON=EJSÆSON,2022-05-01,23835.0
DST:FIKS22:BRANCHE07=D:BELØB=1:SÆSON=EJSÆSON,2022-06-01,20359.0
DST:FIKS22:BRANCHE07=D:BELØB=1:SÆSON=EJSÆSON,2022-07-01,22010.0
DST:FIKS22:BRANCHE07=D:BELØB=1:SÆSON=EJSÆSON,2022-08-01,26386.0
DST:FIKS22:BRANCHE07=D:BELØB=1:SÆSON=EJSÆSON,2022-09-01,30051.0
DST:FIKS22:BRANCHE07=D:BELØB=1:SÆSON=EJSÆSON,2022-10-01,27745.0
DST:FIKS22:BRANCHE07=D:BELØB=1:SÆSON=EJSÆSON,2022-11-01,23623.0
DST:FIKS22:BRANCHE07=D:BELØB=1:SÆSON=EJSÆSON,2022-12-01,26607.0
DST:FIKS22:BRANCHE07=D:BELØB=1:SÆSON=EJSÆSON,2023-01-01,30834.0
DST:FIKS22:BRANCHE07=D:BELØB=1:SÆSON=EJSÆSON,2023-02-01,20108.0
DST:FIKS22:BRANCHE07=D:BELØB=1:SÆSON=EJSÆSON,2023-03-01,19986.0
DST:FIKS22:BRANCHE07=D:BELØB=1:SÆSON=EJSÆSON,2023-04-01,19071.0
DST:FIKS22:BRANCHE07=D:BELØB=1:SÆSON=EJSÆSON,2023-05-01,13520.0
DST:FIKS22:BRANCHE07=D:BELØB=1:SÆSON=EJSÆSON,2023-06-01,12229.0
DST:FIKS22:BRANCHE07=D:BELØB=1:SÆSON=EJSÆSON,2023-07-01,13280.0
DST:FIKS22:BRANCHE07=D:BELØB=1:SÆSON=EJSÆSON,2023-08-01,14302.0
DST:FIKS22:BRANCHE07=D:BELØB=1:SÆSON=EJSÆSON,2023-09-01,14324.0
DST:FIKS22:BRANCHE07=D:BELØB=1:SÆSON=EJSÆSON,2023-10-01,17013.0
DST:FIKS22:BRANCHE07=D:BELØB=1:SÆSON=EJSÆSON,2023-11-01,14613.0
DST:FIKS22:BRANCHE07=D:BELØB=1:SÆSON=EJSÆSON,2023-12-01,18134.0
DST:FIKS22:BRANCHE07=D:BELØB=1:SÆSON=EJSÆSON,2024-01-01,22073.0
DST:FIKS22:BRANCHE07=D:BELØB=1:SÆSON=EJSÆSON,2024-02-01,20499.0
DST:FIKS22:BRANCHE07=D:BELØB=1:SÆSON=EJSÆSON,2024-03-01,16044.0
DST:FIKS22:BRANCHE07=D:BELØB=1:SÆSON=EJSÆSON,2024-04-01,19897.0
DST:FIKS22:BRANCHE07=D:BELØB=1:SÆSON=EJSÆSON,2024-05-01,14541.0
DST:FIKS22:BRANCHE07=D:BELØB=1:SÆSON=EJSÆSON,2024-06-01,12569.0
DST:FIKS22:BRANCHE07=D:BELØB=1:SÆSON=EJSÆSON,2024-07-01,13498.0
DST:FIKS22:BRANCHE07=D:BELØB=1:SÆSON=EJSÆSON,2024-08-01,12539.0
DST:FIKS22:BRANCHE07=D:BELØB=1:SÆSON=EJSÆSON,2024-09-01,12503.0
DST:FIKS22:BRANCHE07=D:BELØB=1:SÆSON=EJSÆSON,2024-10-01,16952.0
DST:FIKS22:BRANCHE07=D:BELØB=1:SÆSON=EJSÆSON,2024-11-01,17123.0
DST:FIKS22:BRANCHE07=D:BELØB=1:SÆSON=EJSÆSON,2024-12-01,18355.0
DST:FIKS22:BRANCHE07=D:BELØB=1:SÆSON=EJSÆSON,2025-01-01,22891.0
DST:FIKS22:BRANCHE07=D:BELØB=1:SÆSON=EJSÆSON,2025-02-01,21037.0
DST:FIKS22:BRANCHE07=D:BELØB=1:SÆSON=EJSÆSON,2025-03-01,20049.0
DST:FIKS22:BRANCHE07=D:BELØB=1:SÆSON=EJSÆSON,2025-04-01,19536.0
DST:FIKS22:BRANCHE07=D:BELØB=1:SÆSON=EJSÆSON,2025-05-01,13173.0
DST:FIKS22:BRANCHE07=D:BELØB=1:SÆSON=EJSÆSON,2025-06-01,13661.0
DST:FIKS22:BRANCHE07=D:BELØB=1:SÆSON=EJSÆSON,2025-07-01,14360.0
DST:FIKS22:BRANCHE07=D:BELØB=1:SÆSON=EJSÆSON,2025-08-01,13788.0
DST:FIKS22:BRANCHE07=D:BELØB=1:SÆSON=EJSÆSON,2025-09-01,13776.0
DST:FIKS22:BRANCHE07=D:BELØB=1:SÆSON=EJSÆSON,2025-10-01,17276.0
DST:FIKS22:BRANCHE07=D:BELØB=1:SÆSON=EJSÆSON,2025-11-01,17148.0
DST:FIKS22:BRANCHE07=D:BELØB=1:SÆSON=EJSÆSON,2025-12-01,22408.0
DST:FIKS22:BRANCHE07=D:BELØB=1:SÆSON=EJSÆSON,2026-01-01,20639.0
DST:FIKS22:BRANCHE07=D:BELØB=1:SÆSON=EJSÆSON,2026-02-01,18228.0
DST:FIKS22:BRANCHE07=D:BELØB=1:SÆSON=EJSÆSON,2026-03-01,16986.0
DST:FIKS22:BRANCHE07=D:BELØB=1:SÆSON=SÆSON,2009-01-01,8151.0
DST:FIKS22:BRANCHE07=D:BELØB=1:SÆSON=SÆSON,2009-02-01,8603.0
DST:FIKS22:BRANCHE07=D:BELØB=1:SÆSON=SÆSON,2009-03-01,8780.0
DST:FIKS22:BRANCHE07=D:BELØB=1:SÆSON=SÆSON,2009-04-01,8283.0
DST:FIKS22:BRANCHE07=D:BELØB=1:SÆSON=SÆSON,2009-05-01,8960.0
DST:FIKS22:BRANCHE07=D:BELØB=1:SÆSON=SÆSON,2009-06-01,8865.0
DST:FIKS22:BRANCHE07=D:BELØB=1:SÆSON=SÆSON,2009-07-01,9352.0
DST:FIKS22:BRANCHE07=D:BELØB=1:SÆSON=SÆSON,2009-08-01,9280.0
DST:FIKS22:BRANCHE07=D:BELØB=1:SÆSON=SÆSON,2009-09-01,9813.0
DST:FIKS22:BRANCHE07=D:BELØB=1:SÆSON=SÆSON,2009-10-01,9013.0
DST:FIKS22:BRANCHE07=D:BELØB=1:SÆSON=SÆSON,2009-11-01,9548.0
DST:FIKS22:BRANCHE07=D:BELØB=1:SÆSON=SÆSON,2009-12-01,8404.0
DST:FIKS22:BRANCHE07=D:BELØB=1:SÆSON=SÆSON,2010-01-01,9167.0
DST:FIKS22:BRANCHE07=D:BELØB=1:SÆSON=SÆSON,2010-02-01,9571.0
DST:FIKS22:BRANCHE07=D:BELØB=1:SÆSON=SÆSON,2010-03-01,9457.0
DST:FIKS22:BRANCHE07=D:BELØB=1:SÆSON=SÆSON,2010-04-01,10028.0
DST:FIKS22:BRANCHE07=D:BELØB=1:SÆSON=SÆSON,2010-05-01,9482.0
DST:FIKS22:BRANCHE07=D:BELØB=1:SÆSON=SÆSON,2010-06-01,9754.0
DST:FIKS22:BRANCHE07=D:BELØB=1:SÆSON=SÆSON,2010-07-01,9156.0
DST:FIKS22:BRANCHE07=D:BELØB=1:SÆSON=SÆSON,2010-08-01,10042.0
DST:FIKS22:BRANCHE07=D:BELØB=1:SÆSON=SÆSON,2010-09-01,9339.0
DST:FIKS22:BRANCHE07=D:BELØB=1:SÆSON=SÆSON,2010-10-01,10195.0
DST:FIKS22:BRANCHE07=D:BELØB=1:SÆSON=SÆSON,2010-11-01,9718.0
DST:FIKS22:BRANCHE07=D:BELØB=1:SÆSON=SÆSON,2010-12-01,9296.0
DST:FIKS22:BRANCHE07=D:BELØB=1:SÆSON=SÆSON,2011-01-01,10832.0
DST:FIKS22:BRANCHE07=D:BELØB=1:SÆSON=SÆSON,2011-02-01,10269.0
DST:FIKS22:BRANCHE07=D:BELØB=1:SÆSON=SÆSON,2011-03-01,9937.0
DST:FIKS22:BRANCHE07=D:BELØB=1:SÆSON=SÆSON,2011-04-01,9887.0
DST:FIKS22:BRANCHE07=D:BELØB=1:SÆSON=SÆSON,2011-05-01,10022.0
DST:FIKS22:BRANCHE07=D:BELØB=1:SÆSON=SÆSON,2011-06-01,10506.0
DST:FIKS22:BRANCHE07=D:BELØB=1:SÆSON=SÆSON,2011-07-01,10276.0
DST:FIKS22:BRANCHE07=D:BELØB=1:SÆSON=SÆSON,2011-08-01,10657.0
DST:FIKS22:BRANCHE07=D:BELØB=1:SÆSON=SÆSON,2011-09-01,9926.0
DST:FIKS22:BRANCHE07=D:BELØB=1:SÆSON=SÆSON,2011-10-01,10229.0
DST:FIKS22:BRANCHE07=D:BELØB=1:SÆSON=SÆSON,2011-11-01,9943.0
DST:FIKS22:BRANCHE07=D:BELØB=1:SÆSON=SÆSON,2011-12-01,10010.0
DST:FIKS22:BRANCHE07=D:BELØB=1:SÆSON=SÆSON,2012-01-01,9616.0
DST:FIKS22:BRANCHE07=D:BELØB=1:SÆSON=SÆSON,2012-02-01,9483.0
DST:FIKS22:BRANCHE07=D:BELØB=1:SÆSON=SÆSON,2012-03-01,11060.0
DST:FIKS22:BRANCHE07=D:BELØB=1:SÆSON=SÆSON,2012-04-01,9388.0
DST:FIKS22:BRANCHE07=D:BELØB=1:SÆSON=SÆSON,2012-05-01,9843.0
DST:FIKS22:BRANCHE07=D:BELØB=1:SÆSON=SÆSON,2012-06-01,9708.0
DST:FIKS22:BRANCHE07=D:BELØB=1:SÆSON=SÆSON,2012-07-01,9937.0
DST:FIKS22:BRANCHE07=D:BELØB=1:SÆSON=SÆSON,2012-08-01,9564.0
DST:FIKS22:BRANCHE07=D:BELØB=1:SÆSON=SÆSON,2012-09-01,9249.0
DST:FIKS22:BRANCHE07=D:BELØB=1:SÆSON=SÆSON,2012-10-01,9190.0
DST:FIKS22:BRANCHE07=D:BELØB=1:SÆSON=SÆSON,2012-11-01,10595.0
DST:FIKS22:BRANCHE07=D:BELØB=1:SÆSON=SÆSON,2012-12-01,11885.0
DST:FIKS22:BRANCHE07=D:BELØB=1:SÆSON=SÆSON,2013-01-01,13175.0
DST:FIKS22:BRANCHE07=D:BELØB=1:SÆSON=SÆSON,2013-02-01,10094.0
DST:FIKS22:BRANCHE07=D:BELØB=1:SÆSON=SÆSON,2013-03-01,9459.0
DST:FIKS22:BRANCHE07=D:BELØB=1:SÆSON=SÆSON,2013-04-01,10747.0
DST:FIKS22:BRANCHE07=D:BELØB=1:SÆSON=SÆSON,2013-05-01,10560.0
DST:FIKS22:BRANCHE07=D:BELØB=1:SÆSON=SÆSON,2013-06-01,10076.0
DST:FIKS22:BRANCHE07=D:BELØB=1:SÆSON=SÆSON,2013-07-01,9609.0
DST:FIKS22:BRANCHE07=D:BELØB=1:SÆSON=SÆSON,2013-08-01,9271.0
DST:FIKS22:BRANCHE07=D:BELØB=1:SÆSON=SÆSON,2013-09-01,9860.0
DST:FIKS22:BRANCHE07=D:BELØB=1:SÆSON=SÆSON,2013-10-01,9432.0
DST:FIKS22:BRANCHE07=D:BELØB=1:SÆSON=SÆSON,2013-11-01,9792.0
DST:FIKS22:BRANCHE07=D:BELØB=1:SÆSON=SÆSON,2013-12-01,11950.0
DST:FIKS22:BRANCHE07=D:BELØB=1:SÆSON=SÆSON,2014-01-01,10192.0
DST:FIKS22:BRANCHE07=D:BELØB=1:SÆSON=SÆSON,2014-02-01,10260.0
DST:FIKS22:BRANCHE07=D:BELØB=1:SÆSON=SÆSON,2014-03-01,9558.0
DST:FIKS22:BRANCHE07=D:BELØB=1:SÆSON=SÆSON,2014-04-01,9807.0
DST:FIKS22:BRANCHE07=D:BELØB=1:SÆSON=SÆSON,2014-05-01,9465.0
DST:FIKS22:BRANCHE07=D:BELØB=1:SÆSON=SÆSON,2014-06-01,9337.0
DST:FIKS22:BRANCHE07=D:BELØB=1:SÆSON=SÆSON,2014-07-01,9228.0
DST:FIKS22:BRANCHE07=D:BELØB=1:SÆSON=SÆSON,2014-08-01,8129.0
DST:FIKS22:BRANCHE07=D:BELØB=1:SÆSON=SÆSON,2014-09-01,9618.0
DST:FIKS22:BRANCHE07=D:BELØB=1:SÆSON=SÆSON,2014-10-01,9247.0
DST:FIKS22:BRANCHE07=D:BELØB=1:SÆSON=SÆSON,2014-11-01,9105.0
DST:FIKS22:BRANCHE07=D:BELØB=1:SÆSON=SÆSON,2014-12-01,8931.0
DST:FIKS22:BRANCHE07=D:BELØB=1:SÆSON=SÆSON,2015-01-01,9244.0
DST:FIKS22:BRANCHE07=D:BELØB=1:SÆSON=SÆSON,2015-02-01,10678.0
DST:FIKS22:BRANCHE07=D:BELØB=1:SÆSON=SÆSON,2015-03-01,10372.0
DST:FIKS22:BRANCHE07=D:BELØB=1:SÆSON=SÆSON,2015-04-01,9683.0
DST:FIKS22:BRANCHE07=D:BELØB=1:SÆSON=SÆSON,2015-05-01,9752.0
DST:FIKS22:BRANCHE07=D:BELØB=1:SÆSON=SÆSON,2015-06-01,9432.0
DST:FIKS22:BRANCHE07=D:BELØB=1:SÆSON=SÆSON,2015-07-01,9693.0
DST:FIKS22:BRANCHE07=D:BELØB=1:SÆSON=SÆSON,2015-08-01,9273.0
DST:FIKS22:BRANCHE07=D:BELØB=1:SÆSON=SÆSON,2015-09-01,9216.0
DST:FIKS22:BRANCHE07=D:BELØB=1:SÆSON=SÆSON,2015-10-01,8958.0
DST:FIKS22:BRANCHE07=D:BELØB=1:SÆSON=SÆSON,2015-11-01,8232.0
DST:FIKS22:BRANCHE07=D:BELØB=1:SÆSON=SÆSON,2015-12-01,7330.0
DST:FIKS22:BRANCHE07=D:BELØB=1:SÆSON=SÆSON,2016-01-01,7709.0
DST:FIKS22:BRANCHE07=D:BELØB=1:SÆSON=SÆSON,2016-02-01,8604.0
DST:FIKS22:BRANCHE07=D:BELØB=1:SÆSON=SÆSON,2016-03-01,8411.0
DST:FIKS22:BRANCHE07=D:BELØB=1:SÆSON=SÆSON,2016-04-01,7547.0
DST:FIKS22:BRANCHE07=D:BELØB=1:SÆSON=SÆSON,2016-05-01,9263.0
DST:FIKS22:BRANCHE07=D:BELØB=1:SÆSON=SÆSON,2016-06-01,9655.0
DST:FIKS22:BRANCHE07=D:BELØB=1:SÆSON=SÆSON,2016-07-01,11173.0
DST:FIKS22:BRANCHE07=D:BELØB=1:SÆSON=SÆSON,2016-08-01,11219.0
DST:FIKS22:BRANCHE07=D:BELØB=1:SÆSON=SÆSON,2016-09-01,11293.0
DST:FIKS22:BRANCHE07=D:BELØB=1:SÆSON=SÆSON,2016-10-01,10953.0
DST:FIKS22:BRANCHE07=D:BELØB=1:SÆSON=SÆSON,2016-11-01,11449.0
DST:FIKS22:BRANCHE07=D:BELØB=1:SÆSON=SÆSON,2016-12-01,12234.0
DST:FIKS22:BRANCHE07=D:BELØB=1:SÆSON=SÆSON,2017-01-01,11130.0
DST:FIKS22:BRANCHE07=D:BELØB=1:SÆSON=SÆSON,2017-02-01,11136.0
DST:FIKS22:BRANCHE07=D:BELØB=1:SÆSON=SÆSON,2017-03-01,11022.0
DST:FIKS22:BRANCHE07=D:BELØB=1:SÆSON=SÆSON,2017-04-01,11149.0
DST:FIKS22:BRANCHE07=D:BELØB=1:SÆSON=SÆSON,2017-05-01,11381.0
DST:FIKS22:BRANCHE07=D:BELØB=1:SÆSON=SÆSON,2017-06-01,11558.0
DST:FIKS22:BRANCHE07=D:BELØB=1:SÆSON=SÆSON,2017-07-01,11222.0
DST:FIKS22:BRANCHE07=D:BELØB=1:SÆSON=SÆSON,2017-08-01,11498.0
DST:FIKS22:BRANCHE07=D:BELØB=1:SÆSON=SÆSON,2017-09-01,11385.0
DST:FIKS22:BRANCHE07=D:BELØB=1:SÆSON=SÆSON,2017-10-01,11444.0
DST:FIKS22:BRANCHE07=D:BELØB=1:SÆSON=SÆSON,2017-11-01,11892.0
DST:FIKS22:BRANCHE07=D:BELØB=1:SÆSON=SÆSON,2017-12-01,11737.0
DST:FIKS22:BRANCHE07=D:BELØB=1:SÆSON=SÆSON,2018-01-01,11289.0
DST:FIKS22:BRANCHE07=D:BELØB=1:SÆSON=SÆSON,2018-02-01,11320.0
DST:FIKS22:BRANCHE07=D:BELØB=1:SÆSON=SÆSON,2018-03-01,12061.0
DST:FIKS22:BRANCHE07=D:BELØB=1:SÆSON=SÆSON,2018-04-01,12455.0
DST:FIKS22:BRANCHE07=D:BELØB=1:SÆSON=SÆSON,2018-05-01,12126.0
DST:FIKS22:BRANCHE07=D:BELØB=1:SÆSON=SÆSON,2018-06-01,12469.0
DST:FIKS22:BRANCHE07=D:BELØB=1:SÆSON=SÆSON,2018-07-01,12415.0
DST:FIKS22:BRANCHE07=D:BELØB=1:SÆSON=SÆSON,2018-08-01,12161.0
DST:FIKS22:BRANCHE07=D:BELØB=1:SÆSON=SÆSON,2018-09-01,11893.0
DST:FIKS22:BRANCHE07=D:BELØB=1:SÆSON=SÆSON,2018-10-01,12374.0
DST:FIKS22:BRANCHE07=D:BELØB=1:SÆSON=SÆSON,2018-11-01,13504.0
DST:FIKS22:BRANCHE07=D:BELØB=1:SÆSON=SÆSON,2018-12-01,12234.0
DST:FIKS22:BRANCHE07=D:BELØB=1:SÆSON=SÆSON,2019-01-01,12935.0
DST:FIKS22:BRANCHE07=D:BELØB=1:SÆSON=SÆSON,2019-02-01,12344.0
DST:FIKS22:BRANCHE07=D:BELØB=1:SÆSON=SÆSON,2019-03-01,11818.0
DST:FIKS22:BRANCHE07=D:BELØB=1:SÆSON=SÆSON,2019-04-01,11656.0
DST:FIKS22:BRANCHE07=D:BELØB=1:SÆSON=SÆSON,2019-05-01,11923.0
DST:FIKS22:BRANCHE07=D:BELØB=1:SÆSON=SÆSON,2019-06-01,11479.0
DST:FIKS22:BRANCHE07=D:BELØB=1:SÆSON=SÆSON,2019-07-01,11353.0
DST:FIKS22:BRANCHE07=D:BELØB=1:SÆSON=SÆSON,2019-08-01,11668.0
DST:FIKS22:BRANCHE07=D:BELØB=1:SÆSON=SÆSON,2019-09-01,11859.0
DST:FIKS22:BRANCHE07=D:BELØB=1:SÆSON=SÆSON,2019-10-01,11784.0
DST:FIKS22:BRANCHE07=D:BELØB=1:SÆSON=SÆSON,2019-11-01,12453.0
DST:FIKS22:BRANCHE07=D:BELØB=1:SÆSON=SÆSON,2019-12-01,11495.0
DST:FIKS22:BRANCHE07=D:BELØB=1:SÆSON=SÆSON,2020-01-01,11929.0
DST:FIKS22:BRANCHE07=D:BELØB=1:SÆSON=SÆSON,2020-02-01,11683.0
DST:FIKS22:BRANCHE07=D:BELØB=1:SÆSON=SÆSON,2020-03-01,11502.0
DST:FIKS22:BRANCHE07=D:BELØB=1:SÆSON=SÆSON,2020-04-01,11668.0
DST:FIKS22:BRANCHE07=D:BELØB=1:SÆSON=SÆSON,2020-05-01,11604.0
DST:FIKS22:BRANCHE07=D:BELØB=1:SÆSON=SÆSON,2020-06-01,12082.0
DST:FIKS22:BRANCHE07=D:BELØB=1:SÆSON=SÆSON,2020-07-01,12733.0
DST:FIKS22:BRANCHE07=D:BELØB=1:SÆSON=SÆSON,2020-08-01,11900.0
DST:FIKS22:BRANCHE07=D:BELØB=1:SÆSON=SÆSON,2020-09-01,12730.0
DST:FIKS22:BRANCHE07=D:BELØB=1:SÆSON=SÆSON,2020-10-01,13005.0
DST:FIKS22:BRANCHE07=D:BELØB=1:SÆSON=SÆSON,2020-11-01,13596.0
DST:FIKS22:BRANCHE07=D:BELØB=1:SÆSON=SÆSON,2020-12-01,15423.0
DST:FIKS22:BRANCHE07=D:BELØB=1:SÆSON=SÆSON,2021-01-01,15540.0
DST:FIKS22:BRANCHE07=D:BELØB=1:SÆSON=SÆSON,2021-02-01,16409.0
DST:FIKS22:BRANCHE07=D:BELØB=1:SÆSON=SÆSON,2021-03-01,18202.0
DST:FIKS22:BRANCHE07=D:BELØB=1:SÆSON=SÆSON,2021-04-01,14580.0
DST:FIKS22:BRANCHE07=D:BELØB=1:SÆSON=SÆSON,2021-05-01,18342.0
DST:FIKS22:BRANCHE07=D:BELØB=1:SÆSON=SÆSON,2021-06-01,20414.0
DST:FIKS22:BRANCHE07=D:BELØB=1:SÆSON=SÆSON,2021-07-01,20917.0
DST:FIKS22:BRANCHE07=D:BELØB=1:SÆSON=SÆSON,2021-08-01,29689.0
DST:FIKS22:BRANCHE07=D:BELØB=1:SÆSON=SÆSON,2021-09-01,36076.0
DST:FIKS22:BRANCHE07=D:BELØB=1:SÆSON=SÆSON,2021-10-01,42530.0
DST:FIKS22:BRANCHE07=D:BELØB=1:SÆSON=SÆSON,2021-11-01,22004.0
DST:FIKS22:BRANCHE07=D:BELØB=1:SÆSON=SÆSON,2021-12-01,22214.0
DST:FIKS22:BRANCHE07=D:BELØB=1:SÆSON=SÆSON,2022-01-01,22268.0
DST:FIKS22:BRANCHE07=D:BELØB=1:SÆSON=SÆSON,2022-02-01,18910.0
DST:FIKS22:BRANCHE07=D:BELØB=1:SÆSON=SÆSON,2022-03-01,20806.0
DST:FIKS22:BRANCHE07=D:BELØB=1:SÆSON=SÆSON,2022-04-01,25408.0
DST:FIKS22:BRANCHE07=D:BELØB=1:SÆSON=SÆSON,2022-05-01,26958.0
DST:FIKS22:BRANCHE07=D:BELØB=1:SÆSON=SÆSON,2022-06-01,25591.0
DST:FIKS22:BRANCHE07=D:BELØB=1:SÆSON=SÆSON,2022-07-01,26130.0
DST:FIKS22:BRANCHE07=D:BELØB=1:SÆSON=SÆSON,2022-08-01,30422.0
DST:FIKS22:BRANCHE07=D:BELØB=1:SÆSON=SÆSON,2022-09-01,35237.0
DST:FIKS22:BRANCHE07=D:BELØB=1:SÆSON=SÆSON,2022-10-01,27539.0
DST:FIKS22:BRANCHE07=D:BELØB=1:SÆSON=SÆSON,2022-11-01,24534.0
DST:FIKS22:BRANCHE07=D:BELØB=1:SÆSON=SÆSON,2022-12-01,24222.0
DST:FIKS22:BRANCHE07=D:BELØB=1:SÆSON=SÆSON,2023-01-01,24402.0
DST:FIKS22:BRANCHE07=D:BELØB=1:SÆSON=SÆSON,2023-02-01,16860.0
DST:FIKS22:BRANCHE07=D:BELØB=1:SÆSON=SÆSON,2023-03-01,18344.0
DST:FIKS22:BRANCHE07=D:BELØB=1:SÆSON=SÆSON,2023-04-01,16342.0
DST:FIKS22:BRANCHE07=D:BELØB=1:SÆSON=SÆSON,2023-05-01,15475.0
DST:FIKS22:BRANCHE07=D:BELØB=1:SÆSON=SÆSON,2023-06-01,15549.0
DST:FIKS22:BRANCHE07=D:BELØB=1:SÆSON=SÆSON,2023-07-01,15868.0
DST:FIKS22:BRANCHE07=D:BELØB=1:SÆSON=SÆSON,2023-08-01,16706.0
DST:FIKS22:BRANCHE07=D:BELØB=1:SÆSON=SÆSON,2023-09-01,17029.0
DST:FIKS22:BRANCHE07=D:BELØB=1:SÆSON=SÆSON,2023-10-01,16671.0
DST:FIKS22:BRANCHE07=D:BELØB=1:SÆSON=SÆSON,2023-11-01,15165.0
DST:FIKS22:BRANCHE07=D:BELØB=1:SÆSON=SÆSON,2023-12-01,16490.0
DST:FIKS22:BRANCHE07=D:BELØB=1:SÆSON=SÆSON,2024-01-01,17228.0
DST:FIKS22:BRANCHE07=D:BELØB=1:SÆSON=SÆSON,2024-02-01,17183.0
DST:FIKS22:BRANCHE07=D:BELØB=1:SÆSON=SÆSON,2024-03-01,14547.0
DST:FIKS22:BRANCHE07=D:BELØB=1:SÆSON=SÆSON,2024-04-01,17057.0
DST:FIKS22:BRANCHE07=D:BELØB=1:SÆSON=SÆSON,2024-05-01,16872.0
DST:FIKS22:BRANCHE07=D:BELØB=1:SÆSON=SÆSON,2024-06-01,16091.0
DST:FIKS22:BRANCHE07=D:BELØB=1:SÆSON=SÆSON,2024-07-01,16220.0
DST:FIKS22:BRANCHE07=D:BELØB=1:SÆSON=SÆSON,2024-08-01,14893.0
DST:FIKS22:BRANCHE07=D:BELØB=1:SÆSON=SÆSON,2024-09-01,15028.0
DST:FIKS22:BRANCHE07=D:BELØB=1:SÆSON=SÆSON,2024-10-01,16507.0
DST:FIKS22:BRANCHE07=D:BELØB=1:SÆSON=SÆSON,2024-11-01,17611.0
DST:FIKS22:BRANCHE07=D:BELØB=1:SÆSON=SÆSON,2024-12-01,16581.0
DST:FIKS22:BRANCHE07=D:BELØB=1:SÆSON=SÆSON,2025-01-01,17685.0
DST:FIKS22:BRANCHE07=D:BELØB=1:SÆSON=SÆSON,2025-02-01,17645.0
DST:FIKS22:BRANCHE07=D:BELØB=1:SÆSON=SÆSON,2025-03-01,18130.0
DST:FIKS22:BRANCHE07=D:BELØB=1:SÆSON=SÆSON,2025-04-01,16765.0
DST:FIKS22:BRANCHE07=D:BELØB=1:SÆSON=SÆSON,2025-05-01,15405.0
DST:FIKS22:BRANCHE07=D:BELØB=1:SÆSON=SÆSON,2025-06-01,17522.0
DST:FIKS22:BRANCHE07=D:BELØB=1:SÆSON=SÆSON,2025-07-01,17254.0
DST:FIKS22:BRANCHE07=D:BELØB=1:SÆSON=SÆSON,2025-08-01,16679.0
DST:FIKS22:BRANCHE07=D:BELØB=1:SÆSON=SÆSON,2025-09-01,16743.0
DST:FIKS22:BRANCHE07=D:BELØB=1:SÆSON=SÆSON,2025-10-01,16811.0
DST:FIKS22:BRANCHE07=D:BELØB=1:SÆSON=SÆSON,2025-11-01,17449.0
DST:FIKS22:BRANCHE07=D:BELØB=1:SÆSON=SÆSON,2025-12-01,20045.0
DST:FIKS22:BRANCHE07=D:BELØB=1:SÆSON=SÆSON,2026-01-01,15875.0
DST:FIKS22:BRANCHE07=D:BELØB=1:SÆSON=SÆSON,2026-02-01,15308.0
DST:FIKS22:BRANCHE07=D:BELØB=1:SÆSON=SÆSON,2026-03-01,15285.0
DST:FIKS22:BRANCHE07=D:BELØB=3:SÆSON=EJSÆSON,2009-01-01,5963.0
DST:FIKS22:BRANCHE07=D:BELØB=3:SÆSON=EJSÆSON,2009-02-01,8187.0
DST:FIKS22:BRANCHE07=D:BELØB=3:SÆSON=EJSÆSON,2009-03-01,7455.0
DST:FIKS22:BRANCHE07=D:BELØB=3:SÆSON=EJSÆSON,2009-04-01,3732.0
DST:FIKS22:BRANCHE07=D:BELØB=3:SÆSON=EJSÆSON,2009-05-01,6349.0
DST:FIKS22:BRANCHE07=D:BELØB=3:SÆSON=EJSÆSON,2009-06-01,7601.0
DST:FIKS22:BRANCHE07=D:BELØB=3:SÆSON=EJSÆSON,2009-07-01,5943.0
DST:FIKS22:BRANCHE07=D:BELØB=3:SÆSON=EJSÆSON,2009-08-01,5361.0
DST:FIKS22:BRANCHE07=D:BELØB=3:SÆSON=EJSÆSON,2009-09-01,6545.0
DST:FIKS22:BRANCHE07=D:BELØB=3:SÆSON=EJSÆSON,2009-10-01,6098.0
DST:FIKS22:BRANCHE07=D:BELØB=3:SÆSON=EJSÆSON,2009-11-01,7688.0
DST:FIKS22:BRANCHE07=D:BELØB=3:SÆSON=EJSÆSON,2009-12-01,7638.0
DST:FIKS22:BRANCHE07=D:BELØB=3:SÆSON=EJSÆSON,2010-01-01,7417.0
DST:FIKS22:BRANCHE07=D:BELØB=3:SÆSON=EJSÆSON,2010-02-01,8700.0
DST:FIKS22:BRANCHE07=D:BELØB=3:SÆSON=EJSÆSON,2010-03-01,8619.0
DST:FIKS22:BRANCHE07=D:BELØB=3:SÆSON=EJSÆSON,2010-04-01,10049.0
DST:FIKS22:BRANCHE07=D:BELØB=3:SÆSON=EJSÆSON,2010-05-01,6769.0
DST:FIKS22:BRANCHE07=D:BELØB=3:SÆSON=EJSÆSON,2010-06-01,7574.0
DST:FIKS22:BRANCHE07=D:BELØB=3:SÆSON=EJSÆSON,2010-07-01,6075.0
DST:FIKS22:BRANCHE07=D:BELØB=3:SÆSON=EJSÆSON,2010-08-01,7856.0
DST:FIKS22:BRANCHE07=D:BELØB=3:SÆSON=EJSÆSON,2010-09-01,8256.0
DST:FIKS22:BRANCHE07=D:BELØB=3:SÆSON=EJSÆSON,2010-10-01,8486.0
DST:FIKS22:BRANCHE07=D:BELØB=3:SÆSON=EJSÆSON,2010-11-01,9653.0
DST:FIKS22:BRANCHE07=D:BELØB=3:SÆSON=EJSÆSON,2010-12-01,13493.0
DST:FIKS22:BRANCHE07=D:BELØB=3:SÆSON=EJSÆSON,2011-01-01,13348.0
DST:FIKS22:BRANCHE07=D:BELØB=3:SÆSON=EJSÆSON,2011-02-01,8512.0
DST:FIKS22:BRANCHE07=D:BELØB=3:SÆSON=EJSÆSON,2011-03-01,9147.0
DST:FIKS22:BRANCHE07=D:BELØB=3:SÆSON=EJSÆSON,2011-04-01,7871.0
DST:FIKS22:BRANCHE07=D:BELØB=3:SÆSON=EJSÆSON,2011-05-01,7944.0
DST:FIKS22:BRANCHE07=D:BELØB=3:SÆSON=EJSÆSON,2011-06-01,9022.0
DST:FIKS22:BRANCHE07=D:BELØB=3:SÆSON=EJSÆSON,2011-07-01,7345.0
DST:FIKS22:BRANCHE07=D:BELØB=3:SÆSON=EJSÆSON,2011-08-01,6686.0
DST:FIKS22:BRANCHE07=D:BELØB=3:SÆSON=EJSÆSON,2011-09-01,7586.0
DST:FIKS22:BRANCHE07=D:BELØB=3:SÆSON=EJSÆSON,2011-10-01,10824.0
DST:FIKS22:BRANCHE07=D:BELØB=3:SÆSON=EJSÆSON,2011-11-01,12939.0
DST:FIKS22:BRANCHE07=D:BELØB=3:SÆSON=EJSÆSON,2011-12-01,17422.0
DST:FIKS22:BRANCHE07=D:BELØB=3:SÆSON=EJSÆSON,2012-01-01,15974.0
DST:FIKS22:BRANCHE07=D:BELØB=3:SÆSON=EJSÆSON,2012-02-01,14906.0
DST:FIKS22:BRANCHE07=D:BELØB=3:SÆSON=EJSÆSON,2012-03-01,15974.0
DST:FIKS22:BRANCHE07=D:BELØB=3:SÆSON=EJSÆSON,2012-04-01,15016.0
DST:FIKS22:BRANCHE07=D:BELØB=3:SÆSON=EJSÆSON,2012-05-01,12720.0
DST:FIKS22:BRANCHE07=D:BELØB=3:SÆSON=EJSÆSON,2012-06-01,13255.0
DST:FIKS22:BRANCHE07=D:BELØB=3:SÆSON=EJSÆSON,2012-07-01,11460.0
DST:FIKS22:BRANCHE07=D:BELØB=3:SÆSON=EJSÆSON,2012-08-01,11807.0
DST:FIKS22:BRANCHE07=D:BELØB=3:SÆSON=EJSÆSON,2012-09-01,11782.0
DST:FIKS22:BRANCHE07=D:BELØB=3:SÆSON=EJSÆSON,2012-10-01,12805.0
DST:FIKS22:BRANCHE07=D:BELØB=3:SÆSON=EJSÆSON,2012-11-01,15318.0
DST:FIKS22:BRANCHE07=D:BELØB=3:SÆSON=EJSÆSON,2012-12-01,21327.0
DST:FIKS22:BRANCHE07=D:BELØB=3:SÆSON=EJSÆSON,2013-01-01,23661.0
DST:FIKS22:BRANCHE07=D:BELØB=3:SÆSON=EJSÆSON,2013-02-01,16659.0
DST:FIKS22:BRANCHE07=D:BELØB=3:SÆSON=EJSÆSON,2013-03-01,16644.0
DST:FIKS22:BRANCHE07=D:BELØB=3:SÆSON=EJSÆSON,2013-04-01,17428.0
DST:FIKS22:BRANCHE07=D:BELØB=3:SÆSON=EJSÆSON,2013-05-01,13667.0
DST:FIKS22:BRANCHE07=D:BELØB=3:SÆSON=EJSÆSON,2013-06-01,13021.0
DST:FIKS22:BRANCHE07=D:BELØB=3:SÆSON=EJSÆSON,2013-07-01,11996.0
DST:FIKS22:BRANCHE07=D:BELØB=3:SÆSON=EJSÆSON,2013-08-01,10955.0
DST:FIKS22:BRANCHE07=D:BELØB=3:SÆSON=EJSÆSON,2013-09-01,12428.0
DST:FIKS22:BRANCHE07=D:BELØB=3:SÆSON=EJSÆSON,2013-10-01,13252.0
DST:FIKS22:BRANCHE07=D:BELØB=3:SÆSON=EJSÆSON,2013-11-01,13961.0
DST:FIKS22:BRANCHE07=D:BELØB=3:SÆSON=EJSÆSON,2013-12-01,20088.0
DST:FIKS22:BRANCHE07=D:BELØB=3:SÆSON=EJSÆSON,2014-01-01,17328.0
DST:FIKS22:BRANCHE07=D:BELØB=3:SÆSON=EJSÆSON,2014-02-01,16348.0
DST:FIKS22:BRANCHE07=D:BELØB=3:SÆSON=EJSÆSON,2014-03-01,16528.0
DST:FIKS22:BRANCHE07=D:BELØB=3:SÆSON=EJSÆSON,2014-04-01,16885.0
DST:FIKS22:BRANCHE07=D:BELØB=3:SÆSON=EJSÆSON,2014-05-01,13206.0
DST:FIKS22:BRANCHE07=D:BELØB=3:SÆSON=EJSÆSON,2014-06-01,12289.0
DST:FIKS22:BRANCHE07=D:BELØB=3:SÆSON=EJSÆSON,2014-07-01,12926.0
DST:FIKS22:BRANCHE07=D:BELØB=3:SÆSON=EJSÆSON,2014-08-01,13178.0
DST:FIKS22:BRANCHE07=D:BELØB=3:SÆSON=EJSÆSON,2014-09-01,14144.0
DST:FIKS22:BRANCHE07=D:BELØB=3:SÆSON=EJSÆSON,2014-10-01,14733.0
DST:FIKS22:BRANCHE07=D:BELØB=3:SÆSON=EJSÆSON,2014-11-01,18027.0
DST:FIKS22:BRANCHE07=D:BELØB=3:SÆSON=EJSÆSON,2014-12-01,19314.0
DST:FIKS22:BRANCHE07=D:BELØB=3:SÆSON=EJSÆSON,2015-01-01,20700.0
DST:FIKS22:BRANCHE07=D:BELØB=3:SÆSON=EJSÆSON,2015-02-01,21533.0
DST:FIKS22:BRANCHE07=D:BELØB=3:SÆSON=EJSÆSON,2015-03-01,20522.0
DST:FIKS22:BRANCHE07=D:BELØB=3:SÆSON=EJSÆSON,2015-04-01,20521.0
DST:FIKS22:BRANCHE07=D:BELØB=3:SÆSON=EJSÆSON,2015-05-01,16595.0
DST:FIKS22:BRANCHE07=D:BELØB=3:SÆSON=EJSÆSON,2015-06-01,15319.0
DST:FIKS22:BRANCHE07=D:BELØB=3:SÆSON=EJSÆSON,2015-07-01,13942.0
DST:FIKS22:BRANCHE07=D:BELØB=3:SÆSON=EJSÆSON,2015-08-01,15544.0
DST:FIKS22:BRANCHE07=D:BELØB=3:SÆSON=EJSÆSON,2015-09-01,17855.0
DST:FIKS22:BRANCHE07=D:BELØB=3:SÆSON=EJSÆSON,2015-10-01,18037.0
DST:FIKS22:BRANCHE07=D:BELØB=3:SÆSON=EJSÆSON,2015-11-01,19765.0
DST:FIKS22:BRANCHE07=D:BELØB=3:SÆSON=EJSÆSON,2015-12-01,20923.0
DST:FIKS22:BRANCHE07=D:BELØB=3:SÆSON=EJSÆSON,2016-01-01,19293.0
DST:FIKS22:BRANCHE07=D:BELØB=3:SÆSON=EJSÆSON,2016-02-01,19301.0
DST:FIKS22:BRANCHE07=D:BELØB=3:SÆSON=EJSÆSON,2016-03-01,18678.0
DST:FIKS22:BRANCHE07=D:BELØB=3:SÆSON=EJSÆSON,2016-04-01,18227.0
DST:FIKS22:BRANCHE07=D:BELØB=3:SÆSON=EJSÆSON,2016-05-01,17104.0
DST:FIKS22:BRANCHE07=D:BELØB=3:SÆSON=EJSÆSON,2016-06-01,17698.0
DST:FIKS22:BRANCHE07=D:BELØB=3:SÆSON=EJSÆSON,2016-07-01,15000.0
DST:FIKS22:BRANCHE07=D:BELØB=3:SÆSON=EJSÆSON,2016-08-01,17807.0
DST:FIKS22:BRANCHE07=D:BELØB=3:SÆSON=EJSÆSON,2016-09-01,17942.0
DST:FIKS22:BRANCHE07=D:BELØB=3:SÆSON=EJSÆSON,2016-10-01,17777.0
DST:FIKS22:BRANCHE07=D:BELØB=3:SÆSON=EJSÆSON,2016-11-01,21275.0
DST:FIKS22:BRANCHE07=D:BELØB=3:SÆSON=EJSÆSON,2016-12-01,25712.0
DST:FIKS22:BRANCHE07=D:BELØB=3:SÆSON=EJSÆSON,2017-01-01,22781.0
DST:FIKS22:BRANCHE07=D:BELØB=3:SÆSON=EJSÆSON,2017-02-01,23750.0
DST:FIKS22:BRANCHE07=D:BELØB=3:SÆSON=EJSÆSON,2017-03-01,24177.0
DST:FIKS22:BRANCHE07=D:BELØB=3:SÆSON=EJSÆSON,2017-04-01,21983.0
DST:FIKS22:BRANCHE07=D:BELØB=3:SÆSON=EJSÆSON,2017-05-01,18411.0
DST:FIKS22:BRANCHE07=D:BELØB=3:SÆSON=EJSÆSON,2017-06-01,18305.0
DST:FIKS22:BRANCHE07=D:BELØB=3:SÆSON=EJSÆSON,2017-07-01,20125.0
DST:FIKS22:BRANCHE07=D:BELØB=3:SÆSON=EJSÆSON,2017-08-01,20459.0
DST:FIKS22:BRANCHE07=D:BELØB=3:SÆSON=EJSÆSON,2017-09-01,20750.0
DST:FIKS22:BRANCHE07=D:BELØB=3:SÆSON=EJSÆSON,2017-10-01,23130.0
DST:FIKS22:BRANCHE07=D:BELØB=3:SÆSON=EJSÆSON,2017-11-01,26782.0
DST:FIKS22:BRANCHE07=D:BELØB=3:SÆSON=EJSÆSON,2017-12-01,30391.0
DST:FIKS22:BRANCHE07=D:BELØB=3:SÆSON=EJSÆSON,2018-01-01,27907.0
DST:FIKS22:BRANCHE07=D:BELØB=3:SÆSON=EJSÆSON,2018-02-01,28966.0
DST:FIKS22:BRANCHE07=D:BELØB=3:SÆSON=EJSÆSON,2018-03-01,32568.0
DST:FIKS22:BRANCHE07=D:BELØB=3:SÆSON=EJSÆSON,2018-04-01,32208.0
DST:FIKS22:BRANCHE07=D:BELØB=3:SÆSON=EJSÆSON,2018-05-01,23808.0
DST:FIKS22:BRANCHE07=D:BELØB=3:SÆSON=EJSÆSON,2018-06-01,25661.0
DST:FIKS22:BRANCHE07=D:BELØB=3:SÆSON=EJSÆSON,2018-07-01,26951.0
DST:FIKS22:BRANCHE07=D:BELØB=3:SÆSON=EJSÆSON,2018-08-01,27649.0
DST:FIKS22:BRANCHE07=D:BELØB=3:SÆSON=EJSÆSON,2018-09-01,29403.0
DST:FIKS22:BRANCHE07=D:BELØB=3:SÆSON=EJSÆSON,2018-10-01,32996.0
DST:FIKS22:BRANCHE07=D:BELØB=3:SÆSON=EJSÆSON,2018-11-01,37964.0
DST:FIKS22:BRANCHE07=D:BELØB=3:SÆSON=EJSÆSON,2018-12-01,43620.0
DST:FIKS22:BRANCHE07=D:BELØB=3:SÆSON=EJSÆSON,2019-01-01,39078.0
DST:FIKS22:BRANCHE07=D:BELØB=3:SÆSON=EJSÆSON,2019-02-01,34905.0
DST:FIKS22:BRANCHE07=D:BELØB=3:SÆSON=EJSÆSON,2019-03-01,36283.0
DST:FIKS22:BRANCHE07=D:BELØB=3:SÆSON=EJSÆSON,2019-04-01,34262.0
DST:FIKS22:BRANCHE07=D:BELØB=3:SÆSON=EJSÆSON,2019-05-01,29399.0
DST:FIKS22:BRANCHE07=D:BELØB=3:SÆSON=EJSÆSON,2019-06-01,26862.0
DST:FIKS22:BRANCHE07=D:BELØB=3:SÆSON=EJSÆSON,2019-07-01,26587.0
DST:FIKS22:BRANCHE07=D:BELØB=3:SÆSON=EJSÆSON,2019-08-01,26216.0
DST:FIKS22:BRANCHE07=D:BELØB=3:SÆSON=EJSÆSON,2019-09-01,28827.0
DST:FIKS22:BRANCHE07=D:BELØB=3:SÆSON=EJSÆSON,2019-10-01,28585.0
DST:FIKS22:BRANCHE07=D:BELØB=3:SÆSON=EJSÆSON,2019-11-01,35593.0
DST:FIKS22:BRANCHE07=D:BELØB=3:SÆSON=EJSÆSON,2019-12-01,42718.0
DST:FIKS22:BRANCHE07=D:BELØB=3:SÆSON=EJSÆSON,2020-01-01,36791.0
DST:FIKS22:BRANCHE07=D:BELØB=3:SÆSON=EJSÆSON,2020-02-01,33561.0
DST:FIKS22:BRANCHE07=D:BELØB=3:SÆSON=EJSÆSON,2020-03-01,33535.0
DST:FIKS22:BRANCHE07=D:BELØB=3:SÆSON=EJSÆSON,2020-04-01,32049.0
DST:FIKS22:BRANCHE07=D:BELØB=3:SÆSON=EJSÆSON,2020-05-01,26859.0
DST:FIKS22:BRANCHE07=D:BELØB=3:SÆSON=EJSÆSON,2020-06-01,25018.0
DST:FIKS22:BRANCHE07=D:BELØB=3:SÆSON=EJSÆSON,2020-07-01,24430.0
DST:FIKS22:BRANCHE07=D:BELØB=3:SÆSON=EJSÆSON,2020-08-01,27122.0
DST:FIKS22:BRANCHE07=D:BELØB=3:SÆSON=EJSÆSON,2020-09-01,29979.0
DST:FIKS22:BRANCHE07=D:BELØB=3:SÆSON=EJSÆSON,2020-10-01,33398.0
DST:FIKS22:BRANCHE07=D:BELØB=3:SÆSON=EJSÆSON,2020-11-01,38100.0
DST:FIKS22:BRANCHE07=D:BELØB=3:SÆSON=EJSÆSON,2020-12-01,42162.0
DST:FIKS22:BRANCHE07=D:BELØB=3:SÆSON=EJSÆSON,2021-01-01,36949.0
DST:FIKS22:BRANCHE07=D:BELØB=3:SÆSON=EJSÆSON,2021-02-01,37423.0
DST:FIKS22:BRANCHE07=D:BELØB=3:SÆSON=EJSÆSON,2021-03-01,38498.0
DST:FIKS22:BRANCHE07=D:BELØB=3:SÆSON=EJSÆSON,2021-04-01,30855.0
DST:FIKS22:BRANCHE07=D:BELØB=3:SÆSON=EJSÆSON,2021-05-01,35360.0
DST:FIKS22:BRANCHE07=D:BELØB=3:SÆSON=EJSÆSON,2021-06-01,39808.0
DST:FIKS22:BRANCHE07=D:BELØB=3:SÆSON=EJSÆSON,2021-07-01,42535.0
DST:FIKS22:BRANCHE07=D:BELØB=3:SÆSON=EJSÆSON,2021-08-01,48749.0
DST:FIKS22:BRANCHE07=D:BELØB=3:SÆSON=EJSÆSON,2021-09-01,55809.0
DST:FIKS22:BRANCHE07=D:BELØB=3:SÆSON=EJSÆSON,2021-10-01,85406.0
DST:FIKS22:BRANCHE07=D:BELØB=3:SÆSON=EJSÆSON,2021-11-01,113396.0
DST:FIKS22:BRANCHE07=D:BELØB=3:SÆSON=EJSÆSON,2021-12-01,172547.0
DST:FIKS22:BRANCHE07=D:BELØB=3:SÆSON=EJSÆSON,2022-01-01,144337.0
DST:FIKS22:BRANCHE07=D:BELØB=3:SÆSON=EJSÆSON,2022-02-01,124030.0
DST:FIKS22:BRANCHE07=D:BELØB=3:SÆSON=EJSÆSON,2022-03-01,170764.0
DST:FIKS22:BRANCHE07=D:BELØB=3:SÆSON=EJSÆSON,2022-04-01,159304.0
DST:FIKS22:BRANCHE07=D:BELØB=3:SÆSON=EJSÆSON,2022-05-01,135778.0
DST:FIKS22:BRANCHE07=D:BELØB=3:SÆSON=EJSÆSON,2022-06-01,135499.0
DST:FIKS22:BRANCHE07=D:BELØB=3:SÆSON=EJSÆSON,2022-07-01,184375.0
DST:FIKS22:BRANCHE07=D:BELØB=3:SÆSON=EJSÆSON,2022-08-01,245564.0
DST:FIKS22:BRANCHE07=D:BELØB=3:SÆSON=EJSÆSON,2022-09-01,233901.0
DST:FIKS22:BRANCHE07=D:BELØB=3:SÆSON=EJSÆSON,2022-10-01,189420.0
DST:FIKS22:BRANCHE07=D:BELØB=3:SÆSON=EJSÆSON,2022-11-01,162180.0
DST:FIKS22:BRANCHE07=D:BELØB=3:SÆSON=EJSÆSON,2022-12-01,202463.0
DST:FIKS22:BRANCHE07=D:BELØB=3:SÆSON=EJSÆSON,2023-01-01,163657.0
DST:FIKS22:BRANCHE07=D:BELØB=3:SÆSON=EJSÆSON,2023-02-01,122774.0
DST:FIKS22:BRANCHE07=D:BELØB=3:SÆSON=EJSÆSON,2023-03-01,107472.0
DST:FIKS22:BRANCHE07=D:BELØB=3:SÆSON=EJSÆSON,2023-04-01,100255.0
DST:FIKS22:BRANCHE07=D:BELØB=3:SÆSON=EJSÆSON,2023-05-01,72728.0
DST:FIKS22:BRANCHE07=D:BELØB=3:SÆSON=EJSÆSON,2023-06-01,65771.0
DST:FIKS22:BRANCHE07=D:BELØB=3:SÆSON=EJSÆSON,2023-07-01,59866.0
DST:FIKS22:BRANCHE07=D:BELØB=3:SÆSON=EJSÆSON,2023-08-01,64221.0
DST:FIKS22:BRANCHE07=D:BELØB=3:SÆSON=EJSÆSON,2023-09-01,68962.0
DST:FIKS22:BRANCHE07=D:BELØB=3:SÆSON=EJSÆSON,2023-10-01,77758.0
DST:FIKS22:BRANCHE07=D:BELØB=3:SÆSON=EJSÆSON,2023-11-01,74527.0
DST:FIKS22:BRANCHE07=D:BELØB=3:SÆSON=EJSÆSON,2023-12-01,83505.0
DST:FIKS22:BRANCHE07=D:BELØB=3:SÆSON=EJSÆSON,2024-01-01,70414.0
DST:FIKS22:BRANCHE07=D:BELØB=3:SÆSON=EJSÆSON,2024-02-01,65900.0
DST:FIKS22:BRANCHE07=D:BELØB=3:SÆSON=EJSÆSON,2024-03-01,63209.0
DST:FIKS22:BRANCHE07=D:BELØB=3:SÆSON=EJSÆSON,2024-04-01,62455.0
DST:FIKS22:BRANCHE07=D:BELØB=3:SÆSON=EJSÆSON,2024-05-01,51503.0
DST:FIKS22:BRANCHE07=D:BELØB=3:SÆSON=EJSÆSON,2024-06-01,52830.0
DST:FIKS22:BRANCHE07=D:BELØB=3:SÆSON=EJSÆSON,2024-07-01,48265.0
DST:FIKS22:BRANCHE07=D:BELØB=3:SÆSON=EJSÆSON,2024-08-01,55806.0
DST:FIKS22:BRANCHE07=D:BELØB=3:SÆSON=EJSÆSON,2024-09-01,58203.0
DST:FIKS22:BRANCHE07=D:BELØB=3:SÆSON=EJSÆSON,2024-10-01,63611.0
DST:FIKS22:BRANCHE07=D:BELØB=3:SÆSON=EJSÆSON,2024-11-01,71987.0
DST:FIKS22:BRANCHE07=D:BELØB=3:SÆSON=EJSÆSON,2024-12-01,92558.0
DST:FIKS22:BRANCHE07=D:BELØB=3:SÆSON=EJSÆSON,2025-01-01,83264.0
DST:FIKS22:BRANCHE07=D:BELØB=3:SÆSON=EJSÆSON,2025-02-01,85498.0
DST:FIKS22:BRANCHE07=D:BELØB=3:SÆSON=EJSÆSON,2025-03-01,78503.0
DST:FIKS22:BRANCHE07=D:BELØB=3:SÆSON=EJSÆSON,2025-04-01,68561.0
DST:FIKS22:BRANCHE07=D:BELØB=3:SÆSON=EJSÆSON,2025-05-01,55653.0
DST:FIKS22:BRANCHE07=D:BELØB=3:SÆSON=EJSÆSON,2025-06-01,56003.0
DST:FIKS22:BRANCHE07=D:BELØB=3:SÆSON=EJSÆSON,2025-07-01,55267.0
DST:FIKS22:BRANCHE07=D:BELØB=3:SÆSON=EJSÆSON,2025-08-01,57621.0
DST:FIKS22:BRANCHE07=D:BELØB=3:SÆSON=EJSÆSON,2025-09-01,54789.0
DST:FIKS22:BRANCHE07=D:BELØB=3:SÆSON=EJSÆSON,2025-10-01,56826.0
DST:FIKS22:BRANCHE07=D:BELØB=3:SÆSON=EJSÆSON,2025-11-01,55255.0
DST:FIKS22:BRANCHE07=D:BELØB=3:SÆSON=EJSÆSON,2025-12-01,72896.0
DST:FIKS22:BRANCHE07=D:BELØB=3:SÆSON=EJSÆSON,2026-01-01,64849.0
DST:FIKS22:BRANCHE07=D:BELØB=3:SÆSON=EJSÆSON,2026-02-01,66370.0
DST:FIKS22:BRANCHE07=D:BELØB=3:SÆSON=EJSÆSON,2026-03-01,78703.0
DST:FIKS22:BRANCHE07=D:BELØB=3:SÆSON=SÆSON,2009-01-01,5274.0
DST:FIKS22:BRANCHE07=D:BELØB=3:SÆSON=SÆSON,2009-02-01,6797.0
DST:FIKS22:BRANCHE07=D:BELØB=3:SÆSON=SÆSON,2009-03-01,6375.0
DST:FIKS22:BRANCHE07=D:BELØB=3:SÆSON=SÆSON,2009-04-01,3755.0
DST:FIKS22:BRANCHE07=D:BELØB=3:SÆSON=SÆSON,2009-05-01,7035.0
DST:FIKS22:BRANCHE07=D:BELØB=3:SÆSON=SÆSON,2009-06-01,7711.0
DST:FIKS22:BRANCHE07=D:BELØB=3:SÆSON=SÆSON,2009-07-01,7737.0
DST:FIKS22:BRANCHE07=D:BELØB=3:SÆSON=SÆSON,2009-08-01,7180.0
DST:FIKS22:BRANCHE07=D:BELØB=3:SÆSON=SÆSON,2009-09-01,7541.0
DST:FIKS22:BRANCHE07=D:BELØB=3:SÆSON=SÆSON,2009-10-01,6924.0
DST:FIKS22:BRANCHE07=D:BELØB=3:SÆSON=SÆSON,2009-11-01,7478.0
DST:FIKS22:BRANCHE07=D:BELØB=3:SÆSON=SÆSON,2009-12-01,5788.0
DST:FIKS22:BRANCHE07=D:BELØB=3:SÆSON=SÆSON,2010-01-01,6503.0
DST:FIKS22:BRANCHE07=D:BELØB=3:SÆSON=SÆSON,2010-02-01,7295.0
DST:FIKS22:BRANCHE07=D:BELØB=3:SÆSON=SÆSON,2010-03-01,7402.0
DST:FIKS22:BRANCHE07=D:BELØB=3:SÆSON=SÆSON,2010-04-01,9963.0
DST:FIKS22:BRANCHE07=D:BELØB=3:SÆSON=SÆSON,2010-05-01,7499.0
DST:FIKS22:BRANCHE07=D:BELØB=3:SÆSON=SÆSON,2010-06-01,7770.0
DST:FIKS22:BRANCHE07=D:BELØB=3:SÆSON=SÆSON,2010-07-01,7878.0
DST:FIKS22:BRANCHE07=D:BELØB=3:SÆSON=SÆSON,2010-08-01,10483.0
DST:FIKS22:BRANCHE07=D:BELØB=3:SÆSON=SÆSON,2010-09-01,9554.0
DST:FIKS22:BRANCHE07=D:BELØB=3:SÆSON=SÆSON,2010-10-01,9622.0
DST:FIKS22:BRANCHE07=D:BELØB=3:SÆSON=SÆSON,2010-11-01,9436.0
DST:FIKS22:BRANCHE07=D:BELØB=3:SÆSON=SÆSON,2010-12-01,10152.0
DST:FIKS22:BRANCHE07=D:BELØB=3:SÆSON=SÆSON,2011-01-01,11539.0
DST:FIKS22:BRANCHE07=D:BELØB=3:SÆSON=SÆSON,2011-02-01,7277.0
DST:FIKS22:BRANCHE07=D:BELØB=3:SÆSON=SÆSON,2011-03-01,7895.0
DST:FIKS22:BRANCHE07=D:BELØB=3:SÆSON=SÆSON,2011-04-01,7609.0
DST:FIKS22:BRANCHE07=D:BELØB=3:SÆSON=SÆSON,2011-05-01,8819.0
DST:FIKS22:BRANCHE07=D:BELØB=3:SÆSON=SÆSON,2011-06-01,9519.0
DST:FIKS22:BRANCHE07=D:BELØB=3:SÆSON=SÆSON,2011-07-01,9464.0
DST:FIKS22:BRANCHE07=D:BELØB=3:SÆSON=SÆSON,2011-08-01,8809.0
DST:FIKS22:BRANCHE07=D:BELØB=3:SÆSON=SÆSON,2011-09-01,8837.0
DST:FIKS22:BRANCHE07=D:BELØB=3:SÆSON=SÆSON,2011-10-01,12217.0
DST:FIKS22:BRANCHE07=D:BELØB=3:SÆSON=SÆSON,2011-11-01,12726.0
DST:FIKS22:BRANCHE07=D:BELØB=3:SÆSON=SÆSON,2011-12-01,13013.0
DST:FIKS22:BRANCHE07=D:BELØB=3:SÆSON=SÆSON,2012-01-01,13592.0
DST:FIKS22:BRANCHE07=D:BELØB=3:SÆSON=SÆSON,2012-02-01,12973.0
DST:FIKS22:BRANCHE07=D:BELØB=3:SÆSON=SÆSON,2012-03-01,13932.0
DST:FIKS22:BRANCHE07=D:BELØB=3:SÆSON=SÆSON,2012-04-01,14155.0
DST:FIKS22:BRANCHE07=D:BELØB=3:SÆSON=SÆSON,2012-05-01,14160.0
DST:FIKS22:BRANCHE07=D:BELØB=3:SÆSON=SÆSON,2012-06-01,14488.0
DST:FIKS22:BRANCHE07=D:BELØB=3:SÆSON=SÆSON,2012-07-01,14675.0
DST:FIKS22:BRANCHE07=D:BELØB=3:SÆSON=SÆSON,2012-08-01,15313.0
DST:FIKS22:BRANCHE07=D:BELØB=3:SÆSON=SÆSON,2012-09-01,13722.0
DST:FIKS22:BRANCHE07=D:BELØB=3:SÆSON=SÆSON,2012-10-01,14270.0
DST:FIKS22:BRANCHE07=D:BELØB=3:SÆSON=SÆSON,2012-11-01,15020.0
DST:FIKS22:BRANCHE07=D:BELØB=3:SÆSON=SÆSON,2012-12-01,15943.0
DST:FIKS22:BRANCHE07=D:BELØB=3:SÆSON=SÆSON,2013-01-01,20003.0
DST:FIKS22:BRANCHE07=D:BELØB=3:SÆSON=SÆSON,2013-02-01,14713.0
DST:FIKS22:BRANCHE07=D:BELØB=3:SÆSON=SÆSON,2013-03-01,14700.0
DST:FIKS22:BRANCHE07=D:BELØB=3:SÆSON=SÆSON,2013-04-01,16111.0
DST:FIKS22:BRANCHE07=D:BELØB=3:SÆSON=SÆSON,2013-05-01,15231.0
DST:FIKS22:BRANCHE07=D:BELØB=3:SÆSON=SÆSON,2013-06-01,14797.0
DST:FIKS22:BRANCHE07=D:BELØB=3:SÆSON=SÆSON,2013-07-01,15263.0
DST:FIKS22:BRANCHE07=D:BELØB=3:SÆSON=SÆSON,2013-08-01,13786.0
DST:FIKS22:BRANCHE07=D:BELØB=3:SÆSON=SÆSON,2013-09-01,14369.0
DST:FIKS22:BRANCHE07=D:BELØB=3:SÆSON=SÆSON,2013-10-01,14635.0
DST:FIKS22:BRANCHE07=D:BELØB=3:SÆSON=SÆSON,2013-11-01,13563.0
DST:FIKS22:BRANCHE07=D:BELØB=3:SÆSON=SÆSON,2013-12-01,15131.0
DST:FIKS22:BRANCHE07=D:BELØB=3:SÆSON=SÆSON,2014-01-01,14726.0
DST:FIKS22:BRANCHE07=D:BELØB=3:SÆSON=SÆSON,2014-02-01,14486.0
DST:FIKS22:BRANCHE07=D:BELØB=3:SÆSON=SÆSON,2014-03-01,14787.0
DST:FIKS22:BRANCHE07=D:BELØB=3:SÆSON=SÆSON,2014-04-01,15508.0
DST:FIKS22:BRANCHE07=D:BELØB=3:SÆSON=SÆSON,2014-05-01,14753.0
DST:FIKS22:BRANCHE07=D:BELØB=3:SÆSON=SÆSON,2014-06-01,14369.0
DST:FIKS22:BRANCHE07=D:BELØB=3:SÆSON=SÆSON,2014-07-01,16338.0
DST:FIKS22:BRANCHE07=D:BELØB=3:SÆSON=SÆSON,2014-08-01,16109.0
DST:FIKS22:BRANCHE07=D:BELØB=3:SÆSON=SÆSON,2014-09-01,16091.0
DST:FIKS22:BRANCHE07=D:BELØB=3:SÆSON=SÆSON,2014-10-01,16036.0
DST:FIKS22:BRANCHE07=D:BELØB=3:SÆSON=SÆSON,2014-11-01,17232.0
DST:FIKS22:BRANCHE07=D:BELØB=3:SÆSON=SÆSON,2014-12-01,14807.0
DST:FIKS22:BRANCHE07=D:BELØB=3:SÆSON=SÆSON,2015-01-01,17915.0
DST:FIKS22:BRANCHE07=D:BELØB=3:SÆSON=SÆSON,2015-02-01,19100.0
DST:FIKS22:BRANCHE07=D:BELØB=3:SÆSON=SÆSON,2015-03-01,18418.0
DST:FIKS22:BRANCHE07=D:BELØB=3:SÆSON=SÆSON,2015-04-01,18909.0
DST:FIKS22:BRANCHE07=D:BELØB=3:SÆSON=SÆSON,2015-05-01,18594.0
DST:FIKS22:BRANCHE07=D:BELØB=3:SÆSON=SÆSON,2015-06-01,18293.0
DST:FIKS22:BRANCHE07=D:BELØB=3:SÆSON=SÆSON,2015-07-01,17476.0
DST:FIKS22:BRANCHE07=D:BELØB=3:SÆSON=SÆSON,2015-08-01,18463.0
DST:FIKS22:BRANCHE07=D:BELØB=3:SÆSON=SÆSON,2015-09-01,20000.0
DST:FIKS22:BRANCHE07=D:BELØB=3:SÆSON=SÆSON,2015-10-01,19392.0
DST:FIKS22:BRANCHE07=D:BELØB=3:SÆSON=SÆSON,2015-11-01,18570.0
DST:FIKS22:BRANCHE07=D:BELØB=3:SÆSON=SÆSON,2015-12-01,16352.0
DST:FIKS22:BRANCHE07=D:BELØB=3:SÆSON=SÆSON,2016-01-01,16957.0
DST:FIKS22:BRANCHE07=D:BELØB=3:SÆSON=SÆSON,2016-02-01,17173.0
DST:FIKS22:BRANCHE07=D:BELØB=3:SÆSON=SÆSON,2016-03-01,16727.0
DST:FIKS22:BRANCHE07=D:BELØB=3:SÆSON=SÆSON,2016-04-01,17003.0
DST:FIKS22:BRANCHE07=D:BELØB=3:SÆSON=SÆSON,2016-05-01,19200.0
DST:FIKS22:BRANCHE07=D:BELØB=3:SÆSON=SÆSON,2016-06-01,21307.0
DST:FIKS22:BRANCHE07=D:BELØB=3:SÆSON=SÆSON,2016-07-01,18712.0
DST:FIKS22:BRANCHE07=D:BELØB=3:SÆSON=SÆSON,2016-08-01,20842.0
DST:FIKS22:BRANCHE07=D:BELØB=3:SÆSON=SÆSON,2016-09-01,19862.0
DST:FIKS22:BRANCHE07=D:BELØB=3:SÆSON=SÆSON,2016-10-01,18843.0
DST:FIKS22:BRANCHE07=D:BELØB=3:SÆSON=SÆSON,2016-11-01,19615.0
DST:FIKS22:BRANCHE07=D:BELØB=3:SÆSON=SÆSON,2016-12-01,20341.0
DST:FIKS22:BRANCHE07=D:BELØB=3:SÆSON=SÆSON,2017-01-01,20211.0
DST:FIKS22:BRANCHE07=D:BELØB=3:SÆSON=SÆSON,2017-02-01,21384.0
DST:FIKS22:BRANCHE07=D:BELØB=3:SÆSON=SÆSON,2017-03-01,21628.0
DST:FIKS22:BRANCHE07=D:BELØB=3:SÆSON=SÆSON,2017-04-01,20792.0
DST:FIKS22:BRANCHE07=D:BELØB=3:SÆSON=SÆSON,2017-05-01,20666.0
DST:FIKS22:BRANCHE07=D:BELØB=3:SÆSON=SÆSON,2017-06-01,22096.0
DST:FIKS22:BRANCHE07=D:BELØB=3:SÆSON=SÆSON,2017-07-01,24976.0
DST:FIKS22:BRANCHE07=D:BELØB=3:SÆSON=SÆSON,2017-08-01,23756.0
DST:FIKS22:BRANCHE07=D:BELØB=3:SÆSON=SÆSON,2017-09-01,22893.0
DST:FIKS22:BRANCHE07=D:BELØB=3:SÆSON=SÆSON,2017-10-01,24329.0
DST:FIKS22:BRANCHE07=D:BELØB=3:SÆSON=SÆSON,2017-11-01,24295.0
DST:FIKS22:BRANCHE07=D:BELØB=3:SÆSON=SÆSON,2017-12-01,24012.0
DST:FIKS22:BRANCHE07=D:BELØB=3:SÆSON=SÆSON,2018-01-01,24828.0
DST:FIKS22:BRANCHE07=D:BELØB=3:SÆSON=SÆSON,2018-02-01,26430.0
DST:FIKS22:BRANCHE07=D:BELØB=3:SÆSON=SÆSON,2018-03-01,29248.0
DST:FIKS22:BRANCHE07=D:BELØB=3:SÆSON=SÆSON,2018-04-01,30756.0
DST:FIKS22:BRANCHE07=D:BELØB=3:SÆSON=SÆSON,2018-05-01,26902.0
DST:FIKS22:BRANCHE07=D:BELØB=3:SÆSON=SÆSON,2018-06-01,30908.0
DST:FIKS22:BRANCHE07=D:BELØB=3:SÆSON=SÆSON,2018-07-01,33228.0
DST:FIKS22:BRANCHE07=D:BELØB=3:SÆSON=SÆSON,2018-08-01,32117.0
DST:FIKS22:BRANCHE07=D:BELØB=3:SÆSON=SÆSON,2018-09-01,32361.0
DST:FIKS22:BRANCHE07=D:BELØB=3:SÆSON=SÆSON,2018-10-01,34518.0
DST:FIKS22:BRANCHE07=D:BELØB=3:SÆSON=SÆSON,2018-11-01,34194.0
DST:FIKS22:BRANCHE07=D:BELØB=3:SÆSON=SÆSON,2018-12-01,34156.0
DST:FIKS22:BRANCHE07=D:BELØB=3:SÆSON=SÆSON,2019-01-01,34746.0
DST:FIKS22:BRANCHE07=D:BELØB=3:SÆSON=SÆSON,2019-02-01,32270.0
DST:FIKS22:BRANCHE07=D:BELØB=3:SÆSON=SÆSON,2019-03-01,32664.0
DST:FIKS22:BRANCHE07=D:BELØB=3:SÆSON=SÆSON,2019-04-01,32873.0
DST:FIKS22:BRANCHE07=D:BELØB=3:SÆSON=SÆSON,2019-05-01,33520.0
DST:FIKS22:BRANCHE07=D:BELØB=3:SÆSON=SÆSON,2019-06-01,32295.0
DST:FIKS22:BRANCHE07=D:BELØB=3:SÆSON=SÆSON,2019-07-01,32640.0
DST:FIKS22:BRANCHE07=D:BELØB=3:SÆSON=SÆSON,2019-08-01,30626.0
DST:FIKS22:BRANCHE07=D:BELØB=3:SÆSON=SÆSON,2019-09-01,31595.0
DST:FIKS22:BRANCHE07=D:BELØB=3:SÆSON=SÆSON,2019-10-01,29781.0
DST:FIKS22:BRANCHE07=D:BELØB=3:SÆSON=SÆSON,2019-11-01,32080.0
DST:FIKS22:BRANCHE07=D:BELØB=3:SÆSON=SÆSON,2019-12-01,32986.0
DST:FIKS22:BRANCHE07=D:BELØB=3:SÆSON=SÆSON,2020-01-01,32529.0
DST:FIKS22:BRANCHE07=D:BELØB=3:SÆSON=SÆSON,2020-02-01,31271.0
DST:FIKS22:BRANCHE07=D:BELØB=3:SÆSON=SÆSON,2020-03-01,30458.0
DST:FIKS22:BRANCHE07=D:BELØB=3:SÆSON=SÆSON,2020-04-01,30796.0
DST:FIKS22:BRANCHE07=D:BELØB=3:SÆSON=SÆSON,2020-05-01,30977.0
DST:FIKS22:BRANCHE07=D:BELØB=3:SÆSON=SÆSON,2020-06-01,30015.0
DST:FIKS22:BRANCHE07=D:BELØB=3:SÆSON=SÆSON,2020-07-01,30079.0
DST:FIKS22:BRANCHE07=D:BELØB=3:SÆSON=SÆSON,2020-08-01,31816.0
DST:FIKS22:BRANCHE07=D:BELØB=3:SÆSON=SÆSON,2020-09-01,32466.0
DST:FIKS22:BRANCHE07=D:BELØB=3:SÆSON=SÆSON,2020-10-01,34715.0
DST:FIKS22:BRANCHE07=D:BELØB=3:SÆSON=SÆSON,2020-11-01,34478.0
DST:FIKS22:BRANCHE07=D:BELØB=3:SÆSON=SÆSON,2020-12-01,32205.0
DST:FIKS22:BRANCHE07=D:BELØB=3:SÆSON=SÆSON,2021-01-01,32516.0
DST:FIKS22:BRANCHE07=D:BELØB=3:SÆSON=SÆSON,2021-02-01,34984.0
DST:FIKS22:BRANCHE07=D:BELØB=3:SÆSON=SÆSON,2021-03-01,35340.0
DST:FIKS22:BRANCHE07=D:BELØB=3:SÆSON=SÆSON,2021-04-01,29682.0
DST:FIKS22:BRANCHE07=D:BELØB=3:SÆSON=SÆSON,2021-05-01,41052.0
DST:FIKS22:BRANCHE07=D:BELØB=3:SÆSON=SÆSON,2021-06-01,47558.0
DST:FIKS22:BRANCHE07=D:BELØB=3:SÆSON=SÆSON,2021-07-01,52915.0
DST:FIKS22:BRANCHE07=D:BELØB=3:SÆSON=SÆSON,2021-08-01,57054.0
DST:FIKS22:BRANCHE07=D:BELØB=3:SÆSON=SÆSON,2021-09-01,59801.0
DST:FIKS22:BRANCHE07=D:BELØB=3:SÆSON=SÆSON,2021-10-01,88420.0
DST:FIKS22:BRANCHE07=D:BELØB=3:SÆSON=SÆSON,2021-11-01,103480.0
DST:FIKS22:BRANCHE07=D:BELØB=3:SÆSON=SÆSON,2021-12-01,130804.0
DST:FIKS22:BRANCHE07=D:BELØB=3:SÆSON=SÆSON,2022-01-01,126504.0
DST:FIKS22:BRANCHE07=D:BELØB=3:SÆSON=SÆSON,2022-02-01,115687.0
DST:FIKS22:BRANCHE07=D:BELØB=3:SÆSON=SÆSON,2022-03-01,158145.0
DST:FIKS22:BRANCHE07=D:BELØB=3:SÆSON=SÆSON,2022-04-01,153829.0
DST:FIKS22:BRANCHE07=D:BELØB=3:SÆSON=SÆSON,2022-05-01,159376.0
DST:FIKS22:BRANCHE07=D:BELØB=3:SÆSON=SÆSON,2022-06-01,160971.0
DST:FIKS22:BRANCHE07=D:BELØB=3:SÆSON=SÆSON,2022-07-01,229759.0
DST:FIKS22:BRANCHE07=D:BELØB=3:SÆSON=SÆSON,2022-08-01,283575.0
DST:FIKS22:BRANCHE07=D:BELØB=3:SÆSON=SÆSON,2022-09-01,249463.0
DST:FIKS22:BRANCHE07=D:BELØB=3:SÆSON=SÆSON,2022-10-01,195951.0
DST:FIKS22:BRANCHE07=D:BELØB=3:SÆSON=SÆSON,2022-11-01,149943.0
DST:FIKS22:BRANCHE07=D:BELØB=3:SÆSON=SÆSON,2022-12-01,153629.0
DST:FIKS22:BRANCHE07=D:BELØB=3:SÆSON=SÆSON,2023-01-01,143605.0
DST:FIKS22:BRANCHE07=D:BELØB=3:SÆSON=SÆSON,2023-02-01,114068.0
DST:FIKS22:BRANCHE07=D:BELØB=3:SÆSON=SÆSON,2023-03-01,99336.0
DST:FIKS22:BRANCHE07=D:BELØB=3:SÆSON=SÆSON,2023-04-01,96848.0
DST:FIKS22:BRANCHE07=D:BELØB=3:SÆSON=SÆSON,2023-05-01,85865.0
DST:FIKS22:BRANCHE07=D:BELØB=3:SÆSON=SÆSON,2023-06-01,77557.0
DST:FIKS22:BRANCHE07=D:BELØB=3:SÆSON=SÆSON,2023-07-01,74451.0
DST:FIKS22:BRANCHE07=D:BELØB=3:SÆSON=SÆSON,2023-08-01,73452.0
DST:FIKS22:BRANCHE07=D:BELØB=3:SÆSON=SÆSON,2023-09-01,73752.0
DST:FIKS22:BRANCHE07=D:BELØB=3:SÆSON=SÆSON,2023-10-01,80230.0
DST:FIKS22:BRANCHE07=D:BELØB=3:SÆSON=SÆSON,2023-11-01,69960.0
DST:FIKS22:BRANCHE07=D:BELØB=3:SÆSON=SÆSON,2023-12-01,63520.0
DST:FIKS22:BRANCHE07=D:BELØB=3:SÆSON=SÆSON,2024-01-01,61699.0
DST:FIKS22:BRANCHE07=D:BELØB=3:SÆSON=SÆSON,2024-02-01,61085.0
DST:FIKS22:BRANCHE07=D:BELØB=3:SÆSON=SÆSON,2024-03-01,58257.0
DST:FIKS22:BRANCHE07=D:BELØB=3:SÆSON=SÆSON,2024-04-01,60290.0
DST:FIKS22:BRANCHE07=D:BELØB=3:SÆSON=SÆSON,2024-05-01,61004.0
DST:FIKS22:BRANCHE07=D:BELØB=3:SÆSON=SÆSON,2024-06-01,62065.0
DST:FIKS22:BRANCHE07=D:BELØB=3:SÆSON=SÆSON,2024-07-01,59544.0
DST:FIKS22:BRANCHE07=D:BELØB=3:SÆSON=SÆSON,2024-08-01,63246.0
DST:FIKS22:BRANCHE07=D:BELØB=3:SÆSON=SÆSON,2024-09-01,62553.0
DST:FIKS22:BRANCHE07=D:BELØB=3:SÆSON=SÆSON,2024-10-01,65739.0
DST:FIKS22:BRANCHE07=D:BELØB=3:SÆSON=SÆSON,2024-11-01,68272.0
DST:FIKS22:BRANCHE07=D:BELØB=3:SÆSON=SÆSON,2024-12-01,70830.0
DST:FIKS22:BRANCHE07=D:BELØB=3:SÆSON=SÆSON,2025-01-01,73059.0
DST:FIKS22:BRANCHE07=D:BELØB=3:SÆSON=SÆSON,2025-02-01,79030.0
DST:FIKS22:BRANCHE07=D:BELØB=3:SÆSON=SÆSON,2025-03-01,71990.0
DST:FIKS22:BRANCHE07=D:BELØB=3:SÆSON=SÆSON,2025-04-01,65999.0
DST:FIKS22:BRANCHE07=D:BELØB=3:SÆSON=SÆSON,2025-05-01,65816.0
DST:FIKS22:BRANCHE07=D:BELØB=3:SÆSON=SÆSON,2025-06-01,65535.0
DST:FIKS22:BRANCHE07=D:BELØB=3:SÆSON=SÆSON,2025-07-01,67900.0
DST:FIKS22:BRANCHE07=D:BELØB=3:SÆSON=SÆSON,2025-08-01,64993.0
DST:FIKS22:BRANCHE07=D:BELØB=3:SÆSON=SÆSON,2025-09-01,59302.0
DST:FIKS22:BRANCHE07=D:BELØB=3:SÆSON=SÆSON,2025-10-01,58698.0
DST:FIKS22:BRANCHE07=D:BELØB=3:SÆSON=SÆSON,2025-11-01,52686.0
DST:FIKS22:BRANCHE07=D:BELØB=3:SÆSON=SÆSON,2025-12-01,56113.0
DST:FIKS22:BRANCHE07=D:BELØB=3:SÆSON=SÆSON,2026-01-01,56956.0
DST:FIKS22:BRANCHE07=D:BELØB=3:SÆSON=SÆSON,2026-02-01,61170.0
DST:FIKS22:BRANCHE07=D:BELØB=3:SÆSON=SÆSON,2026-03-01,71779.0
DST:FIKS22:BRANCHE07=D:BELØB=4:SÆSON=EJSÆSON,2009-01-01,10112.0
DST:FIKS22:BRANCHE07=D:BELØB=4:SÆSON=EJSÆSON,2009-02-01,12680.0
DST:FIKS22:BRANCHE07=D:BELØB=4:SÆSON=EJSÆSON,2009-03-01,10189.0
DST:FIKS22:BRANCHE07=D:BELØB=4:SÆSON=EJSÆSON,2009-04-01,8867.0
DST:FIKS22:BRANCHE07=D:BELØB=4:SÆSON=EJSÆSON,2009-05-01,9777.0
DST:FIKS22:BRANCHE07=D:BELØB=4:SÆSON=EJSÆSON,2009-06-01,8612.0
DST:FIKS22:BRANCHE07=D:BELØB=4:SÆSON=EJSÆSON,2009-07-01,7695.0
DST:FIKS22:BRANCHE07=D:BELØB=4:SÆSON=EJSÆSON,2009-08-01,9422.0
DST:FIKS22:BRANCHE07=D:BELØB=4:SÆSON=EJSÆSON,2009-09-01,8511.0
DST:FIKS22:BRANCHE07=D:BELØB=4:SÆSON=EJSÆSON,2009-10-01,9324.0
DST:FIKS22:BRANCHE07=D:BELØB=4:SÆSON=EJSÆSON,2009-11-01,10667.0
DST:FIKS22:BRANCHE07=D:BELØB=4:SÆSON=EJSÆSON,2009-12-01,10280.0
DST:FIKS22:BRANCHE07=D:BELØB=4:SÆSON=EJSÆSON,2010-01-01,11551.0
DST:FIKS22:BRANCHE07=D:BELØB=4:SÆSON=EJSÆSON,2010-02-01,14441.0
DST:FIKS22:BRANCHE07=D:BELØB=4:SÆSON=EJSÆSON,2010-03-01,12136.0
DST:FIKS22:BRANCHE07=D:BELØB=4:SÆSON=EJSÆSON,2010-04-01,12633.0
DST:FIKS22:BRANCHE07=D:BELØB=4:SÆSON=EJSÆSON,2010-05-01,12276.0
DST:FIKS22:BRANCHE07=D:BELØB=4:SÆSON=EJSÆSON,2010-06-01,11525.0
DST:FIKS22:BRANCHE07=D:BELØB=4:SÆSON=EJSÆSON,2010-07-01,9616.0
DST:FIKS22:BRANCHE07=D:BELØB=4:SÆSON=EJSÆSON,2010-08-01,13495.0
DST:FIKS22:BRANCHE07=D:BELØB=4:SÆSON=EJSÆSON,2010-09-01,11731.0
DST:FIKS22:BRANCHE07=D:BELØB=4:SÆSON=EJSÆSON,2010-10-01,16421.0
DST:FIKS22:BRANCHE07=D:BELØB=4:SÆSON=EJSÆSON,2010-11-01,17146.0
DST:FIKS22:BRANCHE07=D:BELØB=4:SÆSON=EJSÆSON,2010-12-01,19815.0
DST:FIKS22:BRANCHE07=D:BELØB=4:SÆSON=EJSÆSON,2011-01-01,23371.0
DST:FIKS22:BRANCHE07=D:BELØB=4:SÆSON=EJSÆSON,2011-02-01,22190.0
DST:FIKS22:BRANCHE07=D:BELØB=4:SÆSON=EJSÆSON,2011-03-01,18103.0
DST:FIKS22:BRANCHE07=D:BELØB=4:SÆSON=EJSÆSON,2011-04-01,20137.0
DST:FIKS22:BRANCHE07=D:BELØB=4:SÆSON=EJSÆSON,2011-05-01,18343.0
DST:FIKS22:BRANCHE07=D:BELØB=4:SÆSON=EJSÆSON,2011-06-01,15348.0
DST:FIKS22:BRANCHE07=D:BELØB=4:SÆSON=EJSÆSON,2011-07-01,13977.0
DST:FIKS22:BRANCHE07=D:BELØB=4:SÆSON=EJSÆSON,2011-08-01,16238.0
DST:FIKS22:BRANCHE07=D:BELØB=4:SÆSON=EJSÆSON,2011-09-01,14653.0
DST:FIKS22:BRANCHE07=D:BELØB=4:SÆSON=EJSÆSON,2011-10-01,17661.0
DST:FIKS22:BRANCHE07=D:BELØB=4:SÆSON=EJSÆSON,2011-11-01,20458.0
DST:FIKS22:BRANCHE07=D:BELØB=4:SÆSON=EJSÆSON,2011-12-01,21930.0
DST:FIKS22:BRANCHE07=D:BELØB=4:SÆSON=EJSÆSON,2012-01-01,24647.0
DST:FIKS22:BRANCHE07=D:BELØB=4:SÆSON=EJSÆSON,2012-02-01,23761.0
DST:FIKS22:BRANCHE07=D:BELØB=4:SÆSON=EJSÆSON,2012-03-01,26228.0
DST:FIKS22:BRANCHE07=D:BELØB=4:SÆSON=EJSÆSON,2012-04-01,19715.0
DST:FIKS22:BRANCHE07=D:BELØB=4:SÆSON=EJSÆSON,2012-05-01,20521.0
DST:FIKS22:BRANCHE07=D:BELØB=4:SÆSON=EJSÆSON,2012-06-01,19965.0
DST:FIKS22:BRANCHE07=D:BELØB=4:SÆSON=EJSÆSON,2012-07-01,16525.0
DST:FIKS22:BRANCHE07=D:BELØB=4:SÆSON=EJSÆSON,2012-08-01,19284.0
DST:FIKS22:BRANCHE07=D:BELØB=4:SÆSON=EJSÆSON,2012-09-01,18223.0
DST:FIKS22:BRANCHE07=D:BELØB=4:SÆSON=EJSÆSON,2012-10-01,19062.0
DST:FIKS22:BRANCHE07=D:BELØB=4:SÆSON=EJSÆSON,2012-11-01,24759.0
DST:FIKS22:BRANCHE07=D:BELØB=4:SÆSON=EJSÆSON,2012-12-01,25507.0
DST:FIKS22:BRANCHE07=D:BELØB=4:SÆSON=EJSÆSON,2013-01-01,30377.0
DST:FIKS22:BRANCHE07=D:BELØB=4:SÆSON=EJSÆSON,2013-02-01,27698.0
DST:FIKS22:BRANCHE07=D:BELØB=4:SÆSON=EJSÆSON,2013-03-01,24956.0
DST:FIKS22:BRANCHE07=D:BELØB=4:SÆSON=EJSÆSON,2013-04-01,24944.0
DST:FIKS22:BRANCHE07=D:BELØB=4:SÆSON=EJSÆSON,2013-05-01,21637.0
DST:FIKS22:BRANCHE07=D:BELØB=4:SÆSON=EJSÆSON,2013-06-01,17610.0
DST:FIKS22:BRANCHE07=D:BELØB=4:SÆSON=EJSÆSON,2013-07-01,18878.0
DST:FIKS22:BRANCHE07=D:BELØB=4:SÆSON=EJSÆSON,2013-08-01,20082.0
DST:FIKS22:BRANCHE07=D:BELØB=4:SÆSON=EJSÆSON,2013-09-01,18600.0
DST:FIKS22:BRANCHE07=D:BELØB=4:SÆSON=EJSÆSON,2013-10-01,20428.0
DST:FIKS22:BRANCHE07=D:BELØB=4:SÆSON=EJSÆSON,2013-11-01,30414.0
DST:FIKS22:BRANCHE07=D:BELØB=4:SÆSON=EJSÆSON,2013-12-01,27298.0
DST:FIKS22:BRANCHE07=D:BELØB=4:SÆSON=EJSÆSON,2014-01-01,25182.0
DST:FIKS22:BRANCHE07=D:BELØB=4:SÆSON=EJSÆSON,2014-02-01,26404.0
DST:FIKS22:BRANCHE07=D:BELØB=4:SÆSON=EJSÆSON,2014-03-01,24448.0
DST:FIKS22:BRANCHE07=D:BELØB=4:SÆSON=EJSÆSON,2014-04-01,23960.0
DST:FIKS22:BRANCHE07=D:BELØB=4:SÆSON=EJSÆSON,2014-05-01,22063.0
DST:FIKS22:BRANCHE07=D:BELØB=4:SÆSON=EJSÆSON,2014-06-01,19749.0
DST:FIKS22:BRANCHE07=D:BELØB=4:SÆSON=EJSÆSON,2014-07-01,18989.0
DST:FIKS22:BRANCHE07=D:BELØB=4:SÆSON=EJSÆSON,2014-08-01,18225.0
DST:FIKS22:BRANCHE07=D:BELØB=4:SÆSON=EJSÆSON,2014-09-01,22913.0
DST:FIKS22:BRANCHE07=D:BELØB=4:SÆSON=EJSÆSON,2014-10-01,23601.0
DST:FIKS22:BRANCHE07=D:BELØB=4:SÆSON=EJSÆSON,2014-11-01,23268.0
DST:FIKS22:BRANCHE07=D:BELØB=4:SÆSON=EJSÆSON,2014-12-01,36753.0
DST:FIKS22:BRANCHE07=D:BELØB=4:SÆSON=EJSÆSON,2015-01-01,26892.0
DST:FIKS22:BRANCHE07=D:BELØB=4:SÆSON=EJSÆSON,2015-02-01,32226.0
DST:FIKS22:BRANCHE07=D:BELØB=4:SÆSON=EJSÆSON,2015-03-01,27886.0
DST:FIKS22:BRANCHE07=D:BELØB=4:SÆSON=EJSÆSON,2015-04-01,25310.0
DST:FIKS22:BRANCHE07=D:BELØB=4:SÆSON=EJSÆSON,2015-05-01,23553.0
DST:FIKS22:BRANCHE07=D:BELØB=4:SÆSON=EJSÆSON,2015-06-01,23051.0
DST:FIKS22:BRANCHE07=D:BELØB=4:SÆSON=EJSÆSON,2015-07-01,23144.0
DST:FIKS22:BRANCHE07=D:BELØB=4:SÆSON=EJSÆSON,2015-08-01,22982.0
DST:FIKS22:BRANCHE07=D:BELØB=4:SÆSON=EJSÆSON,2015-09-01,23388.0
DST:FIKS22:BRANCHE07=D:BELØB=4:SÆSON=EJSÆSON,2015-10-01,24928.0
DST:FIKS22:BRANCHE07=D:BELØB=4:SÆSON=EJSÆSON,2015-11-01,34332.0
DST:FIKS22:BRANCHE07=D:BELØB=4:SÆSON=EJSÆSON,2015-12-01,42173.0
DST:FIKS22:BRANCHE07=D:BELØB=4:SÆSON=EJSÆSON,2016-01-01,28458.0
DST:FIKS22:BRANCHE07=D:BELØB=4:SÆSON=EJSÆSON,2016-02-01,29477.0
DST:FIKS22:BRANCHE07=D:BELØB=4:SÆSON=EJSÆSON,2016-03-01,30519.0
DST:FIKS22:BRANCHE07=D:BELØB=4:SÆSON=EJSÆSON,2016-04-01,23951.0
DST:FIKS22:BRANCHE07=D:BELØB=4:SÆSON=EJSÆSON,2016-05-01,22652.0
DST:FIKS22:BRANCHE07=D:BELØB=4:SÆSON=EJSÆSON,2016-06-01,22567.0
DST:FIKS22:BRANCHE07=D:BELØB=4:SÆSON=EJSÆSON,2016-07-01,20922.0
DST:FIKS22:BRANCHE07=D:BELØB=4:SÆSON=EJSÆSON,2016-08-01,23044.0
DST:FIKS22:BRANCHE07=D:BELØB=4:SÆSON=EJSÆSON,2016-09-01,22791.0
DST:FIKS22:BRANCHE07=D:BELØB=4:SÆSON=EJSÆSON,2016-10-01,23098.0
DST:FIKS22:BRANCHE07=D:BELØB=4:SÆSON=EJSÆSON,2016-11-01,31395.0
DST:FIKS22:BRANCHE07=D:BELØB=4:SÆSON=EJSÆSON,2016-12-01,34658.0
DST:FIKS22:BRANCHE07=D:BELØB=4:SÆSON=EJSÆSON,2017-01-01,31820.0
DST:FIKS22:BRANCHE07=D:BELØB=4:SÆSON=EJSÆSON,2017-02-01,33088.0
DST:FIKS22:BRANCHE07=D:BELØB=4:SÆSON=EJSÆSON,2017-03-01,30937.0
DST:FIKS22:BRANCHE07=D:BELØB=4:SÆSON=EJSÆSON,2017-04-01,27917.0
DST:FIKS22:BRANCHE07=D:BELØB=4:SÆSON=EJSÆSON,2017-05-01,23950.0
DST:FIKS22:BRANCHE07=D:BELØB=4:SÆSON=EJSÆSON,2017-06-01,24224.0
DST:FIKS22:BRANCHE07=D:BELØB=4:SÆSON=EJSÆSON,2017-07-01,22903.0
DST:FIKS22:BRANCHE07=D:BELØB=4:SÆSON=EJSÆSON,2017-08-01,24470.0
DST:FIKS22:BRANCHE07=D:BELØB=4:SÆSON=EJSÆSON,2017-09-01,24825.0
DST:FIKS22:BRANCHE07=D:BELØB=4:SÆSON=EJSÆSON,2017-10-01,27390.0
DST:FIKS22:BRANCHE07=D:BELØB=4:SÆSON=EJSÆSON,2017-11-01,31388.0
DST:FIKS22:BRANCHE07=D:BELØB=4:SÆSON=EJSÆSON,2017-12-01,44210.0
DST:FIKS22:BRANCHE07=D:BELØB=4:SÆSON=EJSÆSON,2018-01-01,34089.0
DST:FIKS22:BRANCHE07=D:BELØB=4:SÆSON=EJSÆSON,2018-02-01,36466.0
DST:FIKS22:BRANCHE07=D:BELØB=4:SÆSON=EJSÆSON,2018-03-01,40059.0
DST:FIKS22:BRANCHE07=D:BELØB=4:SÆSON=EJSÆSON,2018-04-01,37607.0
DST:FIKS22:BRANCHE07=D:BELØB=4:SÆSON=EJSÆSON,2018-05-01,30449.0
DST:FIKS22:BRANCHE07=D:BELØB=4:SÆSON=EJSÆSON,2018-06-01,39191.0
DST:FIKS22:BRANCHE07=D:BELØB=4:SÆSON=EJSÆSON,2018-07-01,36663.0
DST:FIKS22:BRANCHE07=D:BELØB=4:SÆSON=EJSÆSON,2018-08-01,35394.0
DST:FIKS22:BRANCHE07=D:BELØB=4:SÆSON=EJSÆSON,2018-09-01,38857.0
DST:FIKS22:BRANCHE07=D:BELØB=4:SÆSON=EJSÆSON,2018-10-01,41767.0
DST:FIKS22:BRANCHE07=D:BELØB=4:SÆSON=EJSÆSON,2018-11-01,49276.0
DST:FIKS22:BRANCHE07=D:BELØB=4:SÆSON=EJSÆSON,2018-12-01,53990.0
DST:FIKS22:BRANCHE07=D:BELØB=4:SÆSON=EJSÆSON,2019-01-01,47884.0
DST:FIKS22:BRANCHE07=D:BELØB=4:SÆSON=EJSÆSON,2019-02-01,45843.0
DST:FIKS22:BRANCHE07=D:BELØB=4:SÆSON=EJSÆSON,2019-03-01,45718.0
DST:FIKS22:BRANCHE07=D:BELØB=4:SÆSON=EJSÆSON,2019-04-01,42467.0
DST:FIKS22:BRANCHE07=D:BELØB=4:SÆSON=EJSÆSON,2019-05-01,36336.0
DST:FIKS22:BRANCHE07=D:BELØB=4:SÆSON=EJSÆSON,2019-06-01,38170.0
DST:FIKS22:BRANCHE07=D:BELØB=4:SÆSON=EJSÆSON,2019-07-01,33944.0
DST:FIKS22:BRANCHE07=D:BELØB=4:SÆSON=EJSÆSON,2019-08-01,34309.0
DST:FIKS22:BRANCHE07=D:BELØB=4:SÆSON=EJSÆSON,2019-09-01,36503.0
DST:FIKS22:BRANCHE07=D:BELØB=4:SÆSON=EJSÆSON,2019-10-01,37585.0
DST:FIKS22:BRANCHE07=D:BELØB=4:SÆSON=EJSÆSON,2019-11-01,41869.0
DST:FIKS22:BRANCHE07=D:BELØB=4:SÆSON=EJSÆSON,2019-12-01,53811.0
DST:FIKS22:BRANCHE07=D:BELØB=4:SÆSON=EJSÆSON,2020-01-01,46343.0
DST:FIKS22:BRANCHE07=D:BELØB=4:SÆSON=EJSÆSON,2020-02-01,43918.0
DST:FIKS22:BRANCHE07=D:BELØB=4:SÆSON=EJSÆSON,2020-03-01,43189.0
DST:FIKS22:BRANCHE07=D:BELØB=4:SÆSON=EJSÆSON,2020-04-01,40362.0
DST:FIKS22:BRANCHE07=D:BELØB=4:SÆSON=EJSÆSON,2020-05-01,33144.0
DST:FIKS22:BRANCHE07=D:BELØB=4:SÆSON=EJSÆSON,2020-06-01,35133.0
DST:FIKS22:BRANCHE07=D:BELØB=4:SÆSON=EJSÆSON,2020-07-01,33750.0
DST:FIKS22:BRANCHE07=D:BELØB=4:SÆSON=EJSÆSON,2020-08-01,34133.0
DST:FIKS22:BRANCHE07=D:BELØB=4:SÆSON=EJSÆSON,2020-09-01,37850.0
DST:FIKS22:BRANCHE07=D:BELØB=4:SÆSON=EJSÆSON,2020-10-01,42178.0
DST:FIKS22:BRANCHE07=D:BELØB=4:SÆSON=EJSÆSON,2020-11-01,47180.0
DST:FIKS22:BRANCHE07=D:BELØB=4:SÆSON=EJSÆSON,2020-12-01,49475.0
DST:FIKS22:BRANCHE07=D:BELØB=4:SÆSON=EJSÆSON,2021-01-01,45840.0
DST:FIKS22:BRANCHE07=D:BELØB=4:SÆSON=EJSÆSON,2021-02-01,45391.0
DST:FIKS22:BRANCHE07=D:BELØB=4:SÆSON=EJSÆSON,2021-03-01,47402.0
DST:FIKS22:BRANCHE07=D:BELØB=4:SÆSON=EJSÆSON,2021-04-01,38688.0
DST:FIKS22:BRANCHE07=D:BELØB=4:SÆSON=EJSÆSON,2021-05-01,42510.0
DST:FIKS22:BRANCHE07=D:BELØB=4:SÆSON=EJSÆSON,2021-06-01,47177.0
DST:FIKS22:BRANCHE07=D:BELØB=4:SÆSON=EJSÆSON,2021-07-01,51668.0
DST:FIKS22:BRANCHE07=D:BELØB=4:SÆSON=EJSÆSON,2021-08-01,65500.0
DST:FIKS22:BRANCHE07=D:BELØB=4:SÆSON=EJSÆSON,2021-09-01,85505.0
DST:FIKS22:BRANCHE07=D:BELØB=4:SÆSON=EJSÆSON,2021-10-01,114802.0
DST:FIKS22:BRANCHE07=D:BELØB=4:SÆSON=EJSÆSON,2021-11-01,144452.0
DST:FIKS22:BRANCHE07=D:BELØB=4:SÆSON=EJSÆSON,2021-12-01,257105.0
DST:FIKS22:BRANCHE07=D:BELØB=4:SÆSON=EJSÆSON,2022-01-01,194458.0
DST:FIKS22:BRANCHE07=D:BELØB=4:SÆSON=EJSÆSON,2022-02-01,186683.0
DST:FIKS22:BRANCHE07=D:BELØB=4:SÆSON=EJSÆSON,2022-03-01,227730.0
DST:FIKS22:BRANCHE07=D:BELØB=4:SÆSON=EJSÆSON,2022-04-01,185405.0
DST:FIKS22:BRANCHE07=D:BELØB=4:SÆSON=EJSÆSON,2022-05-01,166973.0
DST:FIKS22:BRANCHE07=D:BELØB=4:SÆSON=EJSÆSON,2022-06-01,168130.0
DST:FIKS22:BRANCHE07=D:BELØB=4:SÆSON=EJSÆSON,2022-07-01,242251.0
DST:FIKS22:BRANCHE07=D:BELØB=4:SÆSON=EJSÆSON,2022-08-01,359345.0
DST:FIKS22:BRANCHE07=D:BELØB=4:SÆSON=EJSÆSON,2022-09-01,370472.0
DST:FIKS22:BRANCHE07=D:BELØB=4:SÆSON=EJSÆSON,2022-10-01,270150.0
DST:FIKS22:BRANCHE07=D:BELØB=4:SÆSON=EJSÆSON,2022-11-01,239551.0
DST:FIKS22:BRANCHE07=D:BELØB=4:SÆSON=EJSÆSON,2022-12-01,304664.0
DST:FIKS22:BRANCHE07=D:BELØB=4:SÆSON=EJSÆSON,2023-01-01,223531.0
DST:FIKS22:BRANCHE07=D:BELØB=4:SÆSON=EJSÆSON,2023-02-01,163733.0
DST:FIKS22:BRANCHE07=D:BELØB=4:SÆSON=EJSÆSON,2023-03-01,157885.0
DST:FIKS22:BRANCHE07=D:BELØB=4:SÆSON=EJSÆSON,2023-04-01,118196.0
DST:FIKS22:BRANCHE07=D:BELØB=4:SÆSON=EJSÆSON,2023-05-01,99437.0
DST:FIKS22:BRANCHE07=D:BELØB=4:SÆSON=EJSÆSON,2023-06-01,68516.0
DST:FIKS22:BRANCHE07=D:BELØB=4:SÆSON=EJSÆSON,2023-07-01,89036.0
DST:FIKS22:BRANCHE07=D:BELØB=4:SÆSON=EJSÆSON,2023-08-01,88128.0
DST:FIKS22:BRANCHE07=D:BELØB=4:SÆSON=EJSÆSON,2023-09-01,92974.0
DST:FIKS22:BRANCHE07=D:BELØB=4:SÆSON=EJSÆSON,2023-10-01,95444.0
DST:FIKS22:BRANCHE07=D:BELØB=4:SÆSON=EJSÆSON,2023-11-01,96308.0
DST:FIKS22:BRANCHE07=D:BELØB=4:SÆSON=EJSÆSON,2023-12-01,127548.0
DST:FIKS22:BRANCHE07=D:BELØB=4:SÆSON=EJSÆSON,2024-01-01,100233.0
DST:FIKS22:BRANCHE07=D:BELØB=4:SÆSON=EJSÆSON,2024-02-01,92115.0
DST:FIKS22:BRANCHE07=D:BELØB=4:SÆSON=EJSÆSON,2024-03-01,86082.0
DST:FIKS22:BRANCHE07=D:BELØB=4:SÆSON=EJSÆSON,2024-04-01,89303.0
DST:FIKS22:BRANCHE07=D:BELØB=4:SÆSON=EJSÆSON,2024-05-01,71974.0
DST:FIKS22:BRANCHE07=D:BELØB=4:SÆSON=EJSÆSON,2024-06-01,67974.0
DST:FIKS22:BRANCHE07=D:BELØB=4:SÆSON=EJSÆSON,2024-07-01,67823.0
DST:FIKS22:BRANCHE07=D:BELØB=4:SÆSON=EJSÆSON,2024-08-01,69360.0
DST:FIKS22:BRANCHE07=D:BELØB=4:SÆSON=EJSÆSON,2024-09-01,76358.0
DST:FIKS22:BRANCHE07=D:BELØB=4:SÆSON=EJSÆSON,2024-10-01,93596.0
DST:FIKS22:BRANCHE07=D:BELØB=4:SÆSON=EJSÆSON,2024-11-01,101905.0
DST:FIKS22:BRANCHE07=D:BELØB=4:SÆSON=EJSÆSON,2024-12-01,136983.0
DST:FIKS22:BRANCHE07=D:BELØB=4:SÆSON=EJSÆSON,2025-01-01,124205.0
DST:FIKS22:BRANCHE07=D:BELØB=4:SÆSON=EJSÆSON,2025-02-01,121927.0
DST:FIKS22:BRANCHE07=D:BELØB=4:SÆSON=EJSÆSON,2025-03-01,110994.0
DST:FIKS22:BRANCHE07=D:BELØB=4:SÆSON=EJSÆSON,2025-04-01,111138.0
DST:FIKS22:BRANCHE07=D:BELØB=4:SÆSON=EJSÆSON,2025-05-01,76664.0
DST:FIKS22:BRANCHE07=D:BELØB=4:SÆSON=EJSÆSON,2025-06-01,82494.0
DST:FIKS22:BRANCHE07=D:BELØB=4:SÆSON=EJSÆSON,2025-07-01,77589.0
DST:FIKS22:BRANCHE07=D:BELØB=4:SÆSON=EJSÆSON,2025-08-01,78365.0
DST:FIKS22:BRANCHE07=D:BELØB=4:SÆSON=EJSÆSON,2025-09-01,79017.0
DST:FIKS22:BRANCHE07=D:BELØB=4:SÆSON=EJSÆSON,2025-10-01,81993.0
DST:FIKS22:BRANCHE07=D:BELØB=4:SÆSON=EJSÆSON,2025-11-01,82951.0
DST:FIKS22:BRANCHE07=D:BELØB=4:SÆSON=EJSÆSON,2025-12-01,113003.0
DST:FIKS22:BRANCHE07=D:BELØB=4:SÆSON=EJSÆSON,2026-01-01,103199.0
DST:FIKS22:BRANCHE07=D:BELØB=4:SÆSON=EJSÆSON,2026-02-01,98399.0
DST:FIKS22:BRANCHE07=D:BELØB=4:SÆSON=EJSÆSON,2026-03-01,131390.0
DST:FIKS22:BRANCHE07=D:BELØB=4:SÆSON=SÆSON,2009-01-01,8506.0
DST:FIKS22:BRANCHE07=D:BELØB=4:SÆSON=SÆSON,2009-02-01,9784.0
DST:FIKS22:BRANCHE07=D:BELØB=4:SÆSON=SÆSON,2009-03-01,9646.0
DST:FIKS22:BRANCHE07=D:BELØB=4:SÆSON=SÆSON,2009-04-01,8514.0
DST:FIKS22:BRANCHE07=D:BELØB=4:SÆSON=SÆSON,2009-05-01,9816.0
DST:FIKS22:BRANCHE07=D:BELØB=4:SÆSON=SÆSON,2009-06-01,9859.0
DST:FIKS22:BRANCHE07=D:BELØB=4:SÆSON=SÆSON,2009-07-01,10348.0
DST:FIKS22:BRANCHE07=D:BELØB=4:SÆSON=SÆSON,2009-08-01,10404.0
DST:FIKS22:BRANCHE07=D:BELØB=4:SÆSON=SÆSON,2009-09-01,10650.0
DST:FIKS22:BRANCHE07=D:BELØB=4:SÆSON=SÆSON,2009-10-01,9899.0
DST:FIKS22:BRANCHE07=D:BELØB=4:SÆSON=SÆSON,2009-11-01,10092.0
DST:FIKS22:BRANCHE07=D:BELØB=4:SÆSON=SÆSON,2009-12-01,9356.0
DST:FIKS22:BRANCHE07=D:BELØB=4:SÆSON=SÆSON,2010-01-01,9638.0
DST:FIKS22:BRANCHE07=D:BELØB=4:SÆSON=SÆSON,2010-02-01,11232.0
DST:FIKS22:BRANCHE07=D:BELØB=4:SÆSON=SÆSON,2010-03-01,11451.0
DST:FIKS22:BRANCHE07=D:BELØB=4:SÆSON=SÆSON,2010-04-01,12124.0
DST:FIKS22:BRANCHE07=D:BELØB=4:SÆSON=SÆSON,2010-05-01,12375.0
DST:FIKS22:BRANCHE07=D:BELØB=4:SÆSON=SÆSON,2010-06-01,13253.0
DST:FIKS22:BRANCHE07=D:BELØB=4:SÆSON=SÆSON,2010-07-01,12835.0
DST:FIKS22:BRANCHE07=D:BELØB=4:SÆSON=SÆSON,2010-08-01,14957.0
DST:FIKS22:BRANCHE07=D:BELØB=4:SÆSON=SÆSON,2010-09-01,14625.0
DST:FIKS22:BRANCHE07=D:BELØB=4:SÆSON=SÆSON,2010-10-01,17553.0
DST:FIKS22:BRANCHE07=D:BELØB=4:SÆSON=SÆSON,2010-11-01,16080.0
DST:FIKS22:BRANCHE07=D:BELØB=4:SÆSON=SÆSON,2010-12-01,17862.0
DST:FIKS22:BRANCHE07=D:BELØB=4:SÆSON=SÆSON,2011-01-01,19340.0
DST:FIKS22:BRANCHE07=D:BELØB=4:SÆSON=SÆSON,2011-02-01,17589.0
DST:FIKS22:BRANCHE07=D:BELØB=4:SÆSON=SÆSON,2011-03-01,17038.0
DST:FIKS22:BRANCHE07=D:BELØB=4:SÆSON=SÆSON,2011-04-01,19251.0
DST:FIKS22:BRANCHE07=D:BELØB=4:SÆSON=SÆSON,2011-05-01,18644.0
DST:FIKS22:BRANCHE07=D:BELØB=4:SÆSON=SÆSON,2011-06-01,17775.0
DST:FIKS22:BRANCHE07=D:BELØB=4:SÆSON=SÆSON,2011-07-01,18455.0
DST:FIKS22:BRANCHE07=D:BELØB=4:SÆSON=SÆSON,2011-08-01,18222.0
DST:FIKS22:BRANCHE07=D:BELØB=4:SÆSON=SÆSON,2011-09-01,18156.0
DST:FIKS22:BRANCHE07=D:BELØB=4:SÆSON=SÆSON,2011-10-01,18983.0
DST:FIKS22:BRANCHE07=D:BELØB=4:SÆSON=SÆSON,2011-11-01,18921.0
DST:FIKS22:BRANCHE07=D:BELØB=4:SÆSON=SÆSON,2011-12-01,19335.0
DST:FIKS22:BRANCHE07=D:BELØB=4:SÆSON=SÆSON,2012-01-01,20366.0
DST:FIKS22:BRANCHE07=D:BELØB=4:SÆSON=SÆSON,2012-02-01,19204.0
DST:FIKS22:BRANCHE07=D:BELØB=4:SÆSON=SÆSON,2012-03-01,24659.0
DST:FIKS22:BRANCHE07=D:BELØB=4:SÆSON=SÆSON,2012-04-01,18840.0
DST:FIKS22:BRANCHE07=D:BELØB=4:SÆSON=SÆSON,2012-05-01,21165.0
DST:FIKS22:BRANCHE07=D:BELØB=4:SÆSON=SÆSON,2012-06-01,23438.0
DST:FIKS22:BRANCHE07=D:BELØB=4:SÆSON=SÆSON,2012-07-01,21332.0
DST:FIKS22:BRANCHE07=D:BELØB=4:SÆSON=SÆSON,2012-08-01,22017.0
DST:FIKS22:BRANCHE07=D:BELØB=4:SÆSON=SÆSON,2012-09-01,22330.0
DST:FIKS22:BRANCHE07=D:BELØB=4:SÆSON=SÆSON,2012-10-01,20652.0
DST:FIKS22:BRANCHE07=D:BELØB=4:SÆSON=SÆSON,2012-11-01,22308.0
DST:FIKS22:BRANCHE07=D:BELØB=4:SÆSON=SÆSON,2012-12-01,21847.0
DST:FIKS22:BRANCHE07=D:BELØB=4:SÆSON=SÆSON,2013-01-01,25483.0
DST:FIKS22:BRANCHE07=D:BELØB=4:SÆSON=SÆSON,2013-02-01,22848.0
DST:FIKS22:BRANCHE07=D:BELØB=4:SÆSON=SÆSON,2013-03-01,23200.0
DST:FIKS22:BRANCHE07=D:BELØB=4:SÆSON=SÆSON,2013-04-01,24170.0
DST:FIKS22:BRANCHE07=D:BELØB=4:SÆSON=SÆSON,2013-05-01,22760.0
DST:FIKS22:BRANCHE07=D:BELØB=4:SÆSON=SÆSON,2013-06-01,20710.0
DST:FIKS22:BRANCHE07=D:BELØB=4:SÆSON=SÆSON,2013-07-01,23890.0
DST:FIKS22:BRANCHE07=D:BELØB=4:SÆSON=SÆSON,2013-08-01,23282.0
DST:FIKS22:BRANCHE07=D:BELØB=4:SÆSON=SÆSON,2013-09-01,22422.0
DST:FIKS22:BRANCHE07=D:BELØB=4:SÆSON=SÆSON,2013-10-01,22371.0
DST:FIKS22:BRANCHE07=D:BELØB=4:SÆSON=SÆSON,2013-11-01,26717.0
DST:FIKS22:BRANCHE07=D:BELØB=4:SÆSON=SÆSON,2013-12-01,22736.0
DST:FIKS22:BRANCHE07=D:BELØB=4:SÆSON=SÆSON,2014-01-01,21627.0
DST:FIKS22:BRANCHE07=D:BELØB=4:SÆSON=SÆSON,2014-02-01,22041.0
DST:FIKS22:BRANCHE07=D:BELØB=4:SÆSON=SÆSON,2014-03-01,22453.0
DST:FIKS22:BRANCHE07=D:BELØB=4:SÆSON=SÆSON,2014-04-01,23627.0
DST:FIKS22:BRANCHE07=D:BELØB=4:SÆSON=SÆSON,2014-05-01,23781.0
DST:FIKS22:BRANCHE07=D:BELØB=4:SÆSON=SÆSON,2014-06-01,23306.0
DST:FIKS22:BRANCHE07=D:BELØB=4:SÆSON=SÆSON,2014-07-01,23499.0
DST:FIKS22:BRANCHE07=D:BELØB=4:SÆSON=SÆSON,2014-08-01,21261.0
DST:FIKS22:BRANCHE07=D:BELØB=4:SÆSON=SÆSON,2014-09-01,27133.0
DST:FIKS22:BRANCHE07=D:BELØB=4:SÆSON=SÆSON,2014-10-01,25994.0
DST:FIKS22:BRANCHE07=D:BELØB=4:SÆSON=SÆSON,2014-11-01,20072.0
DST:FIKS22:BRANCHE07=D:BELØB=4:SÆSON=SÆSON,2014-12-01,29864.0
DST:FIKS22:BRANCHE07=D:BELØB=4:SÆSON=SÆSON,2015-01-01,23851.0
DST:FIKS22:BRANCHE07=D:BELØB=4:SÆSON=SÆSON,2015-02-01,27266.0
DST:FIKS22:BRANCHE07=D:BELØB=4:SÆSON=SÆSON,2015-03-01,25223.0
DST:FIKS22:BRANCHE07=D:BELØB=4:SÆSON=SÆSON,2015-04-01,25360.0
DST:FIKS22:BRANCHE07=D:BELØB=4:SÆSON=SÆSON,2015-05-01,25980.0
DST:FIKS22:BRANCHE07=D:BELØB=4:SÆSON=SÆSON,2015-06-01,26923.0
DST:FIKS22:BRANCHE07=D:BELØB=4:SÆSON=SÆSON,2015-07-01,28255.0
DST:FIKS22:BRANCHE07=D:BELØB=4:SÆSON=SÆSON,2015-08-01,26928.0
DST:FIKS22:BRANCHE07=D:BELØB=4:SÆSON=SÆSON,2015-09-01,27245.0
DST:FIKS22:BRANCHE07=D:BELØB=4:SÆSON=SÆSON,2015-10-01,27298.0
DST:FIKS22:BRANCHE07=D:BELØB=4:SÆSON=SÆSON,2015-11-01,29546.0
DST:FIKS22:BRANCHE07=D:BELØB=4:SÆSON=SÆSON,2015-12-01,33680.0
DST:FIKS22:BRANCHE07=D:BELØB=4:SÆSON=SÆSON,2016-01-01,25736.0
DST:FIKS22:BRANCHE07=D:BELØB=4:SÆSON=SÆSON,2016-02-01,25273.0
DST:FIKS22:BRANCHE07=D:BELØB=4:SÆSON=SÆSON,2016-03-01,27481.0
DST:FIKS22:BRANCHE07=D:BELØB=4:SÆSON=SÆSON,2016-04-01,24156.0
DST:FIKS22:BRANCHE07=D:BELØB=4:SÆSON=SÆSON,2016-05-01,25502.0
DST:FIKS22:BRANCHE07=D:BELØB=4:SÆSON=SÆSON,2016-06-01,26026.0
DST:FIKS22:BRANCHE07=D:BELØB=4:SÆSON=SÆSON,2016-07-01,25271.0
DST:FIKS22:BRANCHE07=D:BELØB=4:SÆSON=SÆSON,2016-08-01,27071.0
DST:FIKS22:BRANCHE07=D:BELØB=4:SÆSON=SÆSON,2016-09-01,26230.0
DST:FIKS22:BRANCHE07=D:BELØB=4:SÆSON=SÆSON,2016-10-01,25052.0
DST:FIKS22:BRANCHE07=D:BELØB=4:SÆSON=SÆSON,2016-11-01,27252.0
DST:FIKS22:BRANCHE07=D:BELØB=4:SÆSON=SÆSON,2016-12-01,27215.0
DST:FIKS22:BRANCHE07=D:BELØB=4:SÆSON=SÆSON,2017-01-01,28933.0
DST:FIKS22:BRANCHE07=D:BELØB=4:SÆSON=SÆSON,2017-02-01,28957.0
DST:FIKS22:BRANCHE07=D:BELØB=4:SÆSON=SÆSON,2017-03-01,27744.0
DST:FIKS22:BRANCHE07=D:BELØB=4:SÆSON=SÆSON,2017-04-01,28289.0
DST:FIKS22:BRANCHE07=D:BELØB=4:SÆSON=SÆSON,2017-05-01,27441.0
DST:FIKS22:BRANCHE07=D:BELØB=4:SÆSON=SÆSON,2017-06-01,27483.0
DST:FIKS22:BRANCHE07=D:BELØB=4:SÆSON=SÆSON,2017-07-01,27605.0
DST:FIKS22:BRANCHE07=D:BELØB=4:SÆSON=SÆSON,2017-08-01,28878.0
DST:FIKS22:BRANCHE07=D:BELØB=4:SÆSON=SÆSON,2017-09-01,28229.0
DST:FIKS22:BRANCHE07=D:BELØB=4:SÆSON=SÆSON,2017-10-01,29379.0
DST:FIKS22:BRANCHE07=D:BELØB=4:SÆSON=SÆSON,2017-11-01,27685.0
DST:FIKS22:BRANCHE07=D:BELØB=4:SÆSON=SÆSON,2017-12-01,34263.0
DST:FIKS22:BRANCHE07=D:BELØB=4:SÆSON=SÆSON,2018-01-01,30656.0
DST:FIKS22:BRANCHE07=D:BELØB=4:SÆSON=SÆSON,2018-02-01,32387.0
DST:FIKS22:BRANCHE07=D:BELØB=4:SÆSON=SÆSON,2018-03-01,36021.0
DST:FIKS22:BRANCHE07=D:BELØB=4:SÆSON=SÆSON,2018-04-01,37985.0
DST:FIKS22:BRANCHE07=D:BELØB=4:SÆSON=SÆSON,2018-05-01,35419.0
DST:FIKS22:BRANCHE07=D:BELØB=4:SÆSON=SÆSON,2018-06-01,44452.0
DST:FIKS22:BRANCHE07=D:BELØB=4:SÆSON=SÆSON,2018-07-01,44458.0
DST:FIKS22:BRANCHE07=D:BELØB=4:SÆSON=SÆSON,2018-08-01,42044.0
DST:FIKS22:BRANCHE07=D:BELØB=4:SÆSON=SÆSON,2018-09-01,43867.0
DST:FIKS22:BRANCHE07=D:BELØB=4:SÆSON=SÆSON,2018-10-01,44043.0
DST:FIKS22:BRANCHE07=D:BELØB=4:SÆSON=SÆSON,2018-11-01,44266.0
DST:FIKS22:BRANCHE07=D:BELØB=4:SÆSON=SÆSON,2018-12-01,40971.0
DST:FIKS22:BRANCHE07=D:BELØB=4:SÆSON=SÆSON,2019-01-01,42451.0
DST:FIKS22:BRANCHE07=D:BELØB=4:SÆSON=SÆSON,2019-02-01,41411.0
DST:FIKS22:BRANCHE07=D:BELØB=4:SÆSON=SÆSON,2019-03-01,41019.0
DST:FIKS22:BRANCHE07=D:BELØB=4:SÆSON=SÆSON,2019-04-01,42843.0
DST:FIKS22:BRANCHE07=D:BELØB=4:SÆSON=SÆSON,2019-05-01,42782.0
DST:FIKS22:BRANCHE07=D:BELØB=4:SÆSON=SÆSON,2019-06-01,43703.0
DST:FIKS22:BRANCHE07=D:BELØB=4:SÆSON=SÆSON,2019-07-01,41544.0
DST:FIKS22:BRANCHE07=D:BELØB=4:SÆSON=SÆSON,2019-08-01,41485.0
DST:FIKS22:BRANCHE07=D:BELØB=4:SÆSON=SÆSON,2019-09-01,40933.0
DST:FIKS22:BRANCHE07=D:BELØB=4:SÆSON=SÆSON,2019-10-01,38873.0
DST:FIKS22:BRANCHE07=D:BELØB=4:SÆSON=SÆSON,2019-11-01,38179.0
DST:FIKS22:BRANCHE07=D:BELØB=4:SÆSON=SÆSON,2019-12-01,39808.0
DST:FIKS22:BRANCHE07=D:BELØB=4:SÆSON=SÆSON,2020-01-01,40323.0
DST:FIKS22:BRANCHE07=D:BELØB=4:SÆSON=SÆSON,2020-02-01,40114.0
DST:FIKS22:BRANCHE07=D:BELØB=4:SÆSON=SÆSON,2020-03-01,38750.0
DST:FIKS22:BRANCHE07=D:BELØB=4:SÆSON=SÆSON,2020-04-01,41049.0
DST:FIKS22:BRANCHE07=D:BELØB=4:SÆSON=SÆSON,2020-05-01,39443.0
DST:FIKS22:BRANCHE07=D:BELØB=4:SÆSON=SÆSON,2020-06-01,40877.0
DST:FIKS22:BRANCHE07=D:BELØB=4:SÆSON=SÆSON,2020-07-01,41779.0
DST:FIKS22:BRANCHE07=D:BELØB=4:SÆSON=SÆSON,2020-08-01,41892.0
DST:FIKS22:BRANCHE07=D:BELØB=4:SÆSON=SÆSON,2020-09-01,42231.0
DST:FIKS22:BRANCHE07=D:BELØB=4:SÆSON=SÆSON,2020-10-01,43027.0
DST:FIKS22:BRANCHE07=D:BELØB=4:SÆSON=SÆSON,2020-11-01,43521.0
DST:FIKS22:BRANCHE07=D:BELØB=4:SÆSON=SÆSON,2020-12-01,35570.0
DST:FIKS22:BRANCHE07=D:BELØB=4:SÆSON=SÆSON,2021-01-01,39258.0
DST:FIKS22:BRANCHE07=D:BELØB=4:SÆSON=SÆSON,2021-02-01,41921.0
DST:FIKS22:BRANCHE07=D:BELØB=4:SÆSON=SÆSON,2021-03-01,42434.0
DST:FIKS22:BRANCHE07=D:BELØB=4:SÆSON=SÆSON,2021-04-01,39820.0
DST:FIKS22:BRANCHE07=D:BELØB=4:SÆSON=SÆSON,2021-05-01,50942.0
DST:FIKS22:BRANCHE07=D:BELØB=4:SÆSON=SÆSON,2021-06-01,55863.0
DST:FIKS22:BRANCHE07=D:BELØB=4:SÆSON=SÆSON,2021-07-01,64376.0
DST:FIKS22:BRANCHE07=D:BELØB=4:SÆSON=SÆSON,2021-08-01,81146.0
DST:FIKS22:BRANCHE07=D:BELØB=4:SÆSON=SÆSON,2021-09-01,95246.0
DST:FIKS22:BRANCHE07=D:BELØB=4:SÆSON=SÆSON,2021-10-01,116040.0
DST:FIKS22:BRANCHE07=D:BELØB=4:SÆSON=SÆSON,2021-11-01,134362.0
DST:FIKS22:BRANCHE07=D:BELØB=4:SÆSON=SÆSON,2021-12-01,181333.0
DST:FIKS22:BRANCHE07=D:BELØB=4:SÆSON=SÆSON,2022-01-01,164075.0
DST:FIKS22:BRANCHE07=D:BELØB=4:SÆSON=SÆSON,2022-02-01,173342.0
DST:FIKS22:BRANCHE07=D:BELØB=4:SÆSON=SÆSON,2022-03-01,204531.0
DST:FIKS22:BRANCHE07=D:BELØB=4:SÆSON=SÆSON,2022-04-01,192506.0
DST:FIKS22:BRANCHE07=D:BELØB=4:SÆSON=SÆSON,2022-05-01,201025.0
DST:FIKS22:BRANCHE07=D:BELØB=4:SÆSON=SÆSON,2022-06-01,201550.0
DST:FIKS22:BRANCHE07=D:BELØB=4:SÆSON=SÆSON,2022-07-01,302401.0
DST:FIKS22:BRANCHE07=D:BELØB=4:SÆSON=SÆSON,2022-08-01,442772.0
DST:FIKS22:BRANCHE07=D:BELØB=4:SÆSON=SÆSON,2022-09-01,412361.0
DST:FIKS22:BRANCHE07=D:BELØB=4:SÆSON=SÆSON,2022-10-01,271829.0
DST:FIKS22:BRANCHE07=D:BELØB=4:SÆSON=SÆSON,2022-11-01,225611.0
DST:FIKS22:BRANCHE07=D:BELØB=4:SÆSON=SÆSON,2022-12-01,213468.0
DST:FIKS22:BRANCHE07=D:BELØB=4:SÆSON=SÆSON,2023-01-01,187530.0
DST:FIKS22:BRANCHE07=D:BELØB=4:SÆSON=SÆSON,2023-02-01,152971.0
DST:FIKS22:BRANCHE07=D:BELØB=4:SÆSON=SÆSON,2023-03-01,142069.0
DST:FIKS22:BRANCHE07=D:BELØB=4:SÆSON=SÆSON,2023-04-01,122624.0
DST:FIKS22:BRANCHE07=D:BELØB=4:SÆSON=SÆSON,2023-05-01,119606.0
DST:FIKS22:BRANCHE07=D:BELØB=4:SÆSON=SÆSON,2023-06-01,82097.0
DST:FIKS22:BRANCHE07=D:BELØB=4:SÆSON=SÆSON,2023-07-01,109960.0
DST:FIKS22:BRANCHE07=D:BELØB=4:SÆSON=SÆSON,2023-08-01,107710.0
DST:FIKS22:BRANCHE07=D:BELØB=4:SÆSON=SÆSON,2023-09-01,103424.0
DST:FIKS22:BRANCHE07=D:BELØB=4:SÆSON=SÆSON,2023-10-01,96094.0
DST:FIKS22:BRANCHE07=D:BELØB=4:SÆSON=SÆSON,2023-11-01,91844.0
DST:FIKS22:BRANCHE07=D:BELØB=4:SÆSON=SÆSON,2023-12-01,89929.0
DST:FIKS22:BRANCHE07=D:BELØB=4:SÆSON=SÆSON,2024-01-01,83947.0
DST:FIKS22:BRANCHE07=D:BELØB=4:SÆSON=SÆSON,2024-02-01,86474.0
DST:FIKS22:BRANCHE07=D:BELØB=4:SÆSON=SÆSON,2024-03-01,77741.0
DST:FIKS22:BRANCHE07=D:BELØB=4:SÆSON=SÆSON,2024-04-01,92139.0
DST:FIKS22:BRANCHE07=D:BELØB=4:SÆSON=SÆSON,2024-05-01,86357.0
DST:FIKS22:BRANCHE07=D:BELØB=4:SÆSON=SÆSON,2024-06-01,80634.0
DST:FIKS22:BRANCHE07=D:BELØB=4:SÆSON=SÆSON,2024-07-01,82731.0
DST:FIKS22:BRANCHE07=D:BELØB=4:SÆSON=SÆSON,2024-08-01,83445.0
DST:FIKS22:BRANCHE07=D:BELØB=4:SÆSON=SÆSON,2024-09-01,84693.0
DST:FIKS22:BRANCHE07=D:BELØB=4:SÆSON=SÆSON,2024-10-01,94716.0
DST:FIKS22:BRANCHE07=D:BELØB=4:SÆSON=SÆSON,2024-11-01,98484.0
DST:FIKS22:BRANCHE07=D:BELØB=4:SÆSON=SÆSON,2024-12-01,97900.0
DST:FIKS22:BRANCHE07=D:BELØB=4:SÆSON=SÆSON,2025-01-01,104566.0
DST:FIKS22:BRANCHE07=D:BELØB=4:SÆSON=SÆSON,2025-02-01,114534.0
DST:FIKS22:BRANCHE07=D:BELØB=4:SÆSON=SÆSON,2025-03-01,100577.0
DST:FIKS22:BRANCHE07=D:BELØB=4:SÆSON=SÆSON,2025-04-01,113337.0
DST:FIKS22:BRANCHE07=D:BELØB=4:SÆSON=SÆSON,2025-05-01,91457.0
DST:FIKS22:BRANCHE07=D:BELØB=4:SÆSON=SÆSON,2025-06-01,96793.0
DST:FIKS22:BRANCHE07=D:BELØB=4:SÆSON=SÆSON,2025-07-01,93594.0
DST:FIKS22:BRANCHE07=D:BELØB=4:SÆSON=SÆSON,2025-08-01,93263.0
DST:FIKS22:BRANCHE07=D:BELØB=4:SÆSON=SÆSON,2025-09-01,87619.0
DST:FIKS22:BRANCHE07=D:BELØB=4:SÆSON=SÆSON,2025-10-01,83210.0
DST:FIKS22:BRANCHE07=D:BELØB=4:SÆSON=SÆSON,2025-11-01,80777.0
DST:FIKS22:BRANCHE07=D:BELØB=4:SÆSON=SÆSON,2025-12-01,81943.0
DST:FIKS22:BRANCHE07=D:BELØB=4:SÆSON=SÆSON,2026-01-01,87395.0
DST:FIKS22:BRANCHE07=D:BELØB=4:SÆSON=SÆSON,2026-02-01,92166.0
DST:FIKS22:BRANCHE07=D:BELØB=4:SÆSON=SÆSON,2026-03-01,119120.0
DST:FIKS22:BRANCHE07=E:BELØB=0:SÆSON=EJSÆSON,2009-01-01,1142.0
DST:FIKS22:BRANCHE07=E:BELØB=0:SÆSON=EJSÆSON,2009-02-01,1284.0
DST:FIKS22:BRANCHE07=E:BELØB=0:SÆSON=EJSÆSON,2009-03-01,1366.0
DST:FIKS22:BRANCHE07=E:BELØB=0:SÆSON=EJSÆSON,2009-04-01,1363.0
DST:FIKS22:BRANCHE07=E:BELØB=0:SÆSON=EJSÆSON,2009-05-01,1225.0
DST:FIKS22:BRANCHE07=E:BELØB=0:SÆSON=EJSÆSON,2009-06-01,1504.0
DST:FIKS22:BRANCHE07=E:BELØB=0:SÆSON=EJSÆSON,2009-07-01,1352.0
DST:FIKS22:BRANCHE07=E:BELØB=0:SÆSON=EJSÆSON,2009-08-01,1389.0
DST:FIKS22:BRANCHE07=E:BELØB=0:SÆSON=EJSÆSON,2009-09-01,1691.0
DST:FIKS22:BRANCHE07=E:BELØB=0:SÆSON=EJSÆSON,2009-10-01,1512.0
DST:FIKS22:BRANCHE07=E:BELØB=0:SÆSON=EJSÆSON,2009-11-01,1349.0
DST:FIKS22:BRANCHE07=E:BELØB=0:SÆSON=EJSÆSON,2009-12-01,1872.0
DST:FIKS22:BRANCHE07=E:BELØB=0:SÆSON=EJSÆSON,2010-01-01,1054.0
DST:FIKS22:BRANCHE07=E:BELØB=0:SÆSON=EJSÆSON,2010-02-01,1360.0
DST:FIKS22:BRANCHE07=E:BELØB=0:SÆSON=EJSÆSON,2010-03-01,1640.0
DST:FIKS22:BRANCHE07=E:BELØB=0:SÆSON=EJSÆSON,2010-04-01,1782.0
DST:FIKS22:BRANCHE07=E:BELØB=0:SÆSON=EJSÆSON,2010-05-01,1936.0
DST:FIKS22:BRANCHE07=E:BELØB=0:SÆSON=EJSÆSON,2010-06-01,2095.0
DST:FIKS22:BRANCHE07=E:BELØB=0:SÆSON=EJSÆSON,2010-07-01,1811.0
DST:FIKS22:BRANCHE07=E:BELØB=0:SÆSON=EJSÆSON,2010-08-01,1833.0
DST:FIKS22:BRANCHE07=E:BELØB=0:SÆSON=EJSÆSON,2010-09-01,2198.0
DST:FIKS22:BRANCHE07=E:BELØB=0:SÆSON=EJSÆSON,2010-10-01,2113.0
DST:FIKS22:BRANCHE07=E:BELØB=0:SÆSON=EJSÆSON,2010-11-01,2229.0
DST:FIKS22:BRANCHE07=E:BELØB=0:SÆSON=EJSÆSON,2010-12-01,2881.0
DST:FIKS22:BRANCHE07=E:BELØB=0:SÆSON=EJSÆSON,2011-01-01,1490.0
DST:FIKS22:BRANCHE07=E:BELØB=0:SÆSON=EJSÆSON,2011-02-01,1815.0
DST:FIKS22:BRANCHE07=E:BELØB=0:SÆSON=EJSÆSON,2011-03-01,2174.0
DST:FIKS22:BRANCHE07=E:BELØB=0:SÆSON=EJSÆSON,2011-04-01,2066.0
DST:FIKS22:BRANCHE07=E:BELØB=0:SÆSON=EJSÆSON,2011-05-01,2051.0
DST:FIKS22:BRANCHE07=E:BELØB=0:SÆSON=EJSÆSON,2011-06-01,2477.0
DST:FIKS22:BRANCHE07=E:BELØB=0:SÆSON=EJSÆSON,2011-07-01,1779.0
DST:FIKS22:BRANCHE07=E:BELØB=0:SÆSON=EJSÆSON,2011-08-01,2318.0
DST:FIKS22:BRANCHE07=E:BELØB=0:SÆSON=EJSÆSON,2011-09-01,2462.0
DST:FIKS22:BRANCHE07=E:BELØB=0:SÆSON=EJSÆSON,2011-10-01,2442.0
DST:FIKS22:BRANCHE07=E:BELØB=0:SÆSON=EJSÆSON,2011-11-01,2285.0
DST:FIKS22:BRANCHE07=E:BELØB=0:SÆSON=EJSÆSON,2011-12-01,3215.0
DST:FIKS22:BRANCHE07=E:BELØB=0:SÆSON=EJSÆSON,2012-01-01,1780.0
DST:FIKS22:BRANCHE07=E:BELØB=0:SÆSON=EJSÆSON,2012-02-01,1765.0
DST:FIKS22:BRANCHE07=E:BELØB=0:SÆSON=EJSÆSON,2012-03-01,2258.0
DST:FIKS22:BRANCHE07=E:BELØB=0:SÆSON=EJSÆSON,2012-04-01,2038.0
DST:FIKS22:BRANCHE07=E:BELØB=0:SÆSON=EJSÆSON,2012-05-01,2411.0
DST:FIKS22:BRANCHE07=E:BELØB=0:SÆSON=EJSÆSON,2012-06-01,2491.0
DST:FIKS22:BRANCHE07=E:BELØB=0:SÆSON=EJSÆSON,2012-07-01,1885.0
DST:FIKS22:BRANCHE07=E:BELØB=0:SÆSON=EJSÆSON,2012-08-01,2029.0
DST:FIKS22:BRANCHE07=E:BELØB=0:SÆSON=EJSÆSON,2012-09-01,1998.0
DST:FIKS22:BRANCHE07=E:BELØB=0:SÆSON=EJSÆSON,2012-10-01,2411.0
DST:FIKS22:BRANCHE07=E:BELØB=0:SÆSON=EJSÆSON,2012-11-01,2104.0
DST:FIKS22:BRANCHE07=E:BELØB=0:SÆSON=EJSÆSON,2012-12-01,2701.0
DST:FIKS22:BRANCHE07=E:BELØB=0:SÆSON=EJSÆSON,2013-01-01,1498.0
DST:FIKS22:BRANCHE07=E:BELØB=0:SÆSON=EJSÆSON,2013-02-01,1733.0
DST:FIKS22:BRANCHE07=E:BELØB=0:SÆSON=EJSÆSON,2013-03-01,1807.0
DST:FIKS22:BRANCHE07=E:BELØB=0:SÆSON=EJSÆSON,2013-04-01,1896.0
DST:FIKS22:BRANCHE07=E:BELØB=0:SÆSON=EJSÆSON,2013-05-01,2128.0
DST:FIKS22:BRANCHE07=E:BELØB=0:SÆSON=EJSÆSON,2013-06-01,2153.0
DST:FIKS22:BRANCHE07=E:BELØB=0:SÆSON=EJSÆSON,2013-07-01,1918.0
DST:FIKS22:BRANCHE07=E:BELØB=0:SÆSON=EJSÆSON,2013-08-01,1987.0
DST:FIKS22:BRANCHE07=E:BELØB=0:SÆSON=EJSÆSON,2013-09-01,2139.0
DST:FIKS22:BRANCHE07=E:BELØB=0:SÆSON=EJSÆSON,2013-10-01,2294.0
DST:FIKS22:BRANCHE07=E:BELØB=0:SÆSON=EJSÆSON,2013-11-01,2142.0
DST:FIKS22:BRANCHE07=E:BELØB=0:SÆSON=EJSÆSON,2013-12-01,2983.0
DST:FIKS22:BRANCHE07=E:BELØB=0:SÆSON=EJSÆSON,2014-01-01,1707.0
DST:FIKS22:BRANCHE07=E:BELØB=0:SÆSON=EJSÆSON,2014-02-01,1937.0
DST:FIKS22:BRANCHE07=E:BELØB=0:SÆSON=EJSÆSON,2014-03-01,1997.0
DST:FIKS22:BRANCHE07=E:BELØB=0:SÆSON=EJSÆSON,2014-04-01,2277.0
DST:FIKS22:BRANCHE07=E:BELØB=0:SÆSON=EJSÆSON,2014-05-01,1994.0
DST:FIKS22:BRANCHE07=E:BELØB=0:SÆSON=EJSÆSON,2014-06-01,2199.0
DST:FIKS22:BRANCHE07=E:BELØB=0:SÆSON=EJSÆSON,2014-07-01,1800.0
DST:FIKS22:BRANCHE07=E:BELØB=0:SÆSON=EJSÆSON,2014-08-01,1946.0
DST:FIKS22:BRANCHE07=E:BELØB=0:SÆSON=EJSÆSON,2014-09-01,2355.0
DST:FIKS22:BRANCHE07=E:BELØB=0:SÆSON=EJSÆSON,2014-10-01,2259.0
DST:FIKS22:BRANCHE07=E:BELØB=0:SÆSON=EJSÆSON,2014-11-01,1986.0
DST:FIKS22:BRANCHE07=E:BELØB=0:SÆSON=EJSÆSON,2014-12-01,2634.0
DST:FIKS22:BRANCHE07=E:BELØB=0:SÆSON=EJSÆSON,2015-01-01,1739.0
DST:FIKS22:BRANCHE07=E:BELØB=0:SÆSON=EJSÆSON,2015-02-01,1815.0
DST:FIKS22:BRANCHE07=E:BELØB=0:SÆSON=EJSÆSON,2015-03-01,1958.0
DST:FIKS22:BRANCHE07=E:BELØB=0:SÆSON=EJSÆSON,2015-04-01,1994.0
DST:FIKS22:BRANCHE07=E:BELØB=0:SÆSON=EJSÆSON,2015-05-01,2066.0
DST:FIKS22:BRANCHE07=E:BELØB=0:SÆSON=EJSÆSON,2015-06-01,2362.0
DST:FIKS22:BRANCHE07=E:BELØB=0:SÆSON=EJSÆSON,2015-07-01,1710.0
DST:FIKS22:BRANCHE07=E:BELØB=0:SÆSON=EJSÆSON,2015-08-01,1816.0
DST:FIKS22:BRANCHE07=E:BELØB=0:SÆSON=EJSÆSON,2015-09-01,2422.0
DST:FIKS22:BRANCHE07=E:BELØB=0:SÆSON=EJSÆSON,2015-10-01,2145.0
DST:FIKS22:BRANCHE07=E:BELØB=0:SÆSON=EJSÆSON,2015-11-01,2277.0
DST:FIKS22:BRANCHE07=E:BELØB=0:SÆSON=EJSÆSON,2015-12-01,3059.0
DST:FIKS22:BRANCHE07=E:BELØB=0:SÆSON=EJSÆSON,2016-01-01,1509.0
DST:FIKS22:BRANCHE07=E:BELØB=0:SÆSON=EJSÆSON,2016-02-01,1813.0
DST:FIKS22:BRANCHE07=E:BELØB=0:SÆSON=EJSÆSON,2016-03-01,1843.0
DST:FIKS22:BRANCHE07=E:BELØB=0:SÆSON=EJSÆSON,2016-04-01,1964.0
DST:FIKS22:BRANCHE07=E:BELØB=0:SÆSON=EJSÆSON,2016-05-01,2018.0
DST:FIKS22:BRANCHE07=E:BELØB=0:SÆSON=EJSÆSON,2016-06-01,2408.0
DST:FIKS22:BRANCHE07=E:BELØB=0:SÆSON=EJSÆSON,2016-07-01,1666.0
DST:FIKS22:BRANCHE07=E:BELØB=0:SÆSON=EJSÆSON,2016-08-01,2026.0
DST:FIKS22:BRANCHE07=E:BELØB=0:SÆSON=EJSÆSON,2016-09-01,2268.0
DST:FIKS22:BRANCHE07=E:BELØB=0:SÆSON=EJSÆSON,2016-10-01,2126.0
DST:FIKS22:BRANCHE07=E:BELØB=0:SÆSON=EJSÆSON,2016-11-01,2142.0
DST:FIKS22:BRANCHE07=E:BELØB=0:SÆSON=EJSÆSON,2016-12-01,3433.0
DST:FIKS22:BRANCHE07=E:BELØB=0:SÆSON=EJSÆSON,2017-01-01,1692.0
DST:FIKS22:BRANCHE07=E:BELØB=0:SÆSON=EJSÆSON,2017-02-01,1722.0
DST:FIKS22:BRANCHE07=E:BELØB=0:SÆSON=EJSÆSON,2017-03-01,2218.0
DST:FIKS22:BRANCHE07=E:BELØB=0:SÆSON=EJSÆSON,2017-04-01,1816.0
DST:FIKS22:BRANCHE07=E:BELØB=0:SÆSON=EJSÆSON,2017-05-01,1986.0
DST:FIKS22:BRANCHE07=E:BELØB=0:SÆSON=EJSÆSON,2017-06-01,2375.0
DST:FIKS22:BRANCHE07=E:BELØB=0:SÆSON=EJSÆSON,2017-07-01,1614.0
DST:FIKS22:BRANCHE07=E:BELØB=0:SÆSON=EJSÆSON,2017-08-01,2073.0
DST:FIKS22:BRANCHE07=E:BELØB=0:SÆSON=EJSÆSON,2017-09-01,2173.0
DST:FIKS22:BRANCHE07=E:BELØB=0:SÆSON=EJSÆSON,2017-10-01,1967.0
DST:FIKS22:BRANCHE07=E:BELØB=0:SÆSON=EJSÆSON,2017-11-01,2437.0
DST:FIKS22:BRANCHE07=E:BELØB=0:SÆSON=EJSÆSON,2017-12-01,2984.0
DST:FIKS22:BRANCHE07=E:BELØB=0:SÆSON=EJSÆSON,2018-01-01,1685.0
DST:FIKS22:BRANCHE07=E:BELØB=0:SÆSON=EJSÆSON,2018-02-01,1759.0
DST:FIKS22:BRANCHE07=E:BELØB=0:SÆSON=EJSÆSON,2018-03-01,2006.0
DST:FIKS22:BRANCHE07=E:BELØB=0:SÆSON=EJSÆSON,2018-04-01,1967.0
DST:FIKS22:BRANCHE07=E:BELØB=0:SÆSON=EJSÆSON,2018-05-01,2159.0
DST:FIKS22:BRANCHE07=E:BELØB=0:SÆSON=EJSÆSON,2018-06-01,2383.0
DST:FIKS22:BRANCHE07=E:BELØB=0:SÆSON=EJSÆSON,2018-07-01,1855.0
DST:FIKS22:BRANCHE07=E:BELØB=0:SÆSON=EJSÆSON,2018-08-01,2068.0
DST:FIKS22:BRANCHE07=E:BELØB=0:SÆSON=EJSÆSON,2018-09-01,2208.0
DST:FIKS22:BRANCHE07=E:BELØB=0:SÆSON=EJSÆSON,2018-10-01,2331.0
DST:FIKS22:BRANCHE07=E:BELØB=0:SÆSON=EJSÆSON,2018-11-01,2407.0
DST:FIKS22:BRANCHE07=E:BELØB=0:SÆSON=EJSÆSON,2018-12-01,3044.0
DST:FIKS22:BRANCHE07=E:BELØB=0:SÆSON=EJSÆSON,2019-01-01,1634.0
DST:FIKS22:BRANCHE07=E:BELØB=0:SÆSON=EJSÆSON,2019-02-01,2003.0
DST:FIKS22:BRANCHE07=E:BELØB=0:SÆSON=EJSÆSON,2019-03-01,2166.0
DST:FIKS22:BRANCHE07=E:BELØB=0:SÆSON=EJSÆSON,2019-04-01,2187.0
DST:FIKS22:BRANCHE07=E:BELØB=0:SÆSON=EJSÆSON,2019-05-01,2194.0
DST:FIKS22:BRANCHE07=E:BELØB=0:SÆSON=EJSÆSON,2019-06-01,2236.0
DST:FIKS22:BRANCHE07=E:BELØB=0:SÆSON=EJSÆSON,2019-07-01,1957.0
DST:FIKS22:BRANCHE07=E:BELØB=0:SÆSON=EJSÆSON,2019-08-01,2064.0
DST:FIKS22:BRANCHE07=E:BELØB=0:SÆSON=EJSÆSON,2019-09-01,2287.0
DST:FIKS22:BRANCHE07=E:BELØB=0:SÆSON=EJSÆSON,2019-10-01,2345.0
DST:FIKS22:BRANCHE07=E:BELØB=0:SÆSON=EJSÆSON,2019-11-01,2337.0
DST:FIKS22:BRANCHE07=E:BELØB=0:SÆSON=EJSÆSON,2019-12-01,2906.0
DST:FIKS22:BRANCHE07=E:BELØB=0:SÆSON=EJSÆSON,2020-01-01,1933.0
DST:FIKS22:BRANCHE07=E:BELØB=0:SÆSON=EJSÆSON,2020-02-01,1927.0
DST:FIKS22:BRANCHE07=E:BELØB=0:SÆSON=EJSÆSON,2020-03-01,2459.0
DST:FIKS22:BRANCHE07=E:BELØB=0:SÆSON=EJSÆSON,2020-04-01,2233.0
DST:FIKS22:BRANCHE07=E:BELØB=0:SÆSON=EJSÆSON,2020-05-01,2232.0
DST:FIKS22:BRANCHE07=E:BELØB=0:SÆSON=EJSÆSON,2020-06-01,2500.0
DST:FIKS22:BRANCHE07=E:BELØB=0:SÆSON=EJSÆSON,2020-07-01,2142.0
DST:FIKS22:BRANCHE07=E:BELØB=0:SÆSON=EJSÆSON,2020-08-01,2222.0
DST:FIKS22:BRANCHE07=E:BELØB=0:SÆSON=EJSÆSON,2020-09-01,2578.0
DST:FIKS22:BRANCHE07=E:BELØB=0:SÆSON=EJSÆSON,2020-10-01,2605.0
DST:FIKS22:BRANCHE07=E:BELØB=0:SÆSON=EJSÆSON,2020-11-01,2582.0
DST:FIKS22:BRANCHE07=E:BELØB=0:SÆSON=EJSÆSON,2020-12-01,3251.0
DST:FIKS22:BRANCHE07=E:BELØB=0:SÆSON=EJSÆSON,2021-01-01,2054.0
DST:FIKS22:BRANCHE07=E:BELØB=0:SÆSON=EJSÆSON,2021-02-01,2253.0
DST:FIKS22:BRANCHE07=E:BELØB=0:SÆSON=EJSÆSON,2021-03-01,2668.0
DST:FIKS22:BRANCHE07=E:BELØB=0:SÆSON=EJSÆSON,2021-04-01,2519.0
DST:FIKS22:BRANCHE07=E:BELØB=0:SÆSON=EJSÆSON,2021-05-01,2524.0
DST:FIKS22:BRANCHE07=E:BELØB=0:SÆSON=EJSÆSON,2021-06-01,2916.0
DST:FIKS22:BRANCHE07=E:BELØB=0:SÆSON=EJSÆSON,2021-07-01,2306.0
DST:FIKS22:BRANCHE07=E:BELØB=0:SÆSON=EJSÆSON,2021-08-01,2424.0
DST:FIKS22:BRANCHE07=E:BELØB=0:SÆSON=EJSÆSON,2021-09-01,2969.0
DST:FIKS22:BRANCHE07=E:BELØB=0:SÆSON=EJSÆSON,2021-10-01,2779.0
DST:FIKS22:BRANCHE07=E:BELØB=0:SÆSON=EJSÆSON,2021-11-01,2815.0
DST:FIKS22:BRANCHE07=E:BELØB=0:SÆSON=EJSÆSON,2021-12-01,3614.0
DST:FIKS22:BRANCHE07=E:BELØB=0:SÆSON=EJSÆSON,2022-01-01,2400.0
DST:FIKS22:BRANCHE07=E:BELØB=0:SÆSON=EJSÆSON,2022-02-01,2469.0
DST:FIKS22:BRANCHE07=E:BELØB=0:SÆSON=EJSÆSON,2022-03-01,3045.0
DST:FIKS22:BRANCHE07=E:BELØB=0:SÆSON=EJSÆSON,2022-04-01,2993.0
DST:FIKS22:BRANCHE07=E:BELØB=0:SÆSON=EJSÆSON,2022-05-01,2738.0
DST:FIKS22:BRANCHE07=E:BELØB=0:SÆSON=EJSÆSON,2022-06-01,3185.0
DST:FIKS22:BRANCHE07=E:BELØB=0:SÆSON=EJSÆSON,2022-07-01,2258.0
DST:FIKS22:BRANCHE07=E:BELØB=0:SÆSON=EJSÆSON,2022-08-01,2770.0
DST:FIKS22:BRANCHE07=E:BELØB=0:SÆSON=EJSÆSON,2022-09-01,3242.0
DST:FIKS22:BRANCHE07=E:BELØB=0:SÆSON=EJSÆSON,2022-10-01,3038.0
DST:FIKS22:BRANCHE07=E:BELØB=0:SÆSON=EJSÆSON,2022-11-01,2928.0
DST:FIKS22:BRANCHE07=E:BELØB=0:SÆSON=EJSÆSON,2022-12-01,4074.0
DST:FIKS22:BRANCHE07=E:BELØB=0:SÆSON=EJSÆSON,2023-01-01,2600.0
DST:FIKS22:BRANCHE07=E:BELØB=0:SÆSON=EJSÆSON,2023-02-01,2671.0
DST:FIKS22:BRANCHE07=E:BELØB=0:SÆSON=EJSÆSON,2023-03-01,3173.0
DST:FIKS22:BRANCHE07=E:BELØB=0:SÆSON=EJSÆSON,2023-04-01,2743.0
DST:FIKS22:BRANCHE07=E:BELØB=0:SÆSON=EJSÆSON,2023-05-01,2726.0
DST:FIKS22:BRANCHE07=E:BELØB=0:SÆSON=EJSÆSON,2023-06-01,3311.0
DST:FIKS22:BRANCHE07=E:BELØB=0:SÆSON=EJSÆSON,2023-07-01,2423.0
DST:FIKS22:BRANCHE07=E:BELØB=0:SÆSON=EJSÆSON,2023-08-01,2634.0
DST:FIKS22:BRANCHE07=E:BELØB=0:SÆSON=EJSÆSON,2023-09-01,3155.0
DST:FIKS22:BRANCHE07=E:BELØB=0:SÆSON=EJSÆSON,2023-10-01,3147.0
DST:FIKS22:BRANCHE07=E:BELØB=0:SÆSON=EJSÆSON,2023-11-01,3184.0
DST:FIKS22:BRANCHE07=E:BELØB=0:SÆSON=EJSÆSON,2023-12-01,3486.0
DST:FIKS22:BRANCHE07=E:BELØB=0:SÆSON=EJSÆSON,2024-01-01,2647.0
DST:FIKS22:BRANCHE07=E:BELØB=0:SÆSON=EJSÆSON,2024-02-01,2891.0
DST:FIKS22:BRANCHE07=E:BELØB=0:SÆSON=EJSÆSON,2024-03-01,2966.0
DST:FIKS22:BRANCHE07=E:BELØB=0:SÆSON=EJSÆSON,2024-04-01,3390.0
DST:FIKS22:BRANCHE07=E:BELØB=0:SÆSON=EJSÆSON,2024-05-01,2965.0
DST:FIKS22:BRANCHE07=E:BELØB=0:SÆSON=EJSÆSON,2024-06-01,3485.0
DST:FIKS22:BRANCHE07=E:BELØB=0:SÆSON=EJSÆSON,2024-07-01,2789.0
DST:FIKS22:BRANCHE07=E:BELØB=0:SÆSON=EJSÆSON,2024-08-01,2837.0
DST:FIKS22:BRANCHE07=E:BELØB=0:SÆSON=EJSÆSON,2024-09-01,3471.0
DST:FIKS22:BRANCHE07=E:BELØB=0:SÆSON=EJSÆSON,2024-10-01,3047.0
DST:FIKS22:BRANCHE07=E:BELØB=0:SÆSON=EJSÆSON,2024-11-01,3254.0
DST:FIKS22:BRANCHE07=E:BELØB=0:SÆSON=EJSÆSON,2024-12-01,4164.0
DST:FIKS22:BRANCHE07=E:BELØB=0:SÆSON=EJSÆSON,2025-01-01,2862.0
DST:FIKS22:BRANCHE07=E:BELØB=0:SÆSON=EJSÆSON,2025-02-01,2856.0
DST:FIKS22:BRANCHE07=E:BELØB=0:SÆSON=EJSÆSON,2025-03-01,3203.0
DST:FIKS22:BRANCHE07=E:BELØB=0:SÆSON=EJSÆSON,2025-04-01,3319.0
DST:FIKS22:BRANCHE07=E:BELØB=0:SÆSON=EJSÆSON,2025-05-01,2946.0
DST:FIKS22:BRANCHE07=E:BELØB=0:SÆSON=EJSÆSON,2025-06-01,3835.0
DST:FIKS22:BRANCHE07=E:BELØB=0:SÆSON=EJSÆSON,2025-07-01,2931.0
DST:FIKS22:BRANCHE07=E:BELØB=0:SÆSON=EJSÆSON,2025-08-01,2997.0
DST:FIKS22:BRANCHE07=E:BELØB=0:SÆSON=EJSÆSON,2025-09-01,3466.0
DST:FIKS22:BRANCHE07=E:BELØB=0:SÆSON=EJSÆSON,2025-10-01,3681.0
DST:FIKS22:BRANCHE07=E:BELØB=0:SÆSON=EJSÆSON,2025-11-01,3238.0
DST:FIKS22:BRANCHE07=E:BELØB=0:SÆSON=EJSÆSON,2025-12-01,5060.0
DST:FIKS22:BRANCHE07=E:BELØB=0:SÆSON=EJSÆSON,2026-01-01,2771.0
DST:FIKS22:BRANCHE07=E:BELØB=0:SÆSON=EJSÆSON,2026-02-01,2987.0
DST:FIKS22:BRANCHE07=E:BELØB=0:SÆSON=EJSÆSON,2026-03-01,3627.0
DST:FIKS22:BRANCHE07=E:BELØB=0:SÆSON=SÆSON,2009-01-01,1487.0
DST:FIKS22:BRANCHE07=E:BELØB=0:SÆSON=SÆSON,2009-02-01,1438.0
DST:FIKS22:BRANCHE07=E:BELØB=0:SÆSON=SÆSON,2009-03-01,1386.0
DST:FIKS22:BRANCHE07=E:BELØB=0:SÆSON=SÆSON,2009-04-01,1446.0
DST:FIKS22:BRANCHE07=E:BELØB=0:SÆSON=SÆSON,2009-05-01,1297.0
DST:FIKS22:BRANCHE07=E:BELØB=0:SÆSON=SÆSON,2009-06-01,1416.0
DST:FIKS22:BRANCHE07=E:BELØB=0:SÆSON=SÆSON,2009-07-01,1478.0
DST:FIKS22:BRANCHE07=E:BELØB=0:SÆSON=SÆSON,2009-08-01,1485.0
DST:FIKS22:BRANCHE07=E:BELØB=0:SÆSON=SÆSON,2009-09-01,1510.0
DST:FIKS22:BRANCHE07=E:BELØB=0:SÆSON=SÆSON,2009-10-01,1385.0
DST:FIKS22:BRANCHE07=E:BELØB=0:SÆSON=SÆSON,2009-11-01,1393.0
DST:FIKS22:BRANCHE07=E:BELØB=0:SÆSON=SÆSON,2009-12-01,1400.0
DST:FIKS22:BRANCHE07=E:BELØB=0:SÆSON=SÆSON,2010-01-01,1457.0
DST:FIKS22:BRANCHE07=E:BELØB=0:SÆSON=SÆSON,2010-02-01,1528.0
DST:FIKS22:BRANCHE07=E:BELØB=0:SÆSON=SÆSON,2010-03-01,1654.0
DST:FIKS22:BRANCHE07=E:BELØB=0:SÆSON=SÆSON,2010-04-01,1906.0
DST:FIKS22:BRANCHE07=E:BELØB=0:SÆSON=SÆSON,2010-05-01,2040.0
DST:FIKS22:BRANCHE07=E:BELØB=0:SÆSON=SÆSON,2010-06-01,1827.0
DST:FIKS22:BRANCHE07=E:BELØB=0:SÆSON=SÆSON,2010-07-01,2012.0
DST:FIKS22:BRANCHE07=E:BELØB=0:SÆSON=SÆSON,2010-08-01,1911.0
DST:FIKS22:BRANCHE07=E:BELØB=0:SÆSON=SÆSON,2010-09-01,2017.0
DST:FIKS22:BRANCHE07=E:BELØB=0:SÆSON=SÆSON,2010-10-01,1994.0
DST:FIKS22:BRANCHE07=E:BELØB=0:SÆSON=SÆSON,2010-11-01,2184.0
DST:FIKS22:BRANCHE07=E:BELØB=0:SÆSON=SÆSON,2010-12-01,2007.0
DST:FIKS22:BRANCHE07=E:BELØB=0:SÆSON=SÆSON,2011-01-01,2023.0
DST:FIKS22:BRANCHE07=E:BELØB=0:SÆSON=SÆSON,2011-02-01,2044.0
DST:FIKS22:BRANCHE07=E:BELØB=0:SÆSON=SÆSON,2011-03-01,2151.0
DST:FIKS22:BRANCHE07=E:BELØB=0:SÆSON=SÆSON,2011-04-01,2176.0
DST:FIKS22:BRANCHE07=E:BELØB=0:SÆSON=SÆSON,2011-05-01,2055.0
DST:FIKS22:BRANCHE07=E:BELØB=0:SÆSON=SÆSON,2011-06-01,2314.0
DST:FIKS22:BRANCHE07=E:BELØB=0:SÆSON=SÆSON,2011-07-01,2051.0
DST:FIKS22:BRANCHE07=E:BELØB=0:SÆSON=SÆSON,2011-08-01,2341.0
DST:FIKS22:BRANCHE07=E:BELØB=0:SÆSON=SÆSON,2011-09-01,2237.0
DST:FIKS22:BRANCHE07=E:BELØB=0:SÆSON=SÆSON,2011-10-01,2334.0
DST:FIKS22:BRANCHE07=E:BELØB=0:SÆSON=SÆSON,2011-11-01,2239.0
DST:FIKS22:BRANCHE07=E:BELØB=0:SÆSON=SÆSON,2011-12-01,2289.0
DST:FIKS22:BRANCHE07=E:BELØB=0:SÆSON=SÆSON,2012-01-01,2293.0
DST:FIKS22:BRANCHE07=E:BELØB=0:SÆSON=SÆSON,2012-02-01,1921.0
DST:FIKS22:BRANCHE07=E:BELØB=0:SÆSON=SÆSON,2012-03-01,2280.0
DST:FIKS22:BRANCHE07=E:BELØB=0:SÆSON=SÆSON,2012-04-01,2223.0
DST:FIKS22:BRANCHE07=E:BELØB=0:SÆSON=SÆSON,2012-05-01,2516.0
DST:FIKS22:BRANCHE07=E:BELØB=0:SÆSON=SÆSON,2012-06-01,2240.0
DST:FIKS22:BRANCHE07=E:BELØB=0:SÆSON=SÆSON,2012-07-01,2175.0
DST:FIKS22:BRANCHE07=E:BELØB=0:SÆSON=SÆSON,2012-08-01,2079.0
DST:FIKS22:BRANCHE07=E:BELØB=0:SÆSON=SÆSON,2012-09-01,1945.0
DST:FIKS22:BRANCHE07=E:BELØB=0:SÆSON=SÆSON,2012-10-01,2161.0
DST:FIKS22:BRANCHE07=E:BELØB=0:SÆSON=SÆSON,2012-11-01,2059.0
DST:FIKS22:BRANCHE07=E:BELØB=0:SÆSON=SÆSON,2012-12-01,2074.0
DST:FIKS22:BRANCHE07=E:BELØB=0:SÆSON=SÆSON,2013-01-01,1970.0
DST:FIKS22:BRANCHE07=E:BELØB=0:SÆSON=SÆSON,2013-02-01,1972.0
DST:FIKS22:BRANCHE07=E:BELØB=0:SÆSON=SÆSON,2013-03-01,1978.0
DST:FIKS22:BRANCHE07=E:BELØB=0:SÆSON=SÆSON,2013-04-01,1997.0
DST:FIKS22:BRANCHE07=E:BELØB=0:SÆSON=SÆSON,2013-05-01,2069.0
DST:FIKS22:BRANCHE07=E:BELØB=0:SÆSON=SÆSON,2013-06-01,2019.0
DST:FIKS22:BRANCHE07=E:BELØB=0:SÆSON=SÆSON,2013-07-01,2166.0
DST:FIKS22:BRANCHE07=E:BELØB=0:SÆSON=SÆSON,2013-08-01,2090.0
DST:FIKS22:BRANCHE07=E:BELØB=0:SÆSON=SÆSON,2013-09-01,2044.0
DST:FIKS22:BRANCHE07=E:BELØB=0:SÆSON=SÆSON,2013-10-01,2093.0
DST:FIKS22:BRANCHE07=E:BELØB=0:SÆSON=SÆSON,2013-11-01,2097.0
DST:FIKS22:BRANCHE07=E:BELØB=0:SÆSON=SÆSON,2013-12-01,2137.0
DST:FIKS22:BRANCHE07=E:BELØB=0:SÆSON=SÆSON,2014-01-01,2188.0
DST:FIKS22:BRANCHE07=E:BELØB=0:SÆSON=SÆSON,2014-02-01,2226.0
DST:FIKS22:BRANCHE07=E:BELØB=0:SÆSON=SÆSON,2014-03-01,2114.0
DST:FIKS22:BRANCHE07=E:BELØB=0:SÆSON=SÆSON,2014-04-01,2402.0
DST:FIKS22:BRANCHE07=E:BELØB=0:SÆSON=SÆSON,2014-05-01,2000.0
DST:FIKS22:BRANCHE07=E:BELØB=0:SÆSON=SÆSON,2014-06-01,2087.0
DST:FIKS22:BRANCHE07=E:BELØB=0:SÆSON=SÆSON,2014-07-01,2092.0
DST:FIKS22:BRANCHE07=E:BELØB=0:SÆSON=SÆSON,2014-08-01,2114.0
DST:FIKS22:BRANCHE07=E:BELØB=0:SÆSON=SÆSON,2014-09-01,2132.0
DST:FIKS22:BRANCHE07=E:BELØB=0:SÆSON=SÆSON,2014-10-01,2074.0
DST:FIKS22:BRANCHE07=E:BELØB=0:SÆSON=SÆSON,2014-11-01,2047.0
DST:FIKS22:BRANCHE07=E:BELØB=0:SÆSON=SÆSON,2014-12-01,1819.0
DST:FIKS22:BRANCHE07=E:BELØB=0:SÆSON=SÆSON,2015-01-01,2225.0
DST:FIKS22:BRANCHE07=E:BELØB=0:SÆSON=SÆSON,2015-02-01,2102.0
DST:FIKS22:BRANCHE07=E:BELØB=0:SÆSON=SÆSON,2015-03-01,2064.0
DST:FIKS22:BRANCHE07=E:BELØB=0:SÆSON=SÆSON,2015-04-01,2098.0
DST:FIKS22:BRANCHE07=E:BELØB=0:SÆSON=SÆSON,2015-05-01,2235.0
DST:FIKS22:BRANCHE07=E:BELØB=0:SÆSON=SÆSON,2015-06-01,2100.0
DST:FIKS22:BRANCHE07=E:BELØB=0:SÆSON=SÆSON,2015-07-01,1996.0
DST:FIKS22:BRANCHE07=E:BELØB=0:SÆSON=SÆSON,2015-08-01,2006.0
DST:FIKS22:BRANCHE07=E:BELØB=0:SÆSON=SÆSON,2015-09-01,2200.0
DST:FIKS22:BRANCHE07=E:BELØB=0:SÆSON=SÆSON,2015-10-01,2025.0
DST:FIKS22:BRANCHE07=E:BELØB=0:SÆSON=SÆSON,2015-11-01,2280.0
DST:FIKS22:BRANCHE07=E:BELØB=0:SÆSON=SÆSON,2015-12-01,2102.0
DST:FIKS22:BRANCHE07=E:BELØB=0:SÆSON=SÆSON,2016-01-01,2028.0
DST:FIKS22:BRANCHE07=E:BELØB=0:SÆSON=SÆSON,2016-02-01,2034.0
DST:FIKS22:BRANCHE07=E:BELØB=0:SÆSON=SÆSON,2016-03-01,2014.0
DST:FIKS22:BRANCHE07=E:BELØB=0:SÆSON=SÆSON,2016-04-01,2016.0
DST:FIKS22:BRANCHE07=E:BELØB=0:SÆSON=SÆSON,2016-05-01,2048.0
DST:FIKS22:BRANCHE07=E:BELØB=0:SÆSON=SÆSON,2016-06-01,2073.0
DST:FIKS22:BRANCHE07=E:BELØB=0:SÆSON=SÆSON,2016-07-01,2053.0
DST:FIKS22:BRANCHE07=E:BELØB=0:SÆSON=SÆSON,2016-08-01,2089.0
DST:FIKS22:BRANCHE07=E:BELØB=0:SÆSON=SÆSON,2016-09-01,2070.0
DST:FIKS22:BRANCHE07=E:BELØB=0:SÆSON=SÆSON,2016-10-01,2120.0
DST:FIKS22:BRANCHE07=E:BELØB=0:SÆSON=SÆSON,2016-11-01,2022.0
DST:FIKS22:BRANCHE07=E:BELØB=0:SÆSON=SÆSON,2016-12-01,2293.0
DST:FIKS22:BRANCHE07=E:BELØB=0:SÆSON=SÆSON,2017-01-01,2094.0
DST:FIKS22:BRANCHE07=E:BELØB=0:SÆSON=SÆSON,2017-02-01,2035.0
DST:FIKS22:BRANCHE07=E:BELØB=0:SÆSON=SÆSON,2017-03-01,2178.0
DST:FIKS22:BRANCHE07=E:BELØB=0:SÆSON=SÆSON,2017-04-01,2036.0
DST:FIKS22:BRANCHE07=E:BELØB=0:SÆSON=SÆSON,2017-05-01,1981.0
DST:FIKS22:BRANCHE07=E:BELØB=0:SÆSON=SÆSON,2017-06-01,2098.0
DST:FIKS22:BRANCHE07=E:BELØB=0:SÆSON=SÆSON,2017-07-01,2008.0
DST:FIKS22:BRANCHE07=E:BELØB=0:SÆSON=SÆSON,2017-08-01,2163.0
DST:FIKS22:BRANCHE07=E:BELØB=0:SÆSON=SÆSON,2017-09-01,2014.0
DST:FIKS22:BRANCHE07=E:BELØB=0:SÆSON=SÆSON,2017-10-01,1910.0
DST:FIKS22:BRANCHE07=E:BELØB=0:SÆSON=SÆSON,2017-11-01,2335.0
DST:FIKS22:BRANCHE07=E:BELØB=0:SÆSON=SÆSON,2017-12-01,2189.0
DST:FIKS22:BRANCHE07=E:BELØB=0:SÆSON=SÆSON,2018-01-01,2060.0
DST:FIKS22:BRANCHE07=E:BELØB=0:SÆSON=SÆSON,2018-02-01,2088.0
DST:FIKS22:BRANCHE07=E:BELØB=0:SÆSON=SÆSON,2018-03-01,2088.0
DST:FIKS22:BRANCHE07=E:BELØB=0:SÆSON=SÆSON,2018-04-01,2158.0
DST:FIKS22:BRANCHE07=E:BELØB=0:SÆSON=SÆSON,2018-05-01,2158.0
DST:FIKS22:BRANCHE07=E:BELØB=0:SÆSON=SÆSON,2018-06-01,2150.0
DST:FIKS22:BRANCHE07=E:BELØB=0:SÆSON=SÆSON,2018-07-01,2219.0
DST:FIKS22:BRANCHE07=E:BELØB=0:SÆSON=SÆSON,2018-08-01,2144.0
DST:FIKS22:BRANCHE07=E:BELØB=0:SÆSON=SÆSON,2018-09-01,2184.0
DST:FIKS22:BRANCHE07=E:BELØB=0:SÆSON=SÆSON,2018-10-01,2178.0
DST:FIKS22:BRANCHE07=E:BELØB=0:SÆSON=SÆSON,2018-11-01,2262.0
DST:FIKS22:BRANCHE07=E:BELØB=0:SÆSON=SÆSON,2018-12-01,2307.0
DST:FIKS22:BRANCHE07=E:BELØB=0:SÆSON=SÆSON,2019-01-01,2003.0
DST:FIKS22:BRANCHE07=E:BELØB=0:SÆSON=SÆSON,2019-02-01,2371.0
DST:FIKS22:BRANCHE07=E:BELØB=0:SÆSON=SÆSON,2019-03-01,2189.0
DST:FIKS22:BRANCHE07=E:BELØB=0:SÆSON=SÆSON,2019-04-01,2232.0
DST:FIKS22:BRANCHE07=E:BELØB=0:SÆSON=SÆSON,2019-05-01,2218.0
DST:FIKS22:BRANCHE07=E:BELØB=0:SÆSON=SÆSON,2019-06-01,2219.0
DST:FIKS22:BRANCHE07=E:BELØB=0:SÆSON=SÆSON,2019-07-01,2221.0
DST:FIKS22:BRANCHE07=E:BELØB=0:SÆSON=SÆSON,2019-08-01,2185.0
DST:FIKS22:BRANCHE07=E:BELØB=0:SÆSON=SÆSON,2019-09-01,2225.0
DST:FIKS22:BRANCHE07=E:BELØB=0:SÆSON=SÆSON,2019-10-01,2216.0
DST:FIKS22:BRANCHE07=E:BELØB=0:SÆSON=SÆSON,2019-11-01,2226.0
DST:FIKS22:BRANCHE07=E:BELØB=0:SÆSON=SÆSON,2019-12-01,2145.0
DST:FIKS22:BRANCHE07=E:BELØB=0:SÆSON=SÆSON,2020-01-01,2283.0
DST:FIKS22:BRANCHE07=E:BELØB=0:SÆSON=SÆSON,2020-02-01,2202.0
DST:FIKS22:BRANCHE07=E:BELØB=0:SÆSON=SÆSON,2020-03-01,2431.0
DST:FIKS22:BRANCHE07=E:BELØB=0:SÆSON=SÆSON,2020-04-01,2306.0
DST:FIKS22:BRANCHE07=E:BELØB=0:SÆSON=SÆSON,2020-05-01,2366.0
DST:FIKS22:BRANCHE07=E:BELØB=0:SÆSON=SÆSON,2020-06-01,2368.0
DST:FIKS22:BRANCHE07=E:BELØB=0:SÆSON=SÆSON,2020-07-01,2435.0
DST:FIKS22:BRANCHE07=E:BELØB=0:SÆSON=SÆSON,2020-08-01,2490.0
DST:FIKS22:BRANCHE07=E:BELØB=0:SÆSON=SÆSON,2020-09-01,2380.0
DST:FIKS22:BRANCHE07=E:BELØB=0:SÆSON=SÆSON,2020-10-01,2480.0
DST:FIKS22:BRANCHE07=E:BELØB=0:SÆSON=SÆSON,2020-11-01,2572.0
DST:FIKS22:BRANCHE07=E:BELØB=0:SÆSON=SÆSON,2020-12-01,2415.0
DST:FIKS22:BRANCHE07=E:BELØB=0:SÆSON=SÆSON,2021-01-01,2551.0
DST:FIKS22:BRANCHE07=E:BELØB=0:SÆSON=SÆSON,2021-02-01,2602.0
DST:FIKS22:BRANCHE07=E:BELØB=0:SÆSON=SÆSON,2021-03-01,2603.0
DST:FIKS22:BRANCHE07=E:BELØB=0:SÆSON=SÆSON,2021-04-01,2583.0
DST:FIKS22:BRANCHE07=E:BELØB=0:SÆSON=SÆSON,2021-05-01,2690.0
DST:FIKS22:BRANCHE07=E:BELØB=0:SÆSON=SÆSON,2021-06-01,2564.0
DST:FIKS22:BRANCHE07=E:BELØB=0:SÆSON=SÆSON,2021-07-01,2660.0
DST:FIKS22:BRANCHE07=E:BELØB=0:SÆSON=SÆSON,2021-08-01,2673.0
DST:FIKS22:BRANCHE07=E:BELØB=0:SÆSON=SÆSON,2021-09-01,2791.0
DST:FIKS22:BRANCHE07=E:BELØB=0:SÆSON=SÆSON,2021-10-01,2717.0
DST:FIKS22:BRANCHE07=E:BELØB=0:SÆSON=SÆSON,2021-11-01,2683.0
DST:FIKS22:BRANCHE07=E:BELØB=0:SÆSON=SÆSON,2021-12-01,2558.0
DST:FIKS22:BRANCHE07=E:BELØB=0:SÆSON=SÆSON,2022-01-01,2893.0
DST:FIKS22:BRANCHE07=E:BELØB=0:SÆSON=SÆSON,2022-02-01,2815.0
DST:FIKS22:BRANCHE07=E:BELØB=0:SÆSON=SÆSON,2022-03-01,2894.0
DST:FIKS22:BRANCHE07=E:BELØB=0:SÆSON=SÆSON,2022-04-01,2984.0
DST:FIKS22:BRANCHE07=E:BELØB=0:SÆSON=SÆSON,2022-05-01,2915.0
DST:FIKS22:BRANCHE07=E:BELØB=0:SÆSON=SÆSON,2022-06-01,2902.0
DST:FIKS22:BRANCHE07=E:BELØB=0:SÆSON=SÆSON,2022-07-01,2691.0
DST:FIKS22:BRANCHE07=E:BELØB=0:SÆSON=SÆSON,2022-08-01,2965.0
DST:FIKS22:BRANCHE07=E:BELØB=0:SÆSON=SÆSON,2022-09-01,2984.0
DST:FIKS22:BRANCHE07=E:BELØB=0:SÆSON=SÆSON,2022-10-01,3004.0
DST:FIKS22:BRANCHE07=E:BELØB=0:SÆSON=SÆSON,2022-11-01,2823.0
DST:FIKS22:BRANCHE07=E:BELØB=0:SÆSON=SÆSON,2022-12-01,3005.0
DST:FIKS22:BRANCHE07=E:BELØB=0:SÆSON=SÆSON,2023-01-01,2963.0
DST:FIKS22:BRANCHE07=E:BELØB=0:SÆSON=SÆSON,2023-02-01,3028.0
DST:FIKS22:BRANCHE07=E:BELØB=0:SÆSON=SÆSON,2023-03-01,2987.0
DST:FIKS22:BRANCHE07=E:BELØB=0:SÆSON=SÆSON,2023-04-01,2872.0
DST:FIKS22:BRANCHE07=E:BELØB=0:SÆSON=SÆSON,2023-05-01,2953.0
DST:FIKS22:BRANCHE07=E:BELØB=0:SÆSON=SÆSON,2023-06-01,2933.0
DST:FIKS22:BRANCHE07=E:BELØB=0:SÆSON=SÆSON,2023-07-01,2940.0
DST:FIKS22:BRANCHE07=E:BELØB=0:SÆSON=SÆSON,2023-08-01,2875.0
DST:FIKS22:BRANCHE07=E:BELØB=0:SÆSON=SÆSON,2023-09-01,2926.0
DST:FIKS22:BRANCHE07=E:BELØB=0:SÆSON=SÆSON,2023-10-01,3022.0
DST:FIKS22:BRANCHE07=E:BELØB=0:SÆSON=SÆSON,2023-11-01,3153.0
DST:FIKS22:BRANCHE07=E:BELØB=0:SÆSON=SÆSON,2023-12-01,2783.0
DST:FIKS22:BRANCHE07=E:BELØB=0:SÆSON=SÆSON,2024-01-01,3027.0
DST:FIKS22:BRANCHE07=E:BELØB=0:SÆSON=SÆSON,2024-02-01,3168.0
DST:FIKS22:BRANCHE07=E:BELØB=0:SÆSON=SÆSON,2024-03-01,3072.0
DST:FIKS22:BRANCHE07=E:BELØB=0:SÆSON=SÆSON,2024-04-01,3316.0
DST:FIKS22:BRANCHE07=E:BELØB=0:SÆSON=SÆSON,2024-05-01,3090.0
DST:FIKS22:BRANCHE07=E:BELØB=0:SÆSON=SÆSON,2024-06-01,3252.0
DST:FIKS22:BRANCHE07=E:BELØB=0:SÆSON=SÆSON,2024-07-01,3165.0
DST:FIKS22:BRANCHE07=E:BELØB=0:SÆSON=SÆSON,2024-08-01,3139.0
DST:FIKS22:BRANCHE07=E:BELØB=0:SÆSON=SÆSON,2024-09-01,3352.0
DST:FIKS22:BRANCHE07=E:BELØB=0:SÆSON=SÆSON,2024-10-01,2847.0
DST:FIKS22:BRANCHE07=E:BELØB=0:SÆSON=SÆSON,2024-11-01,3187.0
DST:FIKS22:BRANCHE07=E:BELØB=0:SÆSON=SÆSON,2024-12-01,3187.0
DST:FIKS22:BRANCHE07=E:BELØB=0:SÆSON=SÆSON,2025-01-01,3294.0
DST:FIKS22:BRANCHE07=E:BELØB=0:SÆSON=SÆSON,2025-02-01,3233.0
DST:FIKS22:BRANCHE07=E:BELØB=0:SÆSON=SÆSON,2025-03-01,3191.0
DST:FIKS22:BRANCHE07=E:BELØB=0:SÆSON=SÆSON,2025-04-01,3232.0
DST:FIKS22:BRANCHE07=E:BELØB=0:SÆSON=SÆSON,2025-05-01,3196.0
DST:FIKS22:BRANCHE07=E:BELØB=0:SÆSON=SÆSON,2025-06-01,3596.0
DST:FIKS22:BRANCHE07=E:BELØB=0:SÆSON=SÆSON,2025-07-01,3371.0
DST:FIKS22:BRANCHE07=E:BELØB=0:SÆSON=SÆSON,2025-08-01,3418.0
DST:FIKS22:BRANCHE07=E:BELØB=0:SÆSON=SÆSON,2025-09-01,3186.0
DST:FIKS22:BRANCHE07=E:BELØB=0:SÆSON=SÆSON,2025-10-01,3426.0
DST:FIKS22:BRANCHE07=E:BELØB=0:SÆSON=SÆSON,2025-11-01,3356.0
DST:FIKS22:BRANCHE07=E:BELØB=0:SÆSON=SÆSON,2025-12-01,3785.0
DST:FIKS22:BRANCHE07=E:BELØB=0:SÆSON=SÆSON,2026-01-01,3221.0
DST:FIKS22:BRANCHE07=E:BELØB=0:SÆSON=SÆSON,2026-02-01,3389.0
DST:FIKS22:BRANCHE07=E:BELØB=0:SÆSON=SÆSON,2026-03-01,3598.0
DST:FIKS22:BRANCHE07=E:BELØB=1:SÆSON=EJSÆSON,2009-01-01,2291.0
DST:FIKS22:BRANCHE07=E:BELØB=1:SÆSON=EJSÆSON,2009-02-01,1722.0
DST:FIKS22:BRANCHE07=E:BELØB=1:SÆSON=EJSÆSON,2009-03-01,1842.0
DST:FIKS22:BRANCHE07=E:BELØB=1:SÆSON=EJSÆSON,2009-04-01,1960.0
DST:FIKS22:BRANCHE07=E:BELØB=1:SÆSON=EJSÆSON,2009-05-01,1291.0
DST:FIKS22:BRANCHE07=E:BELØB=1:SÆSON=EJSÆSON,2009-06-01,1717.0
DST:FIKS22:BRANCHE07=E:BELØB=1:SÆSON=EJSÆSON,2009-07-01,2438.0
DST:FIKS22:BRANCHE07=E:BELØB=1:SÆSON=EJSÆSON,2009-08-01,1748.0
DST:FIKS22:BRANCHE07=E:BELØB=1:SÆSON=EJSÆSON,2009-09-01,2124.0
DST:FIKS22:BRANCHE07=E:BELØB=1:SÆSON=EJSÆSON,2009-10-01,1750.0
DST:FIKS22:BRANCHE07=E:BELØB=1:SÆSON=EJSÆSON,2009-11-01,1363.0
DST:FIKS22:BRANCHE07=E:BELØB=1:SÆSON=EJSÆSON,2009-12-01,2028.0
DST:FIKS22:BRANCHE07=E:BELØB=1:SÆSON=EJSÆSON,2010-01-01,2033.0
DST:FIKS22:BRANCHE07=E:BELØB=1:SÆSON=EJSÆSON,2010-02-01,2285.0
DST:FIKS22:BRANCHE07=E:BELØB=1:SÆSON=EJSÆSON,2010-03-01,2523.0
DST:FIKS22:BRANCHE07=E:BELØB=1:SÆSON=EJSÆSON,2010-04-01,2285.0
DST:FIKS22:BRANCHE07=E:BELØB=1:SÆSON=EJSÆSON,2010-05-01,2057.0
DST:FIKS22:BRANCHE07=E:BELØB=1:SÆSON=EJSÆSON,2010-06-01,2268.0
DST:FIKS22:BRANCHE07=E:BELØB=1:SÆSON=EJSÆSON,2010-07-01,3038.0
DST:FIKS22:BRANCHE07=E:BELØB=1:SÆSON=EJSÆSON,2010-08-01,2412.0
DST:FIKS22:BRANCHE07=E:BELØB=1:SÆSON=EJSÆSON,2010-09-01,2848.0
DST:FIKS22:BRANCHE07=E:BELØB=1:SÆSON=EJSÆSON,2010-10-01,2323.0
DST:FIKS22:BRANCHE07=E:BELØB=1:SÆSON=EJSÆSON,2010-11-01,1836.0
DST:FIKS22:BRANCHE07=E:BELØB=1:SÆSON=EJSÆSON,2010-12-01,2185.0
DST:FIKS22:BRANCHE07=E:BELØB=1:SÆSON=EJSÆSON,2011-01-01,2729.0
DST:FIKS22:BRANCHE07=E:BELØB=1:SÆSON=EJSÆSON,2011-02-01,2801.0
DST:FIKS22:BRANCHE07=E:BELØB=1:SÆSON=EJSÆSON,2011-03-01,3028.0
DST:FIKS22:BRANCHE07=E:BELØB=1:SÆSON=EJSÆSON,2011-04-01,2306.0
DST:FIKS22:BRANCHE07=E:BELØB=1:SÆSON=EJSÆSON,2011-05-01,2237.0
DST:FIKS22:BRANCHE07=E:BELØB=1:SÆSON=EJSÆSON,2011-06-01,2412.0
DST:FIKS22:BRANCHE07=E:BELØB=1:SÆSON=EJSÆSON,2011-07-01,2747.0
DST:FIKS22:BRANCHE07=E:BELØB=1:SÆSON=EJSÆSON,2011-08-01,2905.0
DST:FIKS22:BRANCHE07=E:BELØB=1:SÆSON=EJSÆSON,2011-09-01,3276.0
DST:FIKS22:BRANCHE07=E:BELØB=1:SÆSON=EJSÆSON,2011-10-01,2194.0
DST:FIKS22:BRANCHE07=E:BELØB=1:SÆSON=EJSÆSON,2011-11-01,1873.0
DST:FIKS22:BRANCHE07=E:BELØB=1:SÆSON=EJSÆSON,2011-12-01,2038.0
DST:FIKS22:BRANCHE07=E:BELØB=1:SÆSON=EJSÆSON,2012-01-01,2546.0
DST:FIKS22:BRANCHE07=E:BELØB=1:SÆSON=EJSÆSON,2012-02-01,2945.0
DST:FIKS22:BRANCHE07=E:BELØB=1:SÆSON=EJSÆSON,2012-03-01,3049.0
DST:FIKS22:BRANCHE07=E:BELØB=1:SÆSON=EJSÆSON,2012-04-01,2538.0
DST:FIKS22:BRANCHE07=E:BELØB=1:SÆSON=EJSÆSON,2012-05-01,2287.0
DST:FIKS22:BRANCHE07=E:BELØB=1:SÆSON=EJSÆSON,2012-06-01,2242.0
DST:FIKS22:BRANCHE07=E:BELØB=1:SÆSON=EJSÆSON,2012-07-01,2593.0
DST:FIKS22:BRANCHE07=E:BELØB=1:SÆSON=EJSÆSON,2012-08-01,2964.0
DST:FIKS22:BRANCHE07=E:BELØB=1:SÆSON=EJSÆSON,2012-09-01,2956.0
DST:FIKS22:BRANCHE07=E:BELØB=1:SÆSON=EJSÆSON,2012-10-01,2109.0
DST:FIKS22:BRANCHE07=E:BELØB=1:SÆSON=EJSÆSON,2012-11-01,1874.0
DST:FIKS22:BRANCHE07=E:BELØB=1:SÆSON=EJSÆSON,2012-12-01,2048.0
DST:FIKS22:BRANCHE07=E:BELØB=1:SÆSON=EJSÆSON,2013-01-01,2046.0
DST:FIKS22:BRANCHE07=E:BELØB=1:SÆSON=EJSÆSON,2013-02-01,3183.0
DST:FIKS22:BRANCHE07=E:BELØB=1:SÆSON=EJSÆSON,2013-03-01,2806.0
DST:FIKS22:BRANCHE07=E:BELØB=1:SÆSON=EJSÆSON,2013-04-01,2883.0
DST:FIKS22:BRANCHE07=E:BELØB=1:SÆSON=EJSÆSON,2013-05-01,2052.0
DST:FIKS22:BRANCHE07=E:BELØB=1:SÆSON=EJSÆSON,2013-06-01,1870.0
DST:FIKS22:BRANCHE07=E:BELØB=1:SÆSON=EJSÆSON,2013-07-01,2313.0
DST:FIKS22:BRANCHE07=E:BELØB=1:SÆSON=EJSÆSON,2013-08-01,3015.0
DST:FIKS22:BRANCHE07=E:BELØB=1:SÆSON=EJSÆSON,2013-09-01,2913.0
DST:FIKS22:BRANCHE07=E:BELØB=1:SÆSON=EJSÆSON,2013-10-01,2069.0
DST:FIKS22:BRANCHE07=E:BELØB=1:SÆSON=EJSÆSON,2013-11-01,1802.0
DST:FIKS22:BRANCHE07=E:BELØB=1:SÆSON=EJSÆSON,2013-12-01,2048.0
DST:FIKS22:BRANCHE07=E:BELØB=1:SÆSON=EJSÆSON,2014-01-01,2373.0
DST:FIKS22:BRANCHE07=E:BELØB=1:SÆSON=EJSÆSON,2014-02-01,3080.0
DST:FIKS22:BRANCHE07=E:BELØB=1:SÆSON=EJSÆSON,2014-03-01,3076.0
DST:FIKS22:BRANCHE07=E:BELØB=1:SÆSON=EJSÆSON,2014-04-01,2709.0
DST:FIKS22:BRANCHE07=E:BELØB=1:SÆSON=EJSÆSON,2014-05-01,1861.0
DST:FIKS22:BRANCHE07=E:BELØB=1:SÆSON=EJSÆSON,2014-06-01,2158.0
DST:FIKS22:BRANCHE07=E:BELØB=1:SÆSON=EJSÆSON,2014-07-01,2388.0
DST:FIKS22:BRANCHE07=E:BELØB=1:SÆSON=EJSÆSON,2014-08-01,2909.0
DST:FIKS22:BRANCHE07=E:BELØB=1:SÆSON=EJSÆSON,2014-09-01,3331.0
DST:FIKS22:BRANCHE07=E:BELØB=1:SÆSON=EJSÆSON,2014-10-01,2183.0
DST:FIKS22:BRANCHE07=E:BELØB=1:SÆSON=EJSÆSON,2014-11-01,1816.0
DST:FIKS22:BRANCHE07=E:BELØB=1:SÆSON=EJSÆSON,2014-12-01,2071.0
DST:FIKS22:BRANCHE07=E:BELØB=1:SÆSON=EJSÆSON,2015-01-01,2571.0
DST:FIKS22:BRANCHE07=E:BELØB=1:SÆSON=EJSÆSON,2015-02-01,3400.0
DST:FIKS22:BRANCHE07=E:BELØB=1:SÆSON=EJSÆSON,2015-03-01,2790.0
DST:FIKS22:BRANCHE07=E:BELØB=1:SÆSON=EJSÆSON,2015-04-01,2524.0
DST:FIKS22:BRANCHE07=E:BELØB=1:SÆSON=EJSÆSON,2015-05-01,2023.0
DST:FIKS22:BRANCHE07=E:BELØB=1:SÆSON=EJSÆSON,2015-06-01,2079.0
DST:FIKS22:BRANCHE07=E:BELØB=1:SÆSON=EJSÆSON,2015-07-01,2394.0
DST:FIKS22:BRANCHE07=E:BELØB=1:SÆSON=EJSÆSON,2015-08-01,3122.0
DST:FIKS22:BRANCHE07=E:BELØB=1:SÆSON=EJSÆSON,2015-09-01,3007.0
DST:FIKS22:BRANCHE07=E:BELØB=1:SÆSON=EJSÆSON,2015-10-01,1981.0
DST:FIKS22:BRANCHE07=E:BELØB=1:SÆSON=EJSÆSON,2015-11-01,1960.0
DST:FIKS22:BRANCHE07=E:BELØB=1:SÆSON=EJSÆSON,2015-12-01,2073.0
DST:FIKS22:BRANCHE07=E:BELØB=1:SÆSON=EJSÆSON,2016-01-01,2480.0
DST:FIKS22:BRANCHE07=E:BELØB=1:SÆSON=EJSÆSON,2016-02-01,3306.0
DST:FIKS22:BRANCHE07=E:BELØB=1:SÆSON=EJSÆSON,2016-03-01,2687.0
DST:FIKS22:BRANCHE07=E:BELØB=1:SÆSON=EJSÆSON,2016-04-01,2622.0
DST:FIKS22:BRANCHE07=E:BELØB=1:SÆSON=EJSÆSON,2016-05-01,1944.0
DST:FIKS22:BRANCHE07=E:BELØB=1:SÆSON=EJSÆSON,2016-06-01,2067.0
DST:FIKS22:BRANCHE07=E:BELØB=1:SÆSON=EJSÆSON,2016-07-01,2152.0
DST:FIKS22:BRANCHE07=E:BELØB=1:SÆSON=EJSÆSON,2016-08-01,3192.0
DST:FIKS22:BRANCHE07=E:BELØB=1:SÆSON=EJSÆSON,2016-09-01,3059.0
DST:FIKS22:BRANCHE07=E:BELØB=1:SÆSON=EJSÆSON,2016-10-01,2014.0
DST:FIKS22:BRANCHE07=E:BELØB=1:SÆSON=EJSÆSON,2016-11-01,1987.0
DST:FIKS22:BRANCHE07=E:BELØB=1:SÆSON=EJSÆSON,2016-12-01,2190.0
DST:FIKS22:BRANCHE07=E:BELØB=1:SÆSON=EJSÆSON,2017-01-01,2582.0
DST:FIKS22:BRANCHE07=E:BELØB=1:SÆSON=EJSÆSON,2017-02-01,3297.0
DST:FIKS22:BRANCHE07=E:BELØB=1:SÆSON=EJSÆSON,2017-03-01,2896.0
DST:FIKS22:BRANCHE07=E:BELØB=1:SÆSON=EJSÆSON,2017-04-01,2773.0
DST:FIKS22:BRANCHE07=E:BELØB=1:SÆSON=EJSÆSON,2017-05-01,2052.0
DST:FIKS22:BRANCHE07=E:BELØB=1:SÆSON=EJSÆSON,2017-06-01,2088.0
DST:FIKS22:BRANCHE07=E:BELØB=1:SÆSON=EJSÆSON,2017-07-01,2261.0
DST:FIKS22:BRANCHE07=E:BELØB=1:SÆSON=EJSÆSON,2017-08-01,3501.0
DST:FIKS22:BRANCHE07=E:BELØB=1:SÆSON=EJSÆSON,2017-09-01,3041.0
DST:FIKS22:BRANCHE07=E:BELØB=1:SÆSON=EJSÆSON,2017-10-01,2019.0
DST:FIKS22:BRANCHE07=E:BELØB=1:SÆSON=EJSÆSON,2017-11-01,2176.0
DST:FIKS22:BRANCHE07=E:BELØB=1:SÆSON=EJSÆSON,2017-12-01,2206.0
DST:FIKS22:BRANCHE07=E:BELØB=1:SÆSON=EJSÆSON,2018-01-01,2792.0
DST:FIKS22:BRANCHE07=E:BELØB=1:SÆSON=EJSÆSON,2018-02-01,3446.0
DST:FIKS22:BRANCHE07=E:BELØB=1:SÆSON=EJSÆSON,2018-03-01,2961.0
DST:FIKS22:BRANCHE07=E:BELØB=1:SÆSON=EJSÆSON,2018-04-01,2745.0
DST:FIKS22:BRANCHE07=E:BELØB=1:SÆSON=EJSÆSON,2018-05-01,2096.0
DST:FIKS22:BRANCHE07=E:BELØB=1:SÆSON=EJSÆSON,2018-06-01,2243.0
DST:FIKS22:BRANCHE07=E:BELØB=1:SÆSON=EJSÆSON,2018-07-01,2439.0
DST:FIKS22:BRANCHE07=E:BELØB=1:SÆSON=EJSÆSON,2018-08-01,3605.0
DST:FIKS22:BRANCHE07=E:BELØB=1:SÆSON=EJSÆSON,2018-09-01,3201.0
DST:FIKS22:BRANCHE07=E:BELØB=1:SÆSON=EJSÆSON,2018-10-01,2274.0
DST:FIKS22:BRANCHE07=E:BELØB=1:SÆSON=EJSÆSON,2018-11-01,2118.0
DST:FIKS22:BRANCHE07=E:BELØB=1:SÆSON=EJSÆSON,2018-12-01,2420.0
DST:FIKS22:BRANCHE07=E:BELØB=1:SÆSON=EJSÆSON,2019-01-01,2833.0
DST:FIKS22:BRANCHE07=E:BELØB=1:SÆSON=EJSÆSON,2019-02-01,3931.0
DST:FIKS22:BRANCHE07=E:BELØB=1:SÆSON=EJSÆSON,2019-03-01,3141.0
DST:FIKS22:BRANCHE07=E:BELØB=1:SÆSON=EJSÆSON,2019-04-01,2882.0
DST:FIKS22:BRANCHE07=E:BELØB=1:SÆSON=EJSÆSON,2019-05-01,2235.0
DST:FIKS22:BRANCHE07=E:BELØB=1:SÆSON=EJSÆSON,2019-06-01,2229.0
DST:FIKS22:BRANCHE07=E:BELØB=1:SÆSON=EJSÆSON,2019-07-01,2475.0
DST:FIKS22:BRANCHE07=E:BELØB=1:SÆSON=EJSÆSON,2019-08-01,3693.0
DST:FIKS22:BRANCHE07=E:BELØB=1:SÆSON=EJSÆSON,2019-09-01,3368.0
DST:FIKS22:BRANCHE07=E:BELØB=1:SÆSON=EJSÆSON,2019-10-01,2245.0
DST:FIKS22:BRANCHE07=E:BELØB=1:SÆSON=EJSÆSON,2019-11-01,2020.0
DST:FIKS22:BRANCHE07=E:BELØB=1:SÆSON=EJSÆSON,2019-12-01,2326.0
DST:FIKS22:BRANCHE07=E:BELØB=1:SÆSON=EJSÆSON,2020-01-01,2882.0
DST:FIKS22:BRANCHE07=E:BELØB=1:SÆSON=EJSÆSON,2020-02-01,3981.0
DST:FIKS22:BRANCHE07=E:BELØB=1:SÆSON=EJSÆSON,2020-03-01,2922.0
DST:FIKS22:BRANCHE07=E:BELØB=1:SÆSON=EJSÆSON,2020-04-01,2872.0
DST:FIKS22:BRANCHE07=E:BELØB=1:SÆSON=EJSÆSON,2020-05-01,2099.0
DST:FIKS22:BRANCHE07=E:BELØB=1:SÆSON=EJSÆSON,2020-06-01,2210.0
DST:FIKS22:BRANCHE07=E:BELØB=1:SÆSON=EJSÆSON,2020-07-01,2714.0
DST:FIKS22:BRANCHE07=E:BELØB=1:SÆSON=EJSÆSON,2020-08-01,4079.0
DST:FIKS22:BRANCHE07=E:BELØB=1:SÆSON=EJSÆSON,2020-09-01,3298.0
DST:FIKS22:BRANCHE07=E:BELØB=1:SÆSON=EJSÆSON,2020-10-01,2536.0
DST:FIKS22:BRANCHE07=E:BELØB=1:SÆSON=EJSÆSON,2020-11-01,2304.0
DST:FIKS22:BRANCHE07=E:BELØB=1:SÆSON=EJSÆSON,2020-12-01,2367.0
DST:FIKS22:BRANCHE07=E:BELØB=1:SÆSON=EJSÆSON,2021-01-01,3253.0
DST:FIKS22:BRANCHE07=E:BELØB=1:SÆSON=EJSÆSON,2021-02-01,4562.0
DST:FIKS22:BRANCHE07=E:BELØB=1:SÆSON=EJSÆSON,2021-03-01,3430.0
DST:FIKS22:BRANCHE07=E:BELØB=1:SÆSON=EJSÆSON,2021-04-01,3291.0
DST:FIKS22:BRANCHE07=E:BELØB=1:SÆSON=EJSÆSON,2021-05-01,2458.0
DST:FIKS22:BRANCHE07=E:BELØB=1:SÆSON=EJSÆSON,2021-06-01,2573.0
DST:FIKS22:BRANCHE07=E:BELØB=1:SÆSON=EJSÆSON,2021-07-01,2786.0
DST:FIKS22:BRANCHE07=E:BELØB=1:SÆSON=EJSÆSON,2021-08-01,4417.0
DST:FIKS22:BRANCHE07=E:BELØB=1:SÆSON=EJSÆSON,2021-09-01,3530.0
DST:FIKS22:BRANCHE07=E:BELØB=1:SÆSON=EJSÆSON,2021-10-01,2733.0
DST:FIKS22:BRANCHE07=E:BELØB=1:SÆSON=EJSÆSON,2021-11-01,2644.0
DST:FIKS22:BRANCHE07=E:BELØB=1:SÆSON=EJSÆSON,2021-12-01,2596.0
DST:FIKS22:BRANCHE07=E:BELØB=1:SÆSON=EJSÆSON,2022-01-01,3529.0
DST:FIKS22:BRANCHE07=E:BELØB=1:SÆSON=EJSÆSON,2022-02-01,4360.0
DST:FIKS22:BRANCHE07=E:BELØB=1:SÆSON=EJSÆSON,2022-03-01,3684.0
DST:FIKS22:BRANCHE07=E:BELØB=1:SÆSON=EJSÆSON,2022-04-01,3528.0
DST:FIKS22:BRANCHE07=E:BELØB=1:SÆSON=EJSÆSON,2022-05-01,2545.0
DST:FIKS22:BRANCHE07=E:BELØB=1:SÆSON=EJSÆSON,2022-06-01,2611.0
DST:FIKS22:BRANCHE07=E:BELØB=1:SÆSON=EJSÆSON,2022-07-01,3080.0
DST:FIKS22:BRANCHE07=E:BELØB=1:SÆSON=EJSÆSON,2022-08-01,4261.0
DST:FIKS22:BRANCHE07=E:BELØB=1:SÆSON=EJSÆSON,2022-09-01,3562.0
DST:FIKS22:BRANCHE07=E:BELØB=1:SÆSON=EJSÆSON,2022-10-01,2683.0
DST:FIKS22:BRANCHE07=E:BELØB=1:SÆSON=EJSÆSON,2022-11-01,2556.0
DST:FIKS22:BRANCHE07=E:BELØB=1:SÆSON=EJSÆSON,2022-12-01,2563.0
DST:FIKS22:BRANCHE07=E:BELØB=1:SÆSON=EJSÆSON,2023-01-01,3496.0
DST:FIKS22:BRANCHE07=E:BELØB=1:SÆSON=EJSÆSON,2023-02-01,4430.0
DST:FIKS22:BRANCHE07=E:BELØB=1:SÆSON=EJSÆSON,2023-03-01,3457.0
DST:FIKS22:BRANCHE07=E:BELØB=1:SÆSON=EJSÆSON,2023-04-01,3330.0
DST:FIKS22:BRANCHE07=E:BELØB=1:SÆSON=EJSÆSON,2023-05-01,2410.0
DST:FIKS22:BRANCHE07=E:BELØB=1:SÆSON=EJSÆSON,2023-06-01,2682.0
DST:FIKS22:BRANCHE07=E:BELØB=1:SÆSON=EJSÆSON,2023-07-01,2899.0
DST:FIKS22:BRANCHE07=E:BELØB=1:SÆSON=EJSÆSON,2023-08-01,4547.0
DST:FIKS22:BRANCHE07=E:BELØB=1:SÆSON=EJSÆSON,2023-09-01,3521.0
DST:FIKS22:BRANCHE07=E:BELØB=1:SÆSON=EJSÆSON,2023-10-01,2894.0
DST:FIKS22:BRANCHE07=E:BELØB=1:SÆSON=EJSÆSON,2023-11-01,2676.0
DST:FIKS22:BRANCHE07=E:BELØB=1:SÆSON=EJSÆSON,2023-12-01,2622.0
DST:FIKS22:BRANCHE07=E:BELØB=1:SÆSON=EJSÆSON,2024-01-01,4016.0
DST:FIKS22:BRANCHE07=E:BELØB=1:SÆSON=EJSÆSON,2024-02-01,4823.0
DST:FIKS22:BRANCHE07=E:BELØB=1:SÆSON=EJSÆSON,2024-03-01,5535.0
DST:FIKS22:BRANCHE07=E:BELØB=1:SÆSON=EJSÆSON,2024-04-01,3958.0
DST:FIKS22:BRANCHE07=E:BELØB=1:SÆSON=EJSÆSON,2024-05-01,2837.0
DST:FIKS22:BRANCHE07=E:BELØB=1:SÆSON=EJSÆSON,2024-06-01,2716.0
DST:FIKS22:BRANCHE07=E:BELØB=1:SÆSON=EJSÆSON,2024-07-01,3502.0
DST:FIKS22:BRANCHE07=E:BELØB=1:SÆSON=EJSÆSON,2024-08-01,4709.0
DST:FIKS22:BRANCHE07=E:BELØB=1:SÆSON=EJSÆSON,2024-09-01,3928.0
DST:FIKS22:BRANCHE07=E:BELØB=1:SÆSON=EJSÆSON,2024-10-01,2340.0
DST:FIKS22:BRANCHE07=E:BELØB=1:SÆSON=EJSÆSON,2024-11-01,2693.0
DST:FIKS22:BRANCHE07=E:BELØB=1:SÆSON=EJSÆSON,2024-12-01,3054.0
DST:FIKS22:BRANCHE07=E:BELØB=1:SÆSON=EJSÆSON,2025-01-01,4371.0
DST:FIKS22:BRANCHE07=E:BELØB=1:SÆSON=EJSÆSON,2025-02-01,4842.0
DST:FIKS22:BRANCHE07=E:BELØB=1:SÆSON=EJSÆSON,2025-03-01,3817.0
DST:FIKS22:BRANCHE07=E:BELØB=1:SÆSON=EJSÆSON,2025-04-01,3753.0
DST:FIKS22:BRANCHE07=E:BELØB=1:SÆSON=EJSÆSON,2025-05-01,3046.0
DST:FIKS22:BRANCHE07=E:BELØB=1:SÆSON=EJSÆSON,2025-06-01,2851.0
DST:FIKS22:BRANCHE07=E:BELØB=1:SÆSON=EJSÆSON,2025-07-01,3523.0
DST:FIKS22:BRANCHE07=E:BELØB=1:SÆSON=EJSÆSON,2025-08-01,4880.0
DST:FIKS22:BRANCHE07=E:BELØB=1:SÆSON=EJSÆSON,2025-09-01,4201.0
DST:FIKS22:BRANCHE07=E:BELØB=1:SÆSON=EJSÆSON,2025-10-01,3321.0
DST:FIKS22:BRANCHE07=E:BELØB=1:SÆSON=EJSÆSON,2025-11-01,2872.0
DST:FIKS22:BRANCHE07=E:BELØB=1:SÆSON=EJSÆSON,2025-12-01,3376.0
DST:FIKS22:BRANCHE07=E:BELØB=1:SÆSON=EJSÆSON,2026-01-01,4679.0
DST:FIKS22:BRANCHE07=E:BELØB=1:SÆSON=EJSÆSON,2026-02-01,5630.0
DST:FIKS22:BRANCHE07=E:BELØB=1:SÆSON=EJSÆSON,2026-03-01,4663.0
DST:FIKS22:BRANCHE07=E:BELØB=1:SÆSON=SÆSON,2009-01-01,2229.0
DST:FIKS22:BRANCHE07=E:BELØB=1:SÆSON=SÆSON,2009-02-01,1580.0
DST:FIKS22:BRANCHE07=E:BELØB=1:SÆSON=SÆSON,2009-03-01,1589.0
DST:FIKS22:BRANCHE07=E:BELØB=1:SÆSON=SÆSON,2009-04-01,1937.0
DST:FIKS22:BRANCHE07=E:BELØB=1:SÆSON=SÆSON,2009-05-01,1437.0
DST:FIKS22:BRANCHE07=E:BELØB=1:SÆSON=SÆSON,2009-06-01,1764.0
DST:FIKS22:BRANCHE07=E:BELØB=1:SÆSON=SÆSON,2009-07-01,2232.0
DST:FIKS22:BRANCHE07=E:BELØB=1:SÆSON=SÆSON,2009-08-01,1609.0
DST:FIKS22:BRANCHE07=E:BELØB=1:SÆSON=SÆSON,2009-09-01,1807.0
DST:FIKS22:BRANCHE07=E:BELØB=1:SÆSON=SÆSON,2009-10-01,1911.0
DST:FIKS22:BRANCHE07=E:BELØB=1:SÆSON=SÆSON,2009-11-01,1893.0
DST:FIKS22:BRANCHE07=E:BELØB=1:SÆSON=SÆSON,2009-12-01,2403.0
DST:FIKS22:BRANCHE07=E:BELØB=1:SÆSON=SÆSON,2010-01-01,1976.0
DST:FIKS22:BRANCHE07=E:BELØB=1:SÆSON=SÆSON,2010-02-01,2077.0
DST:FIKS22:BRANCHE07=E:BELØB=1:SÆSON=SÆSON,2010-03-01,2159.0
DST:FIKS22:BRANCHE07=E:BELØB=1:SÆSON=SÆSON,2010-04-01,2271.0
DST:FIKS22:BRANCHE07=E:BELØB=1:SÆSON=SÆSON,2010-05-01,2295.0
DST:FIKS22:BRANCHE07=E:BELØB=1:SÆSON=SÆSON,2010-06-01,2364.0
DST:FIKS22:BRANCHE07=E:BELØB=1:SÆSON=SÆSON,2010-07-01,2807.0
DST:FIKS22:BRANCHE07=E:BELØB=1:SÆSON=SÆSON,2010-08-01,2193.0
DST:FIKS22:BRANCHE07=E:BELØB=1:SÆSON=SÆSON,2010-09-01,2402.0
DST:FIKS22:BRANCHE07=E:BELØB=1:SÆSON=SÆSON,2010-10-01,2584.0
DST:FIKS22:BRANCHE07=E:BELØB=1:SÆSON=SÆSON,2010-11-01,2531.0
DST:FIKS22:BRANCHE07=E:BELØB=1:SÆSON=SÆSON,2010-12-01,2611.0
DST:FIKS22:BRANCHE07=E:BELØB=1:SÆSON=SÆSON,2011-01-01,2649.0
DST:FIKS22:BRANCHE07=E:BELØB=1:SÆSON=SÆSON,2011-02-01,2475.0
DST:FIKS22:BRANCHE07=E:BELØB=1:SÆSON=SÆSON,2011-03-01,2579.0
DST:FIKS22:BRANCHE07=E:BELØB=1:SÆSON=SÆSON,2011-04-01,2308.0
DST:FIKS22:BRANCHE07=E:BELØB=1:SÆSON=SÆSON,2011-05-01,2522.0
DST:FIKS22:BRANCHE07=E:BELØB=1:SÆSON=SÆSON,2011-06-01,2580.0
DST:FIKS22:BRANCHE07=E:BELØB=1:SÆSON=SÆSON,2011-07-01,2598.0
DST:FIKS22:BRANCHE07=E:BELØB=1:SÆSON=SÆSON,2011-08-01,2559.0
DST:FIKS22:BRANCHE07=E:BELØB=1:SÆSON=SÆSON,2011-09-01,2722.0
DST:FIKS22:BRANCHE07=E:BELØB=1:SÆSON=SÆSON,2011-10-01,2507.0
DST:FIKS22:BRANCHE07=E:BELØB=1:SÆSON=SÆSON,2011-11-01,2559.0
DST:FIKS22:BRANCHE07=E:BELØB=1:SÆSON=SÆSON,2011-12-01,2463.0
DST:FIKS22:BRANCHE07=E:BELØB=1:SÆSON=SÆSON,2012-01-01,2508.0
DST:FIKS22:BRANCHE07=E:BELØB=1:SÆSON=SÆSON,2012-02-01,2495.0
DST:FIKS22:BRANCHE07=E:BELØB=1:SÆSON=SÆSON,2012-03-01,2592.0
DST:FIKS22:BRANCHE07=E:BELØB=1:SÆSON=SÆSON,2012-04-01,2503.0
DST:FIKS22:BRANCHE07=E:BELØB=1:SÆSON=SÆSON,2012-05-01,2606.0
DST:FIKS22:BRANCHE07=E:BELØB=1:SÆSON=SÆSON,2012-06-01,2473.0
DST:FIKS22:BRANCHE07=E:BELØB=1:SÆSON=SÆSON,2012-07-01,2538.0
DST:FIKS22:BRANCHE07=E:BELØB=1:SÆSON=SÆSON,2012-08-01,2538.0
DST:FIKS22:BRANCHE07=E:BELØB=1:SÆSON=SÆSON,2012-09-01,2456.0
DST:FIKS22:BRANCHE07=E:BELØB=1:SÆSON=SÆSON,2012-10-01,2456.0
DST:FIKS22:BRANCHE07=E:BELØB=1:SÆSON=SÆSON,2012-11-01,2539.0
DST:FIKS22:BRANCHE07=E:BELØB=1:SÆSON=SÆSON,2012-12-01,2477.0
DST:FIKS22:BRANCHE07=E:BELØB=1:SÆSON=SÆSON,2013-01-01,2030.0
DST:FIKS22:BRANCHE07=E:BELØB=1:SÆSON=SÆSON,2013-02-01,2560.0
DST:FIKS22:BRANCHE07=E:BELØB=1:SÆSON=SÆSON,2013-03-01,2418.0
DST:FIKS22:BRANCHE07=E:BELØB=1:SÆSON=SÆSON,2013-04-01,2801.0
DST:FIKS22:BRANCHE07=E:BELØB=1:SÆSON=SÆSON,2013-05-01,2396.0
DST:FIKS22:BRANCHE07=E:BELØB=1:SÆSON=SÆSON,2013-06-01,2120.0
DST:FIKS22:BRANCHE07=E:BELØB=1:SÆSON=SÆSON,2013-07-01,2345.0
DST:FIKS22:BRANCHE07=E:BELØB=1:SÆSON=SÆSON,2013-08-01,2512.0
DST:FIKS22:BRANCHE07=E:BELØB=1:SÆSON=SÆSON,2013-09-01,2414.0
DST:FIKS22:BRANCHE07=E:BELØB=1:SÆSON=SÆSON,2013-10-01,2440.0
DST:FIKS22:BRANCHE07=E:BELØB=1:SÆSON=SÆSON,2013-11-01,2423.0
DST:FIKS22:BRANCHE07=E:BELØB=1:SÆSON=SÆSON,2013-12-01,2469.0
DST:FIKS22:BRANCHE07=E:BELØB=1:SÆSON=SÆSON,2014-01-01,2372.0
DST:FIKS22:BRANCHE07=E:BELØB=1:SÆSON=SÆSON,2014-02-01,2388.0
DST:FIKS22:BRANCHE07=E:BELØB=1:SÆSON=SÆSON,2014-03-01,2691.0
DST:FIKS22:BRANCHE07=E:BELØB=1:SÆSON=SÆSON,2014-04-01,2576.0
DST:FIKS22:BRANCHE07=E:BELØB=1:SÆSON=SÆSON,2014-05-01,2222.0
DST:FIKS22:BRANCHE07=E:BELØB=1:SÆSON=SÆSON,2014-06-01,2497.0
DST:FIKS22:BRANCHE07=E:BELØB=1:SÆSON=SÆSON,2014-07-01,2496.0
DST:FIKS22:BRANCHE07=E:BELØB=1:SÆSON=SÆSON,2014-08-01,2392.0
DST:FIKS22:BRANCHE07=E:BELØB=1:SÆSON=SÆSON,2014-09-01,2763.0
DST:FIKS22:BRANCHE07=E:BELØB=1:SÆSON=SÆSON,2014-10-01,2600.0
DST:FIKS22:BRANCHE07=E:BELØB=1:SÆSON=SÆSON,2014-11-01,2410.0
DST:FIKS22:BRANCHE07=E:BELØB=1:SÆSON=SÆSON,2014-12-01,2471.0
DST:FIKS22:BRANCHE07=E:BELØB=1:SÆSON=SÆSON,2015-01-01,2546.0
DST:FIKS22:BRANCHE07=E:BELØB=1:SÆSON=SÆSON,2015-02-01,2571.0
DST:FIKS22:BRANCHE07=E:BELØB=1:SÆSON=SÆSON,2015-03-01,2479.0
DST:FIKS22:BRANCHE07=E:BELØB=1:SÆSON=SÆSON,2015-04-01,2393.0
DST:FIKS22:BRANCHE07=E:BELØB=1:SÆSON=SÆSON,2015-05-01,2477.0
DST:FIKS22:BRANCHE07=E:BELØB=1:SÆSON=SÆSON,2015-06-01,2455.0
DST:FIKS22:BRANCHE07=E:BELØB=1:SÆSON=SÆSON,2015-07-01,2571.0
DST:FIKS22:BRANCHE07=E:BELØB=1:SÆSON=SÆSON,2015-08-01,2496.0
DST:FIKS22:BRANCHE07=E:BELØB=1:SÆSON=SÆSON,2015-09-01,2486.0
DST:FIKS22:BRANCHE07=E:BELØB=1:SÆSON=SÆSON,2015-10-01,2411.0
DST:FIKS22:BRANCHE07=E:BELØB=1:SÆSON=SÆSON,2015-11-01,2548.0
DST:FIKS22:BRANCHE07=E:BELØB=1:SÆSON=SÆSON,2015-12-01,2455.0
DST:FIKS22:BRANCHE07=E:BELØB=1:SÆSON=SÆSON,2016-01-01,2433.0
DST:FIKS22:BRANCHE07=E:BELØB=1:SÆSON=SÆSON,2016-02-01,2492.0
DST:FIKS22:BRANCHE07=E:BELØB=1:SÆSON=SÆSON,2016-03-01,2401.0
DST:FIKS22:BRANCHE07=E:BELØB=1:SÆSON=SÆSON,2016-04-01,2472.0
DST:FIKS22:BRANCHE07=E:BELØB=1:SÆSON=SÆSON,2016-05-01,2418.0
DST:FIKS22:BRANCHE07=E:BELØB=1:SÆSON=SÆSON,2016-06-01,2471.0
DST:FIKS22:BRANCHE07=E:BELØB=1:SÆSON=SÆSON,2016-07-01,2374.0
DST:FIKS22:BRANCHE07=E:BELØB=1:SÆSON=SÆSON,2016-08-01,2485.0
DST:FIKS22:BRANCHE07=E:BELØB=1:SÆSON=SÆSON,2016-09-01,2542.0
DST:FIKS22:BRANCHE07=E:BELØB=1:SÆSON=SÆSON,2016-10-01,2486.0
DST:FIKS22:BRANCHE07=E:BELØB=1:SÆSON=SÆSON,2016-11-01,2558.0
DST:FIKS22:BRANCHE07=E:BELØB=1:SÆSON=SÆSON,2016-12-01,2570.0
DST:FIKS22:BRANCHE07=E:BELØB=1:SÆSON=SÆSON,2017-01-01,2510.0
DST:FIKS22:BRANCHE07=E:BELØB=1:SÆSON=SÆSON,2017-02-01,2479.0
DST:FIKS22:BRANCHE07=E:BELØB=1:SÆSON=SÆSON,2017-03-01,2587.0
DST:FIKS22:BRANCHE07=E:BELØB=1:SÆSON=SÆSON,2017-04-01,2625.0
DST:FIKS22:BRANCHE07=E:BELØB=1:SÆSON=SÆSON,2017-05-01,2573.0
DST:FIKS22:BRANCHE07=E:BELØB=1:SÆSON=SÆSON,2017-06-01,2528.0
DST:FIKS22:BRANCHE07=E:BELØB=1:SÆSON=SÆSON,2017-07-01,2530.0
DST:FIKS22:BRANCHE07=E:BELØB=1:SÆSON=SÆSON,2017-08-01,2655.0
DST:FIKS22:BRANCHE07=E:BELØB=1:SÆSON=SÆSON,2017-09-01,2564.0
DST:FIKS22:BRANCHE07=E:BELØB=1:SÆSON=SÆSON,2017-10-01,2502.0
DST:FIKS22:BRANCHE07=E:BELØB=1:SÆSON=SÆSON,2017-11-01,2807.0
DST:FIKS22:BRANCHE07=E:BELØB=1:SÆSON=SÆSON,2017-12-01,2574.0
DST:FIKS22:BRANCHE07=E:BELØB=1:SÆSON=SÆSON,2018-01-01,2690.0
DST:FIKS22:BRANCHE07=E:BELØB=1:SÆSON=SÆSON,2018-02-01,2571.0
DST:FIKS22:BRANCHE07=E:BELØB=1:SÆSON=SÆSON,2018-03-01,2655.0
DST:FIKS22:BRANCHE07=E:BELØB=1:SÆSON=SÆSON,2018-04-01,2616.0
DST:FIKS22:BRANCHE07=E:BELØB=1:SÆSON=SÆSON,2018-05-01,2655.0
DST:FIKS22:BRANCHE07=E:BELØB=1:SÆSON=SÆSON,2018-06-01,2742.0
DST:FIKS22:BRANCHE07=E:BELØB=1:SÆSON=SÆSON,2018-07-01,2720.0
DST:FIKS22:BRANCHE07=E:BELØB=1:SÆSON=SÆSON,2018-08-01,2694.0
DST:FIKS22:BRANCHE07=E:BELØB=1:SÆSON=SÆSON,2018-09-01,2745.0
DST:FIKS22:BRANCHE07=E:BELØB=1:SÆSON=SÆSON,2018-10-01,2781.0
DST:FIKS22:BRANCHE07=E:BELØB=1:SÆSON=SÆSON,2018-11-01,2767.0
DST:FIKS22:BRANCHE07=E:BELØB=1:SÆSON=SÆSON,2018-12-01,2832.0
DST:FIKS22:BRANCHE07=E:BELØB=1:SÆSON=SÆSON,2019-01-01,2718.0
DST:FIKS22:BRANCHE07=E:BELØB=1:SÆSON=SÆSON,2019-02-01,2880.0
DST:FIKS22:BRANCHE07=E:BELØB=1:SÆSON=SÆSON,2019-03-01,2835.0
DST:FIKS22:BRANCHE07=E:BELØB=1:SÆSON=SÆSON,2019-04-01,2767.0
DST:FIKS22:BRANCHE07=E:BELØB=1:SÆSON=SÆSON,2019-05-01,2851.0
DST:FIKS22:BRANCHE07=E:BELØB=1:SÆSON=SÆSON,2019-06-01,2760.0
DST:FIKS22:BRANCHE07=E:BELØB=1:SÆSON=SÆSON,2019-07-01,2741.0
DST:FIKS22:BRANCHE07=E:BELØB=1:SÆSON=SÆSON,2019-08-01,2722.0
DST:FIKS22:BRANCHE07=E:BELØB=1:SÆSON=SÆSON,2019-09-01,2942.0
DST:FIKS22:BRANCHE07=E:BELØB=1:SÆSON=SÆSON,2019-10-01,2708.0
DST:FIKS22:BRANCHE07=E:BELØB=1:SÆSON=SÆSON,2019-11-01,2638.0
DST:FIKS22:BRANCHE07=E:BELØB=1:SÆSON=SÆSON,2019-12-01,2764.0
DST:FIKS22:BRANCHE07=E:BELØB=1:SÆSON=SÆSON,2020-01-01,2734.0
DST:FIKS22:BRANCHE07=E:BELØB=1:SÆSON=SÆSON,2020-02-01,2893.0
DST:FIKS22:BRANCHE07=E:BELØB=1:SÆSON=SÆSON,2020-03-01,2659.0
DST:FIKS22:BRANCHE07=E:BELØB=1:SÆSON=SÆSON,2020-04-01,2752.0
DST:FIKS22:BRANCHE07=E:BELØB=1:SÆSON=SÆSON,2020-05-01,2708.0
DST:FIKS22:BRANCHE07=E:BELØB=1:SÆSON=SÆSON,2020-06-01,2760.0
DST:FIKS22:BRANCHE07=E:BELØB=1:SÆSON=SÆSON,2020-07-01,2973.0
DST:FIKS22:BRANCHE07=E:BELØB=1:SÆSON=SÆSON,2020-08-01,2987.0
DST:FIKS22:BRANCHE07=E:BELØB=1:SÆSON=SÆSON,2020-09-01,2930.0
DST:FIKS22:BRANCHE07=E:BELØB=1:SÆSON=SÆSON,2020-10-01,3025.0
DST:FIKS22:BRANCHE07=E:BELØB=1:SÆSON=SÆSON,2020-11-01,2972.0
DST:FIKS22:BRANCHE07=E:BELØB=1:SÆSON=SÆSON,2020-12-01,2878.0
DST:FIKS22:BRANCHE07=E:BELØB=1:SÆSON=SÆSON,2021-01-01,3059.0
DST:FIKS22:BRANCHE07=E:BELØB=1:SÆSON=SÆSON,2021-02-01,3309.0
DST:FIKS22:BRANCHE07=E:BELØB=1:SÆSON=SÆSON,2021-03-01,3119.0
DST:FIKS22:BRANCHE07=E:BELØB=1:SÆSON=SÆSON,2021-04-01,3128.0
DST:FIKS22:BRANCHE07=E:BELØB=1:SÆSON=SÆSON,2021-05-01,3182.0
DST:FIKS22:BRANCHE07=E:BELØB=1:SÆSON=SÆSON,2021-06-01,3217.0
DST:FIKS22:BRANCHE07=E:BELØB=1:SÆSON=SÆSON,2021-07-01,3062.0
DST:FIKS22:BRANCHE07=E:BELØB=1:SÆSON=SÆSON,2021-08-01,3234.0
DST:FIKS22:BRANCHE07=E:BELØB=1:SÆSON=SÆSON,2021-09-01,3194.0
DST:FIKS22:BRANCHE07=E:BELØB=1:SÆSON=SÆSON,2021-10-01,3241.0
DST:FIKS22:BRANCHE07=E:BELØB=1:SÆSON=SÆSON,2021-11-01,3352.0
DST:FIKS22:BRANCHE07=E:BELØB=1:SÆSON=SÆSON,2021-12-01,3205.0
DST:FIKS22:BRANCHE07=E:BELØB=1:SÆSON=SÆSON,2022-01-01,3251.0
DST:FIKS22:BRANCHE07=E:BELØB=1:SÆSON=SÆSON,2022-02-01,3184.0
DST:FIKS22:BRANCHE07=E:BELØB=1:SÆSON=SÆSON,2022-03-01,3356.0
DST:FIKS22:BRANCHE07=E:BELØB=1:SÆSON=SÆSON,2022-04-01,3330.0
DST:FIKS22:BRANCHE07=E:BELØB=1:SÆSON=SÆSON,2022-05-01,3297.0
DST:FIKS22:BRANCHE07=E:BELØB=1:SÆSON=SÆSON,2022-06-01,3282.0
DST:FIKS22:BRANCHE07=E:BELØB=1:SÆSON=SÆSON,2022-07-01,3348.0
DST:FIKS22:BRANCHE07=E:BELØB=1:SÆSON=SÆSON,2022-08-01,3153.0
DST:FIKS22:BRANCHE07=E:BELØB=1:SÆSON=SÆSON,2022-09-01,3264.0
DST:FIKS22:BRANCHE07=E:BELØB=1:SÆSON=SÆSON,2022-10-01,3168.0
DST:FIKS22:BRANCHE07=E:BELØB=1:SÆSON=SÆSON,2022-11-01,3238.0
DST:FIKS22:BRANCHE07=E:BELØB=1:SÆSON=SÆSON,2022-12-01,3159.0
DST:FIKS22:BRANCHE07=E:BELØB=1:SÆSON=SÆSON,2023-01-01,3156.0
DST:FIKS22:BRANCHE07=E:BELØB=1:SÆSON=SÆSON,2023-02-01,3233.0
DST:FIKS22:BRANCHE07=E:BELØB=1:SÆSON=SÆSON,2023-03-01,3177.0
DST:FIKS22:BRANCHE07=E:BELØB=1:SÆSON=SÆSON,2023-04-01,3149.0
DST:FIKS22:BRANCHE07=E:BELØB=1:SÆSON=SÆSON,2023-05-01,3096.0
DST:FIKS22:BRANCHE07=E:BELØB=1:SÆSON=SÆSON,2023-06-01,3398.0
DST:FIKS22:BRANCHE07=E:BELØB=1:SÆSON=SÆSON,2023-07-01,3133.0
DST:FIKS22:BRANCHE07=E:BELØB=1:SÆSON=SÆSON,2023-08-01,3394.0
DST:FIKS22:BRANCHE07=E:BELØB=1:SÆSON=SÆSON,2023-09-01,3248.0
DST:FIKS22:BRANCHE07=E:BELØB=1:SÆSON=SÆSON,2023-10-01,3395.0
DST:FIKS22:BRANCHE07=E:BELØB=1:SÆSON=SÆSON,2023-11-01,3444.0
DST:FIKS22:BRANCHE07=E:BELØB=1:SÆSON=SÆSON,2023-12-01,3186.0
DST:FIKS22:BRANCHE07=E:BELØB=1:SÆSON=SÆSON,2024-01-01,3551.0
DST:FIKS22:BRANCHE07=E:BELØB=1:SÆSON=SÆSON,2024-02-01,3532.0
DST:FIKS22:BRANCHE07=E:BELØB=1:SÆSON=SÆSON,2024-03-01,5136.0
DST:FIKS22:BRANCHE07=E:BELØB=1:SÆSON=SÆSON,2024-04-01,3767.0
DST:FIKS22:BRANCHE07=E:BELØB=1:SÆSON=SÆSON,2024-05-01,3587.0
DST:FIKS22:BRANCHE07=E:BELØB=1:SÆSON=SÆSON,2024-06-01,3496.0
DST:FIKS22:BRANCHE07=E:BELØB=1:SÆSON=SÆSON,2024-07-01,3717.0
DST:FIKS22:BRANCHE07=E:BELØB=1:SÆSON=SÆSON,2024-08-01,3563.0
DST:FIKS22:BRANCHE07=E:BELØB=1:SÆSON=SÆSON,2024-09-01,3607.0
DST:FIKS22:BRANCHE07=E:BELØB=1:SÆSON=SÆSON,2024-10-01,2729.0
DST:FIKS22:BRANCHE07=E:BELØB=1:SÆSON=SÆSON,2024-11-01,3560.0
DST:FIKS22:BRANCHE07=E:BELØB=1:SÆSON=SÆSON,2024-12-01,3654.0
DST:FIKS22:BRANCHE07=E:BELØB=1:SÆSON=SÆSON,2025-01-01,3823.0
DST:FIKS22:BRANCHE07=E:BELØB=1:SÆSON=SÆSON,2025-02-01,3557.0
DST:FIKS22:BRANCHE07=E:BELØB=1:SÆSON=SÆSON,2025-03-01,3544.0
DST:FIKS22:BRANCHE07=E:BELØB=1:SÆSON=SÆSON,2025-04-01,3608.0
DST:FIKS22:BRANCHE07=E:BELØB=1:SÆSON=SÆSON,2025-05-01,3790.0
DST:FIKS22:BRANCHE07=E:BELØB=1:SÆSON=SÆSON,2025-06-01,3695.0
DST:FIKS22:BRANCHE07=E:BELØB=1:SÆSON=SÆSON,2025-07-01,3719.0
DST:FIKS22:BRANCHE07=E:BELØB=1:SÆSON=SÆSON,2025-08-01,3721.0
DST:FIKS22:BRANCHE07=E:BELØB=1:SÆSON=SÆSON,2025-09-01,3834.0
DST:FIKS22:BRANCHE07=E:BELØB=1:SÆSON=SÆSON,2025-10-01,3863.0
DST:FIKS22:BRANCHE07=E:BELØB=1:SÆSON=SÆSON,2025-11-01,3874.0
DST:FIKS22:BRANCHE07=E:BELØB=1:SÆSON=SÆSON,2025-12-01,4008.0
DST:FIKS22:BRANCHE07=E:BELØB=1:SÆSON=SÆSON,2026-01-01,4076.0
DST:FIKS22:BRANCHE07=E:BELØB=1:SÆSON=SÆSON,2026-02-01,4154.0
DST:FIKS22:BRANCHE07=E:BELØB=1:SÆSON=SÆSON,2026-03-01,4291.0
DST:FIKS22:BRANCHE07=E:BELØB=3:SÆSON=EJSÆSON,2009-01-01,1171.0
DST:FIKS22:BRANCHE07=E:BELØB=3:SÆSON=EJSÆSON,2009-02-01,1312.0
DST:FIKS22:BRANCHE07=E:BELØB=3:SÆSON=EJSÆSON,2009-03-01,1390.0
DST:FIKS22:BRANCHE07=E:BELØB=3:SÆSON=EJSÆSON,2009-04-01,1385.0
DST:FIKS22:BRANCHE07=E:BELØB=3:SÆSON=EJSÆSON,2009-05-01,1246.0
DST:FIKS22:BRANCHE07=E:BELØB=3:SÆSON=EJSÆSON,2009-06-01,1539.0
DST:FIKS22:BRANCHE07=E:BELØB=3:SÆSON=EJSÆSON,2009-07-01,1378.0
DST:FIKS22:BRANCHE07=E:BELØB=3:SÆSON=EJSÆSON,2009-08-01,1422.0
DST:FIKS22:BRANCHE07=E:BELØB=3:SÆSON=EJSÆSON,2009-09-01,1746.0
DST:FIKS22:BRANCHE07=E:BELØB=3:SÆSON=EJSÆSON,2009-10-01,1561.0
DST:FIKS22:BRANCHE07=E:BELØB=3:SÆSON=EJSÆSON,2009-11-01,1386.0
DST:FIKS22:BRANCHE07=E:BELØB=3:SÆSON=EJSÆSON,2009-12-01,1900.0
DST:FIKS22:BRANCHE07=E:BELØB=3:SÆSON=EJSÆSON,2010-01-01,1089.0
DST:FIKS22:BRANCHE07=E:BELØB=3:SÆSON=EJSÆSON,2010-02-01,1393.0
DST:FIKS22:BRANCHE07=E:BELØB=3:SÆSON=EJSÆSON,2010-03-01,1673.0
DST:FIKS22:BRANCHE07=E:BELØB=3:SÆSON=EJSÆSON,2010-04-01,1823.0
DST:FIKS22:BRANCHE07=E:BELØB=3:SÆSON=EJSÆSON,2010-05-01,1997.0
DST:FIKS22:BRANCHE07=E:BELØB=3:SÆSON=EJSÆSON,2010-06-01,2172.0
DST:FIKS22:BRANCHE07=E:BELØB=3:SÆSON=EJSÆSON,2010-07-01,1859.0
DST:FIKS22:BRANCHE07=E:BELØB=3:SÆSON=EJSÆSON,2010-08-01,1867.0
DST:FIKS22:BRANCHE07=E:BELØB=3:SÆSON=EJSÆSON,2010-09-01,2265.0
DST:FIKS22:BRANCHE07=E:BELØB=3:SÆSON=EJSÆSON,2010-10-01,2176.0
DST:FIKS22:BRANCHE07=E:BELØB=3:SÆSON=EJSÆSON,2010-11-01,2286.0
DST:FIKS22:BRANCHE07=E:BELØB=3:SÆSON=EJSÆSON,2010-12-01,2953.0
DST:FIKS22:BRANCHE07=E:BELØB=3:SÆSON=EJSÆSON,2011-01-01,1554.0
DST:FIKS22:BRANCHE07=E:BELØB=3:SÆSON=EJSÆSON,2011-02-01,1913.0
DST:FIKS22:BRANCHE07=E:BELØB=3:SÆSON=EJSÆSON,2011-03-01,2216.0
DST:FIKS22:BRANCHE07=E:BELØB=3:SÆSON=EJSÆSON,2011-04-01,2123.0
DST:FIKS22:BRANCHE07=E:BELØB=3:SÆSON=EJSÆSON,2011-05-01,2110.0
DST:FIKS22:BRANCHE07=E:BELØB=3:SÆSON=EJSÆSON,2011-06-01,2564.0
DST:FIKS22:BRANCHE07=E:BELØB=3:SÆSON=EJSÆSON,2011-07-01,1938.0
DST:FIKS22:BRANCHE07=E:BELØB=3:SÆSON=EJSÆSON,2011-08-01,2374.0
DST:FIKS22:BRANCHE07=E:BELØB=3:SÆSON=EJSÆSON,2011-09-01,2535.0
DST:FIKS22:BRANCHE07=E:BELØB=3:SÆSON=EJSÆSON,2011-10-01,2521.0
DST:FIKS22:BRANCHE07=E:BELØB=3:SÆSON=EJSÆSON,2011-11-01,2360.0
DST:FIKS22:BRANCHE07=E:BELØB=3:SÆSON=EJSÆSON,2011-12-01,3320.0
DST:FIKS22:BRANCHE07=E:BELØB=3:SÆSON=EJSÆSON,2012-01-01,1960.0
DST:FIKS22:BRANCHE07=E:BELØB=3:SÆSON=EJSÆSON,2012-02-01,1880.0
DST:FIKS22:BRANCHE07=E:BELØB=3:SÆSON=EJSÆSON,2012-03-01,2338.0
DST:FIKS22:BRANCHE07=E:BELØB=3:SÆSON=EJSÆSON,2012-04-01,2127.0
DST:FIKS22:BRANCHE07=E:BELØB=3:SÆSON=EJSÆSON,2012-05-01,2497.0
DST:FIKS22:BRANCHE07=E:BELØB=3:SÆSON=EJSÆSON,2012-06-01,2627.0
DST:FIKS22:BRANCHE07=E:BELØB=3:SÆSON=EJSÆSON,2012-07-01,1956.0
DST:FIKS22:BRANCHE07=E:BELØB=3:SÆSON=EJSÆSON,2012-08-01,2121.0
DST:FIKS22:BRANCHE07=E:BELØB=3:SÆSON=EJSÆSON,2012-09-01,2383.0
DST:FIKS22:BRANCHE07=E:BELØB=3:SÆSON=EJSÆSON,2012-10-01,2551.0
DST:FIKS22:BRANCHE07=E:BELØB=3:SÆSON=EJSÆSON,2012-11-01,2266.0
DST:FIKS22:BRANCHE07=E:BELØB=3:SÆSON=EJSÆSON,2012-12-01,2878.0
DST:FIKS22:BRANCHE07=E:BELØB=3:SÆSON=EJSÆSON,2013-01-01,1638.0
DST:FIKS22:BRANCHE07=E:BELØB=3:SÆSON=EJSÆSON,2013-02-01,1781.0
DST:FIKS22:BRANCHE07=E:BELØB=3:SÆSON=EJSÆSON,2013-03-01,1878.0
DST:FIKS22:BRANCHE07=E:BELØB=3:SÆSON=EJSÆSON,2013-04-01,1987.0
DST:FIKS22:BRANCHE07=E:BELØB=3:SÆSON=EJSÆSON,2013-05-01,2178.0
DST:FIKS22:BRANCHE07=E:BELØB=3:SÆSON=EJSÆSON,2013-06-01,2201.0
DST:FIKS22:BRANCHE07=E:BELØB=3:SÆSON=EJSÆSON,2013-07-01,2027.0
DST:FIKS22:BRANCHE07=E:BELØB=3:SÆSON=EJSÆSON,2013-08-01,2054.0
DST:FIKS22:BRANCHE07=E:BELØB=3:SÆSON=EJSÆSON,2013-09-01,2281.0
DST:FIKS22:BRANCHE07=E:BELØB=3:SÆSON=EJSÆSON,2013-10-01,2359.0
DST:FIKS22:BRANCHE07=E:BELØB=3:SÆSON=EJSÆSON,2013-11-01,2275.0
DST:FIKS22:BRANCHE07=E:BELØB=3:SÆSON=EJSÆSON,2013-12-01,3041.0
DST:FIKS22:BRANCHE07=E:BELØB=3:SÆSON=EJSÆSON,2014-01-01,1790.0
DST:FIKS22:BRANCHE07=E:BELØB=3:SÆSON=EJSÆSON,2014-02-01,2049.0
DST:FIKS22:BRANCHE07=E:BELØB=3:SÆSON=EJSÆSON,2014-03-01,2078.0
DST:FIKS22:BRANCHE07=E:BELØB=3:SÆSON=EJSÆSON,2014-04-01,2362.0
DST:FIKS22:BRANCHE07=E:BELØB=3:SÆSON=EJSÆSON,2014-05-01,2063.0
DST:FIKS22:BRANCHE07=E:BELØB=3:SÆSON=EJSÆSON,2014-06-01,2287.0
DST:FIKS22:BRANCHE07=E:BELØB=3:SÆSON=EJSÆSON,2014-07-01,1874.0
DST:FIKS22:BRANCHE07=E:BELØB=3:SÆSON=EJSÆSON,2014-08-01,2027.0
DST:FIKS22:BRANCHE07=E:BELØB=3:SÆSON=EJSÆSON,2014-09-01,2418.0
DST:FIKS22:BRANCHE07=E:BELØB=3:SÆSON=EJSÆSON,2014-10-01,2305.0
DST:FIKS22:BRANCHE07=E:BELØB=3:SÆSON=EJSÆSON,2014-11-01,2061.0
DST:FIKS22:BRANCHE07=E:BELØB=3:SÆSON=EJSÆSON,2014-12-01,2675.0
DST:FIKS22:BRANCHE07=E:BELØB=3:SÆSON=EJSÆSON,2015-01-01,1770.0
DST:FIKS22:BRANCHE07=E:BELØB=3:SÆSON=EJSÆSON,2015-02-01,1880.0
DST:FIKS22:BRANCHE07=E:BELØB=3:SÆSON=EJSÆSON,2015-03-01,2003.0
DST:FIKS22:BRANCHE07=E:BELØB=3:SÆSON=EJSÆSON,2015-04-01,2056.0
DST:FIKS22:BRANCHE07=E:BELØB=3:SÆSON=EJSÆSON,2015-05-01,2111.0
DST:FIKS22:BRANCHE07=E:BELØB=3:SÆSON=EJSÆSON,2015-06-01,2404.0
DST:FIKS22:BRANCHE07=E:BELØB=3:SÆSON=EJSÆSON,2015-07-01,1795.0
DST:FIKS22:BRANCHE07=E:BELØB=3:SÆSON=EJSÆSON,2015-08-01,1898.0
DST:FIKS22:BRANCHE07=E:BELØB=3:SÆSON=EJSÆSON,2015-09-01,2468.0
DST:FIKS22:BRANCHE07=E:BELØB=3:SÆSON=EJSÆSON,2015-10-01,2193.0
DST:FIKS22:BRANCHE07=E:BELØB=3:SÆSON=EJSÆSON,2015-11-01,2334.0
DST:FIKS22:BRANCHE07=E:BELØB=3:SÆSON=EJSÆSON,2015-12-01,3100.0
DST:FIKS22:BRANCHE07=E:BELØB=3:SÆSON=EJSÆSON,2016-01-01,1562.0
DST:FIKS22:BRANCHE07=E:BELØB=3:SÆSON=EJSÆSON,2016-02-01,1851.0
DST:FIKS22:BRANCHE07=E:BELØB=3:SÆSON=EJSÆSON,2016-03-01,1877.0
DST:FIKS22:BRANCHE07=E:BELØB=3:SÆSON=EJSÆSON,2016-04-01,2010.0
DST:FIKS22:BRANCHE07=E:BELØB=3:SÆSON=EJSÆSON,2016-05-01,2079.0
DST:FIKS22:BRANCHE07=E:BELØB=3:SÆSON=EJSÆSON,2016-06-01,2506.0
DST:FIKS22:BRANCHE07=E:BELØB=3:SÆSON=EJSÆSON,2016-07-01,1780.0
DST:FIKS22:BRANCHE07=E:BELØB=3:SÆSON=EJSÆSON,2016-08-01,2097.0
DST:FIKS22:BRANCHE07=E:BELØB=3:SÆSON=EJSÆSON,2016-09-01,2305.0
DST:FIKS22:BRANCHE07=E:BELØB=3:SÆSON=EJSÆSON,2016-10-01,2207.0
DST:FIKS22:BRANCHE07=E:BELØB=3:SÆSON=EJSÆSON,2016-11-01,2194.0
DST:FIKS22:BRANCHE07=E:BELØB=3:SÆSON=EJSÆSON,2016-12-01,3507.0
DST:FIKS22:BRANCHE07=E:BELØB=3:SÆSON=EJSÆSON,2017-01-01,1740.0
DST:FIKS22:BRANCHE07=E:BELØB=3:SÆSON=EJSÆSON,2017-02-01,1769.0
DST:FIKS22:BRANCHE07=E:BELØB=3:SÆSON=EJSÆSON,2017-03-01,2270.0
DST:FIKS22:BRANCHE07=E:BELØB=3:SÆSON=EJSÆSON,2017-04-01,1860.0
DST:FIKS22:BRANCHE07=E:BELØB=3:SÆSON=EJSÆSON,2017-05-01,2032.0
DST:FIKS22:BRANCHE07=E:BELØB=3:SÆSON=EJSÆSON,2017-06-01,2427.0
DST:FIKS22:BRANCHE07=E:BELØB=3:SÆSON=EJSÆSON,2017-07-01,1672.0
DST:FIKS22:BRANCHE07=E:BELØB=3:SÆSON=EJSÆSON,2017-08-01,2128.0
DST:FIKS22:BRANCHE07=E:BELØB=3:SÆSON=EJSÆSON,2017-09-01,2220.0
DST:FIKS22:BRANCHE07=E:BELØB=3:SÆSON=EJSÆSON,2017-10-01,2018.0
DST:FIKS22:BRANCHE07=E:BELØB=3:SÆSON=EJSÆSON,2017-11-01,2488.0
DST:FIKS22:BRANCHE07=E:BELØB=3:SÆSON=EJSÆSON,2017-12-01,3071.0
DST:FIKS22:BRANCHE07=E:BELØB=3:SÆSON=EJSÆSON,2018-01-01,1751.0
DST:FIKS22:BRANCHE07=E:BELØB=3:SÆSON=EJSÆSON,2018-02-01,1821.0
DST:FIKS22:BRANCHE07=E:BELØB=3:SÆSON=EJSÆSON,2018-03-01,2070.0
DST:FIKS22:BRANCHE07=E:BELØB=3:SÆSON=EJSÆSON,2018-04-01,2028.0
DST:FIKS22:BRANCHE07=E:BELØB=3:SÆSON=EJSÆSON,2018-05-01,2226.0
DST:FIKS22:BRANCHE07=E:BELØB=3:SÆSON=EJSÆSON,2018-06-01,2448.0
DST:FIKS22:BRANCHE07=E:BELØB=3:SÆSON=EJSÆSON,2018-07-01,1937.0
DST:FIKS22:BRANCHE07=E:BELØB=3:SÆSON=EJSÆSON,2018-08-01,2140.0
DST:FIKS22:BRANCHE07=E:BELØB=3:SÆSON=EJSÆSON,2018-09-01,2292.0
DST:FIKS22:BRANCHE07=E:BELØB=3:SÆSON=EJSÆSON,2018-10-01,2403.0
DST:FIKS22:BRANCHE07=E:BELØB=3:SÆSON=EJSÆSON,2018-11-01,2485.0
DST:FIKS22:BRANCHE07=E:BELØB=3:SÆSON=EJSÆSON,2018-12-01,3127.0
DST:FIKS22:BRANCHE07=E:BELØB=3:SÆSON=EJSÆSON,2019-01-01,1695.0
DST:FIKS22:BRANCHE07=E:BELØB=3:SÆSON=EJSÆSON,2019-02-01,2090.0
DST:FIKS22:BRANCHE07=E:BELØB=3:SÆSON=EJSÆSON,2019-03-01,2291.0
DST:FIKS22:BRANCHE07=E:BELØB=3:SÆSON=EJSÆSON,2019-04-01,2264.0
DST:FIKS22:BRANCHE07=E:BELØB=3:SÆSON=EJSÆSON,2019-05-01,2285.0
DST:FIKS22:BRANCHE07=E:BELØB=3:SÆSON=EJSÆSON,2019-06-01,2323.0
DST:FIKS22:BRANCHE07=E:BELØB=3:SÆSON=EJSÆSON,2019-07-01,2036.0
DST:FIKS22:BRANCHE07=E:BELØB=3:SÆSON=EJSÆSON,2019-08-01,2146.0
DST:FIKS22:BRANCHE07=E:BELØB=3:SÆSON=EJSÆSON,2019-09-01,2360.0
DST:FIKS22:BRANCHE07=E:BELØB=3:SÆSON=EJSÆSON,2019-10-01,2417.0
DST:FIKS22:BRANCHE07=E:BELØB=3:SÆSON=EJSÆSON,2019-11-01,2417.0
DST:FIKS22:BRANCHE07=E:BELØB=3:SÆSON=EJSÆSON,2019-12-01,2983.0
DST:FIKS22:BRANCHE07=E:BELØB=3:SÆSON=EJSÆSON,2020-01-01,2001.0
DST:FIKS22:BRANCHE07=E:BELØB=3:SÆSON=EJSÆSON,2020-02-01,1983.0
DST:FIKS22:BRANCHE07=E:BELØB=3:SÆSON=EJSÆSON,2020-03-01,2534.0
DST:FIKS22:BRANCHE07=E:BELØB=3:SÆSON=EJSÆSON,2020-04-01,2279.0
DST:FIKS22:BRANCHE07=E:BELØB=3:SÆSON=EJSÆSON,2020-05-01,2300.0
DST:FIKS22:BRANCHE07=E:BELØB=3:SÆSON=EJSÆSON,2020-06-01,2563.0
DST:FIKS22:BRANCHE07=E:BELØB=3:SÆSON=EJSÆSON,2020-07-01,2182.0
DST:FIKS22:BRANCHE07=E:BELØB=3:SÆSON=EJSÆSON,2020-08-01,2278.0
DST:FIKS22:BRANCHE07=E:BELØB=3:SÆSON=EJSÆSON,2020-09-01,2661.0
DST:FIKS22:BRANCHE07=E:BELØB=3:SÆSON=EJSÆSON,2020-10-01,2683.0
DST:FIKS22:BRANCHE07=E:BELØB=3:SÆSON=EJSÆSON,2020-11-01,2659.0
DST:FIKS22:BRANCHE07=E:BELØB=3:SÆSON=EJSÆSON,2020-12-01,3345.0
DST:FIKS22:BRANCHE07=E:BELØB=3:SÆSON=EJSÆSON,2021-01-01,2128.0
DST:FIKS22:BRANCHE07=E:BELØB=3:SÆSON=EJSÆSON,2021-02-01,2367.0
DST:FIKS22:BRANCHE07=E:BELØB=3:SÆSON=EJSÆSON,2021-03-01,2831.0
DST:FIKS22:BRANCHE07=E:BELØB=3:SÆSON=EJSÆSON,2021-04-01,2607.0
DST:FIKS22:BRANCHE07=E:BELØB=3:SÆSON=EJSÆSON,2021-05-01,2642.0
DST:FIKS22:BRANCHE07=E:BELØB=3:SÆSON=EJSÆSON,2021-06-01,3028.0
DST:FIKS22:BRANCHE07=E:BELØB=3:SÆSON=EJSÆSON,2021-07-01,2434.0
DST:FIKS22:BRANCHE07=E:BELØB=3:SÆSON=EJSÆSON,2021-08-01,2540.0
DST:FIKS22:BRANCHE07=E:BELØB=3:SÆSON=EJSÆSON,2021-09-01,3144.0
DST:FIKS22:BRANCHE07=E:BELØB=3:SÆSON=EJSÆSON,2021-10-01,2946.0
DST:FIKS22:BRANCHE07=E:BELØB=3:SÆSON=EJSÆSON,2021-11-01,2990.0
DST:FIKS22:BRANCHE07=E:BELØB=3:SÆSON=EJSÆSON,2021-12-01,3850.0
DST:FIKS22:BRANCHE07=E:BELØB=3:SÆSON=EJSÆSON,2022-01-01,2591.0
DST:FIKS22:BRANCHE07=E:BELØB=3:SÆSON=EJSÆSON,2022-02-01,2649.0
DST:FIKS22:BRANCHE07=E:BELØB=3:SÆSON=EJSÆSON,2022-03-01,3294.0
DST:FIKS22:BRANCHE07=E:BELØB=3:SÆSON=EJSÆSON,2022-04-01,3224.0
DST:FIKS22:BRANCHE07=E:BELØB=3:SÆSON=EJSÆSON,2022-05-01,2906.0
DST:FIKS22:BRANCHE07=E:BELØB=3:SÆSON=EJSÆSON,2022-06-01,3353.0
DST:FIKS22:BRANCHE07=E:BELØB=3:SÆSON=EJSÆSON,2022-07-01,2383.0
DST:FIKS22:BRANCHE07=E:BELØB=3:SÆSON=EJSÆSON,2022-08-01,2925.0
DST:FIKS22:BRANCHE07=E:BELØB=3:SÆSON=EJSÆSON,2022-09-01,3459.0
DST:FIKS22:BRANCHE07=E:BELØB=3:SÆSON=EJSÆSON,2022-10-01,3214.0
DST:FIKS22:BRANCHE07=E:BELØB=3:SÆSON=EJSÆSON,2022-11-01,3136.0
DST:FIKS22:BRANCHE07=E:BELØB=3:SÆSON=EJSÆSON,2022-12-01,4258.0
DST:FIKS22:BRANCHE07=E:BELØB=3:SÆSON=EJSÆSON,2023-01-01,2743.0
DST:FIKS22:BRANCHE07=E:BELØB=3:SÆSON=EJSÆSON,2023-02-01,2831.0
DST:FIKS22:BRANCHE07=E:BELØB=3:SÆSON=EJSÆSON,2023-03-01,3398.0
DST:FIKS22:BRANCHE07=E:BELØB=3:SÆSON=EJSÆSON,2023-04-01,2895.0
DST:FIKS22:BRANCHE07=E:BELØB=3:SÆSON=EJSÆSON,2023-05-01,2888.0
DST:FIKS22:BRANCHE07=E:BELØB=3:SÆSON=EJSÆSON,2023-06-01,3477.0
DST:FIKS22:BRANCHE07=E:BELØB=3:SÆSON=EJSÆSON,2023-07-01,2587.0
DST:FIKS22:BRANCHE07=E:BELØB=3:SÆSON=EJSÆSON,2023-08-01,2762.0
DST:FIKS22:BRANCHE07=E:BELØB=3:SÆSON=EJSÆSON,2023-09-01,3322.0
DST:FIKS22:BRANCHE07=E:BELØB=3:SÆSON=EJSÆSON,2023-10-01,3376.0
DST:FIKS22:BRANCHE07=E:BELØB=3:SÆSON=EJSÆSON,2023-11-01,3361.0
DST:FIKS22:BRANCHE07=E:BELØB=3:SÆSON=EJSÆSON,2023-12-01,3723.0
DST:FIKS22:BRANCHE07=E:BELØB=3:SÆSON=EJSÆSON,2024-01-01,2800.0
DST:FIKS22:BRANCHE07=E:BELØB=3:SÆSON=EJSÆSON,2024-02-01,3034.0
DST:FIKS22:BRANCHE07=E:BELØB=3:SÆSON=EJSÆSON,2024-03-01,3081.0
DST:FIKS22:BRANCHE07=E:BELØB=3:SÆSON=EJSÆSON,2024-04-01,3505.0
DST:FIKS22:BRANCHE07=E:BELØB=3:SÆSON=EJSÆSON,2024-05-01,3149.0
DST:FIKS22:BRANCHE07=E:BELØB=3:SÆSON=EJSÆSON,2024-06-01,3647.0
DST:FIKS22:BRANCHE07=E:BELØB=3:SÆSON=EJSÆSON,2024-07-01,2926.0
DST:FIKS22:BRANCHE07=E:BELØB=3:SÆSON=EJSÆSON,2024-08-01,3235.0
DST:FIKS22:BRANCHE07=E:BELØB=3:SÆSON=EJSÆSON,2024-09-01,3619.0
DST:FIKS22:BRANCHE07=E:BELØB=3:SÆSON=EJSÆSON,2024-10-01,3238.0
DST:FIKS22:BRANCHE07=E:BELØB=3:SÆSON=EJSÆSON,2024-11-01,3426.0
DST:FIKS22:BRANCHE07=E:BELØB=3:SÆSON=EJSÆSON,2024-12-01,4321.0
DST:FIKS22:BRANCHE07=E:BELØB=3:SÆSON=EJSÆSON,2025-01-01,3005.0
DST:FIKS22:BRANCHE07=E:BELØB=3:SÆSON=EJSÆSON,2025-02-01,2962.0
DST:FIKS22:BRANCHE07=E:BELØB=3:SÆSON=EJSÆSON,2025-03-01,3407.0
DST:FIKS22:BRANCHE07=E:BELØB=3:SÆSON=EJSÆSON,2025-04-01,3517.0
DST:FIKS22:BRANCHE07=E:BELØB=3:SÆSON=EJSÆSON,2025-05-01,3119.0
DST:FIKS22:BRANCHE07=E:BELØB=3:SÆSON=EJSÆSON,2025-06-01,4001.0
DST:FIKS22:BRANCHE07=E:BELØB=3:SÆSON=EJSÆSON,2025-07-01,3053.0
DST:FIKS22:BRANCHE07=E:BELØB=3:SÆSON=EJSÆSON,2025-08-01,3130.0
DST:FIKS22:BRANCHE07=E:BELØB=3:SÆSON=EJSÆSON,2025-09-01,3611.0
DST:FIKS22:BRANCHE07=E:BELØB=3:SÆSON=EJSÆSON,2025-10-01,3856.0
DST:FIKS22:BRANCHE07=E:BELØB=3:SÆSON=EJSÆSON,2025-11-01,3385.0
DST:FIKS22:BRANCHE07=E:BELØB=3:SÆSON=EJSÆSON,2025-12-01,5235.0
DST:FIKS22:BRANCHE07=E:BELØB=3:SÆSON=EJSÆSON,2026-01-01,2932.0
DST:FIKS22:BRANCHE07=E:BELØB=3:SÆSON=EJSÆSON,2026-02-01,3199.0
DST:FIKS22:BRANCHE07=E:BELØB=3:SÆSON=EJSÆSON,2026-03-01,3819.0
DST:FIKS22:BRANCHE07=E:BELØB=3:SÆSON=SÆSON,2009-01-01,1500.0
DST:FIKS22:BRANCHE07=E:BELØB=3:SÆSON=SÆSON,2009-02-01,1461.0
DST:FIKS22:BRANCHE07=E:BELØB=3:SÆSON=SÆSON,2009-03-01,1427.0
DST:FIKS22:BRANCHE07=E:BELØB=3:SÆSON=SÆSON,2009-04-01,1478.0
DST:FIKS22:BRANCHE07=E:BELØB=3:SÆSON=SÆSON,2009-05-01,1307.0
DST:FIKS22:BRANCHE07=E:BELØB=3:SÆSON=SÆSON,2009-06-01,1453.0
DST:FIKS22:BRANCHE07=E:BELØB=3:SÆSON=SÆSON,2009-07-01,1513.0
DST:FIKS22:BRANCHE07=E:BELØB=3:SÆSON=SÆSON,2009-08-01,1527.0
DST:FIKS22:BRANCHE07=E:BELØB=3:SÆSON=SÆSON,2009-09-01,1544.0
DST:FIKS22:BRANCHE07=E:BELØB=3:SÆSON=SÆSON,2009-10-01,1433.0
DST:FIKS22:BRANCHE07=E:BELØB=3:SÆSON=SÆSON,2009-11-01,1432.0
DST:FIKS22:BRANCHE07=E:BELØB=3:SÆSON=SÆSON,2009-12-01,1434.0
DST:FIKS22:BRANCHE07=E:BELØB=3:SÆSON=SÆSON,2010-01-01,1471.0
DST:FIKS22:BRANCHE07=E:BELØB=3:SÆSON=SÆSON,2010-02-01,1558.0
DST:FIKS22:BRANCHE07=E:BELØB=3:SÆSON=SÆSON,2010-03-01,1708.0
DST:FIKS22:BRANCHE07=E:BELØB=3:SÆSON=SÆSON,2010-04-01,1960.0
DST:FIKS22:BRANCHE07=E:BELØB=3:SÆSON=SÆSON,2010-05-01,2089.0
DST:FIKS22:BRANCHE07=E:BELØB=3:SÆSON=SÆSON,2010-06-01,1910.0
DST:FIKS22:BRANCHE07=E:BELØB=3:SÆSON=SÆSON,2010-07-01,2077.0
DST:FIKS22:BRANCHE07=E:BELØB=3:SÆSON=SÆSON,2010-08-01,1970.0
DST:FIKS22:BRANCHE07=E:BELØB=3:SÆSON=SÆSON,2010-09-01,2048.0
DST:FIKS22:BRANCHE07=E:BELØB=3:SÆSON=SÆSON,2010-10-01,2053.0
DST:FIKS22:BRANCHE07=E:BELØB=3:SÆSON=SÆSON,2010-11-01,2245.0
DST:FIKS22:BRANCHE07=E:BELØB=3:SÆSON=SÆSON,2010-12-01,2077.0
DST:FIKS22:BRANCHE07=E:BELØB=3:SÆSON=SÆSON,2011-01-01,2062.0
DST:FIKS22:BRANCHE07=E:BELØB=3:SÆSON=SÆSON,2011-02-01,2147.0
DST:FIKS22:BRANCHE07=E:BELØB=3:SÆSON=SÆSON,2011-03-01,2217.0
DST:FIKS22:BRANCHE07=E:BELØB=3:SÆSON=SÆSON,2011-04-01,2241.0
DST:FIKS22:BRANCHE07=E:BELØB=3:SÆSON=SÆSON,2011-05-01,2126.0
DST:FIKS22:BRANCHE07=E:BELØB=3:SÆSON=SÆSON,2011-06-01,2396.0
DST:FIKS22:BRANCHE07=E:BELØB=3:SÆSON=SÆSON,2011-07-01,2245.0
DST:FIKS22:BRANCHE07=E:BELØB=3:SÆSON=SÆSON,2011-08-01,2422.0
DST:FIKS22:BRANCHE07=E:BELØB=3:SÆSON=SÆSON,2011-09-01,2270.0
DST:FIKS22:BRANCHE07=E:BELØB=3:SÆSON=SÆSON,2011-10-01,2411.0
DST:FIKS22:BRANCHE07=E:BELØB=3:SÆSON=SÆSON,2011-11-01,2305.0
DST:FIKS22:BRANCHE07=E:BELØB=3:SÆSON=SÆSON,2011-12-01,2375.0
DST:FIKS22:BRANCHE07=E:BELØB=3:SÆSON=SÆSON,2012-01-01,2471.0
DST:FIKS22:BRANCHE07=E:BELØB=3:SÆSON=SÆSON,2012-02-01,2036.0
DST:FIKS22:BRANCHE07=E:BELØB=3:SÆSON=SÆSON,2012-03-01,2381.0
DST:FIKS22:BRANCHE07=E:BELØB=3:SÆSON=SÆSON,2012-04-01,2327.0
DST:FIKS22:BRANCHE07=E:BELØB=3:SÆSON=SÆSON,2012-05-01,2614.0
DST:FIKS22:BRANCHE07=E:BELØB=3:SÆSON=SÆSON,2012-06-01,2364.0
DST:FIKS22:BRANCHE07=E:BELØB=3:SÆSON=SÆSON,2012-07-01,2282.0
DST:FIKS22:BRANCHE07=E:BELØB=3:SÆSON=SÆSON,2012-08-01,2187.0
DST:FIKS22:BRANCHE07=E:BELØB=3:SÆSON=SÆSON,2012-09-01,2269.0
DST:FIKS22:BRANCHE07=E:BELØB=3:SÆSON=SÆSON,2012-10-01,2304.0
DST:FIKS22:BRANCHE07=E:BELØB=3:SÆSON=SÆSON,2012-11-01,2208.0
DST:FIKS22:BRANCHE07=E:BELØB=3:SÆSON=SÆSON,2012-12-01,2216.0
DST:FIKS22:BRANCHE07=E:BELØB=3:SÆSON=SÆSON,2013-01-01,2094.0
DST:FIKS22:BRANCHE07=E:BELØB=3:SÆSON=SÆSON,2013-02-01,2024.0
DST:FIKS22:BRANCHE07=E:BELØB=3:SÆSON=SÆSON,2013-03-01,2073.0
DST:FIKS22:BRANCHE07=E:BELØB=3:SÆSON=SÆSON,2013-04-01,2098.0
DST:FIKS22:BRANCHE07=E:BELØB=3:SÆSON=SÆSON,2013-05-01,2131.0
DST:FIKS22:BRANCHE07=E:BELØB=3:SÆSON=SÆSON,2013-06-01,2073.0
DST:FIKS22:BRANCHE07=E:BELØB=3:SÆSON=SÆSON,2013-07-01,2302.0
DST:FIKS22:BRANCHE07=E:BELØB=3:SÆSON=SÆSON,2013-08-01,2166.0
DST:FIKS22:BRANCHE07=E:BELØB=3:SÆSON=SÆSON,2013-09-01,2146.0
DST:FIKS22:BRANCHE07=E:BELØB=3:SÆSON=SÆSON,2013-10-01,2173.0
DST:FIKS22:BRANCHE07=E:BELØB=3:SÆSON=SÆSON,2013-11-01,2201.0
DST:FIKS22:BRANCHE07=E:BELØB=3:SÆSON=SÆSON,2013-12-01,2205.0
DST:FIKS22:BRANCHE07=E:BELØB=3:SÆSON=SÆSON,2014-01-01,2242.0
DST:FIKS22:BRANCHE07=E:BELØB=3:SÆSON=SÆSON,2014-02-01,2355.0
DST:FIKS22:BRANCHE07=E:BELØB=3:SÆSON=SÆSON,2014-03-01,2207.0
DST:FIKS22:BRANCHE07=E:BELØB=3:SÆSON=SÆSON,2014-04-01,2504.0
DST:FIKS22:BRANCHE07=E:BELØB=3:SÆSON=SÆSON,2014-05-01,2078.0
DST:FIKS22:BRANCHE07=E:BELØB=3:SÆSON=SÆSON,2014-06-01,2176.0
DST:FIKS22:BRANCHE07=E:BELØB=3:SÆSON=SÆSON,2014-07-01,2184.0
DST:FIKS22:BRANCHE07=E:BELØB=3:SÆSON=SÆSON,2014-08-01,2194.0
DST:FIKS22:BRANCHE07=E:BELØB=3:SÆSON=SÆSON,2014-09-01,2178.0
DST:FIKS22:BRANCHE07=E:BELØB=3:SÆSON=SÆSON,2014-10-01,2132.0
DST:FIKS22:BRANCHE07=E:BELØB=3:SÆSON=SÆSON,2014-11-01,2090.0
DST:FIKS22:BRANCHE07=E:BELØB=3:SÆSON=SÆSON,2014-12-01,1863.0
DST:FIKS22:BRANCHE07=E:BELØB=3:SÆSON=SÆSON,2015-01-01,2213.0
DST:FIKS22:BRANCHE07=E:BELØB=3:SÆSON=SÆSON,2015-02-01,2180.0
DST:FIKS22:BRANCHE07=E:BELØB=3:SÆSON=SÆSON,2015-03-01,2133.0
DST:FIKS22:BRANCHE07=E:BELØB=3:SÆSON=SÆSON,2015-04-01,2169.0
DST:FIKS22:BRANCHE07=E:BELØB=3:SÆSON=SÆSON,2015-05-01,2280.0
DST:FIKS22:BRANCHE07=E:BELØB=3:SÆSON=SÆSON,2015-06-01,2153.0
DST:FIKS22:BRANCHE07=E:BELØB=3:SÆSON=SÆSON,2015-07-01,2083.0
DST:FIKS22:BRANCHE07=E:BELØB=3:SÆSON=SÆSON,2015-08-01,2082.0
DST:FIKS22:BRANCHE07=E:BELØB=3:SÆSON=SÆSON,2015-09-01,2239.0
DST:FIKS22:BRANCHE07=E:BELØB=3:SÆSON=SÆSON,2015-10-01,2081.0
DST:FIKS22:BRANCHE07=E:BELØB=3:SÆSON=SÆSON,2015-11-01,2313.0
DST:FIKS22:BRANCHE07=E:BELØB=3:SÆSON=SÆSON,2015-12-01,2164.0
DST:FIKS22:BRANCHE07=E:BELØB=3:SÆSON=SÆSON,2016-01-01,2059.0
DST:FIKS22:BRANCHE07=E:BELØB=3:SÆSON=SÆSON,2016-02-01,2078.0
DST:FIKS22:BRANCHE07=E:BELØB=3:SÆSON=SÆSON,2016-03-01,2064.0
DST:FIKS22:BRANCHE07=E:BELØB=3:SÆSON=SÆSON,2016-04-01,2060.0
DST:FIKS22:BRANCHE07=E:BELØB=3:SÆSON=SÆSON,2016-05-01,2120.0
DST:FIKS22:BRANCHE07=E:BELØB=3:SÆSON=SÆSON,2016-06-01,2166.0
DST:FIKS22:BRANCHE07=E:BELØB=3:SÆSON=SÆSON,2016-07-01,2158.0
DST:FIKS22:BRANCHE07=E:BELØB=3:SÆSON=SÆSON,2016-08-01,2156.0
DST:FIKS22:BRANCHE07=E:BELØB=3:SÆSON=SÆSON,2016-09-01,2119.0
DST:FIKS22:BRANCHE07=E:BELØB=3:SÆSON=SÆSON,2016-10-01,2204.0
DST:FIKS22:BRANCHE07=E:BELØB=3:SÆSON=SÆSON,2016-11-01,2056.0
DST:FIKS22:BRANCHE07=E:BELØB=3:SÆSON=SÆSON,2016-12-01,2364.0
DST:FIKS22:BRANCHE07=E:BELØB=3:SÆSON=SÆSON,2017-01-01,2139.0
DST:FIKS22:BRANCHE07=E:BELØB=3:SÆSON=SÆSON,2017-02-01,2091.0
DST:FIKS22:BRANCHE07=E:BELØB=3:SÆSON=SÆSON,2017-03-01,2226.0
DST:FIKS22:BRANCHE07=E:BELØB=3:SÆSON=SÆSON,2017-04-01,2087.0
DST:FIKS22:BRANCHE07=E:BELØB=3:SÆSON=SÆSON,2017-05-01,2030.0
DST:FIKS22:BRANCHE07=E:BELØB=3:SÆSON=SÆSON,2017-06-01,2154.0
DST:FIKS22:BRANCHE07=E:BELØB=3:SÆSON=SÆSON,2017-07-01,2045.0
DST:FIKS22:BRANCHE07=E:BELØB=3:SÆSON=SÆSON,2017-08-01,2218.0
DST:FIKS22:BRANCHE07=E:BELØB=3:SÆSON=SÆSON,2017-09-01,2065.0
DST:FIKS22:BRANCHE07=E:BELØB=3:SÆSON=SÆSON,2017-10-01,1975.0
DST:FIKS22:BRANCHE07=E:BELØB=3:SÆSON=SÆSON,2017-11-01,2372.0
DST:FIKS22:BRANCHE07=E:BELØB=3:SÆSON=SÆSON,2017-12-01,2256.0
DST:FIKS22:BRANCHE07=E:BELØB=3:SÆSON=SÆSON,2018-01-01,2129.0
DST:FIKS22:BRANCHE07=E:BELØB=3:SÆSON=SÆSON,2018-02-01,2162.0
DST:FIKS22:BRANCHE07=E:BELØB=3:SÆSON=SÆSON,2018-03-01,2143.0
DST:FIKS22:BRANCHE07=E:BELØB=3:SÆSON=SÆSON,2018-04-01,2225.0
DST:FIKS22:BRANCHE07=E:BELØB=3:SÆSON=SÆSON,2018-05-01,2228.0
DST:FIKS22:BRANCHE07=E:BELØB=3:SÆSON=SÆSON,2018-06-01,2202.0
DST:FIKS22:BRANCHE07=E:BELØB=3:SÆSON=SÆSON,2018-07-01,2302.0
DST:FIKS22:BRANCHE07=E:BELØB=3:SÆSON=SÆSON,2018-08-01,2217.0
DST:FIKS22:BRANCHE07=E:BELØB=3:SÆSON=SÆSON,2018-09-01,2265.0
DST:FIKS22:BRANCHE07=E:BELØB=3:SÆSON=SÆSON,2018-10-01,2258.0
DST:FIKS22:BRANCHE07=E:BELØB=3:SÆSON=SÆSON,2018-11-01,2336.0
DST:FIKS22:BRANCHE07=E:BELØB=3:SÆSON=SÆSON,2018-12-01,2380.0
DST:FIKS22:BRANCHE07=E:BELØB=3:SÆSON=SÆSON,2019-01-01,2070.0
DST:FIKS22:BRANCHE07=E:BELØB=3:SÆSON=SÆSON,2019-02-01,2472.0
DST:FIKS22:BRANCHE07=E:BELØB=3:SÆSON=SÆSON,2019-03-01,2276.0
DST:FIKS22:BRANCHE07=E:BELØB=3:SÆSON=SÆSON,2019-04-01,2334.0
DST:FIKS22:BRANCHE07=E:BELØB=3:SÆSON=SÆSON,2019-05-01,2309.0
DST:FIKS22:BRANCHE07=E:BELØB=3:SÆSON=SÆSON,2019-06-01,2304.0
DST:FIKS22:BRANCHE07=E:BELØB=3:SÆSON=SÆSON,2019-07-01,2302.0
DST:FIKS22:BRANCHE07=E:BELØB=3:SÆSON=SÆSON,2019-08-01,2270.0
DST:FIKS22:BRANCHE07=E:BELØB=3:SÆSON=SÆSON,2019-09-01,2297.0
DST:FIKS22:BRANCHE07=E:BELØB=3:SÆSON=SÆSON,2019-10-01,2297.0
DST:FIKS22:BRANCHE07=E:BELØB=3:SÆSON=SÆSON,2019-11-01,2295.0
DST:FIKS22:BRANCHE07=E:BELØB=3:SÆSON=SÆSON,2019-12-01,2233.0
DST:FIKS22:BRANCHE07=E:BELØB=3:SÆSON=SÆSON,2020-01-01,2365.0
DST:FIKS22:BRANCHE07=E:BELØB=3:SÆSON=SÆSON,2020-02-01,2253.0
DST:FIKS22:BRANCHE07=E:BELØB=3:SÆSON=SÆSON,2020-03-01,2469.0
DST:FIKS22:BRANCHE07=E:BELØB=3:SÆSON=SÆSON,2020-04-01,2366.0
DST:FIKS22:BRANCHE07=E:BELØB=3:SÆSON=SÆSON,2020-05-01,2428.0
DST:FIKS22:BRANCHE07=E:BELØB=3:SÆSON=SÆSON,2020-06-01,2442.0
DST:FIKS22:BRANCHE07=E:BELØB=3:SÆSON=SÆSON,2020-07-01,2474.0
DST:FIKS22:BRANCHE07=E:BELØB=3:SÆSON=SÆSON,2020-08-01,2544.0
DST:FIKS22:BRANCHE07=E:BELØB=3:SÆSON=SÆSON,2020-09-01,2456.0
DST:FIKS22:BRANCHE07=E:BELØB=3:SÆSON=SÆSON,2020-10-01,2555.0
DST:FIKS22:BRANCHE07=E:BELØB=3:SÆSON=SÆSON,2020-11-01,2650.0
DST:FIKS22:BRANCHE07=E:BELØB=3:SÆSON=SÆSON,2020-12-01,2527.0
DST:FIKS22:BRANCHE07=E:BELØB=3:SÆSON=SÆSON,2021-01-01,2625.0
DST:FIKS22:BRANCHE07=E:BELØB=3:SÆSON=SÆSON,2021-02-01,2726.0
DST:FIKS22:BRANCHE07=E:BELØB=3:SÆSON=SÆSON,2021-03-01,2725.0
DST:FIKS22:BRANCHE07=E:BELØB=3:SÆSON=SÆSON,2021-04-01,2686.0
DST:FIKS22:BRANCHE07=E:BELØB=3:SÆSON=SÆSON,2021-05-01,2805.0
DST:FIKS22:BRANCHE07=E:BELØB=3:SÆSON=SÆSON,2021-06-01,2691.0
DST:FIKS22:BRANCHE07=E:BELØB=3:SÆSON=SÆSON,2021-07-01,2801.0
DST:FIKS22:BRANCHE07=E:BELØB=3:SÆSON=SÆSON,2021-08-01,2799.0
DST:FIKS22:BRANCHE07=E:BELØB=3:SÆSON=SÆSON,2021-09-01,2947.0
DST:FIKS22:BRANCHE07=E:BELØB=3:SÆSON=SÆSON,2021-10-01,2865.0
DST:FIKS22:BRANCHE07=E:BELØB=3:SÆSON=SÆSON,2021-11-01,2870.0
DST:FIKS22:BRANCHE07=E:BELØB=3:SÆSON=SÆSON,2021-12-01,2775.0
DST:FIKS22:BRANCHE07=E:BELØB=3:SÆSON=SÆSON,2022-01-01,3119.0
DST:FIKS22:BRANCHE07=E:BELØB=3:SÆSON=SÆSON,2022-02-01,3013.0
DST:FIKS22:BRANCHE07=E:BELØB=3:SÆSON=SÆSON,2022-03-01,3093.0
DST:FIKS22:BRANCHE07=E:BELØB=3:SÆSON=SÆSON,2022-04-01,3224.0
DST:FIKS22:BRANCHE07=E:BELØB=3:SÆSON=SÆSON,2022-05-01,3099.0
DST:FIKS22:BRANCHE07=E:BELØB=3:SÆSON=SÆSON,2022-06-01,3072.0
DST:FIKS22:BRANCHE07=E:BELØB=3:SÆSON=SÆSON,2022-07-01,2828.0
DST:FIKS22:BRANCHE07=E:BELØB=3:SÆSON=SÆSON,2022-08-01,3109.0
DST:FIKS22:BRANCHE07=E:BELØB=3:SÆSON=SÆSON,2022-09-01,3185.0
DST:FIKS22:BRANCHE07=E:BELØB=3:SÆSON=SÆSON,2022-10-01,3152.0
DST:FIKS22:BRANCHE07=E:BELØB=3:SÆSON=SÆSON,2022-11-01,3038.0
DST:FIKS22:BRANCHE07=E:BELØB=3:SÆSON=SÆSON,2022-12-01,3186.0
DST:FIKS22:BRANCHE07=E:BELØB=3:SÆSON=SÆSON,2023-01-01,3133.0
DST:FIKS22:BRANCHE07=E:BELØB=3:SÆSON=SÆSON,2023-02-01,3201.0
DST:FIKS22:BRANCHE07=E:BELØB=3:SÆSON=SÆSON,2023-03-01,3167.0
DST:FIKS22:BRANCHE07=E:BELØB=3:SÆSON=SÆSON,2023-04-01,3029.0
DST:FIKS22:BRANCHE07=E:BELØB=3:SÆSON=SÆSON,2023-05-01,3120.0
DST:FIKS22:BRANCHE07=E:BELØB=3:SÆSON=SÆSON,2023-06-01,3114.0
DST:FIKS22:BRANCHE07=E:BELØB=3:SÆSON=SÆSON,2023-07-01,3128.0
DST:FIKS22:BRANCHE07=E:BELØB=3:SÆSON=SÆSON,2023-08-01,2978.0
DST:FIKS22:BRANCHE07=E:BELØB=3:SÆSON=SÆSON,2023-09-01,3064.0
DST:FIKS22:BRANCHE07=E:BELØB=3:SÆSON=SÆSON,2023-10-01,3234.0
DST:FIKS22:BRANCHE07=E:BELØB=3:SÆSON=SÆSON,2023-11-01,3346.0
DST:FIKS22:BRANCHE07=E:BELØB=3:SÆSON=SÆSON,2023-12-01,2994.0
DST:FIKS22:BRANCHE07=E:BELØB=3:SÆSON=SÆSON,2024-01-01,3201.0
DST:FIKS22:BRANCHE07=E:BELØB=3:SÆSON=SÆSON,2024-02-01,3326.0
DST:FIKS22:BRANCHE07=E:BELØB=3:SÆSON=SÆSON,2024-03-01,3169.0
DST:FIKS22:BRANCHE07=E:BELØB=3:SÆSON=SÆSON,2024-04-01,3431.0
DST:FIKS22:BRANCHE07=E:BELØB=3:SÆSON=SÆSON,2024-05-01,3269.0
DST:FIKS22:BRANCHE07=E:BELØB=3:SÆSON=SÆSON,2024-06-01,3427.0
DST:FIKS22:BRANCHE07=E:BELØB=3:SÆSON=SÆSON,2024-07-01,3327.0
DST:FIKS22:BRANCHE07=E:BELØB=3:SÆSON=SÆSON,2024-08-01,3515.0
DST:FIKS22:BRANCHE07=E:BELØB=3:SÆSON=SÆSON,2024-09-01,3489.0
DST:FIKS22:BRANCHE07=E:BELØB=3:SÆSON=SÆSON,2024-10-01,3014.0
DST:FIKS22:BRANCHE07=E:BELØB=3:SÆSON=SÆSON,2024-11-01,3371.0
DST:FIKS22:BRANCHE07=E:BELØB=3:SÆSON=SÆSON,2024-12-01,3370.0
DST:FIKS22:BRANCHE07=E:BELØB=3:SÆSON=SÆSON,2025-01-01,3460.0
DST:FIKS22:BRANCHE07=E:BELØB=3:SÆSON=SÆSON,2025-02-01,3349.0
DST:FIKS22:BRANCHE07=E:BELØB=3:SÆSON=SÆSON,2025-03-01,3370.0
DST:FIKS22:BRANCHE07=E:BELØB=3:SÆSON=SÆSON,2025-04-01,3432.0
DST:FIKS22:BRANCHE07=E:BELØB=3:SÆSON=SÆSON,2025-05-01,3361.0
DST:FIKS22:BRANCHE07=E:BELØB=3:SÆSON=SÆSON,2025-06-01,3777.0
DST:FIKS22:BRANCHE07=E:BELØB=3:SÆSON=SÆSON,2025-07-01,3525.0
DST:FIKS22:BRANCHE07=E:BELØB=3:SÆSON=SÆSON,2025-08-01,3482.0
DST:FIKS22:BRANCHE07=E:BELØB=3:SÆSON=SÆSON,2025-09-01,3331.0
DST:FIKS22:BRANCHE07=E:BELØB=3:SÆSON=SÆSON,2025-10-01,3567.0
DST:FIKS22:BRANCHE07=E:BELØB=3:SÆSON=SÆSON,2025-11-01,3518.0
DST:FIKS22:BRANCHE07=E:BELØB=3:SÆSON=SÆSON,2025-12-01,3966.0
DST:FIKS22:BRANCHE07=E:BELØB=3:SÆSON=SÆSON,2026-01-01,3392.0
DST:FIKS22:BRANCHE07=E:BELØB=3:SÆSON=SÆSON,2026-02-01,3627.0
DST:FIKS22:BRANCHE07=E:BELØB=3:SÆSON=SÆSON,2026-03-01,3799.0
DST:FIKS22:BRANCHE07=E:BELØB=4:SÆSON=EJSÆSON,2009-01-01,2455.0
DST:FIKS22:BRANCHE07=E:BELØB=4:SÆSON=EJSÆSON,2009-02-01,1891.0
DST:FIKS22:BRANCHE07=E:BELØB=4:SÆSON=EJSÆSON,2009-03-01,2035.0
DST:FIKS22:BRANCHE07=E:BELØB=4:SÆSON=EJSÆSON,2009-04-01,2101.0
DST:FIKS22:BRANCHE07=E:BELØB=4:SÆSON=EJSÆSON,2009-05-01,1433.0
DST:FIKS22:BRANCHE07=E:BELØB=4:SÆSON=EJSÆSON,2009-06-01,1917.0
DST:FIKS22:BRANCHE07=E:BELØB=4:SÆSON=EJSÆSON,2009-07-01,2596.0
DST:FIKS22:BRANCHE07=E:BELØB=4:SÆSON=EJSÆSON,2009-08-01,1968.0
DST:FIKS22:BRANCHE07=E:BELØB=4:SÆSON=EJSÆSON,2009-09-01,2446.0
DST:FIKS22:BRANCHE07=E:BELØB=4:SÆSON=EJSÆSON,2009-10-01,1913.0
DST:FIKS22:BRANCHE07=E:BELØB=4:SÆSON=EJSÆSON,2009-11-01,1568.0
DST:FIKS22:BRANCHE07=E:BELØB=4:SÆSON=EJSÆSON,2009-12-01,2262.0
DST:FIKS22:BRANCHE07=E:BELØB=4:SÆSON=EJSÆSON,2010-01-01,2138.0
DST:FIKS22:BRANCHE07=E:BELØB=4:SÆSON=EJSÆSON,2010-02-01,2479.0
DST:FIKS22:BRANCHE07=E:BELØB=4:SÆSON=EJSÆSON,2010-03-01,2732.0
DST:FIKS22:BRANCHE07=E:BELØB=4:SÆSON=EJSÆSON,2010-04-01,2517.0
DST:FIKS22:BRANCHE07=E:BELØB=4:SÆSON=EJSÆSON,2010-05-01,2379.0
DST:FIKS22:BRANCHE07=E:BELØB=4:SÆSON=EJSÆSON,2010-06-01,2532.0
DST:FIKS22:BRANCHE07=E:BELØB=4:SÆSON=EJSÆSON,2010-07-01,3282.0
DST:FIKS22:BRANCHE07=E:BELØB=4:SÆSON=EJSÆSON,2010-08-01,2705.0
DST:FIKS22:BRANCHE07=E:BELØB=4:SÆSON=EJSÆSON,2010-09-01,3257.0
DST:FIKS22:BRANCHE07=E:BELØB=4:SÆSON=EJSÆSON,2010-10-01,2646.0
DST:FIKS22:BRANCHE07=E:BELØB=4:SÆSON=EJSÆSON,2010-11-01,2166.0
DST:FIKS22:BRANCHE07=E:BELØB=4:SÆSON=EJSÆSON,2010-12-01,2500.0
DST:FIKS22:BRANCHE07=E:BELØB=4:SÆSON=EJSÆSON,2011-01-01,3004.0
DST:FIKS22:BRANCHE07=E:BELØB=4:SÆSON=EJSÆSON,2011-02-01,3209.0
DST:FIKS22:BRANCHE07=E:BELØB=4:SÆSON=EJSÆSON,2011-03-01,3457.0
DST:FIKS22:BRANCHE07=E:BELØB=4:SÆSON=EJSÆSON,2011-04-01,2685.0
DST:FIKS22:BRANCHE07=E:BELØB=4:SÆSON=EJSÆSON,2011-05-01,2659.0
DST:FIKS22:BRANCHE07=E:BELØB=4:SÆSON=EJSÆSON,2011-06-01,2826.0
DST:FIKS22:BRANCHE07=E:BELØB=4:SÆSON=EJSÆSON,2011-07-01,3100.0
DST:FIKS22:BRANCHE07=E:BELØB=4:SÆSON=EJSÆSON,2011-08-01,3335.0
DST:FIKS22:BRANCHE07=E:BELØB=4:SÆSON=EJSÆSON,2011-09-01,3764.0
DST:FIKS22:BRANCHE07=E:BELØB=4:SÆSON=EJSÆSON,2011-10-01,2611.0
DST:FIKS22:BRANCHE07=E:BELØB=4:SÆSON=EJSÆSON,2011-11-01,2377.0
DST:FIKS22:BRANCHE07=E:BELØB=4:SÆSON=EJSÆSON,2011-12-01,2402.0
DST:FIKS22:BRANCHE07=E:BELØB=4:SÆSON=EJSÆSON,2012-01-01,2974.0
DST:FIKS22:BRANCHE07=E:BELØB=4:SÆSON=EJSÆSON,2012-02-01,3343.0
DST:FIKS22:BRANCHE07=E:BELØB=4:SÆSON=EJSÆSON,2012-03-01,3568.0
DST:FIKS22:BRANCHE07=E:BELØB=4:SÆSON=EJSÆSON,2012-04-01,2895.0
DST:FIKS22:BRANCHE07=E:BELØB=4:SÆSON=EJSÆSON,2012-05-01,2763.0
DST:FIKS22:BRANCHE07=E:BELØB=4:SÆSON=EJSÆSON,2012-06-01,2667.0
DST:FIKS22:BRANCHE07=E:BELØB=4:SÆSON=EJSÆSON,2012-07-01,2886.0
DST:FIKS22:BRANCHE07=E:BELØB=4:SÆSON=EJSÆSON,2012-08-01,3468.0
DST:FIKS22:BRANCHE07=E:BELØB=4:SÆSON=EJSÆSON,2012-09-01,3411.0
DST:FIKS22:BRANCHE07=E:BELØB=4:SÆSON=EJSÆSON,2012-10-01,2598.0
DST:FIKS22:BRANCHE07=E:BELØB=4:SÆSON=EJSÆSON,2012-11-01,2199.0
DST:FIKS22:BRANCHE07=E:BELØB=4:SÆSON=EJSÆSON,2012-12-01,2317.0
DST:FIKS22:BRANCHE07=E:BELØB=4:SÆSON=EJSÆSON,2013-01-01,2399.0
DST:FIKS22:BRANCHE07=E:BELØB=4:SÆSON=EJSÆSON,2013-02-01,3469.0
DST:FIKS22:BRANCHE07=E:BELØB=4:SÆSON=EJSÆSON,2013-03-01,3144.0
DST:FIKS22:BRANCHE07=E:BELØB=4:SÆSON=EJSÆSON,2013-04-01,3262.0
DST:FIKS22:BRANCHE07=E:BELØB=4:SÆSON=EJSÆSON,2013-05-01,2362.0
DST:FIKS22:BRANCHE07=E:BELØB=4:SÆSON=EJSÆSON,2013-06-01,2176.0
DST:FIKS22:BRANCHE07=E:BELØB=4:SÆSON=EJSÆSON,2013-07-01,2601.0
DST:FIKS22:BRANCHE07=E:BELØB=4:SÆSON=EJSÆSON,2013-08-01,3299.0
DST:FIKS22:BRANCHE07=E:BELØB=4:SÆSON=EJSÆSON,2013-09-01,3359.0
DST:FIKS22:BRANCHE07=E:BELØB=4:SÆSON=EJSÆSON,2013-10-01,2478.0
DST:FIKS22:BRANCHE07=E:BELØB=4:SÆSON=EJSÆSON,2013-11-01,2279.0
DST:FIKS22:BRANCHE07=E:BELØB=4:SÆSON=EJSÆSON,2013-12-01,2425.0
DST:FIKS22:BRANCHE07=E:BELØB=4:SÆSON=EJSÆSON,2014-01-01,2912.0
DST:FIKS22:BRANCHE07=E:BELØB=4:SÆSON=EJSÆSON,2014-02-01,3444.0
DST:FIKS22:BRANCHE07=E:BELØB=4:SÆSON=EJSÆSON,2014-03-01,3598.0
DST:FIKS22:BRANCHE07=E:BELØB=4:SÆSON=EJSÆSON,2014-04-01,3111.0
DST:FIKS22:BRANCHE07=E:BELØB=4:SÆSON=EJSÆSON,2014-05-01,2402.0
DST:FIKS22:BRANCHE07=E:BELØB=4:SÆSON=EJSÆSON,2014-06-01,2644.0
DST:FIKS22:BRANCHE07=E:BELØB=4:SÆSON=EJSÆSON,2014-07-01,2827.0
DST:FIKS22:BRANCHE07=E:BELØB=4:SÆSON=EJSÆSON,2014-08-01,3414.0
DST:FIKS22:BRANCHE07=E:BELØB=4:SÆSON=EJSÆSON,2014-09-01,3852.0
DST:FIKS22:BRANCHE07=E:BELØB=4:SÆSON=EJSÆSON,2014-10-01,2713.0
DST:FIKS22:BRANCHE07=E:BELØB=4:SÆSON=EJSÆSON,2014-11-01,2300.0
DST:FIKS22:BRANCHE07=E:BELØB=4:SÆSON=EJSÆSON,2014-12-01,2421.0
DST:FIKS22:BRANCHE07=E:BELØB=4:SÆSON=EJSÆSON,2015-01-01,2953.0
DST:FIKS22:BRANCHE07=E:BELØB=4:SÆSON=EJSÆSON,2015-02-01,3779.0
DST:FIKS22:BRANCHE07=E:BELØB=4:SÆSON=EJSÆSON,2015-03-01,3195.0
DST:FIKS22:BRANCHE07=E:BELØB=4:SÆSON=EJSÆSON,2015-04-01,2893.0
DST:FIKS22:BRANCHE07=E:BELØB=4:SÆSON=EJSÆSON,2015-05-01,2432.0
DST:FIKS22:BRANCHE07=E:BELØB=4:SÆSON=EJSÆSON,2015-06-01,2569.0
DST:FIKS22:BRANCHE07=E:BELØB=4:SÆSON=EJSÆSON,2015-07-01,2728.0
DST:FIKS22:BRANCHE07=E:BELØB=4:SÆSON=EJSÆSON,2015-08-01,3451.0
DST:FIKS22:BRANCHE07=E:BELØB=4:SÆSON=EJSÆSON,2015-09-01,3356.0
DST:FIKS22:BRANCHE07=E:BELØB=4:SÆSON=EJSÆSON,2015-10-01,2308.0
DST:FIKS22:BRANCHE07=E:BELØB=4:SÆSON=EJSÆSON,2015-11-01,2273.0
DST:FIKS22:BRANCHE07=E:BELØB=4:SÆSON=EJSÆSON,2015-12-01,2352.0
DST:FIKS22:BRANCHE07=E:BELØB=4:SÆSON=EJSÆSON,2016-01-01,2777.0
DST:FIKS22:BRANCHE07=E:BELØB=4:SÆSON=EJSÆSON,2016-02-01,3606.0
DST:FIKS22:BRANCHE07=E:BELØB=4:SÆSON=EJSÆSON,2016-03-01,2977.0
DST:FIKS22:BRANCHE07=E:BELØB=4:SÆSON=EJSÆSON,2016-04-01,2973.0
DST:FIKS22:BRANCHE07=E:BELØB=4:SÆSON=EJSÆSON,2016-05-01,2362.0
DST:FIKS22:BRANCHE07=E:BELØB=4:SÆSON=EJSÆSON,2016-06-01,2490.0
DST:FIKS22:BRANCHE07=E:BELØB=4:SÆSON=EJSÆSON,2016-07-01,2442.0
DST:FIKS22:BRANCHE07=E:BELØB=4:SÆSON=EJSÆSON,2016-08-01,3567.0
DST:FIKS22:BRANCHE07=E:BELØB=4:SÆSON=EJSÆSON,2016-09-01,3438.0
DST:FIKS22:BRANCHE07=E:BELØB=4:SÆSON=EJSÆSON,2016-10-01,2357.0
DST:FIKS22:BRANCHE07=E:BELØB=4:SÆSON=EJSÆSON,2016-11-01,2370.0
DST:FIKS22:BRANCHE07=E:BELØB=4:SÆSON=EJSÆSON,2016-12-01,2616.0
DST:FIKS22:BRANCHE07=E:BELØB=4:SÆSON=EJSÆSON,2017-01-01,2990.0
DST:FIKS22:BRANCHE07=E:BELØB=4:SÆSON=EJSÆSON,2017-02-01,3769.0
DST:FIKS22:BRANCHE07=E:BELØB=4:SÆSON=EJSÆSON,2017-03-01,3351.0
DST:FIKS22:BRANCHE07=E:BELØB=4:SÆSON=EJSÆSON,2017-04-01,3176.0
DST:FIKS22:BRANCHE07=E:BELØB=4:SÆSON=EJSÆSON,2017-05-01,2459.0
DST:FIKS22:BRANCHE07=E:BELØB=4:SÆSON=EJSÆSON,2017-06-01,2529.0
DST:FIKS22:BRANCHE07=E:BELØB=4:SÆSON=EJSÆSON,2017-07-01,2606.0
DST:FIKS22:BRANCHE07=E:BELØB=4:SÆSON=EJSÆSON,2017-08-01,3890.0
DST:FIKS22:BRANCHE07=E:BELØB=4:SÆSON=EJSÆSON,2017-09-01,3523.0
DST:FIKS22:BRANCHE07=E:BELØB=4:SÆSON=EJSÆSON,2017-10-01,2472.0
DST:FIKS22:BRANCHE07=E:BELØB=4:SÆSON=EJSÆSON,2017-11-01,2634.0
DST:FIKS22:BRANCHE07=E:BELØB=4:SÆSON=EJSÆSON,2017-12-01,2666.0
DST:FIKS22:BRANCHE07=E:BELØB=4:SÆSON=EJSÆSON,2018-01-01,3263.0
DST:FIKS22:BRANCHE07=E:BELØB=4:SÆSON=EJSÆSON,2018-02-01,3905.0
DST:FIKS22:BRANCHE07=E:BELØB=4:SÆSON=EJSÆSON,2018-03-01,3545.0
DST:FIKS22:BRANCHE07=E:BELØB=4:SÆSON=EJSÆSON,2018-04-01,3188.0
DST:FIKS22:BRANCHE07=E:BELØB=4:SÆSON=EJSÆSON,2018-05-01,2632.0
DST:FIKS22:BRANCHE07=E:BELØB=4:SÆSON=EJSÆSON,2018-06-01,2751.0
DST:FIKS22:BRANCHE07=E:BELØB=4:SÆSON=EJSÆSON,2018-07-01,2907.0
DST:FIKS22:BRANCHE07=E:BELØB=4:SÆSON=EJSÆSON,2018-08-01,4107.0
DST:FIKS22:BRANCHE07=E:BELØB=4:SÆSON=EJSÆSON,2018-09-01,3618.0
DST:FIKS22:BRANCHE07=E:BELØB=4:SÆSON=EJSÆSON,2018-10-01,2775.0
DST:FIKS22:BRANCHE07=E:BELØB=4:SÆSON=EJSÆSON,2018-11-01,2663.0
DST:FIKS22:BRANCHE07=E:BELØB=4:SÆSON=EJSÆSON,2018-12-01,2815.0
DST:FIKS22:BRANCHE07=E:BELØB=4:SÆSON=EJSÆSON,2019-01-01,3277.0
DST:FIKS22:BRANCHE07=E:BELØB=4:SÆSON=EJSÆSON,2019-02-01,4393.0
DST:FIKS22:BRANCHE07=E:BELØB=4:SÆSON=EJSÆSON,2019-03-01,3688.0
DST:FIKS22:BRANCHE07=E:BELØB=4:SÆSON=EJSÆSON,2019-04-01,3330.0
DST:FIKS22:BRANCHE07=E:BELØB=4:SÆSON=EJSÆSON,2019-05-01,2822.0
DST:FIKS22:BRANCHE07=E:BELØB=4:SÆSON=EJSÆSON,2019-06-01,2683.0
DST:FIKS22:BRANCHE07=E:BELØB=4:SÆSON=EJSÆSON,2019-07-01,2855.0
DST:FIKS22:BRANCHE07=E:BELØB=4:SÆSON=EJSÆSON,2019-08-01,4152.0
DST:FIKS22:BRANCHE07=E:BELØB=4:SÆSON=EJSÆSON,2019-09-01,3794.0
DST:FIKS22:BRANCHE07=E:BELØB=4:SÆSON=EJSÆSON,2019-10-01,2632.0
DST:FIKS22:BRANCHE07=E:BELØB=4:SÆSON=EJSÆSON,2019-11-01,2408.0
DST:FIKS22:BRANCHE07=E:BELØB=4:SÆSON=EJSÆSON,2019-12-01,2750.0
DST:FIKS22:BRANCHE07=E:BELØB=4:SÆSON=EJSÆSON,2020-01-01,3329.0
DST:FIKS22:BRANCHE07=E:BELØB=4:SÆSON=EJSÆSON,2020-02-01,4398.0
DST:FIKS22:BRANCHE07=E:BELØB=4:SÆSON=EJSÆSON,2020-03-01,3385.0
DST:FIKS22:BRANCHE07=E:BELØB=4:SÆSON=EJSÆSON,2020-04-01,3159.0
DST:FIKS22:BRANCHE07=E:BELØB=4:SÆSON=EJSÆSON,2020-05-01,2476.0
DST:FIKS22:BRANCHE07=E:BELØB=4:SÆSON=EJSÆSON,2020-06-01,2611.0
DST:FIKS22:BRANCHE07=E:BELØB=4:SÆSON=EJSÆSON,2020-07-01,3035.0
DST:FIKS22:BRANCHE07=E:BELØB=4:SÆSON=EJSÆSON,2020-08-01,4482.0
DST:FIKS22:BRANCHE07=E:BELØB=4:SÆSON=EJSÆSON,2020-09-01,3816.0
DST:FIKS22:BRANCHE07=E:BELØB=4:SÆSON=EJSÆSON,2020-10-01,3002.0
DST:FIKS22:BRANCHE07=E:BELØB=4:SÆSON=EJSÆSON,2020-11-01,2865.0
DST:FIKS22:BRANCHE07=E:BELØB=4:SÆSON=EJSÆSON,2020-12-01,2841.0
DST:FIKS22:BRANCHE07=E:BELØB=4:SÆSON=EJSÆSON,2021-01-01,3850.0
DST:FIKS22:BRANCHE07=E:BELØB=4:SÆSON=EJSÆSON,2021-02-01,5168.0
DST:FIKS22:BRANCHE07=E:BELØB=4:SÆSON=EJSÆSON,2021-03-01,4241.0
DST:FIKS22:BRANCHE07=E:BELØB=4:SÆSON=EJSÆSON,2021-04-01,3947.0
DST:FIKS22:BRANCHE07=E:BELØB=4:SÆSON=EJSÆSON,2021-05-01,3119.0
DST:FIKS22:BRANCHE07=E:BELØB=4:SÆSON=EJSÆSON,2021-06-01,3422.0
DST:FIKS22:BRANCHE07=E:BELØB=4:SÆSON=EJSÆSON,2021-07-01,3463.0
DST:FIKS22:BRANCHE07=E:BELØB=4:SÆSON=EJSÆSON,2021-08-01,5065.0
DST:FIKS22:BRANCHE07=E:BELØB=4:SÆSON=EJSÆSON,2021-09-01,4414.0
DST:FIKS22:BRANCHE07=E:BELØB=4:SÆSON=EJSÆSON,2021-10-01,3425.0
DST:FIKS22:BRANCHE07=E:BELØB=4:SÆSON=EJSÆSON,2021-11-01,3738.0
DST:FIKS22:BRANCHE07=E:BELØB=4:SÆSON=EJSÆSON,2021-12-01,3571.0
DST:FIKS22:BRANCHE07=E:BELØB=4:SÆSON=EJSÆSON,2022-01-01,4418.0
DST:FIKS22:BRANCHE07=E:BELØB=4:SÆSON=EJSÆSON,2022-02-01,5155.0
DST:FIKS22:BRANCHE07=E:BELØB=4:SÆSON=EJSÆSON,2022-03-01,4876.0
DST:FIKS22:BRANCHE07=E:BELØB=4:SÆSON=EJSÆSON,2022-04-01,4940.0
DST:FIKS22:BRANCHE07=E:BELØB=4:SÆSON=EJSÆSON,2022-05-01,3390.0
DST:FIKS22:BRANCHE07=E:BELØB=4:SÆSON=EJSÆSON,2022-06-01,3737.0
DST:FIKS22:BRANCHE07=E:BELØB=4:SÆSON=EJSÆSON,2022-07-01,3869.0
DST:FIKS22:BRANCHE07=E:BELØB=4:SÆSON=EJSÆSON,2022-08-01,5245.0
DST:FIKS22:BRANCHE07=E:BELØB=4:SÆSON=EJSÆSON,2022-09-01,4509.0
DST:FIKS22:BRANCHE07=E:BELØB=4:SÆSON=EJSÆSON,2022-10-01,3412.0
DST:FIKS22:BRANCHE07=E:BELØB=4:SÆSON=EJSÆSON,2022-11-01,3353.0
DST:FIKS22:BRANCHE07=E:BELØB=4:SÆSON=EJSÆSON,2022-12-01,3336.0
DST:FIKS22:BRANCHE07=E:BELØB=4:SÆSON=EJSÆSON,2023-01-01,4252.0
DST:FIKS22:BRANCHE07=E:BELØB=4:SÆSON=EJSÆSON,2023-02-01,5231.0
DST:FIKS22:BRANCHE07=E:BELØB=4:SÆSON=EJSÆSON,2023-03-01,4250.0
DST:FIKS22:BRANCHE07=E:BELØB=4:SÆSON=EJSÆSON,2023-04-01,4059.0
DST:FIKS22:BRANCHE07=E:BELØB=4:SÆSON=EJSÆSON,2023-05-01,3120.0
DST:FIKS22:BRANCHE07=E:BELØB=4:SÆSON=EJSÆSON,2023-06-01,3450.0
DST:FIKS22:BRANCHE07=E:BELØB=4:SÆSON=EJSÆSON,2023-07-01,3549.0
DST:FIKS22:BRANCHE07=E:BELØB=4:SÆSON=EJSÆSON,2023-08-01,5210.0
DST:FIKS22:BRANCHE07=E:BELØB=4:SÆSON=EJSÆSON,2023-09-01,4326.0
DST:FIKS22:BRANCHE07=E:BELØB=4:SÆSON=EJSÆSON,2023-10-01,3625.0
DST:FIKS22:BRANCHE07=E:BELØB=4:SÆSON=EJSÆSON,2023-11-01,3470.0
DST:FIKS22:BRANCHE07=E:BELØB=4:SÆSON=EJSÆSON,2023-12-01,3295.0
DST:FIKS22:BRANCHE07=E:BELØB=4:SÆSON=EJSÆSON,2024-01-01,4696.0
DST:FIKS22:BRANCHE07=E:BELØB=4:SÆSON=EJSÆSON,2024-02-01,5615.0
DST:FIKS22:BRANCHE07=E:BELØB=4:SÆSON=EJSÆSON,2024-03-01,6157.0
DST:FIKS22:BRANCHE07=E:BELØB=4:SÆSON=EJSÆSON,2024-04-01,4749.0
DST:FIKS22:BRANCHE07=E:BELØB=4:SÆSON=EJSÆSON,2024-05-01,3636.0
DST:FIKS22:BRANCHE07=E:BELØB=4:SÆSON=EJSÆSON,2024-06-01,3389.0
DST:FIKS22:BRANCHE07=E:BELØB=4:SÆSON=EJSÆSON,2024-07-01,4126.0
DST:FIKS22:BRANCHE07=E:BELØB=4:SÆSON=EJSÆSON,2024-08-01,5463.0
DST:FIKS22:BRANCHE07=E:BELØB=4:SÆSON=EJSÆSON,2024-09-01,4723.0
DST:FIKS22:BRANCHE07=E:BELØB=4:SÆSON=EJSÆSON,2024-10-01,3148.0
DST:FIKS22:BRANCHE07=E:BELØB=4:SÆSON=EJSÆSON,2024-11-01,3469.0
DST:FIKS22:BRANCHE07=E:BELØB=4:SÆSON=EJSÆSON,2024-12-01,3810.0
DST:FIKS22:BRANCHE07=E:BELØB=4:SÆSON=EJSÆSON,2025-01-01,5106.0
DST:FIKS22:BRANCHE07=E:BELØB=4:SÆSON=EJSÆSON,2025-02-01,5456.0
DST:FIKS22:BRANCHE07=E:BELØB=4:SÆSON=EJSÆSON,2025-03-01,4697.0
DST:FIKS22:BRANCHE07=E:BELØB=4:SÆSON=EJSÆSON,2025-04-01,4342.0
DST:FIKS22:BRANCHE07=E:BELØB=4:SÆSON=EJSÆSON,2025-05-01,3724.0
DST:FIKS22:BRANCHE07=E:BELØB=4:SÆSON=EJSÆSON,2025-06-01,3581.0
DST:FIKS22:BRANCHE07=E:BELØB=4:SÆSON=EJSÆSON,2025-07-01,4011.0
DST:FIKS22:BRANCHE07=E:BELØB=4:SÆSON=EJSÆSON,2025-08-01,5533.0
DST:FIKS22:BRANCHE07=E:BELØB=4:SÆSON=EJSÆSON,2025-09-01,4932.0
DST:FIKS22:BRANCHE07=E:BELØB=4:SÆSON=EJSÆSON,2025-10-01,4007.0
DST:FIKS22:BRANCHE07=E:BELØB=4:SÆSON=EJSÆSON,2025-11-01,3767.0
DST:FIKS22:BRANCHE07=E:BELØB=4:SÆSON=EJSÆSON,2025-12-01,4234.0
DST:FIKS22:BRANCHE07=E:BELØB=4:SÆSON=EJSÆSON,2026-01-01,5558.0
DST:FIKS22:BRANCHE07=E:BELØB=4:SÆSON=EJSÆSON,2026-02-01,6406.0
DST:FIKS22:BRANCHE07=E:BELØB=4:SÆSON=EJSÆSON,2026-03-01,5629.0
DST:FIKS22:BRANCHE07=E:BELØB=4:SÆSON=SÆSON,2009-01-01,2469.0
DST:FIKS22:BRANCHE07=E:BELØB=4:SÆSON=SÆSON,2009-02-01,1731.0
DST:FIKS22:BRANCHE07=E:BELØB=4:SÆSON=SÆSON,2009-03-01,1752.0
DST:FIKS22:BRANCHE07=E:BELØB=4:SÆSON=SÆSON,2009-04-01,2158.0
DST:FIKS22:BRANCHE07=E:BELØB=4:SÆSON=SÆSON,2009-05-01,1554.0
DST:FIKS22:BRANCHE07=E:BELØB=4:SÆSON=SÆSON,2009-06-01,2001.0
DST:FIKS22:BRANCHE07=E:BELØB=4:SÆSON=SÆSON,2009-07-01,2493.0
DST:FIKS22:BRANCHE07=E:BELØB=4:SÆSON=SÆSON,2009-08-01,1718.0
DST:FIKS22:BRANCHE07=E:BELØB=4:SÆSON=SÆSON,2009-09-01,2036.0
DST:FIKS22:BRANCHE07=E:BELØB=4:SÆSON=SÆSON,2009-10-01,2108.0
DST:FIKS22:BRANCHE07=E:BELØB=4:SÆSON=SÆSON,2009-11-01,2051.0
DST:FIKS22:BRANCHE07=E:BELØB=4:SÆSON=SÆSON,2009-12-01,2715.0
DST:FIKS22:BRANCHE07=E:BELØB=4:SÆSON=SÆSON,2010-01-01,2149.0
DST:FIKS22:BRANCHE07=E:BELØB=4:SÆSON=SÆSON,2010-02-01,2245.0
DST:FIKS22:BRANCHE07=E:BELØB=4:SÆSON=SÆSON,2010-03-01,2352.0
DST:FIKS22:BRANCHE07=E:BELØB=4:SÆSON=SÆSON,2010-04-01,2580.0
DST:FIKS22:BRANCHE07=E:BELØB=4:SÆSON=SÆSON,2010-05-01,2589.0
DST:FIKS22:BRANCHE07=E:BELØB=4:SÆSON=SÆSON,2010-06-01,2660.0
DST:FIKS22:BRANCHE07=E:BELØB=4:SÆSON=SÆSON,2010-07-01,3179.0
DST:FIKS22:BRANCHE07=E:BELØB=4:SÆSON=SÆSON,2010-08-01,2351.0
DST:FIKS22:BRANCHE07=E:BELØB=4:SÆSON=SÆSON,2010-09-01,2715.0
DST:FIKS22:BRANCHE07=E:BELØB=4:SÆSON=SÆSON,2010-10-01,2925.0
DST:FIKS22:BRANCHE07=E:BELØB=4:SÆSON=SÆSON,2010-11-01,2825.0
DST:FIKS22:BRANCHE07=E:BELØB=4:SÆSON=SÆSON,2010-12-01,3002.0
DST:FIKS22:BRANCHE07=E:BELØB=4:SÆSON=SÆSON,2011-01-01,3014.0
DST:FIKS22:BRANCHE07=E:BELØB=4:SÆSON=SÆSON,2011-02-01,2860.0
DST:FIKS22:BRANCHE07=E:BELØB=4:SÆSON=SÆSON,2011-03-01,2974.0
DST:FIKS22:BRANCHE07=E:BELØB=4:SÆSON=SÆSON,2011-04-01,2730.0
DST:FIKS22:BRANCHE07=E:BELØB=4:SÆSON=SÆSON,2011-05-01,2925.0
DST:FIKS22:BRANCHE07=E:BELØB=4:SÆSON=SÆSON,2011-06-01,3005.0
DST:FIKS22:BRANCHE07=E:BELØB=4:SÆSON=SÆSON,2011-07-01,3050.0
DST:FIKS22:BRANCHE07=E:BELØB=4:SÆSON=SÆSON,2011-08-01,2884.0
DST:FIKS22:BRANCHE07=E:BELØB=4:SÆSON=SÆSON,2011-09-01,3136.0
DST:FIKS22:BRANCHE07=E:BELØB=4:SÆSON=SÆSON,2011-10-01,2900.0
DST:FIKS22:BRANCHE07=E:BELØB=4:SÆSON=SÆSON,2011-11-01,3084.0
DST:FIKS22:BRANCHE07=E:BELØB=4:SÆSON=SÆSON,2011-12-01,2892.0
DST:FIKS22:BRANCHE07=E:BELØB=4:SÆSON=SÆSON,2012-01-01,2971.0
DST:FIKS22:BRANCHE07=E:BELØB=4:SÆSON=SÆSON,2012-02-01,2900.0
DST:FIKS22:BRANCHE07=E:BELØB=4:SÆSON=SÆSON,2012-03-01,3079.0
DST:FIKS22:BRANCHE07=E:BELØB=4:SÆSON=SÆSON,2012-04-01,2922.0
DST:FIKS22:BRANCHE07=E:BELØB=4:SÆSON=SÆSON,2012-05-01,3092.0
DST:FIKS22:BRANCHE07=E:BELØB=4:SÆSON=SÆSON,2012-06-01,2873.0
DST:FIKS22:BRANCHE07=E:BELØB=4:SÆSON=SÆSON,2012-07-01,2894.0
DST:FIKS22:BRANCHE07=E:BELØB=4:SÆSON=SÆSON,2012-08-01,2979.0
DST:FIKS22:BRANCHE07=E:BELØB=4:SÆSON=SÆSON,2012-09-01,2831.0
DST:FIKS22:BRANCHE07=E:BELØB=4:SÆSON=SÆSON,2012-10-01,2920.0
DST:FIKS22:BRANCHE07=E:BELØB=4:SÆSON=SÆSON,2012-11-01,2822.0
DST:FIKS22:BRANCHE07=E:BELØB=4:SÆSON=SÆSON,2012-12-01,2793.0
DST:FIKS22:BRANCHE07=E:BELØB=4:SÆSON=SÆSON,2013-01-01,2390.0
DST:FIKS22:BRANCHE07=E:BELØB=4:SÆSON=SÆSON,2013-02-01,2921.0
DST:FIKS22:BRANCHE07=E:BELØB=4:SÆSON=SÆSON,2013-03-01,2734.0
DST:FIKS22:BRANCHE07=E:BELØB=4:SÆSON=SÆSON,2013-04-01,3245.0
DST:FIKS22:BRANCHE07=E:BELØB=4:SÆSON=SÆSON,2013-05-01,2693.0
DST:FIKS22:BRANCHE07=E:BELØB=4:SÆSON=SÆSON,2013-06-01,2382.0
DST:FIKS22:BRANCHE07=E:BELØB=4:SÆSON=SÆSON,2013-07-01,2674.0
DST:FIKS22:BRANCHE07=E:BELØB=4:SÆSON=SÆSON,2013-08-01,2801.0
DST:FIKS22:BRANCHE07=E:BELØB=4:SÆSON=SÆSON,2013-09-01,2787.0
DST:FIKS22:BRANCHE07=E:BELØB=4:SÆSON=SÆSON,2013-10-01,2823.0
DST:FIKS22:BRANCHE07=E:BELØB=4:SÆSON=SÆSON,2013-11-01,2897.0
DST:FIKS22:BRANCHE07=E:BELØB=4:SÆSON=SÆSON,2013-12-01,2911.0
DST:FIKS22:BRANCHE07=E:BELØB=4:SÆSON=SÆSON,2014-01-01,2895.0
DST:FIKS22:BRANCHE07=E:BELØB=4:SÆSON=SÆSON,2014-02-01,2811.0
DST:FIKS22:BRANCHE07=E:BELØB=4:SÆSON=SÆSON,2014-03-01,3170.0
DST:FIKS22:BRANCHE07=E:BELØB=4:SÆSON=SÆSON,2014-04-01,3048.0
DST:FIKS22:BRANCHE07=E:BELØB=4:SÆSON=SÆSON,2014-05-01,2792.0
DST:FIKS22:BRANCHE07=E:BELØB=4:SÆSON=SÆSON,2014-06-01,2937.0
DST:FIKS22:BRANCHE07=E:BELØB=4:SÆSON=SÆSON,2014-07-01,2983.0
DST:FIKS22:BRANCHE07=E:BELØB=4:SÆSON=SÆSON,2014-08-01,2849.0
DST:FIKS22:BRANCHE07=E:BELØB=4:SÆSON=SÆSON,2014-09-01,3203.0
DST:FIKS22:BRANCHE07=E:BELØB=4:SÆSON=SÆSON,2014-10-01,3151.0
DST:FIKS22:BRANCHE07=E:BELØB=4:SÆSON=SÆSON,2014-11-01,2885.0
DST:FIKS22:BRANCHE07=E:BELØB=4:SÆSON=SÆSON,2014-12-01,2877.0
DST:FIKS22:BRANCHE07=E:BELØB=4:SÆSON=SÆSON,2015-01-01,2927.0
DST:FIKS22:BRANCHE07=E:BELØB=4:SÆSON=SÆSON,2015-02-01,3024.0
DST:FIKS22:BRANCHE07=E:BELØB=4:SÆSON=SÆSON,2015-03-01,2847.0
DST:FIKS22:BRANCHE07=E:BELØB=4:SÆSON=SÆSON,2015-04-01,2791.0
DST:FIKS22:BRANCHE07=E:BELØB=4:SÆSON=SÆSON,2015-05-01,2871.0
DST:FIKS22:BRANCHE07=E:BELØB=4:SÆSON=SÆSON,2015-06-01,2893.0
DST:FIKS22:BRANCHE07=E:BELØB=4:SÆSON=SÆSON,2015-07-01,2945.0
DST:FIKS22:BRANCHE07=E:BELØB=4:SÆSON=SÆSON,2015-08-01,2830.0
DST:FIKS22:BRANCHE07=E:BELØB=4:SÆSON=SÆSON,2015-09-01,2816.0
DST:FIKS22:BRANCHE07=E:BELØB=4:SÆSON=SÆSON,2015-10-01,2718.0
DST:FIKS22:BRANCHE07=E:BELØB=4:SÆSON=SÆSON,2015-11-01,2827.0
DST:FIKS22:BRANCHE07=E:BELØB=4:SÆSON=SÆSON,2015-12-01,2763.0
DST:FIKS22:BRANCHE07=E:BELØB=4:SÆSON=SÆSON,2016-01-01,2741.0
DST:FIKS22:BRANCHE07=E:BELØB=4:SÆSON=SÆSON,2016-02-01,2835.0
DST:FIKS22:BRANCHE07=E:BELØB=4:SÆSON=SÆSON,2016-03-01,2668.0
DST:FIKS22:BRANCHE07=E:BELØB=4:SÆSON=SÆSON,2016-04-01,2858.0
DST:FIKS22:BRANCHE07=E:BELØB=4:SÆSON=SÆSON,2016-05-01,2817.0
DST:FIKS22:BRANCHE07=E:BELØB=4:SÆSON=SÆSON,2016-06-01,2840.0
DST:FIKS22:BRANCHE07=E:BELØB=4:SÆSON=SÆSON,2016-07-01,2680.0
DST:FIKS22:BRANCHE07=E:BELØB=4:SÆSON=SÆSON,2016-08-01,2875.0
DST:FIKS22:BRANCHE07=E:BELØB=4:SÆSON=SÆSON,2016-09-01,2919.0
DST:FIKS22:BRANCHE07=E:BELØB=4:SÆSON=SÆSON,2016-10-01,2819.0
DST:FIKS22:BRANCHE07=E:BELØB=4:SÆSON=SÆSON,2016-11-01,2915.0
DST:FIKS22:BRANCHE07=E:BELØB=4:SÆSON=SÆSON,2016-12-01,3046.0
DST:FIKS22:BRANCHE07=E:BELØB=4:SÆSON=SÆSON,2017-01-01,2932.0
DST:FIKS22:BRANCHE07=E:BELØB=4:SÆSON=SÆSON,2017-02-01,2921.0
DST:FIKS22:BRANCHE07=E:BELØB=4:SÆSON=SÆSON,2017-03-01,3010.0
DST:FIKS22:BRANCHE07=E:BELØB=4:SÆSON=SÆSON,2017-04-01,3060.0
DST:FIKS22:BRANCHE07=E:BELØB=4:SÆSON=SÆSON,2017-05-01,2953.0
DST:FIKS22:BRANCHE07=E:BELØB=4:SÆSON=SÆSON,2017-06-01,2929.0
DST:FIKS22:BRANCHE07=E:BELØB=4:SÆSON=SÆSON,2017-07-01,2890.0
DST:FIKS22:BRANCHE07=E:BELØB=4:SÆSON=SÆSON,2017-08-01,3081.0
DST:FIKS22:BRANCHE07=E:BELØB=4:SÆSON=SÆSON,2017-09-01,3040.0
DST:FIKS22:BRANCHE07=E:BELØB=4:SÆSON=SÆSON,2017-10-01,2973.0
DST:FIKS22:BRANCHE07=E:BELØB=4:SÆSON=SÆSON,2017-11-01,3226.0
DST:FIKS22:BRANCHE07=E:BELØB=4:SÆSON=SÆSON,2017-12-01,3089.0
DST:FIKS22:BRANCHE07=E:BELØB=4:SÆSON=SÆSON,2018-01-01,3183.0
DST:FIKS22:BRANCHE07=E:BELØB=4:SÆSON=SÆSON,2018-02-01,2978.0
DST:FIKS22:BRANCHE07=E:BELØB=4:SÆSON=SÆSON,2018-03-01,3184.0
DST:FIKS22:BRANCHE07=E:BELØB=4:SÆSON=SÆSON,2018-04-01,3088.0
DST:FIKS22:BRANCHE07=E:BELØB=4:SÆSON=SÆSON,2018-05-01,3184.0
DST:FIKS22:BRANCHE07=E:BELØB=4:SÆSON=SÆSON,2018-06-01,3226.0
DST:FIKS22:BRANCHE07=E:BELØB=4:SÆSON=SÆSON,2018-07-01,3249.0
DST:FIKS22:BRANCHE07=E:BELØB=4:SÆSON=SÆSON,2018-08-01,3207.0
DST:FIKS22:BRANCHE07=E:BELØB=4:SÆSON=SÆSON,2018-09-01,3174.0
DST:FIKS22:BRANCHE07=E:BELØB=4:SÆSON=SÆSON,2018-10-01,3343.0
DST:FIKS22:BRANCHE07=E:BELØB=4:SÆSON=SÆSON,2018-11-01,3250.0
DST:FIKS22:BRANCHE07=E:BELØB=4:SÆSON=SÆSON,2018-12-01,3259.0
DST:FIKS22:BRANCHE07=E:BELØB=4:SÆSON=SÆSON,2019-01-01,3174.0
DST:FIKS22:BRANCHE07=E:BELØB=4:SÆSON=SÆSON,2019-02-01,3310.0
DST:FIKS22:BRANCHE07=E:BELØB=4:SÆSON=SÆSON,2019-03-01,3308.0
DST:FIKS22:BRANCHE07=E:BELØB=4:SÆSON=SÆSON,2019-04-01,3239.0
DST:FIKS22:BRANCHE07=E:BELØB=4:SÆSON=SÆSON,2019-05-01,3454.0
DST:FIKS22:BRANCHE07=E:BELØB=4:SÆSON=SÆSON,2019-06-01,3162.0
DST:FIKS22:BRANCHE07=E:BELØB=4:SÆSON=SÆSON,2019-07-01,3188.0
DST:FIKS22:BRANCHE07=E:BELØB=4:SÆSON=SÆSON,2019-08-01,3226.0
DST:FIKS22:BRANCHE07=E:BELØB=4:SÆSON=SÆSON,2019-09-01,3377.0
DST:FIKS22:BRANCHE07=E:BELØB=4:SÆSON=SÆSON,2019-10-01,3148.0
DST:FIKS22:BRANCHE07=E:BELØB=4:SÆSON=SÆSON,2019-11-01,2939.0
DST:FIKS22:BRANCHE07=E:BELØB=4:SÆSON=SÆSON,2019-12-01,3200.0
DST:FIKS22:BRANCHE07=E:BELØB=4:SÆSON=SÆSON,2020-01-01,3205.0
DST:FIKS22:BRANCHE07=E:BELØB=4:SÆSON=SÆSON,2020-02-01,3276.0
DST:FIKS22:BRANCHE07=E:BELØB=4:SÆSON=SÆSON,2020-03-01,3036.0
DST:FIKS22:BRANCHE07=E:BELØB=4:SÆSON=SÆSON,2020-04-01,3081.0
DST:FIKS22:BRANCHE07=E:BELØB=4:SÆSON=SÆSON,2020-05-01,3060.0
DST:FIKS22:BRANCHE07=E:BELØB=4:SÆSON=SÆSON,2020-06-01,3070.0
DST:FIKS22:BRANCHE07=E:BELØB=4:SÆSON=SÆSON,2020-07-01,3384.0
DST:FIKS22:BRANCHE07=E:BELØB=4:SÆSON=SÆSON,2020-08-01,3483.0
DST:FIKS22:BRANCHE07=E:BELØB=4:SÆSON=SÆSON,2020-09-01,3442.0
DST:FIKS22:BRANCHE07=E:BELØB=4:SÆSON=SÆSON,2020-10-01,3568.0
DST:FIKS22:BRANCHE07=E:BELØB=4:SÆSON=SÆSON,2020-11-01,3492.0
DST:FIKS22:BRANCHE07=E:BELØB=4:SÆSON=SÆSON,2020-12-01,3325.0
DST:FIKS22:BRANCHE07=E:BELØB=4:SÆSON=SÆSON,2021-01-01,3671.0
DST:FIKS22:BRANCHE07=E:BELØB=4:SÆSON=SÆSON,2021-02-01,3829.0
DST:FIKS22:BRANCHE07=E:BELØB=4:SÆSON=SÆSON,2021-03-01,3827.0
DST:FIKS22:BRANCHE07=E:BELØB=4:SÆSON=SÆSON,2021-04-01,3833.0
DST:FIKS22:BRANCHE07=E:BELØB=4:SÆSON=SÆSON,2021-05-01,3881.0
DST:FIKS22:BRANCHE07=E:BELØB=4:SÆSON=SÆSON,2021-06-01,4007.0
DST:FIKS22:BRANCHE07=E:BELØB=4:SÆSON=SÆSON,2021-07-01,3843.0
DST:FIKS22:BRANCHE07=E:BELØB=4:SÆSON=SÆSON,2021-08-01,3950.0
DST:FIKS22:BRANCHE07=E:BELØB=4:SÆSON=SÆSON,2021-09-01,4024.0
DST:FIKS22:BRANCHE07=E:BELØB=4:SÆSON=SÆSON,2021-10-01,4048.0
DST:FIKS22:BRANCHE07=E:BELØB=4:SÆSON=SÆSON,2021-11-01,4560.0
DST:FIKS22:BRANCHE07=E:BELØB=4:SÆSON=SÆSON,2021-12-01,4187.0
DST:FIKS22:BRANCHE07=E:BELØB=4:SÆSON=SÆSON,2022-01-01,4164.0
DST:FIKS22:BRANCHE07=E:BELØB=4:SÆSON=SÆSON,2022-02-01,3832.0
DST:FIKS22:BRANCHE07=E:BELØB=4:SÆSON=SÆSON,2022-03-01,4424.0
DST:FIKS22:BRANCHE07=E:BELØB=4:SÆSON=SÆSON,2022-04-01,4769.0
DST:FIKS22:BRANCHE07=E:BELØB=4:SÆSON=SÆSON,2022-05-01,4205.0
DST:FIKS22:BRANCHE07=E:BELØB=4:SÆSON=SÆSON,2022-06-01,4363.0
DST:FIKS22:BRANCHE07=E:BELØB=4:SÆSON=SÆSON,2022-07-01,4288.0
DST:FIKS22:BRANCHE07=E:BELØB=4:SÆSON=SÆSON,2022-08-01,4115.0
DST:FIKS22:BRANCHE07=E:BELØB=4:SÆSON=SÆSON,2022-09-01,4140.0
DST:FIKS22:BRANCHE07=E:BELØB=4:SÆSON=SÆSON,2022-10-01,4016.0
DST:FIKS22:BRANCHE07=E:BELØB=4:SÆSON=SÆSON,2022-11-01,4096.0
DST:FIKS22:BRANCHE07=E:BELØB=4:SÆSON=SÆSON,2022-12-01,3901.0
DST:FIKS22:BRANCHE07=E:BELØB=4:SÆSON=SÆSON,2023-01-01,3947.0
DST:FIKS22:BRANCHE07=E:BELØB=4:SÆSON=SÆSON,2023-02-01,3936.0
DST:FIKS22:BRANCHE07=E:BELØB=4:SÆSON=SÆSON,2023-03-01,3869.0
DST:FIKS22:BRANCHE07=E:BELØB=4:SÆSON=SÆSON,2023-04-01,3900.0
DST:FIKS22:BRANCHE07=E:BELØB=4:SÆSON=SÆSON,2023-05-01,3836.0
DST:FIKS22:BRANCHE07=E:BELØB=4:SÆSON=SÆSON,2023-06-01,4037.0
DST:FIKS22:BRANCHE07=E:BELØB=4:SÆSON=SÆSON,2023-07-01,3911.0
DST:FIKS22:BRANCHE07=E:BELØB=4:SÆSON=SÆSON,2023-08-01,4120.0
DST:FIKS22:BRANCHE07=E:BELØB=4:SÆSON=SÆSON,2023-09-01,3990.0
DST:FIKS22:BRANCHE07=E:BELØB=4:SÆSON=SÆSON,2023-10-01,4259.0
DST:FIKS22:BRANCHE07=E:BELØB=4:SÆSON=SÆSON,2023-11-01,4250.0
DST:FIKS22:BRANCHE07=E:BELØB=4:SÆSON=SÆSON,2023-12-01,3831.0
DST:FIKS22:BRANCHE07=E:BELØB=4:SÆSON=SÆSON,2024-01-01,4292.0
DST:FIKS22:BRANCHE07=E:BELØB=4:SÆSON=SÆSON,2024-02-01,4282.0
DST:FIKS22:BRANCHE07=E:BELØB=4:SÆSON=SÆSON,2024-03-01,5613.0
DST:FIKS22:BRANCHE07=E:BELØB=4:SÆSON=SÆSON,2024-04-01,4560.0
DST:FIKS22:BRANCHE07=E:BELØB=4:SÆSON=SÆSON,2024-05-01,4410.0
DST:FIKS22:BRANCHE07=E:BELØB=4:SÆSON=SÆSON,2024-06-01,3990.0
DST:FIKS22:BRANCHE07=E:BELØB=4:SÆSON=SÆSON,2024-07-01,4535.0
DST:FIKS22:BRANCHE07=E:BELØB=4:SÆSON=SÆSON,2024-08-01,4343.0
DST:FIKS22:BRANCHE07=E:BELØB=4:SÆSON=SÆSON,2024-09-01,4367.0
DST:FIKS22:BRANCHE07=E:BELØB=4:SÆSON=SÆSON,2024-10-01,3694.0
DST:FIKS22:BRANCHE07=E:BELØB=4:SÆSON=SÆSON,2024-11-01,4264.0
DST:FIKS22:BRANCHE07=E:BELØB=4:SÆSON=SÆSON,2024-12-01,4402.0
DST:FIKS22:BRANCHE07=E:BELØB=4:SÆSON=SÆSON,2025-01-01,4603.0
DST:FIKS22:BRANCHE07=E:BELØB=4:SÆSON=SÆSON,2025-02-01,4206.0
DST:FIKS22:BRANCHE07=E:BELØB=4:SÆSON=SÆSON,2025-03-01,4292.0
DST:FIKS22:BRANCHE07=E:BELØB=4:SÆSON=SÆSON,2025-04-01,4168.0
DST:FIKS22:BRANCHE07=E:BELØB=4:SÆSON=SÆSON,2025-05-01,4474.0
DST:FIKS22:BRANCHE07=E:BELØB=4:SÆSON=SÆSON,2025-06-01,4256.0
DST:FIKS22:BRANCHE07=E:BELØB=4:SÆSON=SÆSON,2025-07-01,4388.0
DST:FIKS22:BRANCHE07=E:BELØB=4:SÆSON=SÆSON,2025-08-01,4408.0
DST:FIKS22:BRANCHE07=E:BELØB=4:SÆSON=SÆSON,2025-09-01,4560.0
DST:FIKS22:BRANCHE07=E:BELØB=4:SÆSON=SÆSON,2025-10-01,4707.0
DST:FIKS22:BRANCHE07=E:BELØB=4:SÆSON=SÆSON,2025-11-01,4652.0
DST:FIKS22:BRANCHE07=E:BELØB=4:SÆSON=SÆSON,2025-12-01,4867.0
DST:FIKS22:BRANCHE07=E:BELØB=4:SÆSON=SÆSON,2026-01-01,4964.0
DST:FIKS22:BRANCHE07=E:BELØB=4:SÆSON=SÆSON,2026-02-01,4973.0
DST:FIKS22:BRANCHE07=E:BELØB=4:SÆSON=SÆSON,2026-03-01,5146.0
DST:FIKS22:BRANCHE07=F:BELØB=0:SÆSON=EJSÆSON,2009-01-01,8377.0
DST:FIKS22:BRANCHE07=F:BELØB=0:SÆSON=EJSÆSON,2009-02-01,8582.0
DST:FIKS22:BRANCHE07=F:BELØB=0:SÆSON=EJSÆSON,2009-03-01,9482.0
DST:FIKS22:BRANCHE07=F:BELØB=0:SÆSON=EJSÆSON,2009-04-01,8869.0
DST:FIKS22:BRANCHE07=F:BELØB=0:SÆSON=EJSÆSON,2009-05-01,8467.0
DST:FIKS22:BRANCHE07=F:BELØB=0:SÆSON=EJSÆSON,2009-06-01,9768.0
DST:FIKS22:BRANCHE07=F:BELØB=0:SÆSON=EJSÆSON,2009-07-01,7972.0
DST:FIKS22:BRANCHE07=F:BELØB=0:SÆSON=EJSÆSON,2009-08-01,8919.0
DST:FIKS22:BRANCHE07=F:BELØB=0:SÆSON=EJSÆSON,2009-09-01,9846.0
DST:FIKS22:BRANCHE07=F:BELØB=0:SÆSON=EJSÆSON,2009-10-01,9778.0
DST:FIKS22:BRANCHE07=F:BELØB=0:SÆSON=EJSÆSON,2009-11-01,9292.0
DST:FIKS22:BRANCHE07=F:BELØB=0:SÆSON=EJSÆSON,2009-12-01,8188.0
DST:FIKS22:BRANCHE07=F:BELØB=0:SÆSON=EJSÆSON,2010-01-01,6144.0
DST:FIKS22:BRANCHE07=F:BELØB=0:SÆSON=EJSÆSON,2010-02-01,5922.0
DST:FIKS22:BRANCHE07=F:BELØB=0:SÆSON=EJSÆSON,2010-03-01,7504.0
DST:FIKS22:BRANCHE07=F:BELØB=0:SÆSON=EJSÆSON,2010-04-01,7380.0
DST:FIKS22:BRANCHE07=F:BELØB=0:SÆSON=EJSÆSON,2010-05-01,7976.0
DST:FIKS22:BRANCHE07=F:BELØB=0:SÆSON=EJSÆSON,2010-06-01,9756.0
DST:FIKS22:BRANCHE07=F:BELØB=0:SÆSON=EJSÆSON,2010-07-01,7757.0
DST:FIKS22:BRANCHE07=F:BELØB=0:SÆSON=EJSÆSON,2010-08-01,8529.0
DST:FIKS22:BRANCHE07=F:BELØB=0:SÆSON=EJSÆSON,2010-09-01,10209.0
DST:FIKS22:BRANCHE07=F:BELØB=0:SÆSON=EJSÆSON,2010-10-01,9664.0
DST:FIKS22:BRANCHE07=F:BELØB=0:SÆSON=EJSÆSON,2010-11-01,9988.0
DST:FIKS22:BRANCHE07=F:BELØB=0:SÆSON=EJSÆSON,2010-12-01,9069.0
DST:FIKS22:BRANCHE07=F:BELØB=0:SÆSON=EJSÆSON,2011-01-01,6975.0
DST:FIKS22:BRANCHE07=F:BELØB=0:SÆSON=EJSÆSON,2011-02-01,7378.0
DST:FIKS22:BRANCHE07=F:BELØB=0:SÆSON=EJSÆSON,2011-03-01,9099.0
DST:FIKS22:BRANCHE07=F:BELØB=0:SÆSON=EJSÆSON,2011-04-01,8280.0
DST:FIKS22:BRANCHE07=F:BELØB=0:SÆSON=EJSÆSON,2011-05-01,9970.0
DST:FIKS22:BRANCHE07=F:BELØB=0:SÆSON=EJSÆSON,2011-06-01,10380.0
DST:FIKS22:BRANCHE07=F:BELØB=0:SÆSON=EJSÆSON,2011-07-01,8583.0
DST:FIKS22:BRANCHE07=F:BELØB=0:SÆSON=EJSÆSON,2011-08-01,10409.0
DST:FIKS22:BRANCHE07=F:BELØB=0:SÆSON=EJSÆSON,2011-09-01,11933.0
DST:FIKS22:BRANCHE07=F:BELØB=0:SÆSON=EJSÆSON,2011-10-01,11217.0
DST:FIKS22:BRANCHE07=F:BELØB=0:SÆSON=EJSÆSON,2011-11-01,11921.0
DST:FIKS22:BRANCHE07=F:BELØB=0:SÆSON=EJSÆSON,2011-12-01,11374.0
DST:FIKS22:BRANCHE07=F:BELØB=0:SÆSON=EJSÆSON,2012-01-01,8963.0
DST:FIKS22:BRANCHE07=F:BELØB=0:SÆSON=EJSÆSON,2012-02-01,8582.0
DST:FIKS22:BRANCHE07=F:BELØB=0:SÆSON=EJSÆSON,2012-03-01,9941.0
DST:FIKS22:BRANCHE07=F:BELØB=0:SÆSON=EJSÆSON,2012-04-01,9510.0
DST:FIKS22:BRANCHE07=F:BELØB=0:SÆSON=EJSÆSON,2012-05-01,9964.0
DST:FIKS22:BRANCHE07=F:BELØB=0:SÆSON=EJSÆSON,2012-06-01,11597.0
DST:FIKS22:BRANCHE07=F:BELØB=0:SÆSON=EJSÆSON,2012-07-01,9264.0
DST:FIKS22:BRANCHE07=F:BELØB=0:SÆSON=EJSÆSON,2012-08-01,11003.0
DST:FIKS22:BRANCHE07=F:BELØB=0:SÆSON=EJSÆSON,2012-09-01,11495.0
DST:FIKS22:BRANCHE07=F:BELØB=0:SÆSON=EJSÆSON,2012-10-01,12402.0
DST:FIKS22:BRANCHE07=F:BELØB=0:SÆSON=EJSÆSON,2012-11-01,11973.0
DST:FIKS22:BRANCHE07=F:BELØB=0:SÆSON=EJSÆSON,2012-12-01,10274.0
DST:FIKS22:BRANCHE07=F:BELØB=0:SÆSON=EJSÆSON,2013-01-01,8339.0
DST:FIKS22:BRANCHE07=F:BELØB=0:SÆSON=EJSÆSON,2013-02-01,8430.0
DST:FIKS22:BRANCHE07=F:BELØB=0:SÆSON=EJSÆSON,2013-03-01,8509.0
DST:FIKS22:BRANCHE07=F:BELØB=0:SÆSON=EJSÆSON,2013-04-01,9965.0
DST:FIKS22:BRANCHE07=F:BELØB=0:SÆSON=EJSÆSON,2013-05-01,10257.0
DST:FIKS22:BRANCHE07=F:BELØB=0:SÆSON=EJSÆSON,2013-06-01,11285.0
DST:FIKS22:BRANCHE07=F:BELØB=0:SÆSON=EJSÆSON,2013-07-01,9671.0
DST:FIKS22:BRANCHE07=F:BELØB=0:SÆSON=EJSÆSON,2013-08-01,11571.0
DST:FIKS22:BRANCHE07=F:BELØB=0:SÆSON=EJSÆSON,2013-09-01,11515.0
DST:FIKS22:BRANCHE07=F:BELØB=0:SÆSON=EJSÆSON,2013-10-01,12114.0
DST:FIKS22:BRANCHE07=F:BELØB=0:SÆSON=EJSÆSON,2013-11-01,11268.0
DST:FIKS22:BRANCHE07=F:BELØB=0:SÆSON=EJSÆSON,2013-12-01,11684.0
DST:FIKS22:BRANCHE07=F:BELØB=0:SÆSON=EJSÆSON,2014-01-01,8495.0
DST:FIKS22:BRANCHE07=F:BELØB=0:SÆSON=EJSÆSON,2014-02-01,9147.0
DST:FIKS22:BRANCHE07=F:BELØB=0:SÆSON=EJSÆSON,2014-03-01,10336.0
DST:FIKS22:BRANCHE07=F:BELØB=0:SÆSON=EJSÆSON,2014-04-01,10194.0
DST:FIKS22:BRANCHE07=F:BELØB=0:SÆSON=EJSÆSON,2014-05-01,10571.0
DST:FIKS22:BRANCHE07=F:BELØB=0:SÆSON=EJSÆSON,2014-06-01,11860.0
DST:FIKS22:BRANCHE07=F:BELØB=0:SÆSON=EJSÆSON,2014-07-01,10118.0
DST:FIKS22:BRANCHE07=F:BELØB=0:SÆSON=EJSÆSON,2014-08-01,11365.0
DST:FIKS22:BRANCHE07=F:BELØB=0:SÆSON=EJSÆSON,2014-09-01,12397.0
DST:FIKS22:BRANCHE07=F:BELØB=0:SÆSON=EJSÆSON,2014-10-01,13167.0
DST:FIKS22:BRANCHE07=F:BELØB=0:SÆSON=EJSÆSON,2014-11-01,12450.0
DST:FIKS22:BRANCHE07=F:BELØB=0:SÆSON=EJSÆSON,2014-12-01,12630.0
DST:FIKS22:BRANCHE07=F:BELØB=0:SÆSON=EJSÆSON,2015-01-01,9110.0
DST:FIKS22:BRANCHE07=F:BELØB=0:SÆSON=EJSÆSON,2015-02-01,10436.0
DST:FIKS22:BRANCHE07=F:BELØB=0:SÆSON=EJSÆSON,2015-03-01,12046.0
DST:FIKS22:BRANCHE07=F:BELØB=0:SÆSON=EJSÆSON,2015-04-01,11485.0
DST:FIKS22:BRANCHE07=F:BELØB=0:SÆSON=EJSÆSON,2015-05-01,11230.0
DST:FIKS22:BRANCHE07=F:BELØB=0:SÆSON=EJSÆSON,2015-06-01,14002.0
DST:FIKS22:BRANCHE07=F:BELØB=0:SÆSON=EJSÆSON,2015-07-01,10956.0
DST:FIKS22:BRANCHE07=F:BELØB=0:SÆSON=EJSÆSON,2015-08-01,12023.0
DST:FIKS22:BRANCHE07=F:BELØB=0:SÆSON=EJSÆSON,2015-09-01,13561.0
DST:FIKS22:BRANCHE07=F:BELØB=0:SÆSON=EJSÆSON,2015-10-01,14377.0
DST:FIKS22:BRANCHE07=F:BELØB=0:SÆSON=EJSÆSON,2015-11-01,13842.0
DST:FIKS22:BRANCHE07=F:BELØB=0:SÆSON=EJSÆSON,2015-12-01,13306.0
DST:FIKS22:BRANCHE07=F:BELØB=0:SÆSON=EJSÆSON,2016-01-01,9818.0
DST:FIKS22:BRANCHE07=F:BELØB=0:SÆSON=EJSÆSON,2016-02-01,11103.0
DST:FIKS22:BRANCHE07=F:BELØB=0:SÆSON=EJSÆSON,2016-03-01,11820.0
DST:FIKS22:BRANCHE07=F:BELØB=0:SÆSON=EJSÆSON,2016-04-01,12918.0
DST:FIKS22:BRANCHE07=F:BELØB=0:SÆSON=EJSÆSON,2016-05-01,13495.0
DST:FIKS22:BRANCHE07=F:BELØB=0:SÆSON=EJSÆSON,2016-06-01,14893.0
DST:FIKS22:BRANCHE07=F:BELØB=0:SÆSON=EJSÆSON,2016-07-01,10926.0
DST:FIKS22:BRANCHE07=F:BELØB=0:SÆSON=EJSÆSON,2016-08-01,13486.0
DST:FIKS22:BRANCHE07=F:BELØB=0:SÆSON=EJSÆSON,2016-09-01,15333.0
DST:FIKS22:BRANCHE07=F:BELØB=0:SÆSON=EJSÆSON,2016-10-01,14383.0
DST:FIKS22:BRANCHE07=F:BELØB=0:SÆSON=EJSÆSON,2016-11-01,15365.0
DST:FIKS22:BRANCHE07=F:BELØB=0:SÆSON=EJSÆSON,2016-12-01,14959.0
DST:FIKS22:BRANCHE07=F:BELØB=0:SÆSON=EJSÆSON,2017-01-01,11655.0
DST:FIKS22:BRANCHE07=F:BELØB=0:SÆSON=EJSÆSON,2017-02-01,12015.0
DST:FIKS22:BRANCHE07=F:BELØB=0:SÆSON=EJSÆSON,2017-03-01,14226.0
DST:FIKS22:BRANCHE07=F:BELØB=0:SÆSON=EJSÆSON,2017-04-01,12814.0
DST:FIKS22:BRANCHE07=F:BELØB=0:SÆSON=EJSÆSON,2017-05-01,14473.0
DST:FIKS22:BRANCHE07=F:BELØB=0:SÆSON=EJSÆSON,2017-06-01,15854.0
DST:FIKS22:BRANCHE07=F:BELØB=0:SÆSON=EJSÆSON,2017-07-01,12218.0
DST:FIKS22:BRANCHE07=F:BELØB=0:SÆSON=EJSÆSON,2017-08-01,14560.0
DST:FIKS22:BRANCHE07=F:BELØB=0:SÆSON=EJSÆSON,2017-09-01,15834.0
DST:FIKS22:BRANCHE07=F:BELØB=0:SÆSON=EJSÆSON,2017-10-01,16643.0
DST:FIKS22:BRANCHE07=F:BELØB=0:SÆSON=EJSÆSON,2017-11-01,16653.0
DST:FIKS22:BRANCHE07=F:BELØB=0:SÆSON=EJSÆSON,2017-12-01,15457.0
DST:FIKS22:BRANCHE07=F:BELØB=0:SÆSON=EJSÆSON,2018-01-01,13063.0
DST:FIKS22:BRANCHE07=F:BELØB=0:SÆSON=EJSÆSON,2018-02-01,13356.0
DST:FIKS22:BRANCHE07=F:BELØB=0:SÆSON=EJSÆSON,2018-03-01,13867.0
DST:FIKS22:BRANCHE07=F:BELØB=0:SÆSON=EJSÆSON,2018-04-01,14430.0
DST:FIKS22:BRANCHE07=F:BELØB=0:SÆSON=EJSÆSON,2018-05-01,15671.0
DST:FIKS22:BRANCHE07=F:BELØB=0:SÆSON=EJSÆSON,2018-06-01,16930.0
DST:FIKS22:BRANCHE07=F:BELØB=0:SÆSON=EJSÆSON,2018-07-01,13737.0
DST:FIKS22:BRANCHE07=F:BELØB=0:SÆSON=EJSÆSON,2018-08-01,15708.0
DST:FIKS22:BRANCHE07=F:BELØB=0:SÆSON=EJSÆSON,2018-09-01,16313.0
DST:FIKS22:BRANCHE07=F:BELØB=0:SÆSON=EJSÆSON,2018-10-01,18096.0
DST:FIKS22:BRANCHE07=F:BELØB=0:SÆSON=EJSÆSON,2018-11-01,17400.0
DST:FIKS22:BRANCHE07=F:BELØB=0:SÆSON=EJSÆSON,2018-12-01,15824.0
DST:FIKS22:BRANCHE07=F:BELØB=0:SÆSON=EJSÆSON,2019-01-01,13822.0
DST:FIKS22:BRANCHE07=F:BELØB=0:SÆSON=EJSÆSON,2019-02-01,14402.0
DST:FIKS22:BRANCHE07=F:BELØB=0:SÆSON=EJSÆSON,2019-03-01,15933.0
DST:FIKS22:BRANCHE07=F:BELØB=0:SÆSON=EJSÆSON,2019-04-01,15268.0
DST:FIKS22:BRANCHE07=F:BELØB=0:SÆSON=EJSÆSON,2019-05-01,16078.0
DST:FIKS22:BRANCHE07=F:BELØB=0:SÆSON=EJSÆSON,2019-06-01,16421.0
DST:FIKS22:BRANCHE07=F:BELØB=0:SÆSON=EJSÆSON,2019-07-01,14012.0
DST:FIKS22:BRANCHE07=F:BELØB=0:SÆSON=EJSÆSON,2019-08-01,15833.0
DST:FIKS22:BRANCHE07=F:BELØB=0:SÆSON=EJSÆSON,2019-09-01,17326.0
DST:FIKS22:BRANCHE07=F:BELØB=0:SÆSON=EJSÆSON,2019-10-01,17938.0
DST:FIKS22:BRANCHE07=F:BELØB=0:SÆSON=EJSÆSON,2019-11-01,17315.0
DST:FIKS22:BRANCHE07=F:BELØB=0:SÆSON=EJSÆSON,2019-12-01,16444.0
DST:FIKS22:BRANCHE07=F:BELØB=0:SÆSON=EJSÆSON,2020-01-01,13888.0
DST:FIKS22:BRANCHE07=F:BELØB=0:SÆSON=EJSÆSON,2020-02-01,14630.0
DST:FIKS22:BRANCHE07=F:BELØB=0:SÆSON=EJSÆSON,2020-03-01,17499.0
DST:FIKS22:BRANCHE07=F:BELØB=0:SÆSON=EJSÆSON,2020-04-01,15971.0
DST:FIKS22:BRANCHE07=F:BELØB=0:SÆSON=EJSÆSON,2020-05-01,14885.0
DST:FIKS22:BRANCHE07=F:BELØB=0:SÆSON=EJSÆSON,2020-06-01,17462.0
DST:FIKS22:BRANCHE07=F:BELØB=0:SÆSON=EJSÆSON,2020-07-01,14152.0
DST:FIKS22:BRANCHE07=F:BELØB=0:SÆSON=EJSÆSON,2020-08-01,16110.0
DST:FIKS22:BRANCHE07=F:BELØB=0:SÆSON=EJSÆSON,2020-09-01,18866.0
DST:FIKS22:BRANCHE07=F:BELØB=0:SÆSON=EJSÆSON,2020-10-01,18304.0
DST:FIKS22:BRANCHE07=F:BELØB=0:SÆSON=EJSÆSON,2020-11-01,18490.0
DST:FIKS22:BRANCHE07=F:BELØB=0:SÆSON=EJSÆSON,2020-12-01,16884.0
DST:FIKS22:BRANCHE07=F:BELØB=0:SÆSON=EJSÆSON,2021-01-01,15034.0
DST:FIKS22:BRANCHE07=F:BELØB=0:SÆSON=EJSÆSON,2021-02-01,15142.0
DST:FIKS22:BRANCHE07=F:BELØB=0:SÆSON=EJSÆSON,2021-03-01,18799.0
DST:FIKS22:BRANCHE07=F:BELØB=0:SÆSON=EJSÆSON,2021-04-01,17221.0
DST:FIKS22:BRANCHE07=F:BELØB=0:SÆSON=EJSÆSON,2021-05-01,17230.0
DST:FIKS22:BRANCHE07=F:BELØB=0:SÆSON=EJSÆSON,2021-06-01,20644.0
DST:FIKS22:BRANCHE07=F:BELØB=0:SÆSON=EJSÆSON,2021-07-01,14731.0
DST:FIKS22:BRANCHE07=F:BELØB=0:SÆSON=EJSÆSON,2021-08-01,17369.0
DST:FIKS22:BRANCHE07=F:BELØB=0:SÆSON=EJSÆSON,2021-09-01,20708.0
DST:FIKS22:BRANCHE07=F:BELØB=0:SÆSON=EJSÆSON,2021-10-01,20329.0
DST:FIKS22:BRANCHE07=F:BELØB=0:SÆSON=EJSÆSON,2021-11-01,21696.0
DST:FIKS22:BRANCHE07=F:BELØB=0:SÆSON=EJSÆSON,2021-12-01,19655.0
DST:FIKS22:BRANCHE07=F:BELØB=0:SÆSON=EJSÆSON,2022-01-01,17016.0
DST:FIKS22:BRANCHE07=F:BELØB=0:SÆSON=EJSÆSON,2022-02-01,18066.0
DST:FIKS22:BRANCHE07=F:BELØB=0:SÆSON=EJSÆSON,2022-03-01,22530.0
DST:FIKS22:BRANCHE07=F:BELØB=0:SÆSON=EJSÆSON,2022-04-01,20035.0
DST:FIKS22:BRANCHE07=F:BELØB=0:SÆSON=EJSÆSON,2022-05-01,21788.0
DST:FIKS22:BRANCHE07=F:BELØB=0:SÆSON=EJSÆSON,2022-06-01,22795.0
DST:FIKS22:BRANCHE07=F:BELØB=0:SÆSON=EJSÆSON,2022-07-01,17205.0
DST:FIKS22:BRANCHE07=F:BELØB=0:SÆSON=EJSÆSON,2022-08-01,20717.0
DST:FIKS22:BRANCHE07=F:BELØB=0:SÆSON=EJSÆSON,2022-09-01,23274.0
DST:FIKS22:BRANCHE07=F:BELØB=0:SÆSON=EJSÆSON,2022-10-01,22681.0
DST:FIKS22:BRANCHE07=F:BELØB=0:SÆSON=EJSÆSON,2022-11-01,23840.0
DST:FIKS22:BRANCHE07=F:BELØB=0:SÆSON=EJSÆSON,2022-12-01,22517.0
DST:FIKS22:BRANCHE07=F:BELØB=0:SÆSON=EJSÆSON,2023-01-01,18096.0
DST:FIKS22:BRANCHE07=F:BELØB=0:SÆSON=EJSÆSON,2023-02-01,19249.0
DST:FIKS22:BRANCHE07=F:BELØB=0:SÆSON=EJSÆSON,2023-03-01,22137.0
DST:FIKS22:BRANCHE07=F:BELØB=0:SÆSON=EJSÆSON,2023-04-01,18979.0
DST:FIKS22:BRANCHE07=F:BELØB=0:SÆSON=EJSÆSON,2023-05-01,20934.0
DST:FIKS22:BRANCHE07=F:BELØB=0:SÆSON=EJSÆSON,2023-06-01,22906.0
DST:FIKS22:BRANCHE07=F:BELØB=0:SÆSON=EJSÆSON,2023-07-01,16206.0
DST:FIKS22:BRANCHE07=F:BELØB=0:SÆSON=EJSÆSON,2023-08-01,19845.0
DST:FIKS22:BRANCHE07=F:BELØB=0:SÆSON=EJSÆSON,2023-09-01,22040.0
DST:FIKS22:BRANCHE07=F:BELØB=0:SÆSON=EJSÆSON,2023-10-01,22460.0
DST:FIKS22:BRANCHE07=F:BELØB=0:SÆSON=EJSÆSON,2023-11-01,22154.0
DST:FIKS22:BRANCHE07=F:BELØB=0:SÆSON=EJSÆSON,2023-12-01,19928.0
DST:FIKS22:BRANCHE07=F:BELØB=0:SÆSON=EJSÆSON,2024-01-01,17280.0
DST:FIKS22:BRANCHE07=F:BELØB=0:SÆSON=EJSÆSON,2024-02-01,18365.0
DST:FIKS22:BRANCHE07=F:BELØB=0:SÆSON=EJSÆSON,2024-03-01,19204.0
DST:FIKS22:BRANCHE07=F:BELØB=0:SÆSON=EJSÆSON,2024-04-01,20934.0
DST:FIKS22:BRANCHE07=F:BELØB=0:SÆSON=EJSÆSON,2024-05-01,20856.0
DST:FIKS22:BRANCHE07=F:BELØB=0:SÆSON=EJSÆSON,2024-06-01,21724.0
DST:FIKS22:BRANCHE07=F:BELØB=0:SÆSON=EJSÆSON,2024-07-01,17617.0
DST:FIKS22:BRANCHE07=F:BELØB=0:SÆSON=EJSÆSON,2024-08-01,20239.0
DST:FIKS22:BRANCHE07=F:BELØB=0:SÆSON=EJSÆSON,2024-09-01,22239.0
DST:FIKS22:BRANCHE07=F:BELØB=0:SÆSON=EJSÆSON,2024-10-01,23218.0
DST:FIKS22:BRANCHE07=F:BELØB=0:SÆSON=EJSÆSON,2024-11-01,22050.0
DST:FIKS22:BRANCHE07=F:BELØB=0:SÆSON=EJSÆSON,2024-12-01,21347.0
DST:FIKS22:BRANCHE07=F:BELØB=0:SÆSON=EJSÆSON,2025-01-01,16984.0
DST:FIKS22:BRANCHE07=F:BELØB=0:SÆSON=EJSÆSON,2025-02-01,18888.0
DST:FIKS22:BRANCHE07=F:BELØB=0:SÆSON=EJSÆSON,2025-03-01,22016.0
DST:FIKS22:BRANCHE07=F:BELØB=0:SÆSON=EJSÆSON,2025-04-01,20257.0
DST:FIKS22:BRANCHE07=F:BELØB=0:SÆSON=EJSÆSON,2025-05-01,21103.0
DST:FIKS22:BRANCHE07=F:BELØB=0:SÆSON=EJSÆSON,2025-06-01,21641.0
DST:FIKS22:BRANCHE07=F:BELØB=0:SÆSON=EJSÆSON,2025-07-01,16933.0
DST:FIKS22:BRANCHE07=F:BELØB=0:SÆSON=EJSÆSON,2025-08-01,20330.0
DST:FIKS22:BRANCHE07=F:BELØB=0:SÆSON=EJSÆSON,2025-09-01,22522.0
DST:FIKS22:BRANCHE07=F:BELØB=0:SÆSON=EJSÆSON,2025-10-01,23327.0
DST:FIKS22:BRANCHE07=F:BELØB=0:SÆSON=EJSÆSON,2025-11-01,22206.0
DST:FIKS22:BRANCHE07=F:BELØB=0:SÆSON=EJSÆSON,2025-12-01,20312.0
DST:FIKS22:BRANCHE07=F:BELØB=0:SÆSON=EJSÆSON,2026-01-01,16851.0
DST:FIKS22:BRANCHE07=F:BELØB=0:SÆSON=EJSÆSON,2026-02-01,17156.0
DST:FIKS22:BRANCHE07=F:BELØB=0:SÆSON=EJSÆSON,2026-03-01,20748.0
DST:FIKS22:BRANCHE07=F:BELØB=0:SÆSON=SÆSON,2009-01-01,10511.0
DST:FIKS22:BRANCHE07=F:BELØB=0:SÆSON=SÆSON,2009-02-01,10394.0
DST:FIKS22:BRANCHE07=F:BELØB=0:SÆSON=SÆSON,2009-03-01,9984.0
DST:FIKS22:BRANCHE07=F:BELØB=0:SÆSON=SÆSON,2009-04-01,9693.0
DST:FIKS22:BRANCHE07=F:BELØB=0:SÆSON=SÆSON,2009-05-01,8745.0
DST:FIKS22:BRANCHE07=F:BELØB=0:SÆSON=SÆSON,2009-06-01,8790.0
DST:FIKS22:BRANCHE07=F:BELØB=0:SÆSON=SÆSON,2009-07-01,8707.0
DST:FIKS22:BRANCHE07=F:BELØB=0:SÆSON=SÆSON,2009-08-01,8812.0
DST:FIKS22:BRANCHE07=F:BELØB=0:SÆSON=SÆSON,2009-09-01,8380.0
DST:FIKS22:BRANCHE07=F:BELØB=0:SÆSON=SÆSON,2009-10-01,8469.0
DST:FIKS22:BRANCHE07=F:BELØB=0:SÆSON=SÆSON,2009-11-01,8291.0
DST:FIKS22:BRANCHE07=F:BELØB=0:SÆSON=SÆSON,2009-12-01,7849.0
DST:FIKS22:BRANCHE07=F:BELØB=0:SÆSON=SÆSON,2010-01-01,7910.0
DST:FIKS22:BRANCHE07=F:BELØB=0:SÆSON=SÆSON,2010-02-01,7165.0
DST:FIKS22:BRANCHE07=F:BELØB=0:SÆSON=SÆSON,2010-03-01,7789.0
DST:FIKS22:BRANCHE07=F:BELØB=0:SÆSON=SÆSON,2010-04-01,8182.0
DST:FIKS22:BRANCHE07=F:BELØB=0:SÆSON=SÆSON,2010-05-01,8248.0
DST:FIKS22:BRANCHE07=F:BELØB=0:SÆSON=SÆSON,2010-06-01,8450.0
DST:FIKS22:BRANCHE07=F:BELØB=0:SÆSON=SÆSON,2010-07-01,8548.0
DST:FIKS22:BRANCHE07=F:BELØB=0:SÆSON=SÆSON,2010-08-01,8171.0
DST:FIKS22:BRANCHE07=F:BELØB=0:SÆSON=SÆSON,2010-09-01,8815.0
DST:FIKS22:BRANCHE07=F:BELØB=0:SÆSON=SÆSON,2010-10-01,8596.0
DST:FIKS22:BRANCHE07=F:BELØB=0:SÆSON=SÆSON,2010-11-01,8603.0
DST:FIKS22:BRANCHE07=F:BELØB=0:SÆSON=SÆSON,2010-12-01,8497.0
DST:FIKS22:BRANCHE07=F:BELØB=0:SÆSON=SÆSON,2011-01-01,8785.0
DST:FIKS22:BRANCHE07=F:BELØB=0:SÆSON=SÆSON,2011-02-01,8903.0
DST:FIKS22:BRANCHE07=F:BELØB=0:SÆSON=SÆSON,2011-03-01,9426.0
DST:FIKS22:BRANCHE07=F:BELØB=0:SÆSON=SÆSON,2011-04-01,9095.0
DST:FIKS22:BRANCHE07=F:BELØB=0:SÆSON=SÆSON,2011-05-01,9773.0
DST:FIKS22:BRANCHE07=F:BELØB=0:SÆSON=SÆSON,2011-06-01,9493.0
DST:FIKS22:BRANCHE07=F:BELØB=0:SÆSON=SÆSON,2011-07-01,9720.0
DST:FIKS22:BRANCHE07=F:BELØB=0:SÆSON=SÆSON,2011-08-01,9840.0
DST:FIKS22:BRANCHE07=F:BELØB=0:SÆSON=SÆSON,2011-09-01,10247.0
DST:FIKS22:BRANCHE07=F:BELØB=0:SÆSON=SÆSON,2011-10-01,10021.0
DST:FIKS22:BRANCHE07=F:BELØB=0:SÆSON=SÆSON,2011-11-01,10434.0
DST:FIKS22:BRANCHE07=F:BELØB=0:SÆSON=SÆSON,2011-12-01,10878.0
DST:FIKS22:BRANCHE07=F:BELØB=0:SÆSON=SÆSON,2012-01-01,10860.0
DST:FIKS22:BRANCHE07=F:BELØB=0:SÆSON=SÆSON,2012-02-01,9992.0
DST:FIKS22:BRANCHE07=F:BELØB=0:SÆSON=SÆSON,2012-03-01,10401.0
DST:FIKS22:BRANCHE07=F:BELØB=0:SÆSON=SÆSON,2012-04-01,10512.0
DST:FIKS22:BRANCHE07=F:BELØB=0:SÆSON=SÆSON,2012-05-01,10164.0
DST:FIKS22:BRANCHE07=F:BELØB=0:SÆSON=SÆSON,2012-06-01,10498.0
DST:FIKS22:BRANCHE07=F:BELØB=0:SÆSON=SÆSON,2012-07-01,10215.0
DST:FIKS22:BRANCHE07=F:BELØB=0:SÆSON=SÆSON,2012-08-01,10518.0
DST:FIKS22:BRANCHE07=F:BELØB=0:SÆSON=SÆSON,2012-09-01,10489.0
DST:FIKS22:BRANCHE07=F:BELØB=0:SÆSON=SÆSON,2012-10-01,10617.0
DST:FIKS22:BRANCHE07=F:BELØB=0:SÆSON=SÆSON,2012-11-01,10499.0
DST:FIKS22:BRANCHE07=F:BELØB=0:SÆSON=SÆSON,2012-12-01,10267.0
DST:FIKS22:BRANCHE07=F:BELØB=0:SÆSON=SÆSON,2013-01-01,10315.0
DST:FIKS22:BRANCHE07=F:BELØB=0:SÆSON=SÆSON,2013-02-01,10038.0
DST:FIKS22:BRANCHE07=F:BELØB=0:SÆSON=SÆSON,2013-03-01,9787.0
DST:FIKS22:BRANCHE07=F:BELØB=0:SÆSON=SÆSON,2013-04-01,10032.0
DST:FIKS22:BRANCHE07=F:BELØB=0:SÆSON=SÆSON,2013-05-01,10301.0
DST:FIKS22:BRANCHE07=F:BELØB=0:SÆSON=SÆSON,2013-06-01,10265.0
DST:FIKS22:BRANCHE07=F:BELØB=0:SÆSON=SÆSON,2013-07-01,10552.0
DST:FIKS22:BRANCHE07=F:BELØB=0:SÆSON=SÆSON,2013-08-01,11204.0
DST:FIKS22:BRANCHE07=F:BELØB=0:SÆSON=SÆSON,2013-09-01,10454.0
DST:FIKS22:BRANCHE07=F:BELØB=0:SÆSON=SÆSON,2013-10-01,10400.0
DST:FIKS22:BRANCHE07=F:BELØB=0:SÆSON=SÆSON,2013-11-01,10117.0
DST:FIKS22:BRANCHE07=F:BELØB=0:SÆSON=SÆSON,2013-12-01,11103.0
DST:FIKS22:BRANCHE07=F:BELØB=0:SÆSON=SÆSON,2014-01-01,10340.0
DST:FIKS22:BRANCHE07=F:BELØB=0:SÆSON=SÆSON,2014-02-01,10797.0
DST:FIKS22:BRANCHE07=F:BELØB=0:SÆSON=SÆSON,2014-03-01,10866.0
DST:FIKS22:BRANCHE07=F:BELØB=0:SÆSON=SÆSON,2014-04-01,10852.0
DST:FIKS22:BRANCHE07=F:BELØB=0:SÆSON=SÆSON,2014-05-01,10737.0
DST:FIKS22:BRANCHE07=F:BELØB=0:SÆSON=SÆSON,2014-06-01,11011.0
DST:FIKS22:BRANCHE07=F:BELØB=0:SÆSON=SÆSON,2014-07-01,11092.0
DST:FIKS22:BRANCHE07=F:BELØB=0:SÆSON=SÆSON,2014-08-01,11372.0
DST:FIKS22:BRANCHE07=F:BELØB=0:SÆSON=SÆSON,2014-09-01,10994.0
DST:FIKS22:BRANCHE07=F:BELØB=0:SÆSON=SÆSON,2014-10-01,11442.0
DST:FIKS22:BRANCHE07=F:BELØB=0:SÆSON=SÆSON,2014-11-01,11525.0
DST:FIKS22:BRANCHE07=F:BELØB=0:SÆSON=SÆSON,2014-12-01,11911.0
DST:FIKS22:BRANCHE07=F:BELØB=0:SÆSON=SÆSON,2015-01-01,11262.0
DST:FIKS22:BRANCHE07=F:BELØB=0:SÆSON=SÆSON,2015-02-01,12209.0
DST:FIKS22:BRANCHE07=F:BELØB=0:SÆSON=SÆSON,2015-03-01,12141.0
DST:FIKS22:BRANCHE07=F:BELØB=0:SÆSON=SÆSON,2015-04-01,12283.0
DST:FIKS22:BRANCHE07=F:BELØB=0:SÆSON=SÆSON,2015-05-01,12007.0
DST:FIKS22:BRANCHE07=F:BELØB=0:SÆSON=SÆSON,2015-06-01,12252.0
DST:FIKS22:BRANCHE07=F:BELØB=0:SÆSON=SÆSON,2015-07-01,12172.0
DST:FIKS22:BRANCHE07=F:BELØB=0:SÆSON=SÆSON,2015-08-01,12160.0
DST:FIKS22:BRANCHE07=F:BELØB=0:SÆSON=SÆSON,2015-09-01,12298.0
DST:FIKS22:BRANCHE07=F:BELØB=0:SÆSON=SÆSON,2015-10-01,12650.0
DST:FIKS22:BRANCHE07=F:BELØB=0:SÆSON=SÆSON,2015-11-01,12598.0
DST:FIKS22:BRANCHE07=F:BELØB=0:SÆSON=SÆSON,2015-12-01,12274.0
DST:FIKS22:BRANCHE07=F:BELØB=0:SÆSON=SÆSON,2016-01-01,12367.0
DST:FIKS22:BRANCHE07=F:BELØB=0:SÆSON=SÆSON,2016-02-01,12337.0
DST:FIKS22:BRANCHE07=F:BELØB=0:SÆSON=SÆSON,2016-03-01,12913.0
DST:FIKS22:BRANCHE07=F:BELØB=0:SÆSON=SÆSON,2016-04-01,12835.0
DST:FIKS22:BRANCHE07=F:BELØB=0:SÆSON=SÆSON,2016-05-01,13552.0
DST:FIKS22:BRANCHE07=F:BELØB=0:SÆSON=SÆSON,2016-06-01,13017.0
DST:FIKS22:BRANCHE07=F:BELØB=0:SÆSON=SÆSON,2016-07-01,12644.0
DST:FIKS22:BRANCHE07=F:BELØB=0:SÆSON=SÆSON,2016-08-01,13162.0
DST:FIKS22:BRANCHE07=F:BELØB=0:SÆSON=SÆSON,2016-09-01,13919.0
DST:FIKS22:BRANCHE07=F:BELØB=0:SÆSON=SÆSON,2016-10-01,13087.0
DST:FIKS22:BRANCHE07=F:BELØB=0:SÆSON=SÆSON,2016-11-01,13681.0
DST:FIKS22:BRANCHE07=F:BELØB=0:SÆSON=SÆSON,2016-12-01,13942.0
DST:FIKS22:BRANCHE07=F:BELØB=0:SÆSON=SÆSON,2017-01-01,13689.0
DST:FIKS22:BRANCHE07=F:BELØB=0:SÆSON=SÆSON,2017-02-01,13786.0
DST:FIKS22:BRANCHE07=F:BELØB=0:SÆSON=SÆSON,2017-03-01,13984.0
DST:FIKS22:BRANCHE07=F:BELØB=0:SÆSON=SÆSON,2017-04-01,14110.0
DST:FIKS22:BRANCHE07=F:BELØB=0:SÆSON=SÆSON,2017-05-01,14278.0
DST:FIKS22:BRANCHE07=F:BELØB=0:SÆSON=SÆSON,2017-06-01,14121.0
DST:FIKS22:BRANCHE07=F:BELØB=0:SÆSON=SÆSON,2017-07-01,14279.0
DST:FIKS22:BRANCHE07=F:BELØB=0:SÆSON=SÆSON,2017-08-01,14306.0
DST:FIKS22:BRANCHE07=F:BELØB=0:SÆSON=SÆSON,2017-09-01,14648.0
DST:FIKS22:BRANCHE07=F:BELØB=0:SÆSON=SÆSON,2017-10-01,14785.0
DST:FIKS22:BRANCHE07=F:BELØB=0:SÆSON=SÆSON,2017-11-01,15041.0
DST:FIKS22:BRANCHE07=F:BELØB=0:SÆSON=SÆSON,2017-12-01,15415.0
DST:FIKS22:BRANCHE07=F:BELØB=0:SÆSON=SÆSON,2018-01-01,15321.0
DST:FIKS22:BRANCHE07=F:BELØB=0:SÆSON=SÆSON,2018-02-01,15206.0
DST:FIKS22:BRANCHE07=F:BELØB=0:SÆSON=SÆSON,2018-03-01,14761.0
DST:FIKS22:BRANCHE07=F:BELØB=0:SÆSON=SÆSON,2018-04-01,14737.0
DST:FIKS22:BRANCHE07=F:BELØB=0:SÆSON=SÆSON,2018-05-01,15362.0
DST:FIKS22:BRANCHE07=F:BELØB=0:SÆSON=SÆSON,2018-06-01,15634.0
DST:FIKS22:BRANCHE07=F:BELØB=0:SÆSON=SÆSON,2018-07-01,15714.0
DST:FIKS22:BRANCHE07=F:BELØB=0:SÆSON=SÆSON,2018-08-01,15678.0
DST:FIKS22:BRANCHE07=F:BELØB=0:SÆSON=SÆSON,2018-09-01,15442.0
DST:FIKS22:BRANCHE07=F:BELØB=0:SÆSON=SÆSON,2018-10-01,15950.0
DST:FIKS22:BRANCHE07=F:BELØB=0:SÆSON=SÆSON,2018-11-01,15559.0
DST:FIKS22:BRANCHE07=F:BELØB=0:SÆSON=SÆSON,2018-12-01,15725.0
DST:FIKS22:BRANCHE07=F:BELØB=0:SÆSON=SÆSON,2019-01-01,16231.0
DST:FIKS22:BRANCHE07=F:BELØB=0:SÆSON=SÆSON,2019-02-01,16304.0
DST:FIKS22:BRANCHE07=F:BELØB=0:SÆSON=SÆSON,2019-03-01,15931.0
DST:FIKS22:BRANCHE07=F:BELØB=0:SÆSON=SÆSON,2019-04-01,15721.0
DST:FIKS22:BRANCHE07=F:BELØB=0:SÆSON=SÆSON,2019-05-01,15862.0
DST:FIKS22:BRANCHE07=F:BELØB=0:SÆSON=SÆSON,2019-06-01,15730.0
DST:FIKS22:BRANCHE07=F:BELØB=0:SÆSON=SÆSON,2019-07-01,15952.0
DST:FIKS22:BRANCHE07=F:BELØB=0:SÆSON=SÆSON,2019-08-01,16022.0
DST:FIKS22:BRANCHE07=F:BELØB=0:SÆSON=SÆSON,2019-09-01,16020.0
DST:FIKS22:BRANCHE07=F:BELØB=0:SÆSON=SÆSON,2019-10-01,15908.0
DST:FIKS22:BRANCHE07=F:BELØB=0:SÆSON=SÆSON,2019-11-01,15835.0
DST:FIKS22:BRANCHE07=F:BELØB=0:SÆSON=SÆSON,2019-12-01,15756.0
DST:FIKS22:BRANCHE07=F:BELØB=0:SÆSON=SÆSON,2020-01-01,16011.0
DST:FIKS22:BRANCHE07=F:BELØB=0:SÆSON=SÆSON,2020-02-01,16147.0
DST:FIKS22:BRANCHE07=F:BELØB=0:SÆSON=SÆSON,2020-03-01,16813.0
DST:FIKS22:BRANCHE07=F:BELØB=0:SÆSON=SÆSON,2020-04-01,16717.0
DST:FIKS22:BRANCHE07=F:BELØB=0:SÆSON=SÆSON,2020-05-01,15147.0
DST:FIKS22:BRANCHE07=F:BELØB=0:SÆSON=SÆSON,2020-06-01,16034.0
DST:FIKS22:BRANCHE07=F:BELØB=0:SÆSON=SÆSON,2020-07-01,16452.0
DST:FIKS22:BRANCHE07=F:BELØB=0:SÆSON=SÆSON,2020-08-01,16886.0
DST:FIKS22:BRANCHE07=F:BELØB=0:SÆSON=SÆSON,2020-09-01,16957.0
DST:FIKS22:BRANCHE07=F:BELØB=0:SÆSON=SÆSON,2020-10-01,16563.0
DST:FIKS22:BRANCHE07=F:BELØB=0:SÆSON=SÆSON,2020-11-01,17052.0
DST:FIKS22:BRANCHE07=F:BELØB=0:SÆSON=SÆSON,2020-12-01,15901.0
DST:FIKS22:BRANCHE07=F:BELØB=0:SÆSON=SÆSON,2021-01-01,18179.0
DST:FIKS22:BRANCHE07=F:BELØB=0:SÆSON=SÆSON,2021-02-01,17076.0
DST:FIKS22:BRANCHE07=F:BELØB=0:SÆSON=SÆSON,2021-03-01,17610.0
DST:FIKS22:BRANCHE07=F:BELØB=0:SÆSON=SÆSON,2021-04-01,18199.0
DST:FIKS22:BRANCHE07=F:BELØB=0:SÆSON=SÆSON,2021-05-01,17452.0
DST:FIKS22:BRANCHE07=F:BELØB=0:SÆSON=SÆSON,2021-06-01,18297.0
DST:FIKS22:BRANCHE07=F:BELØB=0:SÆSON=SÆSON,2021-07-01,17444.0
DST:FIKS22:BRANCHE07=F:BELØB=0:SÆSON=SÆSON,2021-08-01,17739.0
DST:FIKS22:BRANCHE07=F:BELØB=0:SÆSON=SÆSON,2021-09-01,18800.0
DST:FIKS22:BRANCHE07=F:BELØB=0:SÆSON=SÆSON,2021-10-01,18922.0
DST:FIKS22:BRANCHE07=F:BELØB=0:SÆSON=SÆSON,2021-11-01,19269.0
DST:FIKS22:BRANCHE07=F:BELØB=0:SÆSON=SÆSON,2021-12-01,18161.0
DST:FIKS22:BRANCHE07=F:BELØB=0:SÆSON=SÆSON,2022-01-01,20221.0
DST:FIKS22:BRANCHE07=F:BELØB=0:SÆSON=SÆSON,2022-02-01,20419.0
DST:FIKS22:BRANCHE07=F:BELØB=0:SÆSON=SÆSON,2022-03-01,20907.0
DST:FIKS22:BRANCHE07=F:BELØB=0:SÆSON=SÆSON,2022-04-01,20929.0
DST:FIKS22:BRANCHE07=F:BELØB=0:SÆSON=SÆSON,2022-05-01,21370.0
DST:FIKS22:BRANCHE07=F:BELØB=0:SÆSON=SÆSON,2022-06-01,20820.0
DST:FIKS22:BRANCHE07=F:BELØB=0:SÆSON=SÆSON,2022-07-01,21108.0
DST:FIKS22:BRANCHE07=F:BELØB=0:SÆSON=SÆSON,2022-08-01,20935.0
DST:FIKS22:BRANCHE07=F:BELØB=0:SÆSON=SÆSON,2022-09-01,20872.0
DST:FIKS22:BRANCHE07=F:BELØB=0:SÆSON=SÆSON,2022-10-01,21102.0
DST:FIKS22:BRANCHE07=F:BELØB=0:SÆSON=SÆSON,2022-11-01,21399.0
DST:FIKS22:BRANCHE07=F:BELØB=0:SÆSON=SÆSON,2022-12-01,21409.0
DST:FIKS22:BRANCHE07=F:BELØB=0:SÆSON=SÆSON,2023-01-01,20761.0
DST:FIKS22:BRANCHE07=F:BELØB=0:SÆSON=SÆSON,2023-02-01,21819.0
DST:FIKS22:BRANCHE07=F:BELØB=0:SÆSON=SÆSON,2023-03-01,20619.0
DST:FIKS22:BRANCHE07=F:BELØB=0:SÆSON=SÆSON,2023-04-01,20389.0
DST:FIKS22:BRANCHE07=F:BELØB=0:SÆSON=SÆSON,2023-05-01,20715.0
DST:FIKS22:BRANCHE07=F:BELØB=0:SÆSON=SÆSON,2023-06-01,20642.0
DST:FIKS22:BRANCHE07=F:BELØB=0:SÆSON=SÆSON,2023-07-01,20019.0
DST:FIKS22:BRANCHE07=F:BELØB=0:SÆSON=SÆSON,2023-08-01,20045.0
DST:FIKS22:BRANCHE07=F:BELØB=0:SÆSON=SÆSON,2023-09-01,20245.0
DST:FIKS22:BRANCHE07=F:BELØB=0:SÆSON=SÆSON,2023-10-01,20172.0
DST:FIKS22:BRANCHE07=F:BELØB=0:SÆSON=SÆSON,2023-11-01,20084.0
DST:FIKS22:BRANCHE07=F:BELØB=0:SÆSON=SÆSON,2023-12-01,20203.0
DST:FIKS22:BRANCHE07=F:BELØB=0:SÆSON=SÆSON,2024-01-01,20097.0
DST:FIKS22:BRANCHE07=F:BELØB=0:SÆSON=SÆSON,2024-02-01,19989.0
DST:FIKS22:BRANCHE07=F:BELØB=0:SÆSON=SÆSON,2024-03-01,20000.0
DST:FIKS22:BRANCHE07=F:BELØB=0:SÆSON=SÆSON,2024-04-01,20223.0
DST:FIKS22:BRANCHE07=F:BELØB=0:SÆSON=SÆSON,2024-05-01,20218.0
DST:FIKS22:BRANCHE07=F:BELØB=0:SÆSON=SÆSON,2024-06-01,20295.0
DST:FIKS22:BRANCHE07=F:BELØB=0:SÆSON=SÆSON,2024-07-01,20868.0
DST:FIKS22:BRANCHE07=F:BELØB=0:SÆSON=SÆSON,2024-08-01,20746.0
DST:FIKS22:BRANCHE07=F:BELØB=0:SÆSON=SÆSON,2024-09-01,20659.0
DST:FIKS22:BRANCHE07=F:BELØB=0:SÆSON=SÆSON,2024-10-01,20439.0
DST:FIKS22:BRANCHE07=F:BELØB=0:SÆSON=SÆSON,2024-11-01,20105.0
DST:FIKS22:BRANCHE07=F:BELØB=0:SÆSON=SÆSON,2024-12-01,20615.0
DST:FIKS22:BRANCHE07=F:BELØB=0:SÆSON=SÆSON,2025-01-01,19714.0
DST:FIKS22:BRANCHE07=F:BELØB=0:SÆSON=SÆSON,2025-02-01,21441.0
DST:FIKS22:BRANCHE07=F:BELØB=0:SÆSON=SÆSON,2025-03-01,21225.0
DST:FIKS22:BRANCHE07=F:BELØB=0:SÆSON=SÆSON,2025-04-01,20848.0
DST:FIKS22:BRANCHE07=F:BELØB=0:SÆSON=SÆSON,2025-05-01,20678.0
DST:FIKS22:BRANCHE07=F:BELØB=0:SÆSON=SÆSON,2025-06-01,20603.0
DST:FIKS22:BRANCHE07=F:BELØB=0:SÆSON=SÆSON,2025-07-01,20074.0
DST:FIKS22:BRANCHE07=F:BELØB=0:SÆSON=SÆSON,2025-08-01,21294.0
DST:FIKS22:BRANCHE07=F:BELØB=0:SÆSON=SÆSON,2025-09-01,20190.0
DST:FIKS22:BRANCHE07=F:BELØB=0:SÆSON=SÆSON,2025-10-01,20661.0
DST:FIKS22:BRANCHE07=F:BELØB=0:SÆSON=SÆSON,2025-11-01,20825.0
DST:FIKS22:BRANCHE07=F:BELØB=0:SÆSON=SÆSON,2025-12-01,19645.0
DST:FIKS22:BRANCHE07=F:BELØB=0:SÆSON=SÆSON,2026-01-01,19976.0
DST:FIKS22:BRANCHE07=F:BELØB=0:SÆSON=SÆSON,2026-02-01,19476.0
DST:FIKS22:BRANCHE07=F:BELØB=0:SÆSON=SÆSON,2026-03-01,19387.0
DST:FIKS22:BRANCHE07=F:BELØB=1:SÆSON=EJSÆSON,2009-01-01,12640.0
DST:FIKS22:BRANCHE07=F:BELØB=1:SÆSON=EJSÆSON,2009-02-01,13091.0
DST:FIKS22:BRANCHE07=F:BELØB=1:SÆSON=EJSÆSON,2009-03-01,14682.0
DST:FIKS22:BRANCHE07=F:BELØB=1:SÆSON=EJSÆSON,2009-04-01,13708.0
DST:FIKS22:BRANCHE07=F:BELØB=1:SÆSON=EJSÆSON,2009-05-01,13123.0
DST:FIKS22:BRANCHE07=F:BELØB=1:SÆSON=EJSÆSON,2009-06-01,16092.0
DST:FIKS22:BRANCHE07=F:BELØB=1:SÆSON=EJSÆSON,2009-07-01,12101.0
DST:FIKS22:BRANCHE07=F:BELØB=1:SÆSON=EJSÆSON,2009-08-01,13973.0
DST:FIKS22:BRANCHE07=F:BELØB=1:SÆSON=EJSÆSON,2009-09-01,16125.0
DST:FIKS22:BRANCHE07=F:BELØB=1:SÆSON=EJSÆSON,2009-10-01,15294.0
DST:FIKS22:BRANCHE07=F:BELØB=1:SÆSON=EJSÆSON,2009-11-01,14988.0
DST:FIKS22:BRANCHE07=F:BELØB=1:SÆSON=EJSÆSON,2009-12-01,16076.0
DST:FIKS22:BRANCHE07=F:BELØB=1:SÆSON=EJSÆSON,2010-01-01,9181.0
DST:FIKS22:BRANCHE07=F:BELØB=1:SÆSON=EJSÆSON,2010-02-01,9336.0
DST:FIKS22:BRANCHE07=F:BELØB=1:SÆSON=EJSÆSON,2010-03-01,11256.0
DST:FIKS22:BRANCHE07=F:BELØB=1:SÆSON=EJSÆSON,2010-04-01,11250.0
DST:FIKS22:BRANCHE07=F:BELØB=1:SÆSON=EJSÆSON,2010-05-01,12423.0
DST:FIKS22:BRANCHE07=F:BELØB=1:SÆSON=EJSÆSON,2010-06-01,15421.0
DST:FIKS22:BRANCHE07=F:BELØB=1:SÆSON=EJSÆSON,2010-07-01,11673.0
DST:FIKS22:BRANCHE07=F:BELØB=1:SÆSON=EJSÆSON,2010-08-01,13350.0
DST:FIKS22:BRANCHE07=F:BELØB=1:SÆSON=EJSÆSON,2010-09-01,15937.0
DST:FIKS22:BRANCHE07=F:BELØB=1:SÆSON=EJSÆSON,2010-10-01,14631.0
DST:FIKS22:BRANCHE07=F:BELØB=1:SÆSON=EJSÆSON,2010-11-01,16144.0
DST:FIKS22:BRANCHE07=F:BELØB=1:SÆSON=EJSÆSON,2010-12-01,17229.0
DST:FIKS22:BRANCHE07=F:BELØB=1:SÆSON=EJSÆSON,2011-01-01,10581.0
DST:FIKS22:BRANCHE07=F:BELØB=1:SÆSON=EJSÆSON,2011-02-01,10890.0
DST:FIKS22:BRANCHE07=F:BELØB=1:SÆSON=EJSÆSON,2011-03-01,14911.0
DST:FIKS22:BRANCHE07=F:BELØB=1:SÆSON=EJSÆSON,2011-04-01,12326.0
DST:FIKS22:BRANCHE07=F:BELØB=1:SÆSON=EJSÆSON,2011-05-01,15089.0
DST:FIKS22:BRANCHE07=F:BELØB=1:SÆSON=EJSÆSON,2011-06-01,16415.0
DST:FIKS22:BRANCHE07=F:BELØB=1:SÆSON=EJSÆSON,2011-07-01,12773.0
DST:FIKS22:BRANCHE07=F:BELØB=1:SÆSON=EJSÆSON,2011-08-01,15670.0
DST:FIKS22:BRANCHE07=F:BELØB=1:SÆSON=EJSÆSON,2011-09-01,17866.0
DST:FIKS22:BRANCHE07=F:BELØB=1:SÆSON=EJSÆSON,2011-10-01,16868.0
DST:FIKS22:BRANCHE07=F:BELØB=1:SÆSON=EJSÆSON,2011-11-01,19223.0
DST:FIKS22:BRANCHE07=F:BELØB=1:SÆSON=EJSÆSON,2011-12-01,21263.0
DST:FIKS22:BRANCHE07=F:BELØB=1:SÆSON=EJSÆSON,2012-01-01,13132.0
DST:FIKS22:BRANCHE07=F:BELØB=1:SÆSON=EJSÆSON,2012-02-01,13571.0
DST:FIKS22:BRANCHE07=F:BELØB=1:SÆSON=EJSÆSON,2012-03-01,15166.0
DST:FIKS22:BRANCHE07=F:BELØB=1:SÆSON=EJSÆSON,2012-04-01,14269.0
DST:FIKS22:BRANCHE07=F:BELØB=1:SÆSON=EJSÆSON,2012-05-01,15583.0
DST:FIKS22:BRANCHE07=F:BELØB=1:SÆSON=EJSÆSON,2012-06-01,17833.0
DST:FIKS22:BRANCHE07=F:BELØB=1:SÆSON=EJSÆSON,2012-07-01,13833.0
DST:FIKS22:BRANCHE07=F:BELØB=1:SÆSON=EJSÆSON,2012-08-01,16841.0
DST:FIKS22:BRANCHE07=F:BELØB=1:SÆSON=EJSÆSON,2012-09-01,18066.0
DST:FIKS22:BRANCHE07=F:BELØB=1:SÆSON=EJSÆSON,2012-10-01,18673.0
DST:FIKS22:BRANCHE07=F:BELØB=1:SÆSON=EJSÆSON,2012-11-01,19546.0
DST:FIKS22:BRANCHE07=F:BELØB=1:SÆSON=EJSÆSON,2012-12-01,20047.0
DST:FIKS22:BRANCHE07=F:BELØB=1:SÆSON=EJSÆSON,2013-01-01,11473.0
DST:FIKS22:BRANCHE07=F:BELØB=1:SÆSON=EJSÆSON,2013-02-01,12637.0
DST:FIKS22:BRANCHE07=F:BELØB=1:SÆSON=EJSÆSON,2013-03-01,12678.0
DST:FIKS22:BRANCHE07=F:BELØB=1:SÆSON=EJSÆSON,2013-04-01,14512.0
DST:FIKS22:BRANCHE07=F:BELØB=1:SÆSON=EJSÆSON,2013-05-01,15844.0
DST:FIKS22:BRANCHE07=F:BELØB=1:SÆSON=EJSÆSON,2013-06-01,17275.0
DST:FIKS22:BRANCHE07=F:BELØB=1:SÆSON=EJSÆSON,2013-07-01,14537.0
DST:FIKS22:BRANCHE07=F:BELØB=1:SÆSON=EJSÆSON,2013-08-01,17004.0
DST:FIKS22:BRANCHE07=F:BELØB=1:SÆSON=EJSÆSON,2013-09-01,17939.0
DST:FIKS22:BRANCHE07=F:BELØB=1:SÆSON=EJSÆSON,2013-10-01,17887.0
DST:FIKS22:BRANCHE07=F:BELØB=1:SÆSON=EJSÆSON,2013-11-01,18576.0
DST:FIKS22:BRANCHE07=F:BELØB=1:SÆSON=EJSÆSON,2013-12-01,20555.0
DST:FIKS22:BRANCHE07=F:BELØB=1:SÆSON=EJSÆSON,2014-01-01,12704.0
DST:FIKS22:BRANCHE07=F:BELØB=1:SÆSON=EJSÆSON,2014-02-01,13796.0
DST:FIKS22:BRANCHE07=F:BELØB=1:SÆSON=EJSÆSON,2014-03-01,14833.0
DST:FIKS22:BRANCHE07=F:BELØB=1:SÆSON=EJSÆSON,2014-04-01,15116.0
DST:FIKS22:BRANCHE07=F:BELØB=1:SÆSON=EJSÆSON,2014-05-01,16389.0
DST:FIKS22:BRANCHE07=F:BELØB=1:SÆSON=EJSÆSON,2014-06-01,18373.0
DST:FIKS22:BRANCHE07=F:BELØB=1:SÆSON=EJSÆSON,2014-07-01,14633.0
DST:FIKS22:BRANCHE07=F:BELØB=1:SÆSON=EJSÆSON,2014-08-01,17147.0
DST:FIKS22:BRANCHE07=F:BELØB=1:SÆSON=EJSÆSON,2014-09-01,20116.0
DST:FIKS22:BRANCHE07=F:BELØB=1:SÆSON=EJSÆSON,2014-10-01,19732.0
DST:FIKS22:BRANCHE07=F:BELØB=1:SÆSON=EJSÆSON,2014-11-01,19894.0
DST:FIKS22:BRANCHE07=F:BELØB=1:SÆSON=EJSÆSON,2014-12-01,23108.0
DST:FIKS22:BRANCHE07=F:BELØB=1:SÆSON=EJSÆSON,2015-01-01,13115.0
DST:FIKS22:BRANCHE07=F:BELØB=1:SÆSON=EJSÆSON,2015-02-01,14888.0
DST:FIKS22:BRANCHE07=F:BELØB=1:SÆSON=EJSÆSON,2015-03-01,16704.0
DST:FIKS22:BRANCHE07=F:BELØB=1:SÆSON=EJSÆSON,2015-04-01,16980.0
DST:FIKS22:BRANCHE07=F:BELØB=1:SÆSON=EJSÆSON,2015-05-01,17188.0
DST:FIKS22:BRANCHE07=F:BELØB=1:SÆSON=EJSÆSON,2015-06-01,20450.0
DST:FIKS22:BRANCHE07=F:BELØB=1:SÆSON=EJSÆSON,2015-07-01,15840.0
DST:FIKS22:BRANCHE07=F:BELØB=1:SÆSON=EJSÆSON,2015-08-01,18560.0
DST:FIKS22:BRANCHE07=F:BELØB=1:SÆSON=EJSÆSON,2015-09-01,21122.0
DST:FIKS22:BRANCHE07=F:BELØB=1:SÆSON=EJSÆSON,2015-10-01,20895.0
DST:FIKS22:BRANCHE07=F:BELØB=1:SÆSON=EJSÆSON,2015-11-01,21087.0
DST:FIKS22:BRANCHE07=F:BELØB=1:SÆSON=EJSÆSON,2015-12-01,24665.0
DST:FIKS22:BRANCHE07=F:BELØB=1:SÆSON=EJSÆSON,2016-01-01,14219.0
DST:FIKS22:BRANCHE07=F:BELØB=1:SÆSON=EJSÆSON,2016-02-01,16169.0
DST:FIKS22:BRANCHE07=F:BELØB=1:SÆSON=EJSÆSON,2016-03-01,17046.0
DST:FIKS22:BRANCHE07=F:BELØB=1:SÆSON=EJSÆSON,2016-04-01,18980.0
DST:FIKS22:BRANCHE07=F:BELØB=1:SÆSON=EJSÆSON,2016-05-01,19929.0
DST:FIKS22:BRANCHE07=F:BELØB=1:SÆSON=EJSÆSON,2016-06-01,22425.0
DST:FIKS22:BRANCHE07=F:BELØB=1:SÆSON=EJSÆSON,2016-07-01,16265.0
DST:FIKS22:BRANCHE07=F:BELØB=1:SÆSON=EJSÆSON,2016-08-01,20096.0
DST:FIKS22:BRANCHE07=F:BELØB=1:SÆSON=EJSÆSON,2016-09-01,23134.0
DST:FIKS22:BRANCHE07=F:BELØB=1:SÆSON=EJSÆSON,2016-10-01,21669.0
DST:FIKS22:BRANCHE07=F:BELØB=1:SÆSON=EJSÆSON,2016-11-01,23748.0
DST:FIKS22:BRANCHE07=F:BELØB=1:SÆSON=EJSÆSON,2016-12-01,27718.0
DST:FIKS22:BRANCHE07=F:BELØB=1:SÆSON=EJSÆSON,2017-01-01,16544.0
DST:FIKS22:BRANCHE07=F:BELØB=1:SÆSON=EJSÆSON,2017-02-01,17554.0
DST:FIKS22:BRANCHE07=F:BELØB=1:SÆSON=EJSÆSON,2017-03-01,20074.0
DST:FIKS22:BRANCHE07=F:BELØB=1:SÆSON=EJSÆSON,2017-04-01,18430.0
DST:FIKS22:BRANCHE07=F:BELØB=1:SÆSON=EJSÆSON,2017-05-01,21954.0
DST:FIKS22:BRANCHE07=F:BELØB=1:SÆSON=EJSÆSON,2017-06-01,23791.0
DST:FIKS22:BRANCHE07=F:BELØB=1:SÆSON=EJSÆSON,2017-07-01,18012.0
DST:FIKS22:BRANCHE07=F:BELØB=1:SÆSON=EJSÆSON,2017-08-01,21660.0
DST:FIKS22:BRANCHE07=F:BELØB=1:SÆSON=EJSÆSON,2017-09-01,23969.0
DST:FIKS22:BRANCHE07=F:BELØB=1:SÆSON=EJSÆSON,2017-10-01,23824.0
DST:FIKS22:BRANCHE07=F:BELØB=1:SÆSON=EJSÆSON,2017-11-01,25401.0
DST:FIKS22:BRANCHE07=F:BELØB=1:SÆSON=EJSÆSON,2017-12-01,27439.0
DST:FIKS22:BRANCHE07=F:BELØB=1:SÆSON=EJSÆSON,2018-01-01,17834.0
DST:FIKS22:BRANCHE07=F:BELØB=1:SÆSON=EJSÆSON,2018-02-01,18933.0
DST:FIKS22:BRANCHE07=F:BELØB=1:SÆSON=EJSÆSON,2018-03-01,19769.0
DST:FIKS22:BRANCHE07=F:BELØB=1:SÆSON=EJSÆSON,2018-04-01,21095.0
DST:FIKS22:BRANCHE07=F:BELØB=1:SÆSON=EJSÆSON,2018-05-01,22569.0
DST:FIKS22:BRANCHE07=F:BELØB=1:SÆSON=EJSÆSON,2018-06-01,26561.0
DST:FIKS22:BRANCHE07=F:BELØB=1:SÆSON=EJSÆSON,2018-07-01,19763.0
DST:FIKS22:BRANCHE07=F:BELØB=1:SÆSON=EJSÆSON,2018-08-01,24081.0
DST:FIKS22:BRANCHE07=F:BELØB=1:SÆSON=EJSÆSON,2018-09-01,25268.0
DST:FIKS22:BRANCHE07=F:BELØB=1:SÆSON=EJSÆSON,2018-10-01,25412.0
DST:FIKS22:BRANCHE07=F:BELØB=1:SÆSON=EJSÆSON,2018-11-01,27199.0
DST:FIKS22:BRANCHE07=F:BELØB=1:SÆSON=EJSÆSON,2018-12-01,28110.0
DST:FIKS22:BRANCHE07=F:BELØB=1:SÆSON=EJSÆSON,2019-01-01,19073.0
DST:FIKS22:BRANCHE07=F:BELØB=1:SÆSON=EJSÆSON,2019-02-01,20874.0
DST:FIKS22:BRANCHE07=F:BELØB=1:SÆSON=EJSÆSON,2019-03-01,23058.0
DST:FIKS22:BRANCHE07=F:BELØB=1:SÆSON=EJSÆSON,2019-04-01,22576.0
DST:FIKS22:BRANCHE07=F:BELØB=1:SÆSON=EJSÆSON,2019-05-01,24890.0
DST:FIKS22:BRANCHE07=F:BELØB=1:SÆSON=EJSÆSON,2019-06-01,25520.0
DST:FIKS22:BRANCHE07=F:BELØB=1:SÆSON=EJSÆSON,2019-07-01,20064.0
DST:FIKS22:BRANCHE07=F:BELØB=1:SÆSON=EJSÆSON,2019-08-01,24910.0
DST:FIKS22:BRANCHE07=F:BELØB=1:SÆSON=EJSÆSON,2019-09-01,25912.0
DST:FIKS22:BRANCHE07=F:BELØB=1:SÆSON=EJSÆSON,2019-10-01,26393.0
DST:FIKS22:BRANCHE07=F:BELØB=1:SÆSON=EJSÆSON,2019-11-01,26841.0
DST:FIKS22:BRANCHE07=F:BELØB=1:SÆSON=EJSÆSON,2019-12-01,28785.0
DST:FIKS22:BRANCHE07=F:BELØB=1:SÆSON=EJSÆSON,2020-01-01,20012.0
DST:FIKS22:BRANCHE07=F:BELØB=1:SÆSON=EJSÆSON,2020-02-01,21026.0
DST:FIKS22:BRANCHE07=F:BELØB=1:SÆSON=EJSÆSON,2020-03-01,25178.0
DST:FIKS22:BRANCHE07=F:BELØB=1:SÆSON=EJSÆSON,2020-04-01,23782.0
DST:FIKS22:BRANCHE07=F:BELØB=1:SÆSON=EJSÆSON,2020-05-01,23673.0
DST:FIKS22:BRANCHE07=F:BELØB=1:SÆSON=EJSÆSON,2020-06-01,26097.0
DST:FIKS22:BRANCHE07=F:BELØB=1:SÆSON=EJSÆSON,2020-07-01,20514.0
DST:FIKS22:BRANCHE07=F:BELØB=1:SÆSON=EJSÆSON,2020-08-01,23436.0
DST:FIKS22:BRANCHE07=F:BELØB=1:SÆSON=EJSÆSON,2020-09-01,28337.0
DST:FIKS22:BRANCHE07=F:BELØB=1:SÆSON=EJSÆSON,2020-10-01,27278.0
DST:FIKS22:BRANCHE07=F:BELØB=1:SÆSON=EJSÆSON,2020-11-01,28539.0
DST:FIKS22:BRANCHE07=F:BELØB=1:SÆSON=EJSÆSON,2020-12-01,31676.0
DST:FIKS22:BRANCHE07=F:BELØB=1:SÆSON=EJSÆSON,2021-01-01,20786.0
DST:FIKS22:BRANCHE07=F:BELØB=1:SÆSON=EJSÆSON,2021-02-01,21870.0
DST:FIKS22:BRANCHE07=F:BELØB=1:SÆSON=EJSÆSON,2021-03-01,27320.0
DST:FIKS22:BRANCHE07=F:BELØB=1:SÆSON=EJSÆSON,2021-04-01,25550.0
DST:FIKS22:BRANCHE07=F:BELØB=1:SÆSON=EJSÆSON,2021-05-01,25221.0
DST:FIKS22:BRANCHE07=F:BELØB=1:SÆSON=EJSÆSON,2021-06-01,30166.0
DST:FIKS22:BRANCHE07=F:BELØB=1:SÆSON=EJSÆSON,2021-07-01,20941.0
DST:FIKS22:BRANCHE07=F:BELØB=1:SÆSON=EJSÆSON,2021-08-01,26352.0
DST:FIKS22:BRANCHE07=F:BELØB=1:SÆSON=EJSÆSON,2021-09-01,30208.0
DST:FIKS22:BRANCHE07=F:BELØB=1:SÆSON=EJSÆSON,2021-10-01,27908.0
DST:FIKS22:BRANCHE07=F:BELØB=1:SÆSON=EJSÆSON,2021-11-01,32117.0
DST:FIKS22:BRANCHE07=F:BELØB=1:SÆSON=EJSÆSON,2021-12-01,34877.0
DST:FIKS22:BRANCHE07=F:BELØB=1:SÆSON=EJSÆSON,2022-01-01,23238.0
DST:FIKS22:BRANCHE07=F:BELØB=1:SÆSON=EJSÆSON,2022-02-01,25049.0
DST:FIKS22:BRANCHE07=F:BELØB=1:SÆSON=EJSÆSON,2022-03-01,30248.0
DST:FIKS22:BRANCHE07=F:BELØB=1:SÆSON=EJSÆSON,2022-04-01,27863.0
DST:FIKS22:BRANCHE07=F:BELØB=1:SÆSON=EJSÆSON,2022-05-01,30771.0
DST:FIKS22:BRANCHE07=F:BELØB=1:SÆSON=EJSÆSON,2022-06-01,34252.0
DST:FIKS22:BRANCHE07=F:BELØB=1:SÆSON=EJSÆSON,2022-07-01,23625.0
DST:FIKS22:BRANCHE07=F:BELØB=1:SÆSON=EJSÆSON,2022-08-01,30274.0
DST:FIKS22:BRANCHE07=F:BELØB=1:SÆSON=EJSÆSON,2022-09-01,33948.0
DST:FIKS22:BRANCHE07=F:BELØB=1:SÆSON=EJSÆSON,2022-10-01,32429.0
DST:FIKS22:BRANCHE07=F:BELØB=1:SÆSON=EJSÆSON,2022-11-01,35977.0
DST:FIKS22:BRANCHE07=F:BELØB=1:SÆSON=EJSÆSON,2022-12-01,39036.0
DST:FIKS22:BRANCHE07=F:BELØB=1:SÆSON=EJSÆSON,2023-01-01,24947.0
DST:FIKS22:BRANCHE07=F:BELØB=1:SÆSON=EJSÆSON,2023-02-01,27132.0
DST:FIKS22:BRANCHE07=F:BELØB=1:SÆSON=EJSÆSON,2023-03-01,31608.0
DST:FIKS22:BRANCHE07=F:BELØB=1:SÆSON=EJSÆSON,2023-04-01,28120.0
DST:FIKS22:BRANCHE07=F:BELØB=1:SÆSON=EJSÆSON,2023-05-01,30421.0
DST:FIKS22:BRANCHE07=F:BELØB=1:SÆSON=EJSÆSON,2023-06-01,35479.0
DST:FIKS22:BRANCHE07=F:BELØB=1:SÆSON=EJSÆSON,2023-07-01,23520.0
DST:FIKS22:BRANCHE07=F:BELØB=1:SÆSON=EJSÆSON,2023-08-01,29008.0
DST:FIKS22:BRANCHE07=F:BELØB=1:SÆSON=EJSÆSON,2023-09-01,32214.0
DST:FIKS22:BRANCHE07=F:BELØB=1:SÆSON=EJSÆSON,2023-10-01,33170.0
DST:FIKS22:BRANCHE07=F:BELØB=1:SÆSON=EJSÆSON,2023-11-01,34167.0
DST:FIKS22:BRANCHE07=F:BELØB=1:SÆSON=EJSÆSON,2023-12-01,34787.0
DST:FIKS22:BRANCHE07=F:BELØB=1:SÆSON=EJSÆSON,2024-01-01,23714.0
DST:FIKS22:BRANCHE07=F:BELØB=1:SÆSON=EJSÆSON,2024-02-01,26738.0
DST:FIKS22:BRANCHE07=F:BELØB=1:SÆSON=EJSÆSON,2024-03-01,28386.0
DST:FIKS22:BRANCHE07=F:BELØB=1:SÆSON=EJSÆSON,2024-04-01,31581.0
DST:FIKS22:BRANCHE07=F:BELØB=1:SÆSON=EJSÆSON,2024-05-01,31479.0
DST:FIKS22:BRANCHE07=F:BELØB=1:SÆSON=EJSÆSON,2024-06-01,33918.0
DST:FIKS22:BRANCHE07=F:BELØB=1:SÆSON=EJSÆSON,2024-07-01,24998.0
DST:FIKS22:BRANCHE07=F:BELØB=1:SÆSON=EJSÆSON,2024-08-01,30774.0
DST:FIKS22:BRANCHE07=F:BELØB=1:SÆSON=EJSÆSON,2024-09-01,34770.0
DST:FIKS22:BRANCHE07=F:BELØB=1:SÆSON=EJSÆSON,2024-10-01,33706.0
DST:FIKS22:BRANCHE07=F:BELØB=1:SÆSON=EJSÆSON,2024-11-01,34833.0
DST:FIKS22:BRANCHE07=F:BELØB=1:SÆSON=EJSÆSON,2024-12-01,37043.0
DST:FIKS22:BRANCHE07=F:BELØB=1:SÆSON=EJSÆSON,2025-01-01,24521.0
DST:FIKS22:BRANCHE07=F:BELØB=1:SÆSON=EJSÆSON,2025-02-01,27418.0
DST:FIKS22:BRANCHE07=F:BELØB=1:SÆSON=EJSÆSON,2025-03-01,31586.0
DST:FIKS22:BRANCHE07=F:BELØB=1:SÆSON=EJSÆSON,2025-04-01,30181.0
DST:FIKS22:BRANCHE07=F:BELØB=1:SÆSON=EJSÆSON,2025-05-01,31174.0
DST:FIKS22:BRANCHE07=F:BELØB=1:SÆSON=EJSÆSON,2025-06-01,33484.0
DST:FIKS22:BRANCHE07=F:BELØB=1:SÆSON=EJSÆSON,2025-07-01,25825.0
DST:FIKS22:BRANCHE07=F:BELØB=1:SÆSON=EJSÆSON,2025-08-01,31188.0
DST:FIKS22:BRANCHE07=F:BELØB=1:SÆSON=EJSÆSON,2025-09-01,33766.0
DST:FIKS22:BRANCHE07=F:BELØB=1:SÆSON=EJSÆSON,2025-10-01,34409.0
DST:FIKS22:BRANCHE07=F:BELØB=1:SÆSON=EJSÆSON,2025-11-01,34544.0
DST:FIKS22:BRANCHE07=F:BELØB=1:SÆSON=EJSÆSON,2025-12-01,37005.0
DST:FIKS22:BRANCHE07=F:BELØB=1:SÆSON=EJSÆSON,2026-01-01,23790.0
DST:FIKS22:BRANCHE07=F:BELØB=1:SÆSON=EJSÆSON,2026-02-01,24538.0
DST:FIKS22:BRANCHE07=F:BELØB=1:SÆSON=EJSÆSON,2026-03-01,29203.0
DST:FIKS22:BRANCHE07=F:BELØB=1:SÆSON=SÆSON,2009-01-01,16673.0
DST:FIKS22:BRANCHE07=F:BELØB=1:SÆSON=SÆSON,2009-02-01,16699.0
DST:FIKS22:BRANCHE07=F:BELØB=1:SÆSON=SÆSON,2009-03-01,16166.0
DST:FIKS22:BRANCHE07=F:BELØB=1:SÆSON=SÆSON,2009-04-01,15994.0
DST:FIKS22:BRANCHE07=F:BELØB=1:SÆSON=SÆSON,2009-05-01,13686.0
DST:FIKS22:BRANCHE07=F:BELØB=1:SÆSON=SÆSON,2009-06-01,14393.0
DST:FIKS22:BRANCHE07=F:BELØB=1:SÆSON=SÆSON,2009-07-01,13727.0
DST:FIKS22:BRANCHE07=F:BELØB=1:SÆSON=SÆSON,2009-08-01,14026.0
DST:FIKS22:BRANCHE07=F:BELØB=1:SÆSON=SÆSON,2009-09-01,13791.0
DST:FIKS22:BRANCHE07=F:BELØB=1:SÆSON=SÆSON,2009-10-01,13659.0
DST:FIKS22:BRANCHE07=F:BELØB=1:SÆSON=SÆSON,2009-11-01,12947.0
DST:FIKS22:BRANCHE07=F:BELØB=1:SÆSON=SÆSON,2009-12-01,12531.0
DST:FIKS22:BRANCHE07=F:BELØB=1:SÆSON=SÆSON,2010-01-01,12437.0
DST:FIKS22:BRANCHE07=F:BELØB=1:SÆSON=SÆSON,2010-02-01,11889.0
DST:FIKS22:BRANCHE07=F:BELØB=1:SÆSON=SÆSON,2010-03-01,12695.0
DST:FIKS22:BRANCHE07=F:BELØB=1:SÆSON=SÆSON,2010-04-01,12773.0
DST:FIKS22:BRANCHE07=F:BELØB=1:SÆSON=SÆSON,2010-05-01,12957.0
DST:FIKS22:BRANCHE07=F:BELØB=1:SÆSON=SÆSON,2010-06-01,13307.0
DST:FIKS22:BRANCHE07=F:BELØB=1:SÆSON=SÆSON,2010-07-01,13401.0
DST:FIKS22:BRANCHE07=F:BELØB=1:SÆSON=SÆSON,2010-08-01,13119.0
DST:FIKS22:BRANCHE07=F:BELØB=1:SÆSON=SÆSON,2010-09-01,13693.0
DST:FIKS22:BRANCHE07=F:BELØB=1:SÆSON=SÆSON,2010-10-01,13451.0
DST:FIKS22:BRANCHE07=F:BELØB=1:SÆSON=SÆSON,2010-11-01,13545.0
DST:FIKS22:BRANCHE07=F:BELØB=1:SÆSON=SÆSON,2010-12-01,13065.0
DST:FIKS22:BRANCHE07=F:BELØB=1:SÆSON=SÆSON,2011-01-01,14016.0
DST:FIKS22:BRANCHE07=F:BELØB=1:SÆSON=SÆSON,2011-02-01,13806.0
DST:FIKS22:BRANCHE07=F:BELØB=1:SÆSON=SÆSON,2011-03-01,16102.0
DST:FIKS22:BRANCHE07=F:BELØB=1:SÆSON=SÆSON,2011-04-01,14402.0
DST:FIKS22:BRANCHE07=F:BELØB=1:SÆSON=SÆSON,2011-05-01,14966.0
DST:FIKS22:BRANCHE07=F:BELØB=1:SÆSON=SÆSON,2011-06-01,14942.0
DST:FIKS22:BRANCHE07=F:BELØB=1:SÆSON=SÆSON,2011-07-01,15138.0
DST:FIKS22:BRANCHE07=F:BELØB=1:SÆSON=SÆSON,2011-08-01,15136.0
DST:FIKS22:BRANCHE07=F:BELØB=1:SÆSON=SÆSON,2011-09-01,15300.0
DST:FIKS22:BRANCHE07=F:BELØB=1:SÆSON=SÆSON,2011-10-01,15533.0
DST:FIKS22:BRANCHE07=F:BELØB=1:SÆSON=SÆSON,2011-11-01,16314.0
DST:FIKS22:BRANCHE07=F:BELØB=1:SÆSON=SÆSON,2011-12-01,16559.0
DST:FIKS22:BRANCHE07=F:BELØB=1:SÆSON=SÆSON,2012-01-01,16849.0
DST:FIKS22:BRANCHE07=F:BELØB=1:SÆSON=SÆSON,2012-02-01,16523.0
DST:FIKS22:BRANCHE07=F:BELØB=1:SÆSON=SÆSON,2012-03-01,16666.0
DST:FIKS22:BRANCHE07=F:BELØB=1:SÆSON=SÆSON,2012-04-01,16507.0
DST:FIKS22:BRANCHE07=F:BELØB=1:SÆSON=SÆSON,2012-05-01,16085.0
DST:FIKS22:BRANCHE07=F:BELØB=1:SÆSON=SÆSON,2012-06-01,16029.0
DST:FIKS22:BRANCHE07=F:BELØB=1:SÆSON=SÆSON,2012-07-01,16111.0
DST:FIKS22:BRANCHE07=F:BELØB=1:SÆSON=SÆSON,2012-08-01,16338.0
DST:FIKS22:BRANCHE07=F:BELØB=1:SÆSON=SÆSON,2012-09-01,16342.0
DST:FIKS22:BRANCHE07=F:BELØB=1:SÆSON=SÆSON,2012-10-01,16585.0
DST:FIKS22:BRANCHE07=F:BELØB=1:SÆSON=SÆSON,2012-11-01,16527.0
DST:FIKS22:BRANCHE07=F:BELØB=1:SÆSON=SÆSON,2012-12-01,16255.0
DST:FIKS22:BRANCHE07=F:BELØB=1:SÆSON=SÆSON,2013-01-01,14875.0
DST:FIKS22:BRANCHE07=F:BELØB=1:SÆSON=SÆSON,2013-02-01,15766.0
DST:FIKS22:BRANCHE07=F:BELØB=1:SÆSON=SÆSON,2013-03-01,15131.0
DST:FIKS22:BRANCHE07=F:BELØB=1:SÆSON=SÆSON,2013-04-01,15592.0
DST:FIKS22:BRANCHE07=F:BELØB=1:SÆSON=SÆSON,2013-05-01,15924.0
DST:FIKS22:BRANCHE07=F:BELØB=1:SÆSON=SÆSON,2013-06-01,15884.0
DST:FIKS22:BRANCHE07=F:BELØB=1:SÆSON=SÆSON,2013-07-01,16739.0
DST:FIKS22:BRANCHE07=F:BELØB=1:SÆSON=SÆSON,2013-08-01,16707.0
DST:FIKS22:BRANCHE07=F:BELØB=1:SÆSON=SÆSON,2013-09-01,15996.0
DST:FIKS22:BRANCHE07=F:BELØB=1:SÆSON=SÆSON,2013-10-01,15961.0
DST:FIKS22:BRANCHE07=F:BELØB=1:SÆSON=SÆSON,2013-11-01,16085.0
DST:FIKS22:BRANCHE07=F:BELØB=1:SÆSON=SÆSON,2013-12-01,16232.0
DST:FIKS22:BRANCHE07=F:BELØB=1:SÆSON=SÆSON,2014-01-01,16298.0
DST:FIKS22:BRANCHE07=F:BELØB=1:SÆSON=SÆSON,2014-02-01,17036.0
DST:FIKS22:BRANCHE07=F:BELØB=1:SÆSON=SÆSON,2014-03-01,16365.0
DST:FIKS22:BRANCHE07=F:BELØB=1:SÆSON=SÆSON,2014-04-01,16973.0
DST:FIKS22:BRANCHE07=F:BELØB=1:SÆSON=SÆSON,2014-05-01,16542.0
DST:FIKS22:BRANCHE07=F:BELØB=1:SÆSON=SÆSON,2014-06-01,17292.0
DST:FIKS22:BRANCHE07=F:BELØB=1:SÆSON=SÆSON,2014-07-01,16962.0
DST:FIKS22:BRANCHE07=F:BELØB=1:SÆSON=SÆSON,2014-08-01,17369.0
DST:FIKS22:BRANCHE07=F:BELØB=1:SÆSON=SÆSON,2014-09-01,17515.0
DST:FIKS22:BRANCHE07=F:BELØB=1:SÆSON=SÆSON,2014-10-01,17694.0
DST:FIKS22:BRANCHE07=F:BELØB=1:SÆSON=SÆSON,2014-11-01,17835.0
DST:FIKS22:BRANCHE07=F:BELØB=1:SÆSON=SÆSON,2014-12-01,18060.0
DST:FIKS22:BRANCHE07=F:BELØB=1:SÆSON=SÆSON,2015-01-01,17114.0
DST:FIKS22:BRANCHE07=F:BELØB=1:SÆSON=SÆSON,2015-02-01,18181.0
DST:FIKS22:BRANCHE07=F:BELØB=1:SÆSON=SÆSON,2015-03-01,18558.0
DST:FIKS22:BRANCHE07=F:BELØB=1:SÆSON=SÆSON,2015-04-01,18281.0
DST:FIKS22:BRANCHE07=F:BELØB=1:SÆSON=SÆSON,2015-05-01,18307.0
DST:FIKS22:BRANCHE07=F:BELØB=1:SÆSON=SÆSON,2015-06-01,18182.0
DST:FIKS22:BRANCHE07=F:BELØB=1:SÆSON=SÆSON,2015-07-01,18447.0
DST:FIKS22:BRANCHE07=F:BELØB=1:SÆSON=SÆSON,2015-08-01,18848.0
DST:FIKS22:BRANCHE07=F:BELØB=1:SÆSON=SÆSON,2015-09-01,18666.0
DST:FIKS22:BRANCHE07=F:BELØB=1:SÆSON=SÆSON,2015-10-01,19029.0
DST:FIKS22:BRANCHE07=F:BELØB=1:SÆSON=SÆSON,2015-11-01,18632.0
DST:FIKS22:BRANCHE07=F:BELØB=1:SÆSON=SÆSON,2015-12-01,19014.0
DST:FIKS22:BRANCHE07=F:BELØB=1:SÆSON=SÆSON,2016-01-01,18985.0
DST:FIKS22:BRANCHE07=F:BELØB=1:SÆSON=SÆSON,2016-02-01,18696.0
DST:FIKS22:BRANCHE07=F:BELØB=1:SÆSON=SÆSON,2016-03-01,19687.0
DST:FIKS22:BRANCHE07=F:BELØB=1:SÆSON=SÆSON,2016-04-01,19766.0
DST:FIKS22:BRANCHE07=F:BELØB=1:SÆSON=SÆSON,2016-05-01,20062.0
DST:FIKS22:BRANCHE07=F:BELØB=1:SÆSON=SÆSON,2016-06-01,19659.0
DST:FIKS22:BRANCHE07=F:BELØB=1:SÆSON=SÆSON,2016-07-01,19718.0
DST:FIKS22:BRANCHE07=F:BELØB=1:SÆSON=SÆSON,2016-08-01,19684.0
DST:FIKS22:BRANCHE07=F:BELØB=1:SÆSON=SÆSON,2016-09-01,20422.0
DST:FIKS22:BRANCHE07=F:BELØB=1:SÆSON=SÆSON,2016-10-01,20376.0
DST:FIKS22:BRANCHE07=F:BELØB=1:SÆSON=SÆSON,2016-11-01,20713.0
DST:FIKS22:BRANCHE07=F:BELØB=1:SÆSON=SÆSON,2016-12-01,21641.0
DST:FIKS22:BRANCHE07=F:BELØB=1:SÆSON=SÆSON,2017-01-01,20809.0
DST:FIKS22:BRANCHE07=F:BELØB=1:SÆSON=SÆSON,2017-02-01,21031.0
DST:FIKS22:BRANCHE07=F:BELØB=1:SÆSON=SÆSON,2017-03-01,20779.0
DST:FIKS22:BRANCHE07=F:BELØB=1:SÆSON=SÆSON,2017-04-01,21026.0
DST:FIKS22:BRANCHE07=F:BELØB=1:SÆSON=SÆSON,2017-05-01,21586.0
DST:FIKS22:BRANCHE07=F:BELØB=1:SÆSON=SÆSON,2017-06-01,21301.0
DST:FIKS22:BRANCHE07=F:BELØB=1:SÆSON=SÆSON,2017-07-01,21889.0
DST:FIKS22:BRANCHE07=F:BELØB=1:SÆSON=SÆSON,2017-08-01,21371.0
DST:FIKS22:BRANCHE07=F:BELØB=1:SÆSON=SÆSON,2017-09-01,21650.0
DST:FIKS22:BRANCHE07=F:BELØB=1:SÆSON=SÆSON,2017-10-01,22064.0
DST:FIKS22:BRANCHE07=F:BELØB=1:SÆSON=SÆSON,2017-11-01,22274.0
DST:FIKS22:BRANCHE07=F:BELØB=1:SÆSON=SÆSON,2017-12-01,22939.0
DST:FIKS22:BRANCHE07=F:BELØB=1:SÆSON=SÆSON,2018-01-01,22414.0
DST:FIKS22:BRANCHE07=F:BELØB=1:SÆSON=SÆSON,2018-02-01,22518.0
DST:FIKS22:BRANCHE07=F:BELØB=1:SÆSON=SÆSON,2018-03-01,21882.0
DST:FIKS22:BRANCHE07=F:BELØB=1:SÆSON=SÆSON,2018-04-01,22396.0
DST:FIKS22:BRANCHE07=F:BELØB=1:SÆSON=SÆSON,2018-05-01,22233.0
DST:FIKS22:BRANCHE07=F:BELØB=1:SÆSON=SÆSON,2018-06-01,24219.0
DST:FIKS22:BRANCHE07=F:BELØB=1:SÆSON=SÆSON,2018-07-01,23689.0
DST:FIKS22:BRANCHE07=F:BELØB=1:SÆSON=SÆSON,2018-08-01,23919.0
DST:FIKS22:BRANCHE07=F:BELØB=1:SÆSON=SÆSON,2018-09-01,23542.0
DST:FIKS22:BRANCHE07=F:BELØB=1:SÆSON=SÆSON,2018-10-01,23233.0
DST:FIKS22:BRANCHE07=F:BELØB=1:SÆSON=SÆSON,2018-11-01,23695.0
DST:FIKS22:BRANCHE07=F:BELØB=1:SÆSON=SÆSON,2018-12-01,23497.0
DST:FIKS22:BRANCHE07=F:BELØB=1:SÆSON=SÆSON,2019-01-01,23724.0
DST:FIKS22:BRANCHE07=F:BELØB=1:SÆSON=SÆSON,2019-02-01,24663.0
DST:FIKS22:BRANCHE07=F:BELØB=1:SÆSON=SÆSON,2019-03-01,24146.0
DST:FIKS22:BRANCHE07=F:BELØB=1:SÆSON=SÆSON,2019-04-01,24024.0
DST:FIKS22:BRANCHE07=F:BELØB=1:SÆSON=SÆSON,2019-05-01,24539.0
DST:FIKS22:BRANCHE07=F:BELØB=1:SÆSON=SÆSON,2019-06-01,24297.0
DST:FIKS22:BRANCHE07=F:BELØB=1:SÆSON=SÆSON,2019-07-01,23863.0
DST:FIKS22:BRANCHE07=F:BELØB=1:SÆSON=SÆSON,2019-08-01,25119.0
DST:FIKS22:BRANCHE07=F:BELØB=1:SÆSON=SÆSON,2019-09-01,23696.0
DST:FIKS22:BRANCHE07=F:BELØB=1:SÆSON=SÆSON,2019-10-01,24315.0
DST:FIKS22:BRANCHE07=F:BELØB=1:SÆSON=SÆSON,2019-11-01,23843.0
DST:FIKS22:BRANCHE07=F:BELØB=1:SÆSON=SÆSON,2019-12-01,23778.0
DST:FIKS22:BRANCHE07=F:BELØB=1:SÆSON=SÆSON,2020-01-01,24484.0
DST:FIKS22:BRANCHE07=F:BELØB=1:SÆSON=SÆSON,2020-02-01,24119.0
DST:FIKS22:BRANCHE07=F:BELØB=1:SÆSON=SÆSON,2020-03-01,25438.0
DST:FIKS22:BRANCHE07=F:BELØB=1:SÆSON=SÆSON,2020-04-01,25402.0
DST:FIKS22:BRANCHE07=F:BELØB=1:SÆSON=SÆSON,2020-05-01,24232.0
DST:FIKS22:BRANCHE07=F:BELØB=1:SÆSON=SÆSON,2020-06-01,23724.0
DST:FIKS22:BRANCHE07=F:BELØB=1:SÆSON=SÆSON,2020-07-01,24837.0
DST:FIKS22:BRANCHE07=F:BELØB=1:SÆSON=SÆSON,2020-08-01,24344.0
DST:FIKS22:BRANCHE07=F:BELØB=1:SÆSON=SÆSON,2020-09-01,25527.0
DST:FIKS22:BRANCHE07=F:BELØB=1:SÆSON=SÆSON,2020-10-01,25500.0
DST:FIKS22:BRANCHE07=F:BELØB=1:SÆSON=SÆSON,2020-11-01,25519.0
DST:FIKS22:BRANCHE07=F:BELØB=1:SÆSON=SÆSON,2020-12-01,25658.0
DST:FIKS22:BRANCHE07=F:BELØB=1:SÆSON=SÆSON,2021-01-01,26609.0
DST:FIKS22:BRANCHE07=F:BELØB=1:SÆSON=SÆSON,2021-02-01,25603.0
DST:FIKS22:BRANCHE07=F:BELØB=1:SÆSON=SÆSON,2021-03-01,27965.0
DST:FIKS22:BRANCHE07=F:BELØB=1:SÆSON=SÆSON,2021-04-01,26382.0
DST:FIKS22:BRANCHE07=F:BELØB=1:SÆSON=SÆSON,2021-05-01,25774.0
DST:FIKS22:BRANCHE07=F:BELØB=1:SÆSON=SÆSON,2021-06-01,26312.0
DST:FIKS22:BRANCHE07=F:BELØB=1:SÆSON=SÆSON,2021-07-01,25938.0
DST:FIKS22:BRANCHE07=F:BELØB=1:SÆSON=SÆSON,2021-08-01,26920.0
DST:FIKS22:BRANCHE07=F:BELØB=1:SÆSON=SÆSON,2021-09-01,27360.0
DST:FIKS22:BRANCHE07=F:BELØB=1:SÆSON=SÆSON,2021-10-01,26836.0
DST:FIKS22:BRANCHE07=F:BELØB=1:SÆSON=SÆSON,2021-11-01,27846.0
DST:FIKS22:BRANCHE07=F:BELØB=1:SÆSON=SÆSON,2021-12-01,27620.0
DST:FIKS22:BRANCHE07=F:BELØB=1:SÆSON=SÆSON,2022-01-01,29268.0
DST:FIKS22:BRANCHE07=F:BELØB=1:SÆSON=SÆSON,2022-02-01,29245.0
DST:FIKS22:BRANCHE07=F:BELØB=1:SÆSON=SÆSON,2022-03-01,29463.0
DST:FIKS22:BRANCHE07=F:BELØB=1:SÆSON=SÆSON,2022-04-01,29594.0
DST:FIKS22:BRANCHE07=F:BELØB=1:SÆSON=SÆSON,2022-05-01,30712.0
DST:FIKS22:BRANCHE07=F:BELØB=1:SÆSON=SÆSON,2022-06-01,30493.0
DST:FIKS22:BRANCHE07=F:BELØB=1:SÆSON=SÆSON,2022-07-01,30335.0
DST:FIKS22:BRANCHE07=F:BELØB=1:SÆSON=SÆSON,2022-08-01,30382.0
DST:FIKS22:BRANCHE07=F:BELØB=1:SÆSON=SÆSON,2022-09-01,30627.0
DST:FIKS22:BRANCHE07=F:BELØB=1:SÆSON=SÆSON,2022-10-01,31080.0
DST:FIKS22:BRANCHE07=F:BELØB=1:SÆSON=SÆSON,2022-11-01,31463.0
DST:FIKS22:BRANCHE07=F:BELØB=1:SÆSON=SÆSON,2022-12-01,31915.0
DST:FIKS22:BRANCHE07=F:BELØB=1:SÆSON=SÆSON,2023-01-01,30738.0
DST:FIKS22:BRANCHE07=F:BELØB=1:SÆSON=SÆSON,2023-02-01,31645.0
DST:FIKS22:BRANCHE07=F:BELØB=1:SÆSON=SÆSON,2023-03-01,30718.0
DST:FIKS22:BRANCHE07=F:BELØB=1:SÆSON=SÆSON,2023-04-01,30598.0
DST:FIKS22:BRANCHE07=F:BELØB=1:SÆSON=SÆSON,2023-05-01,30702.0
DST:FIKS22:BRANCHE07=F:BELØB=1:SÆSON=SÆSON,2023-06-01,31273.0
DST:FIKS22:BRANCHE07=F:BELØB=1:SÆSON=SÆSON,2023-07-01,30208.0
DST:FIKS22:BRANCHE07=F:BELØB=1:SÆSON=SÆSON,2023-08-01,29102.0
DST:FIKS22:BRANCHE07=F:BELØB=1:SÆSON=SÆSON,2023-09-01,29767.0
DST:FIKS22:BRANCHE07=F:BELØB=1:SÆSON=SÆSON,2023-10-01,31046.0
DST:FIKS22:BRANCHE07=F:BELØB=1:SÆSON=SÆSON,2023-11-01,29880.0
DST:FIKS22:BRANCHE07=F:BELØB=1:SÆSON=SÆSON,2023-12-01,30102.0
DST:FIKS22:BRANCHE07=F:BELØB=1:SÆSON=SÆSON,2024-01-01,29820.0
DST:FIKS22:BRANCHE07=F:BELØB=1:SÆSON=SÆSON,2024-02-01,29871.0
DST:FIKS22:BRANCHE07=F:BELØB=1:SÆSON=SÆSON,2024-03-01,30670.0
DST:FIKS22:BRANCHE07=F:BELØB=1:SÆSON=SÆSON,2024-04-01,31288.0
DST:FIKS22:BRANCHE07=F:BELØB=1:SÆSON=SÆSON,2024-05-01,31060.0
DST:FIKS22:BRANCHE07=F:BELØB=1:SÆSON=SÆSON,2024-06-01,30982.0
DST:FIKS22:BRANCHE07=F:BELØB=1:SÆSON=SÆSON,2024-07-01,30821.0
DST:FIKS22:BRANCHE07=F:BELØB=1:SÆSON=SÆSON,2024-08-01,31122.0
DST:FIKS22:BRANCHE07=F:BELØB=1:SÆSON=SÆSON,2024-09-01,32489.0
DST:FIKS22:BRANCHE07=F:BELØB=1:SÆSON=SÆSON,2024-10-01,30892.0
DST:FIKS22:BRANCHE07=F:BELØB=1:SÆSON=SÆSON,2024-11-01,30744.0
DST:FIKS22:BRANCHE07=F:BELØB=1:SÆSON=SÆSON,2024-12-01,30949.0
DST:FIKS22:BRANCHE07=F:BELØB=1:SÆSON=SÆSON,2025-01-01,30820.0
DST:FIKS22:BRANCHE07=F:BELØB=1:SÆSON=SÆSON,2025-02-01,32049.0
DST:FIKS22:BRANCHE07=F:BELØB=1:SÆSON=SÆSON,2025-03-01,31694.0
DST:FIKS22:BRANCHE07=F:BELØB=1:SÆSON=SÆSON,2025-04-01,31503.0
DST:FIKS22:BRANCHE07=F:BELØB=1:SÆSON=SÆSON,2025-05-01,31063.0
DST:FIKS22:BRANCHE07=F:BELØB=1:SÆSON=SÆSON,2025-06-01,31151.0
DST:FIKS22:BRANCHE07=F:BELØB=1:SÆSON=SÆSON,2025-07-01,31823.0
DST:FIKS22:BRANCHE07=F:BELØB=1:SÆSON=SÆSON,2025-08-01,32334.0
DST:FIKS22:BRANCHE07=F:BELØB=1:SÆSON=SÆSON,2025-09-01,30672.0
DST:FIKS22:BRANCHE07=F:BELØB=1:SÆSON=SÆSON,2025-10-01,31502.0
DST:FIKS22:BRANCHE07=F:BELØB=1:SÆSON=SÆSON,2025-11-01,31350.0
DST:FIKS22:BRANCHE07=F:BELØB=1:SÆSON=SÆSON,2025-12-01,30637.0
DST:FIKS22:BRANCHE07=F:BELØB=1:SÆSON=SÆSON,2026-01-01,30575.0
DST:FIKS22:BRANCHE07=F:BELØB=1:SÆSON=SÆSON,2026-02-01,28762.0
DST:FIKS22:BRANCHE07=F:BELØB=1:SÆSON=SÆSON,2026-03-01,29660.0
DST:FIKS22:BRANCHE07=F:BELØB=3:SÆSON=EJSÆSON,2009-01-01,8599.0
DST:FIKS22:BRANCHE07=F:BELØB=3:SÆSON=EJSÆSON,2009-02-01,8880.0
DST:FIKS22:BRANCHE07=F:BELØB=3:SÆSON=EJSÆSON,2009-03-01,9742.0
DST:FIKS22:BRANCHE07=F:BELØB=3:SÆSON=EJSÆSON,2009-04-01,9147.0
DST:FIKS22:BRANCHE07=F:BELØB=3:SÆSON=EJSÆSON,2009-05-01,8730.0
DST:FIKS22:BRANCHE07=F:BELØB=3:SÆSON=EJSÆSON,2009-06-01,10044.0
DST:FIKS22:BRANCHE07=F:BELØB=3:SÆSON=EJSÆSON,2009-07-01,8267.0
DST:FIKS22:BRANCHE07=F:BELØB=3:SÆSON=EJSÆSON,2009-08-01,9220.0
DST:FIKS22:BRANCHE07=F:BELØB=3:SÆSON=EJSÆSON,2009-09-01,10211.0
DST:FIKS22:BRANCHE07=F:BELØB=3:SÆSON=EJSÆSON,2009-10-01,10149.0
DST:FIKS22:BRANCHE07=F:BELØB=3:SÆSON=EJSÆSON,2009-11-01,9569.0
DST:FIKS22:BRANCHE07=F:BELØB=3:SÆSON=EJSÆSON,2009-12-01,8446.0
DST:FIKS22:BRANCHE07=F:BELØB=3:SÆSON=EJSÆSON,2010-01-01,6398.0
DST:FIKS22:BRANCHE07=F:BELØB=3:SÆSON=EJSÆSON,2010-02-01,6111.0
DST:FIKS22:BRANCHE07=F:BELØB=3:SÆSON=EJSÆSON,2010-03-01,7717.0
DST:FIKS22:BRANCHE07=F:BELØB=3:SÆSON=EJSÆSON,2010-04-01,7675.0
DST:FIKS22:BRANCHE07=F:BELØB=3:SÆSON=EJSÆSON,2010-05-01,8235.0
DST:FIKS22:BRANCHE07=F:BELØB=3:SÆSON=EJSÆSON,2010-06-01,10131.0
DST:FIKS22:BRANCHE07=F:BELØB=3:SÆSON=EJSÆSON,2010-07-01,8097.0
DST:FIKS22:BRANCHE07=F:BELØB=3:SÆSON=EJSÆSON,2010-08-01,8832.0
DST:FIKS22:BRANCHE07=F:BELØB=3:SÆSON=EJSÆSON,2010-09-01,10686.0
DST:FIKS22:BRANCHE07=F:BELØB=3:SÆSON=EJSÆSON,2010-10-01,10024.0
DST:FIKS22:BRANCHE07=F:BELØB=3:SÆSON=EJSÆSON,2010-11-01,10265.0
DST:FIKS22:BRANCHE07=F:BELØB=3:SÆSON=EJSÆSON,2010-12-01,9492.0
DST:FIKS22:BRANCHE07=F:BELØB=3:SÆSON=EJSÆSON,2011-01-01,7218.0
DST:FIKS22:BRANCHE07=F:BELØB=3:SÆSON=EJSÆSON,2011-02-01,7875.0
DST:FIKS22:BRANCHE07=F:BELØB=3:SÆSON=EJSÆSON,2011-03-01,9508.0
DST:FIKS22:BRANCHE07=F:BELØB=3:SÆSON=EJSÆSON,2011-04-01,8575.0
DST:FIKS22:BRANCHE07=F:BELØB=3:SÆSON=EJSÆSON,2011-05-01,10407.0
DST:FIKS22:BRANCHE07=F:BELØB=3:SÆSON=EJSÆSON,2011-06-01,10815.0
DST:FIKS22:BRANCHE07=F:BELØB=3:SÆSON=EJSÆSON,2011-07-01,8954.0
DST:FIKS22:BRANCHE07=F:BELØB=3:SÆSON=EJSÆSON,2011-08-01,10773.0
DST:FIKS22:BRANCHE07=F:BELØB=3:SÆSON=EJSÆSON,2011-09-01,12547.0
DST:FIKS22:BRANCHE07=F:BELØB=3:SÆSON=EJSÆSON,2011-10-01,11593.0
DST:FIKS22:BRANCHE07=F:BELØB=3:SÆSON=EJSÆSON,2011-11-01,12356.0
DST:FIKS22:BRANCHE07=F:BELØB=3:SÆSON=EJSÆSON,2011-12-01,11878.0
DST:FIKS22:BRANCHE07=F:BELØB=3:SÆSON=EJSÆSON,2012-01-01,9300.0
DST:FIKS22:BRANCHE07=F:BELØB=3:SÆSON=EJSÆSON,2012-02-01,8920.0
DST:FIKS22:BRANCHE07=F:BELØB=3:SÆSON=EJSÆSON,2012-03-01,10411.0
DST:FIKS22:BRANCHE07=F:BELØB=3:SÆSON=EJSÆSON,2012-04-01,9896.0
DST:FIKS22:BRANCHE07=F:BELØB=3:SÆSON=EJSÆSON,2012-05-01,10398.0
DST:FIKS22:BRANCHE07=F:BELØB=3:SÆSON=EJSÆSON,2012-06-01,12178.0
DST:FIKS22:BRANCHE07=F:BELØB=3:SÆSON=EJSÆSON,2012-07-01,9771.0
DST:FIKS22:BRANCHE07=F:BELØB=3:SÆSON=EJSÆSON,2012-08-01,11575.0
DST:FIKS22:BRANCHE07=F:BELØB=3:SÆSON=EJSÆSON,2012-09-01,12075.0
DST:FIKS22:BRANCHE07=F:BELØB=3:SÆSON=EJSÆSON,2012-10-01,13011.0
DST:FIKS22:BRANCHE07=F:BELØB=3:SÆSON=EJSÆSON,2012-11-01,12509.0
DST:FIKS22:BRANCHE07=F:BELØB=3:SÆSON=EJSÆSON,2012-12-01,10813.0
DST:FIKS22:BRANCHE07=F:BELØB=3:SÆSON=EJSÆSON,2013-01-01,8695.0
DST:FIKS22:BRANCHE07=F:BELØB=3:SÆSON=EJSÆSON,2013-02-01,8805.0
DST:FIKS22:BRANCHE07=F:BELØB=3:SÆSON=EJSÆSON,2013-03-01,8864.0
DST:FIKS22:BRANCHE07=F:BELØB=3:SÆSON=EJSÆSON,2013-04-01,10354.0
DST:FIKS22:BRANCHE07=F:BELØB=3:SÆSON=EJSÆSON,2013-05-01,10774.0
DST:FIKS22:BRANCHE07=F:BELØB=3:SÆSON=EJSÆSON,2013-06-01,11795.0
DST:FIKS22:BRANCHE07=F:BELØB=3:SÆSON=EJSÆSON,2013-07-01,10089.0
DST:FIKS22:BRANCHE07=F:BELØB=3:SÆSON=EJSÆSON,2013-08-01,11959.0
DST:FIKS22:BRANCHE07=F:BELØB=3:SÆSON=EJSÆSON,2013-09-01,12067.0
DST:FIKS22:BRANCHE07=F:BELØB=3:SÆSON=EJSÆSON,2013-10-01,12644.0
DST:FIKS22:BRANCHE07=F:BELØB=3:SÆSON=EJSÆSON,2013-11-01,11784.0
DST:FIKS22:BRANCHE07=F:BELØB=3:SÆSON=EJSÆSON,2013-12-01,12220.0
DST:FIKS22:BRANCHE07=F:BELØB=3:SÆSON=EJSÆSON,2014-01-01,8894.0
DST:FIKS22:BRANCHE07=F:BELØB=3:SÆSON=EJSÆSON,2014-02-01,9581.0
DST:FIKS22:BRANCHE07=F:BELØB=3:SÆSON=EJSÆSON,2014-03-01,10751.0
DST:FIKS22:BRANCHE07=F:BELØB=3:SÆSON=EJSÆSON,2014-04-01,10635.0
DST:FIKS22:BRANCHE07=F:BELØB=3:SÆSON=EJSÆSON,2014-05-01,11374.0
DST:FIKS22:BRANCHE07=F:BELØB=3:SÆSON=EJSÆSON,2014-06-01,12561.0
DST:FIKS22:BRANCHE07=F:BELØB=3:SÆSON=EJSÆSON,2014-07-01,10973.0
DST:FIKS22:BRANCHE07=F:BELØB=3:SÆSON=EJSÆSON,2014-08-01,12203.0
DST:FIKS22:BRANCHE07=F:BELØB=3:SÆSON=EJSÆSON,2014-09-01,12946.0
DST:FIKS22:BRANCHE07=F:BELØB=3:SÆSON=EJSÆSON,2014-10-01,13792.0
DST:FIKS22:BRANCHE07=F:BELØB=3:SÆSON=EJSÆSON,2014-11-01,13014.0
DST:FIKS22:BRANCHE07=F:BELØB=3:SÆSON=EJSÆSON,2014-12-01,13300.0
DST:FIKS22:BRANCHE07=F:BELØB=3:SÆSON=EJSÆSON,2015-01-01,9480.0
DST:FIKS22:BRANCHE07=F:BELØB=3:SÆSON=EJSÆSON,2015-02-01,10876.0
DST:FIKS22:BRANCHE07=F:BELØB=3:SÆSON=EJSÆSON,2015-03-01,12540.0
DST:FIKS22:BRANCHE07=F:BELØB=3:SÆSON=EJSÆSON,2015-04-01,11993.0
DST:FIKS22:BRANCHE07=F:BELØB=3:SÆSON=EJSÆSON,2015-05-01,11800.0
DST:FIKS22:BRANCHE07=F:BELØB=3:SÆSON=EJSÆSON,2015-06-01,14612.0
DST:FIKS22:BRANCHE07=F:BELØB=3:SÆSON=EJSÆSON,2015-07-01,11428.0
DST:FIKS22:BRANCHE07=F:BELØB=3:SÆSON=EJSÆSON,2015-08-01,12544.0
DST:FIKS22:BRANCHE07=F:BELØB=3:SÆSON=EJSÆSON,2015-09-01,14213.0
DST:FIKS22:BRANCHE07=F:BELØB=3:SÆSON=EJSÆSON,2015-10-01,15275.0
DST:FIKS22:BRANCHE07=F:BELØB=3:SÆSON=EJSÆSON,2015-11-01,14843.0
DST:FIKS22:BRANCHE07=F:BELØB=3:SÆSON=EJSÆSON,2015-12-01,14138.0
DST:FIKS22:BRANCHE07=F:BELØB=3:SÆSON=EJSÆSON,2016-01-01,10177.0
DST:FIKS22:BRANCHE07=F:BELØB=3:SÆSON=EJSÆSON,2016-02-01,11606.0
DST:FIKS22:BRANCHE07=F:BELØB=3:SÆSON=EJSÆSON,2016-03-01,12256.0
DST:FIKS22:BRANCHE07=F:BELØB=3:SÆSON=EJSÆSON,2016-04-01,13402.0
DST:FIKS22:BRANCHE07=F:BELØB=3:SÆSON=EJSÆSON,2016-05-01,14025.0
DST:FIKS22:BRANCHE07=F:BELØB=3:SÆSON=EJSÆSON,2016-06-01,15684.0
DST:FIKS22:BRANCHE07=F:BELØB=3:SÆSON=EJSÆSON,2016-07-01,11627.0
DST:FIKS22:BRANCHE07=F:BELØB=3:SÆSON=EJSÆSON,2016-08-01,14038.0
DST:FIKS22:BRANCHE07=F:BELØB=3:SÆSON=EJSÆSON,2016-09-01,15933.0
DST:FIKS22:BRANCHE07=F:BELØB=3:SÆSON=EJSÆSON,2016-10-01,15117.0
DST:FIKS22:BRANCHE07=F:BELØB=3:SÆSON=EJSÆSON,2016-11-01,16055.0
DST:FIKS22:BRANCHE07=F:BELØB=3:SÆSON=EJSÆSON,2016-12-01,15773.0
DST:FIKS22:BRANCHE07=F:BELØB=3:SÆSON=EJSÆSON,2017-01-01,12285.0
DST:FIKS22:BRANCHE07=F:BELØB=3:SÆSON=EJSÆSON,2017-02-01,12482.0
DST:FIKS22:BRANCHE07=F:BELØB=3:SÆSON=EJSÆSON,2017-03-01,14905.0
DST:FIKS22:BRANCHE07=F:BELØB=3:SÆSON=EJSÆSON,2017-04-01,13446.0
DST:FIKS22:BRANCHE07=F:BELØB=3:SÆSON=EJSÆSON,2017-05-01,15072.0
DST:FIKS22:BRANCHE07=F:BELØB=3:SÆSON=EJSÆSON,2017-06-01,16572.0
DST:FIKS22:BRANCHE07=F:BELØB=3:SÆSON=EJSÆSON,2017-07-01,12811.0
DST:FIKS22:BRANCHE07=F:BELØB=3:SÆSON=EJSÆSON,2017-08-01,15256.0
DST:FIKS22:BRANCHE07=F:BELØB=3:SÆSON=EJSÆSON,2017-09-01,16480.0
DST:FIKS22:BRANCHE07=F:BELØB=3:SÆSON=EJSÆSON,2017-10-01,17439.0
DST:FIKS22:BRANCHE07=F:BELØB=3:SÆSON=EJSÆSON,2017-11-01,17313.0
DST:FIKS22:BRANCHE07=F:BELØB=3:SÆSON=EJSÆSON,2017-12-01,16188.0
DST:FIKS22:BRANCHE07=F:BELØB=3:SÆSON=EJSÆSON,2018-01-01,13617.0
DST:FIKS22:BRANCHE07=F:BELØB=3:SÆSON=EJSÆSON,2018-02-01,13908.0
DST:FIKS22:BRANCHE07=F:BELØB=3:SÆSON=EJSÆSON,2018-03-01,14494.0
DST:FIKS22:BRANCHE07=F:BELØB=3:SÆSON=EJSÆSON,2018-04-01,15195.0
DST:FIKS22:BRANCHE07=F:BELØB=3:SÆSON=EJSÆSON,2018-05-01,16354.0
DST:FIKS22:BRANCHE07=F:BELØB=3:SÆSON=EJSÆSON,2018-06-01,17751.0
DST:FIKS22:BRANCHE07=F:BELØB=3:SÆSON=EJSÆSON,2018-07-01,14531.0
DST:FIKS22:BRANCHE07=F:BELØB=3:SÆSON=EJSÆSON,2018-08-01,16517.0
DST:FIKS22:BRANCHE07=F:BELØB=3:SÆSON=EJSÆSON,2018-09-01,17083.0
DST:FIKS22:BRANCHE07=F:BELØB=3:SÆSON=EJSÆSON,2018-10-01,18907.0
DST:FIKS22:BRANCHE07=F:BELØB=3:SÆSON=EJSÆSON,2018-11-01,18270.0
DST:FIKS22:BRANCHE07=F:BELØB=3:SÆSON=EJSÆSON,2018-12-01,16634.0
DST:FIKS22:BRANCHE07=F:BELØB=3:SÆSON=EJSÆSON,2019-01-01,14448.0
DST:FIKS22:BRANCHE07=F:BELØB=3:SÆSON=EJSÆSON,2019-02-01,15002.0
DST:FIKS22:BRANCHE07=F:BELØB=3:SÆSON=EJSÆSON,2019-03-01,16575.0
DST:FIKS22:BRANCHE07=F:BELØB=3:SÆSON=EJSÆSON,2019-04-01,15911.0
DST:FIKS22:BRANCHE07=F:BELØB=3:SÆSON=EJSÆSON,2019-05-01,16830.0
DST:FIKS22:BRANCHE07=F:BELØB=3:SÆSON=EJSÆSON,2019-06-01,17169.0
DST:FIKS22:BRANCHE07=F:BELØB=3:SÆSON=EJSÆSON,2019-07-01,14658.0
DST:FIKS22:BRANCHE07=F:BELØB=3:SÆSON=EJSÆSON,2019-08-01,16537.0
DST:FIKS22:BRANCHE07=F:BELØB=3:SÆSON=EJSÆSON,2019-09-01,18018.0
DST:FIKS22:BRANCHE07=F:BELØB=3:SÆSON=EJSÆSON,2019-10-01,18683.0
DST:FIKS22:BRANCHE07=F:BELØB=3:SÆSON=EJSÆSON,2019-11-01,18114.0
DST:FIKS22:BRANCHE07=F:BELØB=3:SÆSON=EJSÆSON,2019-12-01,17181.0
DST:FIKS22:BRANCHE07=F:BELØB=3:SÆSON=EJSÆSON,2020-01-01,14431.0
DST:FIKS22:BRANCHE07=F:BELØB=3:SÆSON=EJSÆSON,2020-02-01,15276.0
DST:FIKS22:BRANCHE07=F:BELØB=3:SÆSON=EJSÆSON,2020-03-01,18286.0
DST:FIKS22:BRANCHE07=F:BELØB=3:SÆSON=EJSÆSON,2020-04-01,16676.0
DST:FIKS22:BRANCHE07=F:BELØB=3:SÆSON=EJSÆSON,2020-05-01,15505.0
DST:FIKS22:BRANCHE07=F:BELØB=3:SÆSON=EJSÆSON,2020-06-01,18286.0
DST:FIKS22:BRANCHE07=F:BELØB=3:SÆSON=EJSÆSON,2020-07-01,14990.0
DST:FIKS22:BRANCHE07=F:BELØB=3:SÆSON=EJSÆSON,2020-08-01,17052.0
DST:FIKS22:BRANCHE07=F:BELØB=3:SÆSON=EJSÆSON,2020-09-01,19750.0
DST:FIKS22:BRANCHE07=F:BELØB=3:SÆSON=EJSÆSON,2020-10-01,19115.0
DST:FIKS22:BRANCHE07=F:BELØB=3:SÆSON=EJSÆSON,2020-11-01,19450.0
DST:FIKS22:BRANCHE07=F:BELØB=3:SÆSON=EJSÆSON,2020-12-01,17678.0
DST:FIKS22:BRANCHE07=F:BELØB=3:SÆSON=EJSÆSON,2021-01-01,15717.0
DST:FIKS22:BRANCHE07=F:BELØB=3:SÆSON=EJSÆSON,2021-02-01,15791.0
DST:FIKS22:BRANCHE07=F:BELØB=3:SÆSON=EJSÆSON,2021-03-01,20012.0
DST:FIKS22:BRANCHE07=F:BELØB=3:SÆSON=EJSÆSON,2021-04-01,18127.0
DST:FIKS22:BRANCHE07=F:BELØB=3:SÆSON=EJSÆSON,2021-05-01,18259.0
DST:FIKS22:BRANCHE07=F:BELØB=3:SÆSON=EJSÆSON,2021-06-01,21888.0
DST:FIKS22:BRANCHE07=F:BELØB=3:SÆSON=EJSÆSON,2021-07-01,15799.0
DST:FIKS22:BRANCHE07=F:BELØB=3:SÆSON=EJSÆSON,2021-08-01,18427.0
DST:FIKS22:BRANCHE07=F:BELØB=3:SÆSON=EJSÆSON,2021-09-01,21986.0
DST:FIKS22:BRANCHE07=F:BELØB=3:SÆSON=EJSÆSON,2021-10-01,21560.0
DST:FIKS22:BRANCHE07=F:BELØB=3:SÆSON=EJSÆSON,2021-11-01,23330.0
DST:FIKS22:BRANCHE07=F:BELØB=3:SÆSON=EJSÆSON,2021-12-01,21158.0
DST:FIKS22:BRANCHE07=F:BELØB=3:SÆSON=EJSÆSON,2022-01-01,18224.0
DST:FIKS22:BRANCHE07=F:BELØB=3:SÆSON=EJSÆSON,2022-02-01,19272.0
DST:FIKS22:BRANCHE07=F:BELØB=3:SÆSON=EJSÆSON,2022-03-01,24024.0
DST:FIKS22:BRANCHE07=F:BELØB=3:SÆSON=EJSÆSON,2022-04-01,21204.0
DST:FIKS22:BRANCHE07=F:BELØB=3:SÆSON=EJSÆSON,2022-05-01,23320.0
DST:FIKS22:BRANCHE07=F:BELØB=3:SÆSON=EJSÆSON,2022-06-01,24260.0
DST:FIKS22:BRANCHE07=F:BELØB=3:SÆSON=EJSÆSON,2022-07-01,18626.0
DST:FIKS22:BRANCHE07=F:BELØB=3:SÆSON=EJSÆSON,2022-08-01,22394.0
DST:FIKS22:BRANCHE07=F:BELØB=3:SÆSON=EJSÆSON,2022-09-01,25067.0
DST:FIKS22:BRANCHE07=F:BELØB=3:SÆSON=EJSÆSON,2022-10-01,24464.0
DST:FIKS22:BRANCHE07=F:BELØB=3:SÆSON=EJSÆSON,2022-11-01,25319.0
DST:FIKS22:BRANCHE07=F:BELØB=3:SÆSON=EJSÆSON,2022-12-01,24172.0
DST:FIKS22:BRANCHE07=F:BELØB=3:SÆSON=EJSÆSON,2023-01-01,19223.0
DST:FIKS22:BRANCHE07=F:BELØB=3:SÆSON=EJSÆSON,2023-02-01,20519.0
DST:FIKS22:BRANCHE07=F:BELØB=3:SÆSON=EJSÆSON,2023-03-01,23470.0
DST:FIKS22:BRANCHE07=F:BELØB=3:SÆSON=EJSÆSON,2023-04-01,20183.0
DST:FIKS22:BRANCHE07=F:BELØB=3:SÆSON=EJSÆSON,2023-05-01,22256.0
DST:FIKS22:BRANCHE07=F:BELØB=3:SÆSON=EJSÆSON,2023-06-01,24360.0
DST:FIKS22:BRANCHE07=F:BELØB=3:SÆSON=EJSÆSON,2023-07-01,17439.0
DST:FIKS22:BRANCHE07=F:BELØB=3:SÆSON=EJSÆSON,2023-08-01,21428.0
DST:FIKS22:BRANCHE07=F:BELØB=3:SÆSON=EJSÆSON,2023-09-01,23449.0
DST:FIKS22:BRANCHE07=F:BELØB=3:SÆSON=EJSÆSON,2023-10-01,24125.0
DST:FIKS22:BRANCHE07=F:BELØB=3:SÆSON=EJSÆSON,2023-11-01,23728.0
DST:FIKS22:BRANCHE07=F:BELØB=3:SÆSON=EJSÆSON,2023-12-01,21594.0
DST:FIKS22:BRANCHE07=F:BELØB=3:SÆSON=EJSÆSON,2024-01-01,18493.0
DST:FIKS22:BRANCHE07=F:BELØB=3:SÆSON=EJSÆSON,2024-02-01,19650.0
DST:FIKS22:BRANCHE07=F:BELØB=3:SÆSON=EJSÆSON,2024-03-01,20449.0
DST:FIKS22:BRANCHE07=F:BELØB=3:SÆSON=EJSÆSON,2024-04-01,22454.0
DST:FIKS22:BRANCHE07=F:BELØB=3:SÆSON=EJSÆSON,2024-05-01,22452.0
DST:FIKS22:BRANCHE07=F:BELØB=3:SÆSON=EJSÆSON,2024-06-01,23352.0
DST:FIKS22:BRANCHE07=F:BELØB=3:SÆSON=EJSÆSON,2024-07-01,19142.0
DST:FIKS22:BRANCHE07=F:BELØB=3:SÆSON=EJSÆSON,2024-08-01,21633.0
DST:FIKS22:BRANCHE07=F:BELØB=3:SÆSON=EJSÆSON,2024-09-01,23731.0
DST:FIKS22:BRANCHE07=F:BELØB=3:SÆSON=EJSÆSON,2024-10-01,24641.0
DST:FIKS22:BRANCHE07=F:BELØB=3:SÆSON=EJSÆSON,2024-11-01,23549.0
DST:FIKS22:BRANCHE07=F:BELØB=3:SÆSON=EJSÆSON,2024-12-01,22935.0
DST:FIKS22:BRANCHE07=F:BELØB=3:SÆSON=EJSÆSON,2025-01-01,18463.0
DST:FIKS22:BRANCHE07=F:BELØB=3:SÆSON=EJSÆSON,2025-02-01,20477.0
DST:FIKS22:BRANCHE07=F:BELØB=3:SÆSON=EJSÆSON,2025-03-01,23634.0
DST:FIKS22:BRANCHE07=F:BELØB=3:SÆSON=EJSÆSON,2025-04-01,22116.0
DST:FIKS22:BRANCHE07=F:BELØB=3:SÆSON=EJSÆSON,2025-05-01,23008.0
DST:FIKS22:BRANCHE07=F:BELØB=3:SÆSON=EJSÆSON,2025-06-01,23192.0
DST:FIKS22:BRANCHE07=F:BELØB=3:SÆSON=EJSÆSON,2025-07-01,18389.0
DST:FIKS22:BRANCHE07=F:BELØB=3:SÆSON=EJSÆSON,2025-08-01,21973.0
DST:FIKS22:BRANCHE07=F:BELØB=3:SÆSON=EJSÆSON,2025-09-01,24079.0
DST:FIKS22:BRANCHE07=F:BELØB=3:SÆSON=EJSÆSON,2025-10-01,24863.0
DST:FIKS22:BRANCHE07=F:BELØB=3:SÆSON=EJSÆSON,2025-11-01,23883.0
DST:FIKS22:BRANCHE07=F:BELØB=3:SÆSON=EJSÆSON,2025-12-01,22131.0
DST:FIKS22:BRANCHE07=F:BELØB=3:SÆSON=EJSÆSON,2026-01-01,18072.0
DST:FIKS22:BRANCHE07=F:BELØB=3:SÆSON=EJSÆSON,2026-02-01,18419.0
DST:FIKS22:BRANCHE07=F:BELØB=3:SÆSON=EJSÆSON,2026-03-01,22272.0
DST:FIKS22:BRANCHE07=F:BELØB=3:SÆSON=SÆSON,2009-01-01,10906.0
DST:FIKS22:BRANCHE07=F:BELØB=3:SÆSON=SÆSON,2009-02-01,10616.0
DST:FIKS22:BRANCHE07=F:BELØB=3:SÆSON=SÆSON,2009-03-01,10082.0
DST:FIKS22:BRANCHE07=F:BELØB=3:SÆSON=SÆSON,2009-04-01,9795.0
DST:FIKS22:BRANCHE07=F:BELØB=3:SÆSON=SÆSON,2009-05-01,9101.0
DST:FIKS22:BRANCHE07=F:BELØB=3:SÆSON=SÆSON,2009-06-01,9066.0
DST:FIKS22:BRANCHE07=F:BELØB=3:SÆSON=SÆSON,2009-07-01,9004.0
DST:FIKS22:BRANCHE07=F:BELØB=3:SÆSON=SÆSON,2009-08-01,9200.0
DST:FIKS22:BRANCHE07=F:BELØB=3:SÆSON=SÆSON,2009-09-01,8720.0
DST:FIKS22:BRANCHE07=F:BELØB=3:SÆSON=SÆSON,2009-10-01,8867.0
DST:FIKS22:BRANCHE07=F:BELØB=3:SÆSON=SÆSON,2009-11-01,8683.0
DST:FIKS22:BRANCHE07=F:BELØB=3:SÆSON=SÆSON,2009-12-01,8010.0
DST:FIKS22:BRANCHE07=F:BELØB=3:SÆSON=SÆSON,2010-01-01,8357.0
DST:FIKS22:BRANCHE07=F:BELØB=3:SÆSON=SÆSON,2010-02-01,7308.0
DST:FIKS22:BRANCHE07=F:BELØB=3:SÆSON=SÆSON,2010-03-01,7876.0
DST:FIKS22:BRANCHE07=F:BELØB=3:SÆSON=SÆSON,2010-04-01,8372.0
DST:FIKS22:BRANCHE07=F:BELØB=3:SÆSON=SÆSON,2010-05-01,8583.0
DST:FIKS22:BRANCHE07=F:BELØB=3:SÆSON=SÆSON,2010-06-01,8753.0
DST:FIKS22:BRANCHE07=F:BELØB=3:SÆSON=SÆSON,2010-07-01,8902.0
DST:FIKS22:BRANCHE07=F:BELØB=3:SÆSON=SÆSON,2010-08-01,8535.0
DST:FIKS22:BRANCHE07=F:BELØB=3:SÆSON=SÆSON,2010-09-01,9234.0
DST:FIKS22:BRANCHE07=F:BELØB=3:SÆSON=SÆSON,2010-10-01,9000.0
DST:FIKS22:BRANCHE07=F:BELØB=3:SÆSON=SÆSON,2010-11-01,8976.0
DST:FIKS22:BRANCHE07=F:BELØB=3:SÆSON=SÆSON,2010-12-01,8723.0
DST:FIKS22:BRANCHE07=F:BELØB=3:SÆSON=SÆSON,2011-01-01,9187.0
DST:FIKS22:BRANCHE07=F:BELØB=3:SÆSON=SÆSON,2011-02-01,9416.0
DST:FIKS22:BRANCHE07=F:BELØB=3:SÆSON=SÆSON,2011-03-01,9733.0
DST:FIKS22:BRANCHE07=F:BELØB=3:SÆSON=SÆSON,2011-04-01,9283.0
DST:FIKS22:BRANCHE07=F:BELØB=3:SÆSON=SÆSON,2011-05-01,10231.0
DST:FIKS22:BRANCHE07=F:BELØB=3:SÆSON=SÆSON,2011-06-01,9919.0
DST:FIKS22:BRANCHE07=F:BELØB=3:SÆSON=SÆSON,2011-07-01,10129.0
DST:FIKS22:BRANCHE07=F:BELØB=3:SÆSON=SÆSON,2011-08-01,10242.0
DST:FIKS22:BRANCHE07=F:BELØB=3:SÆSON=SÆSON,2011-09-01,10714.0
DST:FIKS22:BRANCHE07=F:BELØB=3:SÆSON=SÆSON,2011-10-01,10448.0
DST:FIKS22:BRANCHE07=F:BELØB=3:SÆSON=SÆSON,2011-11-01,10979.0
DST:FIKS22:BRANCHE07=F:BELØB=3:SÆSON=SÆSON,2011-12-01,11214.0
DST:FIKS22:BRANCHE07=F:BELØB=3:SÆSON=SÆSON,2012-01-01,11357.0
DST:FIKS22:BRANCHE07=F:BELØB=3:SÆSON=SÆSON,2012-02-01,10326.0
DST:FIKS22:BRANCHE07=F:BELØB=3:SÆSON=SÆSON,2012-03-01,10793.0
DST:FIKS22:BRANCHE07=F:BELØB=3:SÆSON=SÆSON,2012-04-01,10860.0
DST:FIKS22:BRANCHE07=F:BELØB=3:SÆSON=SÆSON,2012-05-01,10669.0
DST:FIKS22:BRANCHE07=F:BELØB=3:SÆSON=SÆSON,2012-06-01,10982.0
DST:FIKS22:BRANCHE07=F:BELØB=3:SÆSON=SÆSON,2012-07-01,10764.0
DST:FIKS22:BRANCHE07=F:BELØB=3:SÆSON=SÆSON,2012-08-01,11079.0
DST:FIKS22:BRANCHE07=F:BELØB=3:SÆSON=SÆSON,2012-09-01,11000.0
DST:FIKS22:BRANCHE07=F:BELØB=3:SÆSON=SÆSON,2012-10-01,11195.0
DST:FIKS22:BRANCHE07=F:BELØB=3:SÆSON=SÆSON,2012-11-01,11035.0
DST:FIKS22:BRANCHE07=F:BELØB=3:SÆSON=SÆSON,2012-12-01,10709.0
DST:FIKS22:BRANCHE07=F:BELØB=3:SÆSON=SÆSON,2013-01-01,10841.0
DST:FIKS22:BRANCHE07=F:BELØB=3:SÆSON=SÆSON,2013-02-01,10456.0
DST:FIKS22:BRANCHE07=F:BELØB=3:SÆSON=SÆSON,2013-03-01,10221.0
DST:FIKS22:BRANCHE07=F:BELØB=3:SÆSON=SÆSON,2013-04-01,10422.0
DST:FIKS22:BRANCHE07=F:BELØB=3:SÆSON=SÆSON,2013-05-01,10733.0
DST:FIKS22:BRANCHE07=F:BELØB=3:SÆSON=SÆSON,2013-06-01,10753.0
DST:FIKS22:BRANCHE07=F:BELØB=3:SÆSON=SÆSON,2013-07-01,10988.0
DST:FIKS22:BRANCHE07=F:BELØB=3:SÆSON=SÆSON,2013-08-01,11584.0
DST:FIKS22:BRANCHE07=F:BELØB=3:SÆSON=SÆSON,2013-09-01,10863.0
DST:FIKS22:BRANCHE07=F:BELØB=3:SÆSON=SÆSON,2013-10-01,10913.0
DST:FIKS22:BRANCHE07=F:BELØB=3:SÆSON=SÆSON,2013-11-01,10620.0
DST:FIKS22:BRANCHE07=F:BELØB=3:SÆSON=SÆSON,2013-12-01,11546.0
DST:FIKS22:BRANCHE07=F:BELØB=3:SÆSON=SÆSON,2014-01-01,10852.0
DST:FIKS22:BRANCHE07=F:BELØB=3:SÆSON=SÆSON,2014-02-01,11323.0
DST:FIKS22:BRANCHE07=F:BELØB=3:SÆSON=SÆSON,2014-03-01,11350.0
DST:FIKS22:BRANCHE07=F:BELØB=3:SÆSON=SÆSON,2014-04-01,11384.0
DST:FIKS22:BRANCHE07=F:BELØB=3:SÆSON=SÆSON,2014-05-01,11455.0
DST:FIKS22:BRANCHE07=F:BELØB=3:SÆSON=SÆSON,2014-06-01,11700.0
DST:FIKS22:BRANCHE07=F:BELØB=3:SÆSON=SÆSON,2014-07-01,12040.0
DST:FIKS22:BRANCHE07=F:BELØB=3:SÆSON=SÆSON,2014-08-01,12230.0
DST:FIKS22:BRANCHE07=F:BELØB=3:SÆSON=SÆSON,2014-09-01,11359.0
DST:FIKS22:BRANCHE07=F:BELØB=3:SÆSON=SÆSON,2014-10-01,11982.0
DST:FIKS22:BRANCHE07=F:BELØB=3:SÆSON=SÆSON,2014-11-01,12123.0
DST:FIKS22:BRANCHE07=F:BELØB=3:SÆSON=SÆSON,2014-12-01,12498.0
DST:FIKS22:BRANCHE07=F:BELØB=3:SÆSON=SÆSON,2015-01-01,11763.0
DST:FIKS22:BRANCHE07=F:BELØB=3:SÆSON=SÆSON,2015-02-01,12781.0
DST:FIKS22:BRANCHE07=F:BELØB=3:SÆSON=SÆSON,2015-03-01,12703.0
DST:FIKS22:BRANCHE07=F:BELØB=3:SÆSON=SÆSON,2015-04-01,12911.0
DST:FIKS22:BRANCHE07=F:BELØB=3:SÆSON=SÆSON,2015-05-01,12573.0
DST:FIKS22:BRANCHE07=F:BELØB=3:SÆSON=SÆSON,2015-06-01,12804.0
DST:FIKS22:BRANCHE07=F:BELØB=3:SÆSON=SÆSON,2015-07-01,12664.0
DST:FIKS22:BRANCHE07=F:BELØB=3:SÆSON=SÆSON,2015-08-01,12708.0
DST:FIKS22:BRANCHE07=F:BELØB=3:SÆSON=SÆSON,2015-09-01,12773.0
DST:FIKS22:BRANCHE07=F:BELØB=3:SÆSON=SÆSON,2015-10-01,13447.0
DST:FIKS22:BRANCHE07=F:BELØB=3:SÆSON=SÆSON,2015-11-01,13534.0
DST:FIKS22:BRANCHE07=F:BELØB=3:SÆSON=SÆSON,2015-12-01,12993.0
DST:FIKS22:BRANCHE07=F:BELØB=3:SÆSON=SÆSON,2016-01-01,12919.0
DST:FIKS22:BRANCHE07=F:BELØB=3:SÆSON=SÆSON,2016-02-01,12948.0
DST:FIKS22:BRANCHE07=F:BELØB=3:SÆSON=SÆSON,2016-03-01,13562.0
DST:FIKS22:BRANCHE07=F:BELØB=3:SÆSON=SÆSON,2016-04-01,13331.0
DST:FIKS22:BRANCHE07=F:BELØB=3:SÆSON=SÆSON,2016-05-01,14002.0
DST:FIKS22:BRANCHE07=F:BELØB=3:SÆSON=SÆSON,2016-06-01,13670.0
DST:FIKS22:BRANCHE07=F:BELØB=3:SÆSON=SÆSON,2016-07-01,13465.0
DST:FIKS22:BRANCHE07=F:BELØB=3:SÆSON=SÆSON,2016-08-01,13696.0
DST:FIKS22:BRANCHE07=F:BELØB=3:SÆSON=SÆSON,2016-09-01,14296.0
DST:FIKS22:BRANCHE07=F:BELØB=3:SÆSON=SÆSON,2016-10-01,13795.0
DST:FIKS22:BRANCHE07=F:BELØB=3:SÆSON=SÆSON,2016-11-01,14322.0
DST:FIKS22:BRANCHE07=F:BELØB=3:SÆSON=SÆSON,2016-12-01,14576.0
DST:FIKS22:BRANCHE07=F:BELØB=3:SÆSON=SÆSON,2017-01-01,14474.0
DST:FIKS22:BRANCHE07=F:BELØB=3:SÆSON=SÆSON,2017-02-01,14404.0
DST:FIKS22:BRANCHE07=F:BELØB=3:SÆSON=SÆSON,2017-03-01,14658.0
DST:FIKS22:BRANCHE07=F:BELØB=3:SÆSON=SÆSON,2017-04-01,14936.0
DST:FIKS22:BRANCHE07=F:BELØB=3:SÆSON=SÆSON,2017-05-01,14803.0
DST:FIKS22:BRANCHE07=F:BELØB=3:SÆSON=SÆSON,2017-06-01,14714.0
DST:FIKS22:BRANCHE07=F:BELØB=3:SÆSON=SÆSON,2017-07-01,14991.0
DST:FIKS22:BRANCHE07=F:BELØB=3:SÆSON=SÆSON,2017-08-01,14998.0
DST:FIKS22:BRANCHE07=F:BELØB=3:SÆSON=SÆSON,2017-09-01,15126.0
DST:FIKS22:BRANCHE07=F:BELØB=3:SÆSON=SÆSON,2017-10-01,15537.0
DST:FIKS22:BRANCHE07=F:BELØB=3:SÆSON=SÆSON,2017-11-01,15632.0
DST:FIKS22:BRANCHE07=F:BELØB=3:SÆSON=SÆSON,2017-12-01,16075.0
DST:FIKS22:BRANCHE07=F:BELØB=3:SÆSON=SÆSON,2018-01-01,16047.0
DST:FIKS22:BRANCHE07=F:BELØB=3:SÆSON=SÆSON,2018-02-01,15922.0
DST:FIKS22:BRANCHE07=F:BELØB=3:SÆSON=SÆSON,2018-03-01,15480.0
DST:FIKS22:BRANCHE07=F:BELØB=3:SÆSON=SÆSON,2018-04-01,15610.0
DST:FIKS22:BRANCHE07=F:BELØB=3:SÆSON=SÆSON,2018-05-01,16007.0
DST:FIKS22:BRANCHE07=F:BELØB=3:SÆSON=SÆSON,2018-06-01,16307.0
DST:FIKS22:BRANCHE07=F:BELØB=3:SÆSON=SÆSON,2018-07-01,16625.0
DST:FIKS22:BRANCHE07=F:BELØB=3:SÆSON=SÆSON,2018-08-01,16398.0
DST:FIKS22:BRANCHE07=F:BELØB=3:SÆSON=SÆSON,2018-09-01,16181.0
DST:FIKS22:BRANCHE07=F:BELØB=3:SÆSON=SÆSON,2018-10-01,16681.0
DST:FIKS22:BRANCHE07=F:BELØB=3:SÆSON=SÆSON,2018-11-01,16265.0
DST:FIKS22:BRANCHE07=F:BELØB=3:SÆSON=SÆSON,2018-12-01,16446.0
DST:FIKS22:BRANCHE07=F:BELØB=3:SÆSON=SÆSON,2019-01-01,17014.0
DST:FIKS22:BRANCHE07=F:BELØB=3:SÆSON=SÆSON,2019-02-01,17065.0
DST:FIKS22:BRANCHE07=F:BELØB=3:SÆSON=SÆSON,2019-03-01,16585.0
DST:FIKS22:BRANCHE07=F:BELØB=3:SÆSON=SÆSON,2019-04-01,16460.0
DST:FIKS22:BRANCHE07=F:BELØB=3:SÆSON=SÆSON,2019-05-01,16554.0
DST:FIKS22:BRANCHE07=F:BELØB=3:SÆSON=SÆSON,2019-06-01,16516.0
DST:FIKS22:BRANCHE07=F:BELØB=3:SÆSON=SÆSON,2019-07-01,16637.0
DST:FIKS22:BRANCHE07=F:BELØB=3:SÆSON=SÆSON,2019-08-01,16623.0
DST:FIKS22:BRANCHE07=F:BELØB=3:SÆSON=SÆSON,2019-09-01,16643.0
DST:FIKS22:BRANCHE07=F:BELØB=3:SÆSON=SÆSON,2019-10-01,16617.0
DST:FIKS22:BRANCHE07=F:BELØB=3:SÆSON=SÆSON,2019-11-01,16526.0
DST:FIKS22:BRANCHE07=F:BELØB=3:SÆSON=SÆSON,2019-12-01,16410.0
DST:FIKS22:BRANCHE07=F:BELØB=3:SÆSON=SÆSON,2020-01-01,16619.0
DST:FIKS22:BRANCHE07=F:BELØB=3:SÆSON=SÆSON,2020-02-01,16961.0
DST:FIKS22:BRANCHE07=F:BELØB=3:SÆSON=SÆSON,2020-03-01,17590.0
DST:FIKS22:BRANCHE07=F:BELØB=3:SÆSON=SÆSON,2020-04-01,17552.0
DST:FIKS22:BRANCHE07=F:BELØB=3:SÆSON=SÆSON,2020-05-01,15785.0
DST:FIKS22:BRANCHE07=F:BELØB=3:SÆSON=SÆSON,2020-06-01,16865.0
DST:FIKS22:BRANCHE07=F:BELØB=3:SÆSON=SÆSON,2020-07-01,17309.0
DST:FIKS22:BRANCHE07=F:BELØB=3:SÆSON=SÆSON,2020-08-01,17784.0
DST:FIKS22:BRANCHE07=F:BELØB=3:SÆSON=SÆSON,2020-09-01,17804.0
DST:FIKS22:BRANCHE07=F:BELØB=3:SÆSON=SÆSON,2020-10-01,17275.0
DST:FIKS22:BRANCHE07=F:BELØB=3:SÆSON=SÆSON,2020-11-01,17921.0
DST:FIKS22:BRANCHE07=F:BELØB=3:SÆSON=SÆSON,2020-12-01,16629.0
DST:FIKS22:BRANCHE07=F:BELØB=3:SÆSON=SÆSON,2021-01-01,19124.0
DST:FIKS22:BRANCHE07=F:BELØB=3:SÆSON=SÆSON,2021-02-01,17884.0
DST:FIKS22:BRANCHE07=F:BELØB=3:SÆSON=SÆSON,2021-03-01,18750.0
DST:FIKS22:BRANCHE07=F:BELØB=3:SÆSON=SÆSON,2021-04-01,19290.0
DST:FIKS22:BRANCHE07=F:BELØB=3:SÆSON=SÆSON,2021-05-01,18488.0
DST:FIKS22:BRANCHE07=F:BELØB=3:SÆSON=SÆSON,2021-06-01,19386.0
DST:FIKS22:BRANCHE07=F:BELØB=3:SÆSON=SÆSON,2021-07-01,18589.0
DST:FIKS22:BRANCHE07=F:BELØB=3:SÆSON=SÆSON,2021-08-01,18709.0
DST:FIKS22:BRANCHE07=F:BELØB=3:SÆSON=SÆSON,2021-09-01,20000.0
DST:FIKS22:BRANCHE07=F:BELØB=3:SÆSON=SÆSON,2021-10-01,20091.0
DST:FIKS22:BRANCHE07=F:BELØB=3:SÆSON=SÆSON,2021-11-01,20679.0
DST:FIKS22:BRANCHE07=F:BELØB=3:SÆSON=SÆSON,2021-12-01,19353.0
DST:FIKS22:BRANCHE07=F:BELØB=3:SÆSON=SÆSON,2022-01-01,21722.0
DST:FIKS22:BRANCHE07=F:BELØB=3:SÆSON=SÆSON,2022-02-01,21890.0
DST:FIKS22:BRANCHE07=F:BELØB=3:SÆSON=SÆSON,2022-03-01,22349.0
DST:FIKS22:BRANCHE07=F:BELØB=3:SÆSON=SÆSON,2022-04-01,22186.0
DST:FIKS22:BRANCHE07=F:BELØB=3:SÆSON=SÆSON,2022-05-01,22867.0
DST:FIKS22:BRANCHE07=F:BELØB=3:SÆSON=SÆSON,2022-06-01,22199.0
DST:FIKS22:BRANCHE07=F:BELØB=3:SÆSON=SÆSON,2022-07-01,22760.0
DST:FIKS22:BRANCHE07=F:BELØB=3:SÆSON=SÆSON,2022-08-01,22464.0
DST:FIKS22:BRANCHE07=F:BELØB=3:SÆSON=SÆSON,2022-09-01,22469.0
DST:FIKS22:BRANCHE07=F:BELØB=3:SÆSON=SÆSON,2022-10-01,22827.0
DST:FIKS22:BRANCHE07=F:BELØB=3:SÆSON=SÆSON,2022-11-01,22721.0
DST:FIKS22:BRANCHE07=F:BELØB=3:SÆSON=SÆSON,2022-12-01,22834.0
DST:FIKS22:BRANCHE07=F:BELØB=3:SÆSON=SÆSON,2023-01-01,22099.0
DST:FIKS22:BRANCHE07=F:BELØB=3:SÆSON=SÆSON,2023-02-01,23375.0
DST:FIKS22:BRANCHE07=F:BELØB=3:SÆSON=SÆSON,2023-03-01,21849.0
DST:FIKS22:BRANCHE07=F:BELØB=3:SÆSON=SÆSON,2023-04-01,21785.0
DST:FIKS22:BRANCHE07=F:BELØB=3:SÆSON=SÆSON,2023-05-01,22062.0
DST:FIKS22:BRANCHE07=F:BELØB=3:SÆSON=SÆSON,2023-06-01,21925.0
DST:FIKS22:BRANCHE07=F:BELØB=3:SÆSON=SÆSON,2023-07-01,21451.0
DST:FIKS22:BRANCHE07=F:BELØB=3:SÆSON=SÆSON,2023-08-01,21534.0
DST:FIKS22:BRANCHE07=F:BELØB=3:SÆSON=SÆSON,2023-09-01,21587.0
DST:FIKS22:BRANCHE07=F:BELØB=3:SÆSON=SÆSON,2023-10-01,21748.0
DST:FIKS22:BRANCHE07=F:BELØB=3:SÆSON=SÆSON,2023-11-01,21456.0
DST:FIKS22:BRANCHE07=F:BELØB=3:SÆSON=SÆSON,2023-12-01,21818.0
DST:FIKS22:BRANCHE07=F:BELØB=3:SÆSON=SÆSON,2024-01-01,21599.0
DST:FIKS22:BRANCHE07=F:BELØB=3:SÆSON=SÆSON,2024-02-01,21494.0
DST:FIKS22:BRANCHE07=F:BELØB=3:SÆSON=SÆSON,2024-03-01,21461.0
DST:FIKS22:BRANCHE07=F:BELØB=3:SÆSON=SÆSON,2024-04-01,21673.0
DST:FIKS22:BRANCHE07=F:BELØB=3:SÆSON=SÆSON,2024-05-01,21629.0
DST:FIKS22:BRANCHE07=F:BELØB=3:SÆSON=SÆSON,2024-06-01,21885.0
DST:FIKS22:BRANCHE07=F:BELØB=3:SÆSON=SÆSON,2024-07-01,22520.0
DST:FIKS22:BRANCHE07=F:BELØB=3:SÆSON=SÆSON,2024-08-01,22004.0
DST:FIKS22:BRANCHE07=F:BELØB=3:SÆSON=SÆSON,2024-09-01,22166.0
DST:FIKS22:BRANCHE07=F:BELØB=3:SÆSON=SÆSON,2024-10-01,21806.0
DST:FIKS22:BRANCHE07=F:BELØB=3:SÆSON=SÆSON,2024-11-01,21357.0
DST:FIKS22:BRANCHE07=F:BELØB=3:SÆSON=SÆSON,2024-12-01,22059.0
DST:FIKS22:BRANCHE07=F:BELØB=3:SÆSON=SÆSON,2025-01-01,21408.0
DST:FIKS22:BRANCHE07=F:BELØB=3:SÆSON=SÆSON,2025-02-01,23365.0
DST:FIKS22:BRANCHE07=F:BELØB=3:SÆSON=SÆSON,2025-03-01,22921.0
DST:FIKS22:BRANCHE07=F:BELØB=3:SÆSON=SÆSON,2025-04-01,22739.0
DST:FIKS22:BRANCHE07=F:BELØB=3:SÆSON=SÆSON,2025-05-01,22443.0
DST:FIKS22:BRANCHE07=F:BELØB=3:SÆSON=SÆSON,2025-06-01,22175.0
DST:FIKS22:BRANCHE07=F:BELØB=3:SÆSON=SÆSON,2025-07-01,21660.0
DST:FIKS22:BRANCHE07=F:BELØB=3:SÆSON=SÆSON,2025-08-01,22909.0
DST:FIKS22:BRANCHE07=F:BELØB=3:SÆSON=SÆSON,2025-09-01,21705.0
DST:FIKS22:BRANCHE07=F:BELØB=3:SÆSON=SÆSON,2025-10-01,22082.0
DST:FIKS22:BRANCHE07=F:BELØB=3:SÆSON=SÆSON,2025-11-01,22363.0
DST:FIKS22:BRANCHE07=F:BELØB=3:SÆSON=SÆSON,2025-12-01,21361.0
DST:FIKS22:BRANCHE07=F:BELØB=3:SÆSON=SÆSON,2026-01-01,21433.0
DST:FIKS22:BRANCHE07=F:BELØB=3:SÆSON=SÆSON,2026-02-01,21027.0
DST:FIKS22:BRANCHE07=F:BELØB=3:SÆSON=SÆSON,2026-03-01,20938.0
DST:FIKS22:BRANCHE07=F:BELØB=4:SÆSON=EJSÆSON,2009-01-01,12825.0
DST:FIKS22:BRANCHE07=F:BELØB=4:SÆSON=EJSÆSON,2009-02-01,13301.0
DST:FIKS22:BRANCHE07=F:BELØB=4:SÆSON=EJSÆSON,2009-03-01,14912.0
DST:FIKS22:BRANCHE07=F:BELØB=4:SÆSON=EJSÆSON,2009-04-01,13940.0
DST:FIKS22:BRANCHE07=F:BELØB=4:SÆSON=EJSÆSON,2009-05-01,13349.0
DST:FIKS22:BRANCHE07=F:BELØB=4:SÆSON=EJSÆSON,2009-06-01,16303.0
DST:FIKS22:BRANCHE07=F:BELØB=4:SÆSON=EJSÆSON,2009-07-01,12334.0
DST:FIKS22:BRANCHE07=F:BELØB=4:SÆSON=EJSÆSON,2009-08-01,14225.0
DST:FIKS22:BRANCHE07=F:BELØB=4:SÆSON=EJSÆSON,2009-09-01,16431.0
DST:FIKS22:BRANCHE07=F:BELØB=4:SÆSON=EJSÆSON,2009-10-01,15510.0
DST:FIKS22:BRANCHE07=F:BELØB=4:SÆSON=EJSÆSON,2009-11-01,15190.0
DST:FIKS22:BRANCHE07=F:BELØB=4:SÆSON=EJSÆSON,2009-12-01,16373.0
DST:FIKS22:BRANCHE07=F:BELØB=4:SÆSON=EJSÆSON,2010-01-01,9345.0
DST:FIKS22:BRANCHE07=F:BELØB=4:SÆSON=EJSÆSON,2010-02-01,9537.0
DST:FIKS22:BRANCHE07=F:BELØB=4:SÆSON=EJSÆSON,2010-03-01,11505.0
DST:FIKS22:BRANCHE07=F:BELØB=4:SÆSON=EJSÆSON,2010-04-01,11479.0
DST:FIKS22:BRANCHE07=F:BELØB=4:SÆSON=EJSÆSON,2010-05-01,12639.0
DST:FIKS22:BRANCHE07=F:BELØB=4:SÆSON=EJSÆSON,2010-06-01,15749.0
DST:FIKS22:BRANCHE07=F:BELØB=4:SÆSON=EJSÆSON,2010-07-01,12009.0
DST:FIKS22:BRANCHE07=F:BELØB=4:SÆSON=EJSÆSON,2010-08-01,13616.0
DST:FIKS22:BRANCHE07=F:BELØB=4:SÆSON=EJSÆSON,2010-09-01,16185.0
DST:FIKS22:BRANCHE07=F:BELØB=4:SÆSON=EJSÆSON,2010-10-01,14927.0
DST:FIKS22:BRANCHE07=F:BELØB=4:SÆSON=EJSÆSON,2010-11-01,16222.0
DST:FIKS22:BRANCHE07=F:BELØB=4:SÆSON=EJSÆSON,2010-12-01,17550.0
DST:FIKS22:BRANCHE07=F:BELØB=4:SÆSON=EJSÆSON,2011-01-01,10776.0
DST:FIKS22:BRANCHE07=F:BELØB=4:SÆSON=EJSÆSON,2011-02-01,11094.0
DST:FIKS22:BRANCHE07=F:BELØB=4:SÆSON=EJSÆSON,2011-03-01,15168.0
DST:FIKS22:BRANCHE07=F:BELØB=4:SÆSON=EJSÆSON,2011-04-01,12543.0
DST:FIKS22:BRANCHE07=F:BELØB=4:SÆSON=EJSÆSON,2011-05-01,15346.0
DST:FIKS22:BRANCHE07=F:BELØB=4:SÆSON=EJSÆSON,2011-06-01,16757.0
DST:FIKS22:BRANCHE07=F:BELØB=4:SÆSON=EJSÆSON,2011-07-01,13029.0
DST:FIKS22:BRANCHE07=F:BELØB=4:SÆSON=EJSÆSON,2011-08-01,15984.0
DST:FIKS22:BRANCHE07=F:BELØB=4:SÆSON=EJSÆSON,2011-09-01,18509.0
DST:FIKS22:BRANCHE07=F:BELØB=4:SÆSON=EJSÆSON,2011-10-01,17154.0
DST:FIKS22:BRANCHE07=F:BELØB=4:SÆSON=EJSÆSON,2011-11-01,19545.0
DST:FIKS22:BRANCHE07=F:BELØB=4:SÆSON=EJSÆSON,2011-12-01,21617.0
DST:FIKS22:BRANCHE07=F:BELØB=4:SÆSON=EJSÆSON,2012-01-01,13360.0
DST:FIKS22:BRANCHE07=F:BELØB=4:SÆSON=EJSÆSON,2012-02-01,13802.0
DST:FIKS22:BRANCHE07=F:BELØB=4:SÆSON=EJSÆSON,2012-03-01,15429.0
DST:FIKS22:BRANCHE07=F:BELØB=4:SÆSON=EJSÆSON,2012-04-01,14497.0
DST:FIKS22:BRANCHE07=F:BELØB=4:SÆSON=EJSÆSON,2012-05-01,15895.0
DST:FIKS22:BRANCHE07=F:BELØB=4:SÆSON=EJSÆSON,2012-06-01,18134.0
DST:FIKS22:BRANCHE07=F:BELØB=4:SÆSON=EJSÆSON,2012-07-01,14164.0
DST:FIKS22:BRANCHE07=F:BELØB=4:SÆSON=EJSÆSON,2012-08-01,17265.0
DST:FIKS22:BRANCHE07=F:BELØB=4:SÆSON=EJSÆSON,2012-09-01,18445.0
DST:FIKS22:BRANCHE07=F:BELØB=4:SÆSON=EJSÆSON,2012-10-01,19044.0
DST:FIKS22:BRANCHE07=F:BELØB=4:SÆSON=EJSÆSON,2012-11-01,19899.0
DST:FIKS22:BRANCHE07=F:BELØB=4:SÆSON=EJSÆSON,2012-12-01,20428.0
DST:FIKS22:BRANCHE07=F:BELØB=4:SÆSON=EJSÆSON,2013-01-01,11679.0
DST:FIKS22:BRANCHE07=F:BELØB=4:SÆSON=EJSÆSON,2013-02-01,12858.0
DST:FIKS22:BRANCHE07=F:BELØB=4:SÆSON=EJSÆSON,2013-03-01,13008.0
DST:FIKS22:BRANCHE07=F:BELØB=4:SÆSON=EJSÆSON,2013-04-01,14781.0
DST:FIKS22:BRANCHE07=F:BELØB=4:SÆSON=EJSÆSON,2013-05-01,16198.0
DST:FIKS22:BRANCHE07=F:BELØB=4:SÆSON=EJSÆSON,2013-06-01,17610.0
DST:FIKS22:BRANCHE07=F:BELØB=4:SÆSON=EJSÆSON,2013-07-01,14866.0
DST:FIKS22:BRANCHE07=F:BELØB=4:SÆSON=EJSÆSON,2013-08-01,17302.0
DST:FIKS22:BRANCHE07=F:BELØB=4:SÆSON=EJSÆSON,2013-09-01,18291.0
DST:FIKS22:BRANCHE07=F:BELØB=4:SÆSON=EJSÆSON,2013-10-01,18388.0
DST:FIKS22:BRANCHE07=F:BELØB=4:SÆSON=EJSÆSON,2013-11-01,18951.0
DST:FIKS22:BRANCHE07=F:BELØB=4:SÆSON=EJSÆSON,2013-12-01,20965.0
DST:FIKS22:BRANCHE07=F:BELØB=4:SÆSON=EJSÆSON,2014-01-01,13053.0
DST:FIKS22:BRANCHE07=F:BELØB=4:SÆSON=EJSÆSON,2014-02-01,14184.0
DST:FIKS22:BRANCHE07=F:BELØB=4:SÆSON=EJSÆSON,2014-03-01,15173.0
DST:FIKS22:BRANCHE07=F:BELØB=4:SÆSON=EJSÆSON,2014-04-01,15477.0
DST:FIKS22:BRANCHE07=F:BELØB=4:SÆSON=EJSÆSON,2014-05-01,16803.0
DST:FIKS22:BRANCHE07=F:BELØB=4:SÆSON=EJSÆSON,2014-06-01,18757.0
DST:FIKS22:BRANCHE07=F:BELØB=4:SÆSON=EJSÆSON,2014-07-01,15057.0
DST:FIKS22:BRANCHE07=F:BELØB=4:SÆSON=EJSÆSON,2014-08-01,17691.0
DST:FIKS22:BRANCHE07=F:BELØB=4:SÆSON=EJSÆSON,2014-09-01,20543.0
DST:FIKS22:BRANCHE07=F:BELØB=4:SÆSON=EJSÆSON,2014-10-01,21309.0
DST:FIKS22:BRANCHE07=F:BELØB=4:SÆSON=EJSÆSON,2014-11-01,20333.0
DST:FIKS22:BRANCHE07=F:BELØB=4:SÆSON=EJSÆSON,2014-12-01,23506.0
DST:FIKS22:BRANCHE07=F:BELØB=4:SÆSON=EJSÆSON,2015-01-01,13381.0
DST:FIKS22:BRANCHE07=F:BELØB=4:SÆSON=EJSÆSON,2015-02-01,15196.0
DST:FIKS22:BRANCHE07=F:BELØB=4:SÆSON=EJSÆSON,2015-03-01,17076.0
DST:FIKS22:BRANCHE07=F:BELØB=4:SÆSON=EJSÆSON,2015-04-01,17333.0
DST:FIKS22:BRANCHE07=F:BELØB=4:SÆSON=EJSÆSON,2015-05-01,17556.0
DST:FIKS22:BRANCHE07=F:BELØB=4:SÆSON=EJSÆSON,2015-06-01,20801.0
DST:FIKS22:BRANCHE07=F:BELØB=4:SÆSON=EJSÆSON,2015-07-01,16229.0
DST:FIKS22:BRANCHE07=F:BELØB=4:SÆSON=EJSÆSON,2015-08-01,18956.0
DST:FIKS22:BRANCHE07=F:BELØB=4:SÆSON=EJSÆSON,2015-09-01,21669.0
DST:FIKS22:BRANCHE07=F:BELØB=4:SÆSON=EJSÆSON,2015-10-01,21271.0
DST:FIKS22:BRANCHE07=F:BELØB=4:SÆSON=EJSÆSON,2015-11-01,21462.0
DST:FIKS22:BRANCHE07=F:BELØB=4:SÆSON=EJSÆSON,2015-12-01,25033.0
DST:FIKS22:BRANCHE07=F:BELØB=4:SÆSON=EJSÆSON,2016-01-01,14440.0
DST:FIKS22:BRANCHE07=F:BELØB=4:SÆSON=EJSÆSON,2016-02-01,16400.0
DST:FIKS22:BRANCHE07=F:BELØB=4:SÆSON=EJSÆSON,2016-03-01,17308.0
DST:FIKS22:BRANCHE07=F:BELØB=4:SÆSON=EJSÆSON,2016-04-01,19280.0
DST:FIKS22:BRANCHE07=F:BELØB=4:SÆSON=EJSÆSON,2016-05-01,20273.0
DST:FIKS22:BRANCHE07=F:BELØB=4:SÆSON=EJSÆSON,2016-06-01,22804.0
DST:FIKS22:BRANCHE07=F:BELØB=4:SÆSON=EJSÆSON,2016-07-01,16584.0
DST:FIKS22:BRANCHE07=F:BELØB=4:SÆSON=EJSÆSON,2016-08-01,20442.0
DST:FIKS22:BRANCHE07=F:BELØB=4:SÆSON=EJSÆSON,2016-09-01,23508.0
DST:FIKS22:BRANCHE07=F:BELØB=4:SÆSON=EJSÆSON,2016-10-01,22019.0
DST:FIKS22:BRANCHE07=F:BELØB=4:SÆSON=EJSÆSON,2016-11-01,24117.0
DST:FIKS22:BRANCHE07=F:BELØB=4:SÆSON=EJSÆSON,2016-12-01,28119.0
DST:FIKS22:BRANCHE07=F:BELØB=4:SÆSON=EJSÆSON,2017-01-01,16779.0
DST:FIKS22:BRANCHE07=F:BELØB=4:SÆSON=EJSÆSON,2017-02-01,17847.0
DST:FIKS22:BRANCHE07=F:BELØB=4:SÆSON=EJSÆSON,2017-03-01,20379.0
DST:FIKS22:BRANCHE07=F:BELØB=4:SÆSON=EJSÆSON,2017-04-01,18722.0
DST:FIKS22:BRANCHE07=F:BELØB=4:SÆSON=EJSÆSON,2017-05-01,22332.0
DST:FIKS22:BRANCHE07=F:BELØB=4:SÆSON=EJSÆSON,2017-06-01,24150.0
DST:FIKS22:BRANCHE07=F:BELØB=4:SÆSON=EJSÆSON,2017-07-01,18331.0
DST:FIKS22:BRANCHE07=F:BELØB=4:SÆSON=EJSÆSON,2017-08-01,22004.0
DST:FIKS22:BRANCHE07=F:BELØB=4:SÆSON=EJSÆSON,2017-09-01,24469.0
DST:FIKS22:BRANCHE07=F:BELØB=4:SÆSON=EJSÆSON,2017-10-01,24271.0
DST:FIKS22:BRANCHE07=F:BELØB=4:SÆSON=EJSÆSON,2017-11-01,25868.0
DST:FIKS22:BRANCHE07=F:BELØB=4:SÆSON=EJSÆSON,2017-12-01,27854.0
DST:FIKS22:BRANCHE07=F:BELØB=4:SÆSON=EJSÆSON,2018-01-01,18301.0
DST:FIKS22:BRANCHE07=F:BELØB=4:SÆSON=EJSÆSON,2018-02-01,19303.0
DST:FIKS22:BRANCHE07=F:BELØB=4:SÆSON=EJSÆSON,2018-03-01,20118.0
DST:FIKS22:BRANCHE07=F:BELØB=4:SÆSON=EJSÆSON,2018-04-01,21476.0
DST:FIKS22:BRANCHE07=F:BELØB=4:SÆSON=EJSÆSON,2018-05-01,22965.0
DST:FIKS22:BRANCHE07=F:BELØB=4:SÆSON=EJSÆSON,2018-06-01,27111.0
DST:FIKS22:BRANCHE07=F:BELØB=4:SÆSON=EJSÆSON,2018-07-01,20205.0
DST:FIKS22:BRANCHE07=F:BELØB=4:SÆSON=EJSÆSON,2018-08-01,24552.0
DST:FIKS22:BRANCHE07=F:BELØB=4:SÆSON=EJSÆSON,2018-09-01,25778.0
DST:FIKS22:BRANCHE07=F:BELØB=4:SÆSON=EJSÆSON,2018-10-01,25934.0
DST:FIKS22:BRANCHE07=F:BELØB=4:SÆSON=EJSÆSON,2018-11-01,27642.0
DST:FIKS22:BRANCHE07=F:BELØB=4:SÆSON=EJSÆSON,2018-12-01,28618.0
DST:FIKS22:BRANCHE07=F:BELØB=4:SÆSON=EJSÆSON,2019-01-01,19502.0
DST:FIKS22:BRANCHE07=F:BELØB=4:SÆSON=EJSÆSON,2019-02-01,21267.0
DST:FIKS22:BRANCHE07=F:BELØB=4:SÆSON=EJSÆSON,2019-03-01,23589.0
DST:FIKS22:BRANCHE07=F:BELØB=4:SÆSON=EJSÆSON,2019-04-01,23118.0
DST:FIKS22:BRANCHE07=F:BELØB=4:SÆSON=EJSÆSON,2019-05-01,25515.0
DST:FIKS22:BRANCHE07=F:BELØB=4:SÆSON=EJSÆSON,2019-06-01,26242.0
DST:FIKS22:BRANCHE07=F:BELØB=4:SÆSON=EJSÆSON,2019-07-01,20618.0
DST:FIKS22:BRANCHE07=F:BELØB=4:SÆSON=EJSÆSON,2019-08-01,25586.0
DST:FIKS22:BRANCHE07=F:BELØB=4:SÆSON=EJSÆSON,2019-09-01,26595.0
DST:FIKS22:BRANCHE07=F:BELØB=4:SÆSON=EJSÆSON,2019-10-01,26984.0
DST:FIKS22:BRANCHE07=F:BELØB=4:SÆSON=EJSÆSON,2019-11-01,27412.0
DST:FIKS22:BRANCHE07=F:BELØB=4:SÆSON=EJSÆSON,2019-12-01,29562.0
DST:FIKS22:BRANCHE07=F:BELØB=4:SÆSON=EJSÆSON,2020-01-01,20428.0
DST:FIKS22:BRANCHE07=F:BELØB=4:SÆSON=EJSÆSON,2020-02-01,21411.0
DST:FIKS22:BRANCHE07=F:BELØB=4:SÆSON=EJSÆSON,2020-03-01,25648.0
DST:FIKS22:BRANCHE07=F:BELØB=4:SÆSON=EJSÆSON,2020-04-01,24399.0
DST:FIKS22:BRANCHE07=F:BELØB=4:SÆSON=EJSÆSON,2020-05-01,24204.0
DST:FIKS22:BRANCHE07=F:BELØB=4:SÆSON=EJSÆSON,2020-06-01,26743.0
DST:FIKS22:BRANCHE07=F:BELØB=4:SÆSON=EJSÆSON,2020-07-01,21020.0
DST:FIKS22:BRANCHE07=F:BELØB=4:SÆSON=EJSÆSON,2020-08-01,24010.0
DST:FIKS22:BRANCHE07=F:BELØB=4:SÆSON=EJSÆSON,2020-09-01,29047.0
DST:FIKS22:BRANCHE07=F:BELØB=4:SÆSON=EJSÆSON,2020-10-01,27822.0
DST:FIKS22:BRANCHE07=F:BELØB=4:SÆSON=EJSÆSON,2020-11-01,29050.0
DST:FIKS22:BRANCHE07=F:BELØB=4:SÆSON=EJSÆSON,2020-12-01,32335.0
DST:FIKS22:BRANCHE07=F:BELØB=4:SÆSON=EJSÆSON,2021-01-01,21449.0
DST:FIKS22:BRANCHE07=F:BELØB=4:SÆSON=EJSÆSON,2021-02-01,22320.0
DST:FIKS22:BRANCHE07=F:BELØB=4:SÆSON=EJSÆSON,2021-03-01,28164.0
DST:FIKS22:BRANCHE07=F:BELØB=4:SÆSON=EJSÆSON,2021-04-01,26116.0
DST:FIKS22:BRANCHE07=F:BELØB=4:SÆSON=EJSÆSON,2021-05-01,25919.0
DST:FIKS22:BRANCHE07=F:BELØB=4:SÆSON=EJSÆSON,2021-06-01,31065.0
DST:FIKS22:BRANCHE07=F:BELØB=4:SÆSON=EJSÆSON,2021-07-01,21499.0
DST:FIKS22:BRANCHE07=F:BELØB=4:SÆSON=EJSÆSON,2021-08-01,26851.0
DST:FIKS22:BRANCHE07=F:BELØB=4:SÆSON=EJSÆSON,2021-09-01,31261.0
DST:FIKS22:BRANCHE07=F:BELØB=4:SÆSON=EJSÆSON,2021-10-01,28615.0
DST:FIKS22:BRANCHE07=F:BELØB=4:SÆSON=EJSÆSON,2021-11-01,33095.0
DST:FIKS22:BRANCHE07=F:BELØB=4:SÆSON=EJSÆSON,2021-12-01,35664.0
DST:FIKS22:BRANCHE07=F:BELØB=4:SÆSON=EJSÆSON,2022-01-01,23857.0
DST:FIKS22:BRANCHE07=F:BELØB=4:SÆSON=EJSÆSON,2022-02-01,25499.0
DST:FIKS22:BRANCHE07=F:BELØB=4:SÆSON=EJSÆSON,2022-03-01,30969.0
DST:FIKS22:BRANCHE07=F:BELØB=4:SÆSON=EJSÆSON,2022-04-01,28812.0
DST:FIKS22:BRANCHE07=F:BELØB=4:SÆSON=EJSÆSON,2022-05-01,31725.0
DST:FIKS22:BRANCHE07=F:BELØB=4:SÆSON=EJSÆSON,2022-06-01,35379.0
DST:FIKS22:BRANCHE07=F:BELØB=4:SÆSON=EJSÆSON,2022-07-01,24456.0
DST:FIKS22:BRANCHE07=F:BELØB=4:SÆSON=EJSÆSON,2022-08-01,31414.0
DST:FIKS22:BRANCHE07=F:BELØB=4:SÆSON=EJSÆSON,2022-09-01,35357.0
DST:FIKS22:BRANCHE07=F:BELØB=4:SÆSON=EJSÆSON,2022-10-01,33673.0
DST:FIKS22:BRANCHE07=F:BELØB=4:SÆSON=EJSÆSON,2022-11-01,37278.0
DST:FIKS22:BRANCHE07=F:BELØB=4:SÆSON=EJSÆSON,2022-12-01,40246.0
DST:FIKS22:BRANCHE07=F:BELØB=4:SÆSON=EJSÆSON,2023-01-01,25782.0
DST:FIKS22:BRANCHE07=F:BELØB=4:SÆSON=EJSÆSON,2023-02-01,28307.0
DST:FIKS22:BRANCHE07=F:BELØB=4:SÆSON=EJSÆSON,2023-03-01,32824.0
DST:FIKS22:BRANCHE07=F:BELØB=4:SÆSON=EJSÆSON,2023-04-01,29015.0
DST:FIKS22:BRANCHE07=F:BELØB=4:SÆSON=EJSÆSON,2023-05-01,31904.0
DST:FIKS22:BRANCHE07=F:BELØB=4:SÆSON=EJSÆSON,2023-06-01,36891.0
DST:FIKS22:BRANCHE07=F:BELØB=4:SÆSON=EJSÆSON,2023-07-01,24623.0
DST:FIKS22:BRANCHE07=F:BELØB=4:SÆSON=EJSÆSON,2023-08-01,30291.0
DST:FIKS22:BRANCHE07=F:BELØB=4:SÆSON=EJSÆSON,2023-09-01,33279.0
DST:FIKS22:BRANCHE07=F:BELØB=4:SÆSON=EJSÆSON,2023-10-01,34951.0
DST:FIKS22:BRANCHE07=F:BELØB=4:SÆSON=EJSÆSON,2023-11-01,35568.0
DST:FIKS22:BRANCHE07=F:BELØB=4:SÆSON=EJSÆSON,2023-12-01,36456.0
DST:FIKS22:BRANCHE07=F:BELØB=4:SÆSON=EJSÆSON,2024-01-01,24578.0
DST:FIKS22:BRANCHE07=F:BELØB=4:SÆSON=EJSÆSON,2024-02-01,28229.0
DST:FIKS22:BRANCHE07=F:BELØB=4:SÆSON=EJSÆSON,2024-03-01,29220.0
DST:FIKS22:BRANCHE07=F:BELØB=4:SÆSON=EJSÆSON,2024-04-01,32370.0
DST:FIKS22:BRANCHE07=F:BELØB=4:SÆSON=EJSÆSON,2024-05-01,32592.0
DST:FIKS22:BRANCHE07=F:BELØB=4:SÆSON=EJSÆSON,2024-06-01,35183.0
DST:FIKS22:BRANCHE07=F:BELØB=4:SÆSON=EJSÆSON,2024-07-01,26121.0
DST:FIKS22:BRANCHE07=F:BELØB=4:SÆSON=EJSÆSON,2024-08-01,32106.0
DST:FIKS22:BRANCHE07=F:BELØB=4:SÆSON=EJSÆSON,2024-09-01,35991.0
DST:FIKS22:BRANCHE07=F:BELØB=4:SÆSON=EJSÆSON,2024-10-01,34835.0
DST:FIKS22:BRANCHE07=F:BELØB=4:SÆSON=EJSÆSON,2024-11-01,35713.0
DST:FIKS22:BRANCHE07=F:BELØB=4:SÆSON=EJSÆSON,2024-12-01,38596.0
DST:FIKS22:BRANCHE07=F:BELØB=4:SÆSON=EJSÆSON,2025-01-01,26327.0
DST:FIKS22:BRANCHE07=F:BELØB=4:SÆSON=EJSÆSON,2025-02-01,28980.0
DST:FIKS22:BRANCHE07=F:BELØB=4:SÆSON=EJSÆSON,2025-03-01,33927.0
DST:FIKS22:BRANCHE07=F:BELØB=4:SÆSON=EJSÆSON,2025-04-01,31532.0
DST:FIKS22:BRANCHE07=F:BELØB=4:SÆSON=EJSÆSON,2025-05-01,32712.0
DST:FIKS22:BRANCHE07=F:BELØB=4:SÆSON=EJSÆSON,2025-06-01,35757.0
DST:FIKS22:BRANCHE07=F:BELØB=4:SÆSON=EJSÆSON,2025-07-01,27297.0
DST:FIKS22:BRANCHE07=F:BELØB=4:SÆSON=EJSÆSON,2025-08-01,32610.0
DST:FIKS22:BRANCHE07=F:BELØB=4:SÆSON=EJSÆSON,2025-09-01,35372.0
DST:FIKS22:BRANCHE07=F:BELØB=4:SÆSON=EJSÆSON,2025-10-01,35900.0
DST:FIKS22:BRANCHE07=F:BELØB=4:SÆSON=EJSÆSON,2025-11-01,36220.0
DST:FIKS22:BRANCHE07=F:BELØB=4:SÆSON=EJSÆSON,2025-12-01,39611.0
DST:FIKS22:BRANCHE07=F:BELØB=4:SÆSON=EJSÆSON,2026-01-01,25420.0
DST:FIKS22:BRANCHE07=F:BELØB=4:SÆSON=EJSÆSON,2026-02-01,26679.0
DST:FIKS22:BRANCHE07=F:BELØB=4:SÆSON=EJSÆSON,2026-03-01,31186.0
DST:FIKS22:BRANCHE07=F:BELØB=4:SÆSON=SÆSON,2009-01-01,16995.0
DST:FIKS22:BRANCHE07=F:BELØB=4:SÆSON=SÆSON,2009-02-01,17005.0
DST:FIKS22:BRANCHE07=F:BELØB=4:SÆSON=SÆSON,2009-03-01,16756.0
DST:FIKS22:BRANCHE07=F:BELØB=4:SÆSON=SÆSON,2009-04-01,16013.0
DST:FIKS22:BRANCHE07=F:BELØB=4:SÆSON=SÆSON,2009-05-01,13927.0
DST:FIKS22:BRANCHE07=F:BELØB=4:SÆSON=SÆSON,2009-06-01,14584.0
DST:FIKS22:BRANCHE07=F:BELØB=4:SÆSON=SÆSON,2009-07-01,13889.0
DST:FIKS22:BRANCHE07=F:BELØB=4:SÆSON=SÆSON,2009-08-01,14231.0
DST:FIKS22:BRANCHE07=F:BELØB=4:SÆSON=SÆSON,2009-09-01,14019.0
DST:FIKS22:BRANCHE07=F:BELØB=4:SÆSON=SÆSON,2009-10-01,13850.0
DST:FIKS22:BRANCHE07=F:BELØB=4:SÆSON=SÆSON,2009-11-01,13127.0
DST:FIKS22:BRANCHE07=F:BELØB=4:SÆSON=SÆSON,2009-12-01,12736.0
DST:FIKS22:BRANCHE07=F:BELØB=4:SÆSON=SÆSON,2010-01-01,12651.0
DST:FIKS22:BRANCHE07=F:BELØB=4:SÆSON=SÆSON,2010-02-01,12170.0
DST:FIKS22:BRANCHE07=F:BELØB=4:SÆSON=SÆSON,2010-03-01,12723.0
DST:FIKS22:BRANCHE07=F:BELØB=4:SÆSON=SÆSON,2010-04-01,13363.0
DST:FIKS22:BRANCHE07=F:BELØB=4:SÆSON=SÆSON,2010-05-01,13188.0
DST:FIKS22:BRANCHE07=F:BELØB=4:SÆSON=SÆSON,2010-06-01,13616.0
DST:FIKS22:BRANCHE07=F:BELØB=4:SÆSON=SÆSON,2010-07-01,13735.0
DST:FIKS22:BRANCHE07=F:BELØB=4:SÆSON=SÆSON,2010-08-01,13327.0
DST:FIKS22:BRANCHE07=F:BELØB=4:SÆSON=SÆSON,2010-09-01,13791.0
DST:FIKS22:BRANCHE07=F:BELØB=4:SÆSON=SÆSON,2010-10-01,13699.0
DST:FIKS22:BRANCHE07=F:BELØB=4:SÆSON=SÆSON,2010-11-01,13722.0
DST:FIKS22:BRANCHE07=F:BELØB=4:SÆSON=SÆSON,2010-12-01,13303.0
DST:FIKS22:BRANCHE07=F:BELØB=4:SÆSON=SÆSON,2011-01-01,14231.0
DST:FIKS22:BRANCHE07=F:BELØB=4:SÆSON=SÆSON,2011-02-01,14092.0
DST:FIKS22:BRANCHE07=F:BELØB=4:SÆSON=SÆSON,2011-03-01,16696.0
DST:FIKS22:BRANCHE07=F:BELØB=4:SÆSON=SÆSON,2011-04-01,14569.0
DST:FIKS22:BRANCHE07=F:BELØB=4:SÆSON=SÆSON,2011-05-01,15266.0
DST:FIKS22:BRANCHE07=F:BELØB=4:SÆSON=SÆSON,2011-06-01,15198.0
DST:FIKS22:BRANCHE07=F:BELØB=4:SÆSON=SÆSON,2011-07-01,15366.0
DST:FIKS22:BRANCHE07=F:BELØB=4:SÆSON=SÆSON,2011-08-01,15423.0
DST:FIKS22:BRANCHE07=F:BELØB=4:SÆSON=SÆSON,2011-09-01,15753.0
DST:FIKS22:BRANCHE07=F:BELØB=4:SÆSON=SÆSON,2011-10-01,15765.0
DST:FIKS22:BRANCHE07=F:BELØB=4:SÆSON=SÆSON,2011-11-01,16695.0
DST:FIKS22:BRANCHE07=F:BELØB=4:SÆSON=SÆSON,2011-12-01,16914.0
DST:FIKS22:BRANCHE07=F:BELØB=4:SÆSON=SÆSON,2012-01-01,17222.0
DST:FIKS22:BRANCHE07=F:BELØB=4:SÆSON=SÆSON,2012-02-01,16823.0
DST:FIKS22:BRANCHE07=F:BELØB=4:SÆSON=SÆSON,2012-03-01,17128.0
DST:FIKS22:BRANCHE07=F:BELØB=4:SÆSON=SÆSON,2012-04-01,16742.0
DST:FIKS22:BRANCHE07=F:BELØB=4:SÆSON=SÆSON,2012-05-01,16340.0
DST:FIKS22:BRANCHE07=F:BELØB=4:SÆSON=SÆSON,2012-06-01,16338.0
DST:FIKS22:BRANCHE07=F:BELØB=4:SÆSON=SÆSON,2012-07-01,16443.0
DST:FIKS22:BRANCHE07=F:BELØB=4:SÆSON=SÆSON,2012-08-01,16581.0
DST:FIKS22:BRANCHE07=F:BELØB=4:SÆSON=SÆSON,2012-09-01,16616.0
DST:FIKS22:BRANCHE07=F:BELØB=4:SÆSON=SÆSON,2012-10-01,16958.0
DST:FIKS22:BRANCHE07=F:BELØB=4:SÆSON=SÆSON,2012-11-01,16820.0
DST:FIKS22:BRANCHE07=F:BELØB=4:SÆSON=SÆSON,2012-12-01,16522.0
DST:FIKS22:BRANCHE07=F:BELØB=4:SÆSON=SÆSON,2013-01-01,15088.0
DST:FIKS22:BRANCHE07=F:BELØB=4:SÆSON=SÆSON,2013-02-01,16057.0
DST:FIKS22:BRANCHE07=F:BELØB=4:SÆSON=SÆSON,2013-03-01,15774.0
DST:FIKS22:BRANCHE07=F:BELØB=4:SÆSON=SÆSON,2013-04-01,15804.0
DST:FIKS22:BRANCHE07=F:BELØB=4:SÆSON=SÆSON,2013-05-01,16244.0
DST:FIKS22:BRANCHE07=F:BELØB=4:SÆSON=SÆSON,2013-06-01,16216.0
DST:FIKS22:BRANCHE07=F:BELØB=4:SÆSON=SÆSON,2013-07-01,17136.0
DST:FIKS22:BRANCHE07=F:BELØB=4:SÆSON=SÆSON,2013-08-01,16878.0
DST:FIKS22:BRANCHE07=F:BELØB=4:SÆSON=SÆSON,2013-09-01,16221.0
DST:FIKS22:BRANCHE07=F:BELØB=4:SÆSON=SÆSON,2013-10-01,16373.0
DST:FIKS22:BRANCHE07=F:BELØB=4:SÆSON=SÆSON,2013-11-01,16501.0
DST:FIKS22:BRANCHE07=F:BELØB=4:SÆSON=SÆSON,2013-12-01,16648.0
DST:FIKS22:BRANCHE07=F:BELØB=4:SÆSON=SÆSON,2014-01-01,16696.0
DST:FIKS22:BRANCHE07=F:BELØB=4:SÆSON=SÆSON,2014-02-01,17520.0
DST:FIKS22:BRANCHE07=F:BELØB=4:SÆSON=SÆSON,2014-03-01,16997.0
DST:FIKS22:BRANCHE07=F:BELØB=4:SÆSON=SÆSON,2014-04-01,17387.0
DST:FIKS22:BRANCHE07=F:BELØB=4:SÆSON=SÆSON,2014-05-01,16977.0
DST:FIKS22:BRANCHE07=F:BELØB=4:SÆSON=SÆSON,2014-06-01,17597.0
DST:FIKS22:BRANCHE07=F:BELØB=4:SÆSON=SÆSON,2014-07-01,17405.0
DST:FIKS22:BRANCHE07=F:BELØB=4:SÆSON=SÆSON,2014-08-01,17775.0
DST:FIKS22:BRANCHE07=F:BELØB=4:SÆSON=SÆSON,2014-09-01,17933.0
DST:FIKS22:BRANCHE07=F:BELØB=4:SÆSON=SÆSON,2014-10-01,19011.0
DST:FIKS22:BRANCHE07=F:BELØB=4:SÆSON=SÆSON,2014-11-01,18235.0
DST:FIKS22:BRANCHE07=F:BELØB=4:SÆSON=SÆSON,2014-12-01,18559.0
DST:FIKS22:BRANCHE07=F:BELØB=4:SÆSON=SÆSON,2015-01-01,17514.0
DST:FIKS22:BRANCHE07=F:BELØB=4:SÆSON=SÆSON,2015-02-01,18556.0
DST:FIKS22:BRANCHE07=F:BELØB=4:SÆSON=SÆSON,2015-03-01,18568.0
DST:FIKS22:BRANCHE07=F:BELØB=4:SÆSON=SÆSON,2015-04-01,19217.0
DST:FIKS22:BRANCHE07=F:BELØB=4:SÆSON=SÆSON,2015-05-01,18578.0
DST:FIKS22:BRANCHE07=F:BELØB=4:SÆSON=SÆSON,2015-06-01,18617.0
DST:FIKS22:BRANCHE07=F:BELØB=4:SÆSON=SÆSON,2015-07-01,18786.0
DST:FIKS22:BRANCHE07=F:BELØB=4:SÆSON=SÆSON,2015-08-01,19137.0
DST:FIKS22:BRANCHE07=F:BELØB=4:SÆSON=SÆSON,2015-09-01,19175.0
DST:FIKS22:BRANCHE07=F:BELØB=4:SÆSON=SÆSON,2015-10-01,19336.0
DST:FIKS22:BRANCHE07=F:BELØB=4:SÆSON=SÆSON,2015-11-01,18936.0
DST:FIKS22:BRANCHE07=F:BELØB=4:SÆSON=SÆSON,2015-12-01,19305.0
DST:FIKS22:BRANCHE07=F:BELØB=4:SÆSON=SÆSON,2016-01-01,19232.0
DST:FIKS22:BRANCHE07=F:BELØB=4:SÆSON=SÆSON,2016-02-01,18972.0
DST:FIKS22:BRANCHE07=F:BELØB=4:SÆSON=SÆSON,2016-03-01,20097.0
DST:FIKS22:BRANCHE07=F:BELØB=4:SÆSON=SÆSON,2016-04-01,20139.0
DST:FIKS22:BRANCHE07=F:BELØB=4:SÆSON=SÆSON,2016-05-01,20375.0
DST:FIKS22:BRANCHE07=F:BELØB=4:SÆSON=SÆSON,2016-06-01,20050.0
DST:FIKS22:BRANCHE07=F:BELØB=4:SÆSON=SÆSON,2016-07-01,20025.0
DST:FIKS22:BRANCHE07=F:BELØB=4:SÆSON=SÆSON,2016-08-01,20050.0
DST:FIKS22:BRANCHE07=F:BELØB=4:SÆSON=SÆSON,2016-09-01,20638.0
DST:FIKS22:BRANCHE07=F:BELØB=4:SÆSON=SÆSON,2016-10-01,20674.0
DST:FIKS22:BRANCHE07=F:BELØB=4:SÆSON=SÆSON,2016-11-01,21158.0
DST:FIKS22:BRANCHE07=F:BELØB=4:SÆSON=SÆSON,2016-12-01,22132.0
DST:FIKS22:BRANCHE07=F:BELØB=4:SÆSON=SÆSON,2017-01-01,21181.0
DST:FIKS22:BRANCHE07=F:BELØB=4:SÆSON=SÆSON,2017-02-01,21370.0
DST:FIKS22:BRANCHE07=F:BELØB=4:SÆSON=SÆSON,2017-03-01,21194.0
DST:FIKS22:BRANCHE07=F:BELØB=4:SÆSON=SÆSON,2017-04-01,21279.0
DST:FIKS22:BRANCHE07=F:BELØB=4:SÆSON=SÆSON,2017-05-01,22016.0
DST:FIKS22:BRANCHE07=F:BELØB=4:SÆSON=SÆSON,2017-06-01,21589.0
DST:FIKS22:BRANCHE07=F:BELØB=4:SÆSON=SÆSON,2017-07-01,22195.0
DST:FIKS22:BRANCHE07=F:BELØB=4:SÆSON=SÆSON,2017-08-01,21691.0
DST:FIKS22:BRANCHE07=F:BELØB=4:SÆSON=SÆSON,2017-09-01,22124.0
DST:FIKS22:BRANCHE07=F:BELØB=4:SÆSON=SÆSON,2017-10-01,22469.0
DST:FIKS22:BRANCHE07=F:BELØB=4:SÆSON=SÆSON,2017-11-01,22672.0
DST:FIKS22:BRANCHE07=F:BELØB=4:SÆSON=SÆSON,2017-12-01,23267.0
DST:FIKS22:BRANCHE07=F:BELØB=4:SÆSON=SÆSON,2018-01-01,23071.0
DST:FIKS22:BRANCHE07=F:BELØB=4:SÆSON=SÆSON,2018-02-01,22971.0
DST:FIKS22:BRANCHE07=F:BELØB=4:SÆSON=SÆSON,2018-03-01,22336.0
DST:FIKS22:BRANCHE07=F:BELØB=4:SÆSON=SÆSON,2018-04-01,22513.0
DST:FIKS22:BRANCHE07=F:BELØB=4:SÆSON=SÆSON,2018-05-01,22577.0
DST:FIKS22:BRANCHE07=F:BELØB=4:SÆSON=SÆSON,2018-06-01,24792.0
DST:FIKS22:BRANCHE07=F:BELØB=4:SÆSON=SÆSON,2018-07-01,24156.0
DST:FIKS22:BRANCHE07=F:BELØB=4:SÆSON=SÆSON,2018-08-01,24330.0
DST:FIKS22:BRANCHE07=F:BELØB=4:SÆSON=SÆSON,2018-09-01,23930.0
DST:FIKS22:BRANCHE07=F:BELØB=4:SÆSON=SÆSON,2018-10-01,23821.0
DST:FIKS22:BRANCHE07=F:BELØB=4:SÆSON=SÆSON,2018-11-01,24085.0
DST:FIKS22:BRANCHE07=F:BELØB=4:SÆSON=SÆSON,2018-12-01,23950.0
DST:FIKS22:BRANCHE07=F:BELØB=4:SÆSON=SÆSON,2019-01-01,24180.0
DST:FIKS22:BRANCHE07=F:BELØB=4:SÆSON=SÆSON,2019-02-01,25192.0
DST:FIKS22:BRANCHE07=F:BELØB=4:SÆSON=SÆSON,2019-03-01,24656.0
DST:FIKS22:BRANCHE07=F:BELØB=4:SÆSON=SÆSON,2019-04-01,24529.0
DST:FIKS22:BRANCHE07=F:BELØB=4:SÆSON=SÆSON,2019-05-01,25057.0
DST:FIKS22:BRANCHE07=F:BELØB=4:SÆSON=SÆSON,2019-06-01,24920.0
DST:FIKS22:BRANCHE07=F:BELØB=4:SÆSON=SÆSON,2019-07-01,24579.0
DST:FIKS22:BRANCHE07=F:BELØB=4:SÆSON=SÆSON,2019-08-01,25846.0
DST:FIKS22:BRANCHE07=F:BELØB=4:SÆSON=SÆSON,2019-09-01,24194.0
DST:FIKS22:BRANCHE07=F:BELØB=4:SÆSON=SÆSON,2019-10-01,24878.0
DST:FIKS22:BRANCHE07=F:BELØB=4:SÆSON=SÆSON,2019-11-01,24506.0
DST:FIKS22:BRANCHE07=F:BELØB=4:SÆSON=SÆSON,2019-12-01,24630.0
DST:FIKS22:BRANCHE07=F:BELØB=4:SÆSON=SÆSON,2020-01-01,24950.0
DST:FIKS22:BRANCHE07=F:BELØB=4:SÆSON=SÆSON,2020-02-01,24731.0
DST:FIKS22:BRANCHE07=F:BELØB=4:SÆSON=SÆSON,2020-03-01,25836.0
DST:FIKS22:BRANCHE07=F:BELØB=4:SÆSON=SÆSON,2020-04-01,25725.0
DST:FIKS22:BRANCHE07=F:BELØB=4:SÆSON=SÆSON,2020-05-01,24750.0
DST:FIKS22:BRANCHE07=F:BELØB=4:SÆSON=SÆSON,2020-06-01,24368.0
DST:FIKS22:BRANCHE07=F:BELØB=4:SÆSON=SÆSON,2020-07-01,25328.0
DST:FIKS22:BRANCHE07=F:BELØB=4:SÆSON=SÆSON,2020-08-01,24999.0
DST:FIKS22:BRANCHE07=F:BELØB=4:SÆSON=SÆSON,2020-09-01,26221.0
DST:FIKS22:BRANCHE07=F:BELØB=4:SÆSON=SÆSON,2020-10-01,26070.0
DST:FIKS22:BRANCHE07=F:BELØB=4:SÆSON=SÆSON,2020-11-01,25934.0
DST:FIKS22:BRANCHE07=F:BELØB=4:SÆSON=SÆSON,2020-12-01,26197.0
DST:FIKS22:BRANCHE07=F:BELØB=4:SÆSON=SÆSON,2021-01-01,27462.0
DST:FIKS22:BRANCHE07=F:BELØB=4:SÆSON=SÆSON,2021-02-01,26210.0
DST:FIKS22:BRANCHE07=F:BELØB=4:SÆSON=SÆSON,2021-03-01,27643.0
DST:FIKS22:BRANCHE07=F:BELØB=4:SÆSON=SÆSON,2021-04-01,27707.0
DST:FIKS22:BRANCHE07=F:BELØB=4:SÆSON=SÆSON,2021-05-01,26474.0
DST:FIKS22:BRANCHE07=F:BELØB=4:SÆSON=SÆSON,2021-06-01,27179.0
DST:FIKS22:BRANCHE07=F:BELØB=4:SÆSON=SÆSON,2021-07-01,26586.0
DST:FIKS22:BRANCHE07=F:BELØB=4:SÆSON=SÆSON,2021-08-01,27495.0
DST:FIKS22:BRANCHE07=F:BELØB=4:SÆSON=SÆSON,2021-09-01,28194.0
DST:FIKS22:BRANCHE07=F:BELØB=4:SÆSON=SÆSON,2021-10-01,27590.0
DST:FIKS22:BRANCHE07=F:BELØB=4:SÆSON=SÆSON,2021-11-01,28880.0
DST:FIKS22:BRANCHE07=F:BELØB=4:SÆSON=SÆSON,2021-12-01,28274.0
DST:FIKS22:BRANCHE07=F:BELØB=4:SÆSON=SÆSON,2022-01-01,29948.0
DST:FIKS22:BRANCHE07=F:BELØB=4:SÆSON=SÆSON,2022-02-01,29794.0
DST:FIKS22:BRANCHE07=F:BELØB=4:SÆSON=SÆSON,2022-03-01,30126.0
DST:FIKS22:BRANCHE07=F:BELØB=4:SÆSON=SÆSON,2022-04-01,30539.0
DST:FIKS22:BRANCHE07=F:BELØB=4:SÆSON=SÆSON,2022-05-01,31697.0
DST:FIKS22:BRANCHE07=F:BELØB=4:SÆSON=SÆSON,2022-06-01,31377.0
DST:FIKS22:BRANCHE07=F:BELØB=4:SÆSON=SÆSON,2022-07-01,31305.0
DST:FIKS22:BRANCHE07=F:BELØB=4:SÆSON=SÆSON,2022-08-01,31713.0
DST:FIKS22:BRANCHE07=F:BELØB=4:SÆSON=SÆSON,2022-09-01,31813.0
DST:FIKS22:BRANCHE07=F:BELØB=4:SÆSON=SÆSON,2022-10-01,32450.0
DST:FIKS22:BRANCHE07=F:BELØB=4:SÆSON=SÆSON,2022-11-01,32783.0
DST:FIKS22:BRANCHE07=F:BELØB=4:SÆSON=SÆSON,2022-12-01,33038.0
DST:FIKS22:BRANCHE07=F:BELØB=4:SÆSON=SÆSON,2023-01-01,31800.0
DST:FIKS22:BRANCHE07=F:BELØB=4:SÆSON=SÆSON,2023-02-01,32962.0
DST:FIKS22:BRANCHE07=F:BELØB=4:SÆSON=SÆSON,2023-03-01,31888.0
DST:FIKS22:BRANCHE07=F:BELØB=4:SÆSON=SÆSON,2023-04-01,31481.0
DST:FIKS22:BRANCHE07=F:BELØB=4:SÆSON=SÆSON,2023-05-01,32189.0
DST:FIKS22:BRANCHE07=F:BELØB=4:SÆSON=SÆSON,2023-06-01,32363.0
DST:FIKS22:BRANCHE07=F:BELØB=4:SÆSON=SÆSON,2023-07-01,31518.0
DST:FIKS22:BRANCHE07=F:BELØB=4:SÆSON=SÆSON,2023-08-01,30388.0
DST:FIKS22:BRANCHE07=F:BELØB=4:SÆSON=SÆSON,2023-09-01,30903.0
DST:FIKS22:BRANCHE07=F:BELØB=4:SÆSON=SÆSON,2023-10-01,32960.0
DST:FIKS22:BRANCHE07=F:BELØB=4:SÆSON=SÆSON,2023-11-01,31118.0
DST:FIKS22:BRANCHE07=F:BELØB=4:SÆSON=SÆSON,2023-12-01,31300.0
DST:FIKS22:BRANCHE07=F:BELØB=4:SÆSON=SÆSON,2024-01-01,30776.0
DST:FIKS22:BRANCHE07=F:BELØB=4:SÆSON=SÆSON,2024-02-01,31291.0
DST:FIKS22:BRANCHE07=F:BELØB=4:SÆSON=SÆSON,2024-03-01,31750.0
DST:FIKS22:BRANCHE07=F:BELØB=4:SÆSON=SÆSON,2024-04-01,32160.0
DST:FIKS22:BRANCHE07=F:BELØB=4:SÆSON=SÆSON,2024-05-01,32060.0
DST:FIKS22:BRANCHE07=F:BELØB=4:SÆSON=SÆSON,2024-06-01,32011.0
DST:FIKS22:BRANCHE07=F:BELØB=4:SÆSON=SÆSON,2024-07-01,32214.0
DST:FIKS22:BRANCHE07=F:BELØB=4:SÆSON=SÆSON,2024-08-01,32450.0
DST:FIKS22:BRANCHE07=F:BELØB=4:SÆSON=SÆSON,2024-09-01,33602.0
DST:FIKS22:BRANCHE07=F:BELØB=4:SÆSON=SÆSON,2024-10-01,32216.0
DST:FIKS22:BRANCHE07=F:BELØB=4:SÆSON=SÆSON,2024-11-01,31812.0
DST:FIKS22:BRANCHE07=F:BELØB=4:SÆSON=SÆSON,2024-12-01,32179.0
DST:FIKS22:BRANCHE07=F:BELØB=4:SÆSON=SÆSON,2025-01-01,32647.0
DST:FIKS22:BRANCHE07=F:BELØB=4:SÆSON=SÆSON,2025-02-01,33658.0
DST:FIKS22:BRANCHE07=F:BELØB=4:SÆSON=SÆSON,2025-03-01,34410.0
DST:FIKS22:BRANCHE07=F:BELØB=4:SÆSON=SÆSON,2025-04-01,33180.0
DST:FIKS22:BRANCHE07=F:BELØB=4:SÆSON=SÆSON,2025-05-01,32638.0
DST:FIKS22:BRANCHE07=F:BELØB=4:SÆSON=SÆSON,2025-06-01,32964.0
DST:FIKS22:BRANCHE07=F:BELØB=4:SÆSON=SÆSON,2025-07-01,33459.0
DST:FIKS22:BRANCHE07=F:BELØB=4:SÆSON=SÆSON,2025-08-01,33722.0
DST:FIKS22:BRANCHE07=F:BELØB=4:SÆSON=SÆSON,2025-09-01,32382.0
DST:FIKS22:BRANCHE07=F:BELØB=4:SÆSON=SÆSON,2025-10-01,33082.0
DST:FIKS22:BRANCHE07=F:BELØB=4:SÆSON=SÆSON,2025-11-01,33079.0
DST:FIKS22:BRANCHE07=F:BELØB=4:SÆSON=SÆSON,2025-12-01,32774.0
DST:FIKS22:BRANCHE07=F:BELØB=4:SÆSON=SÆSON,2026-01-01,32376.0
DST:FIKS22:BRANCHE07=F:BELØB=4:SÆSON=SÆSON,2026-02-01,31035.0
DST:FIKS22:BRANCHE07=F:BELØB=4:SÆSON=SÆSON,2026-03-01,30985.0
DST:FIKS22:BRANCHE07=G:BELØB=0:SÆSON=EJSÆSON,2009-01-01,47226.0
DST:FIKS22:BRANCHE07=G:BELØB=0:SÆSON=EJSÆSON,2009-02-01,44244.0
DST:FIKS22:BRANCHE07=G:BELØB=0:SÆSON=EJSÆSON,2009-03-01,50960.0
DST:FIKS22:BRANCHE07=G:BELØB=0:SÆSON=EJSÆSON,2009-04-01,51338.0
DST:FIKS22:BRANCHE07=G:BELØB=0:SÆSON=EJSÆSON,2009-05-01,45292.0
DST:FIKS22:BRANCHE07=G:BELØB=0:SÆSON=EJSÆSON,2009-06-01,49442.0
DST:FIKS22:BRANCHE07=G:BELØB=0:SÆSON=EJSÆSON,2009-07-01,46443.0
DST:FIKS22:BRANCHE07=G:BELØB=0:SÆSON=EJSÆSON,2009-08-01,46784.0
DST:FIKS22:BRANCHE07=G:BELØB=0:SÆSON=EJSÆSON,2009-09-01,50998.0
DST:FIKS22:BRANCHE07=G:BELØB=0:SÆSON=EJSÆSON,2009-10-01,51687.0
DST:FIKS22:BRANCHE07=G:BELØB=0:SÆSON=EJSÆSON,2009-11-01,47877.0
DST:FIKS22:BRANCHE07=G:BELØB=0:SÆSON=EJSÆSON,2009-12-01,50066.0
DST:FIKS22:BRANCHE07=G:BELØB=0:SÆSON=EJSÆSON,2010-01-01,44938.0
DST:FIKS22:BRANCHE07=G:BELØB=0:SÆSON=EJSÆSON,2010-02-01,40287.0
DST:FIKS22:BRANCHE07=G:BELØB=0:SÆSON=EJSÆSON,2010-03-01,55937.0
DST:FIKS22:BRANCHE07=G:BELØB=0:SÆSON=EJSÆSON,2010-04-01,48401.0
DST:FIKS22:BRANCHE07=G:BELØB=0:SÆSON=EJSÆSON,2010-05-01,49073.0
DST:FIKS22:BRANCHE07=G:BELØB=0:SÆSON=EJSÆSON,2010-06-01,53295.0
DST:FIKS22:BRANCHE07=G:BELØB=0:SÆSON=EJSÆSON,2010-07-01,50129.0
DST:FIKS22:BRANCHE07=G:BELØB=0:SÆSON=EJSÆSON,2010-08-01,51505.0
DST:FIKS22:BRANCHE07=G:BELØB=0:SÆSON=EJSÆSON,2010-09-01,51098.0
DST:FIKS22:BRANCHE07=G:BELØB=0:SÆSON=EJSÆSON,2010-10-01,53527.0
DST:FIKS22:BRANCHE07=G:BELØB=0:SÆSON=EJSÆSON,2010-11-01,56381.0
DST:FIKS22:BRANCHE07=G:BELØB=0:SÆSON=EJSÆSON,2010-12-01,58292.0
DST:FIKS22:BRANCHE07=G:BELØB=0:SÆSON=EJSÆSON,2011-01-01,52018.0
DST:FIKS22:BRANCHE07=G:BELØB=0:SÆSON=EJSÆSON,2011-02-01,47612.0
DST:FIKS22:BRANCHE07=G:BELØB=0:SÆSON=EJSÆSON,2011-03-01,58393.0
DST:FIKS22:BRANCHE07=G:BELØB=0:SÆSON=EJSÆSON,2011-04-01,56227.0
DST:FIKS22:BRANCHE07=G:BELØB=0:SÆSON=EJSÆSON,2011-05-01,55983.0
DST:FIKS22:BRANCHE07=G:BELØB=0:SÆSON=EJSÆSON,2011-06-01,56344.0
DST:FIKS22:BRANCHE07=G:BELØB=0:SÆSON=EJSÆSON,2011-07-01,48802.0
DST:FIKS22:BRANCHE07=G:BELØB=0:SÆSON=EJSÆSON,2011-08-01,56383.0
DST:FIKS22:BRANCHE07=G:BELØB=0:SÆSON=EJSÆSON,2011-09-01,61364.0
DST:FIKS22:BRANCHE07=G:BELØB=0:SÆSON=EJSÆSON,2011-10-01,55011.0
DST:FIKS22:BRANCHE07=G:BELØB=0:SÆSON=EJSÆSON,2011-11-01,57187.0
DST:FIKS22:BRANCHE07=G:BELØB=0:SÆSON=EJSÆSON,2011-12-01,59024.0
DST:FIKS22:BRANCHE07=G:BELØB=0:SÆSON=EJSÆSON,2012-01-01,48587.0
DST:FIKS22:BRANCHE07=G:BELØB=0:SÆSON=EJSÆSON,2012-02-01,49773.0
DST:FIKS22:BRANCHE07=G:BELØB=0:SÆSON=EJSÆSON,2012-03-01,60155.0
DST:FIKS22:BRANCHE07=G:BELØB=0:SÆSON=EJSÆSON,2012-04-01,54367.0
DST:FIKS22:BRANCHE07=G:BELØB=0:SÆSON=EJSÆSON,2012-05-01,55314.0
DST:FIKS22:BRANCHE07=G:BELØB=0:SÆSON=EJSÆSON,2012-06-01,56246.0
DST:FIKS22:BRANCHE07=G:BELØB=0:SÆSON=EJSÆSON,2012-07-01,50324.0
DST:FIKS22:BRANCHE07=G:BELØB=0:SÆSON=EJSÆSON,2012-08-01,54521.0
DST:FIKS22:BRANCHE07=G:BELØB=0:SÆSON=EJSÆSON,2012-09-01,54676.0
DST:FIKS22:BRANCHE07=G:BELØB=0:SÆSON=EJSÆSON,2012-10-01,58052.0
DST:FIKS22:BRANCHE07=G:BELØB=0:SÆSON=EJSÆSON,2012-11-01,55716.0
DST:FIKS22:BRANCHE07=G:BELØB=0:SÆSON=EJSÆSON,2012-12-01,54580.0
DST:FIKS22:BRANCHE07=G:BELØB=0:SÆSON=EJSÆSON,2013-01-01,52110.0
DST:FIKS22:BRANCHE07=G:BELØB=0:SÆSON=EJSÆSON,2013-02-01,48498.0
DST:FIKS22:BRANCHE07=G:BELØB=0:SÆSON=EJSÆSON,2013-03-01,52060.0
DST:FIKS22:BRANCHE07=G:BELØB=0:SÆSON=EJSÆSON,2013-04-01,55122.0
DST:FIKS22:BRANCHE07=G:BELØB=0:SÆSON=EJSÆSON,2013-05-01,53758.0
DST:FIKS22:BRANCHE07=G:BELØB=0:SÆSON=EJSÆSON,2013-06-01,54062.0
DST:FIKS22:BRANCHE07=G:BELØB=0:SÆSON=EJSÆSON,2013-07-01,50354.0
DST:FIKS22:BRANCHE07=G:BELØB=0:SÆSON=EJSÆSON,2013-08-01,52265.0
DST:FIKS22:BRANCHE07=G:BELØB=0:SÆSON=EJSÆSON,2013-09-01,56088.0
DST:FIKS22:BRANCHE07=G:BELØB=0:SÆSON=EJSÆSON,2013-10-01,56139.0
DST:FIKS22:BRANCHE07=G:BELØB=0:SÆSON=EJSÆSON,2013-11-01,53134.0
DST:FIKS22:BRANCHE07=G:BELØB=0:SÆSON=EJSÆSON,2013-12-01,54568.0
DST:FIKS22:BRANCHE07=G:BELØB=0:SÆSON=EJSÆSON,2014-01-01,50041.0
DST:FIKS22:BRANCHE07=G:BELØB=0:SÆSON=EJSÆSON,2014-02-01,46343.0
DST:FIKS22:BRANCHE07=G:BELØB=0:SÆSON=EJSÆSON,2014-03-01,52937.0
DST:FIKS22:BRANCHE07=G:BELØB=0:SÆSON=EJSÆSON,2014-04-01,52816.0
DST:FIKS22:BRANCHE07=G:BELØB=0:SÆSON=EJSÆSON,2014-05-01,54617.0
DST:FIKS22:BRANCHE07=G:BELØB=0:SÆSON=EJSÆSON,2014-06-01,53639.0
DST:FIKS22:BRANCHE07=G:BELØB=0:SÆSON=EJSÆSON,2014-07-01,51079.0
DST:FIKS22:BRANCHE07=G:BELØB=0:SÆSON=EJSÆSON,2014-08-01,50723.0
DST:FIKS22:BRANCHE07=G:BELØB=0:SÆSON=EJSÆSON,2014-09-01,57090.0
DST:FIKS22:BRANCHE07=G:BELØB=0:SÆSON=EJSÆSON,2014-10-01,57292.0
DST:FIKS22:BRANCHE07=G:BELØB=0:SÆSON=EJSÆSON,2014-11-01,51283.0
DST:FIKS22:BRANCHE07=G:BELØB=0:SÆSON=EJSÆSON,2014-12-01,55121.0
DST:FIKS22:BRANCHE07=G:BELØB=0:SÆSON=EJSÆSON,2015-01-01,49241.0
DST:FIKS22:BRANCHE07=G:BELØB=0:SÆSON=EJSÆSON,2015-02-01,47161.0
DST:FIKS22:BRANCHE07=G:BELØB=0:SÆSON=EJSÆSON,2015-03-01,59032.0
DST:FIKS22:BRANCHE07=G:BELØB=0:SÆSON=EJSÆSON,2015-04-01,52858.0
DST:FIKS22:BRANCHE07=G:BELØB=0:SÆSON=EJSÆSON,2015-05-01,51592.0
DST:FIKS22:BRANCHE07=G:BELØB=0:SÆSON=EJSÆSON,2015-06-01,57511.0
DST:FIKS22:BRANCHE07=G:BELØB=0:SÆSON=EJSÆSON,2015-07-01,51860.0
DST:FIKS22:BRANCHE07=G:BELØB=0:SÆSON=EJSÆSON,2015-08-01,53033.0
DST:FIKS22:BRANCHE07=G:BELØB=0:SÆSON=EJSÆSON,2015-09-01,55117.0
DST:FIKS22:BRANCHE07=G:BELØB=0:SÆSON=EJSÆSON,2015-10-01,55942.0
DST:FIKS22:BRANCHE07=G:BELØB=0:SÆSON=EJSÆSON,2015-11-01,53742.0
DST:FIKS22:BRANCHE07=G:BELØB=0:SÆSON=EJSÆSON,2015-12-01,56223.0
DST:FIKS22:BRANCHE07=G:BELØB=0:SÆSON=EJSÆSON,2016-01-01,46741.0
DST:FIKS22:BRANCHE07=G:BELØB=0:SÆSON=EJSÆSON,2016-02-01,50339.0
DST:FIKS22:BRANCHE07=G:BELØB=0:SÆSON=EJSÆSON,2016-03-01,54677.0
DST:FIKS22:BRANCHE07=G:BELØB=0:SÆSON=EJSÆSON,2016-04-01,53613.0
DST:FIKS22:BRANCHE07=G:BELØB=0:SÆSON=EJSÆSON,2016-05-01,53751.0
DST:FIKS22:BRANCHE07=G:BELØB=0:SÆSON=EJSÆSON,2016-06-01,56726.0
DST:FIKS22:BRANCHE07=G:BELØB=0:SÆSON=EJSÆSON,2016-07-01,47426.0
DST:FIKS22:BRANCHE07=G:BELØB=0:SÆSON=EJSÆSON,2016-08-01,54248.0
DST:FIKS22:BRANCHE07=G:BELØB=0:SÆSON=EJSÆSON,2016-09-01,57366.0
DST:FIKS22:BRANCHE07=G:BELØB=0:SÆSON=EJSÆSON,2016-10-01,55037.0
DST:FIKS22:BRANCHE07=G:BELØB=0:SÆSON=EJSÆSON,2016-11-01,57707.0
DST:FIKS22:BRANCHE07=G:BELØB=0:SÆSON=EJSÆSON,2016-12-01,59764.0
DST:FIKS22:BRANCHE07=G:BELØB=0:SÆSON=EJSÆSON,2017-01-01,51659.0
DST:FIKS22:BRANCHE07=G:BELØB=0:SÆSON=EJSÆSON,2017-02-01,51026.0
DST:FIKS22:BRANCHE07=G:BELØB=0:SÆSON=EJSÆSON,2017-03-01,61826.0
DST:FIKS22:BRANCHE07=G:BELØB=0:SÆSON=EJSÆSON,2017-04-01,53984.0
DST:FIKS22:BRANCHE07=G:BELØB=0:SÆSON=EJSÆSON,2017-05-01,57339.0
DST:FIKS22:BRANCHE07=G:BELØB=0:SÆSON=EJSÆSON,2017-06-01,58756.0
DST:FIKS22:BRANCHE07=G:BELØB=0:SÆSON=EJSÆSON,2017-07-01,51736.0
DST:FIKS22:BRANCHE07=G:BELØB=0:SÆSON=EJSÆSON,2017-08-01,56528.0
DST:FIKS22:BRANCHE07=G:BELØB=0:SÆSON=EJSÆSON,2017-09-01,59506.0
DST:FIKS22:BRANCHE07=G:BELØB=0:SÆSON=EJSÆSON,2017-10-01,59094.0
DST:FIKS22:BRANCHE07=G:BELØB=0:SÆSON=EJSÆSON,2017-11-01,60593.0
DST:FIKS22:BRANCHE07=G:BELØB=0:SÆSON=EJSÆSON,2017-12-01,58961.0
DST:FIKS22:BRANCHE07=G:BELØB=0:SÆSON=EJSÆSON,2018-01-01,55252.0
DST:FIKS22:BRANCHE07=G:BELØB=0:SÆSON=EJSÆSON,2018-02-01,49264.0
DST:FIKS22:BRANCHE07=G:BELØB=0:SÆSON=EJSÆSON,2018-03-01,58128.0
DST:FIKS22:BRANCHE07=G:BELØB=0:SÆSON=EJSÆSON,2018-04-01,58576.0
DST:FIKS22:BRANCHE07=G:BELØB=0:SÆSON=EJSÆSON,2018-05-01,61660.0
DST:FIKS22:BRANCHE07=G:BELØB=0:SÆSON=EJSÆSON,2018-06-01,59721.0
DST:FIKS22:BRANCHE07=G:BELØB=0:SÆSON=EJSÆSON,2018-07-01,55421.0
DST:FIKS22:BRANCHE07=G:BELØB=0:SÆSON=EJSÆSON,2018-08-01,59168.0
DST:FIKS22:BRANCHE07=G:BELØB=0:SÆSON=EJSÆSON,2018-09-01,57231.0
DST:FIKS22:BRANCHE07=G:BELØB=0:SÆSON=EJSÆSON,2018-10-01,64361.0
DST:FIKS22:BRANCHE07=G:BELØB=0:SÆSON=EJSÆSON,2018-11-01,61006.0
DST:FIKS22:BRANCHE07=G:BELØB=0:SÆSON=EJSÆSON,2018-12-01,58046.0
DST:FIKS22:BRANCHE07=G:BELØB=0:SÆSON=EJSÆSON,2019-01-01,56366.0
DST:FIKS22:BRANCHE07=G:BELØB=0:SÆSON=EJSÆSON,2019-02-01,52166.0
DST:FIKS22:BRANCHE07=G:BELØB=0:SÆSON=EJSÆSON,2019-03-01,59537.0
DST:FIKS22:BRANCHE07=G:BELØB=0:SÆSON=EJSÆSON,2019-04-01,59634.0
DST:FIKS22:BRANCHE07=G:BELØB=0:SÆSON=EJSÆSON,2019-05-01,61090.0
DST:FIKS22:BRANCHE07=G:BELØB=0:SÆSON=EJSÆSON,2019-06-01,59178.0
DST:FIKS22:BRANCHE07=G:BELØB=0:SÆSON=EJSÆSON,2019-07-01,57512.0
DST:FIKS22:BRANCHE07=G:BELØB=0:SÆSON=EJSÆSON,2019-08-01,59306.0
DST:FIKS22:BRANCHE07=G:BELØB=0:SÆSON=EJSÆSON,2019-09-01,60982.0
DST:FIKS22:BRANCHE07=G:BELØB=0:SÆSON=EJSÆSON,2019-10-01,65874.0
DST:FIKS22:BRANCHE07=G:BELØB=0:SÆSON=EJSÆSON,2019-11-01,62329.0
DST:FIKS22:BRANCHE07=G:BELØB=0:SÆSON=EJSÆSON,2019-12-01,61581.0
DST:FIKS22:BRANCHE07=G:BELØB=0:SÆSON=EJSÆSON,2020-01-01,57808.0
DST:FIKS22:BRANCHE07=G:BELØB=0:SÆSON=EJSÆSON,2020-02-01,54514.0
DST:FIKS22:BRANCHE07=G:BELØB=0:SÆSON=EJSÆSON,2020-03-01,63064.0
DST:FIKS22:BRANCHE07=G:BELØB=0:SÆSON=EJSÆSON,2020-04-01,53004.0
DST:FIKS22:BRANCHE07=G:BELØB=0:SÆSON=EJSÆSON,2020-05-01,53462.0
DST:FIKS22:BRANCHE07=G:BELØB=0:SÆSON=EJSÆSON,2020-06-01,62794.0
DST:FIKS22:BRANCHE07=G:BELØB=0:SÆSON=EJSÆSON,2020-07-01,58530.0
DST:FIKS22:BRANCHE07=G:BELØB=0:SÆSON=EJSÆSON,2020-08-01,59953.0
DST:FIKS22:BRANCHE07=G:BELØB=0:SÆSON=EJSÆSON,2020-09-01,62377.0
DST:FIKS22:BRANCHE07=G:BELØB=0:SÆSON=EJSÆSON,2020-10-01,64288.0
DST:FIKS22:BRANCHE07=G:BELØB=0:SÆSON=EJSÆSON,2020-11-01,62950.0
DST:FIKS22:BRANCHE07=G:BELØB=0:SÆSON=EJSÆSON,2020-12-01,66475.0
DST:FIKS22:BRANCHE07=G:BELØB=0:SÆSON=EJSÆSON,2021-01-01,55309.0
DST:FIKS22:BRANCHE07=G:BELØB=0:SÆSON=EJSÆSON,2021-02-01,57199.0
DST:FIKS22:BRANCHE07=G:BELØB=0:SÆSON=EJSÆSON,2021-03-01,72810.0
DST:FIKS22:BRANCHE07=G:BELØB=0:SÆSON=EJSÆSON,2021-04-01,65337.0
DST:FIKS22:BRANCHE07=G:BELØB=0:SÆSON=EJSÆSON,2021-05-01,63891.0
DST:FIKS22:BRANCHE07=G:BELØB=0:SÆSON=EJSÆSON,2021-06-01,70845.0
DST:FIKS22:BRANCHE07=G:BELØB=0:SÆSON=EJSÆSON,2021-07-01,63726.0
DST:FIKS22:BRANCHE07=G:BELØB=0:SÆSON=EJSÆSON,2021-08-01,65180.0
DST:FIKS22:BRANCHE07=G:BELØB=0:SÆSON=EJSÆSON,2021-09-01,71307.0
DST:FIKS22:BRANCHE07=G:BELØB=0:SÆSON=EJSÆSON,2021-10-01,70310.0
DST:FIKS22:BRANCHE07=G:BELØB=0:SÆSON=EJSÆSON,2021-11-01,74264.0
DST:FIKS22:BRANCHE07=G:BELØB=0:SÆSON=EJSÆSON,2021-12-01,76334.0
DST:FIKS22:BRANCHE07=G:BELØB=0:SÆSON=EJSÆSON,2022-01-01,69613.0
DST:FIKS22:BRANCHE07=G:BELØB=0:SÆSON=EJSÆSON,2022-02-01,69827.0
DST:FIKS22:BRANCHE07=G:BELØB=0:SÆSON=EJSÆSON,2022-03-01,88238.0
DST:FIKS22:BRANCHE07=G:BELØB=0:SÆSON=EJSÆSON,2022-04-01,80321.0
DST:FIKS22:BRANCHE07=G:BELØB=0:SÆSON=EJSÆSON,2022-05-01,86457.0
DST:FIKS22:BRANCHE07=G:BELØB=0:SÆSON=EJSÆSON,2022-06-01,90542.0
DST:FIKS22:BRANCHE07=G:BELØB=0:SÆSON=EJSÆSON,2022-07-01,76883.0
DST:FIKS22:BRANCHE07=G:BELØB=0:SÆSON=EJSÆSON,2022-08-01,87451.0
DST:FIKS22:BRANCHE07=G:BELØB=0:SÆSON=EJSÆSON,2022-09-01,94271.0
DST:FIKS22:BRANCHE07=G:BELØB=0:SÆSON=EJSÆSON,2022-10-01,83037.0
DST:FIKS22:BRANCHE07=G:BELØB=0:SÆSON=EJSÆSON,2022-11-01,85967.0
DST:FIKS22:BRANCHE07=G:BELØB=0:SÆSON=EJSÆSON,2022-12-01,87194.0
DST:FIKS22:BRANCHE07=G:BELØB=0:SÆSON=EJSÆSON,2023-01-01,77483.0
DST:FIKS22:BRANCHE07=G:BELØB=0:SÆSON=EJSÆSON,2023-02-01,72714.0
DST:FIKS22:BRANCHE07=G:BELØB=0:SÆSON=EJSÆSON,2023-03-01,87115.0
DST:FIKS22:BRANCHE07=G:BELØB=0:SÆSON=EJSÆSON,2023-04-01,74520.0
DST:FIKS22:BRANCHE07=G:BELØB=0:SÆSON=EJSÆSON,2023-05-01,78780.0
DST:FIKS22:BRANCHE07=G:BELØB=0:SÆSON=EJSÆSON,2023-06-01,82290.0
DST:FIKS22:BRANCHE07=G:BELØB=0:SÆSON=EJSÆSON,2023-07-01,70054.0
DST:FIKS22:BRANCHE07=G:BELØB=0:SÆSON=EJSÆSON,2023-08-01,80859.0
DST:FIKS22:BRANCHE07=G:BELØB=0:SÆSON=EJSÆSON,2023-09-01,82038.0
DST:FIKS22:BRANCHE07=G:BELØB=0:SÆSON=EJSÆSON,2023-10-01,83431.0
DST:FIKS22:BRANCHE07=G:BELØB=0:SÆSON=EJSÆSON,2023-11-01,83442.0
DST:FIKS22:BRANCHE07=G:BELØB=0:SÆSON=EJSÆSON,2023-12-01,79391.0
DST:FIKS22:BRANCHE07=G:BELØB=0:SÆSON=EJSÆSON,2024-01-01,75612.0
DST:FIKS22:BRANCHE07=G:BELØB=0:SÆSON=EJSÆSON,2024-02-01,74276.0
DST:FIKS22:BRANCHE07=G:BELØB=0:SÆSON=EJSÆSON,2024-03-01,79700.0
DST:FIKS22:BRANCHE07=G:BELØB=0:SÆSON=EJSÆSON,2024-04-01,82027.0
DST:FIKS22:BRANCHE07=G:BELØB=0:SÆSON=EJSÆSON,2024-05-01,81777.0
DST:FIKS22:BRANCHE07=G:BELØB=0:SÆSON=EJSÆSON,2024-06-01,78750.0
DST:FIKS22:BRANCHE07=G:BELØB=0:SÆSON=EJSÆSON,2024-07-01,75042.0
DST:FIKS22:BRANCHE07=G:BELØB=0:SÆSON=EJSÆSON,2024-08-01,76841.0
DST:FIKS22:BRANCHE07=G:BELØB=0:SÆSON=EJSÆSON,2024-09-01,79025.0
DST:FIKS22:BRANCHE07=G:BELØB=0:SÆSON=EJSÆSON,2024-10-01,85239.0
DST:FIKS22:BRANCHE07=G:BELØB=0:SÆSON=EJSÆSON,2024-11-01,79986.0
DST:FIKS22:BRANCHE07=G:BELØB=0:SÆSON=EJSÆSON,2024-12-01,80805.0
DST:FIKS22:BRANCHE07=G:BELØB=0:SÆSON=EJSÆSON,2025-01-01,78896.0
DST:FIKS22:BRANCHE07=G:BELØB=0:SÆSON=EJSÆSON,2025-02-01,74090.0
DST:FIKS22:BRANCHE07=G:BELØB=0:SÆSON=EJSÆSON,2025-03-01,80382.0
DST:FIKS22:BRANCHE07=G:BELØB=0:SÆSON=EJSÆSON,2025-04-01,81431.0
DST:FIKS22:BRANCHE07=G:BELØB=0:SÆSON=EJSÆSON,2025-05-01,80006.0
DST:FIKS22:BRANCHE07=G:BELØB=0:SÆSON=EJSÆSON,2025-06-01,82916.0
DST:FIKS22:BRANCHE07=G:BELØB=0:SÆSON=EJSÆSON,2025-07-01,75742.0
DST:FIKS22:BRANCHE07=G:BELØB=0:SÆSON=EJSÆSON,2025-08-01,77619.0
DST:FIKS22:BRANCHE07=G:BELØB=0:SÆSON=EJSÆSON,2025-09-01,83105.0
DST:FIKS22:BRANCHE07=G:BELØB=0:SÆSON=EJSÆSON,2025-10-01,86833.0
DST:FIKS22:BRANCHE07=G:BELØB=0:SÆSON=EJSÆSON,2025-11-01,81797.0
DST:FIKS22:BRANCHE07=G:BELØB=0:SÆSON=EJSÆSON,2025-12-01,81651.0
DST:FIKS22:BRANCHE07=G:BELØB=0:SÆSON=EJSÆSON,2026-01-01,75586.0
DST:FIKS22:BRANCHE07=G:BELØB=0:SÆSON=EJSÆSON,2026-02-01,70567.0
DST:FIKS22:BRANCHE07=G:BELØB=0:SÆSON=EJSÆSON,2026-03-01,89672.0
DST:FIKS22:BRANCHE07=G:BELØB=0:SÆSON=SÆSON,2009-01-01,49700.0
DST:FIKS22:BRANCHE07=G:BELØB=0:SÆSON=SÆSON,2009-02-01,50608.0
DST:FIKS22:BRANCHE07=G:BELØB=0:SÆSON=SÆSON,2009-03-01,48294.0
DST:FIKS22:BRANCHE07=G:BELØB=0:SÆSON=SÆSON,2009-04-01,49887.0
DST:FIKS22:BRANCHE07=G:BELØB=0:SÆSON=SÆSON,2009-05-01,47166.0
DST:FIKS22:BRANCHE07=G:BELØB=0:SÆSON=SÆSON,2009-06-01,48657.0
DST:FIKS22:BRANCHE07=G:BELØB=0:SÆSON=SÆSON,2009-07-01,48732.0
DST:FIKS22:BRANCHE07=G:BELØB=0:SÆSON=SÆSON,2009-08-01,48913.0
DST:FIKS22:BRANCHE07=G:BELØB=0:SÆSON=SÆSON,2009-09-01,47487.0
DST:FIKS22:BRANCHE07=G:BELØB=0:SÆSON=SÆSON,2009-10-01,49487.0
DST:FIKS22:BRANCHE07=G:BELØB=0:SÆSON=SÆSON,2009-11-01,47726.0
DST:FIKS22:BRANCHE07=G:BELØB=0:SÆSON=SÆSON,2009-12-01,46491.0
DST:FIKS22:BRANCHE07=G:BELØB=0:SÆSON=SÆSON,2010-01-01,49057.0
DST:FIKS22:BRANCHE07=G:BELØB=0:SÆSON=SÆSON,2010-02-01,46329.0
DST:FIKS22:BRANCHE07=G:BELØB=0:SÆSON=SÆSON,2010-03-01,51855.0
DST:FIKS22:BRANCHE07=G:BELØB=0:SÆSON=SÆSON,2010-04-01,48225.0
DST:FIKS22:BRANCHE07=G:BELØB=0:SÆSON=SÆSON,2010-05-01,51056.0
DST:FIKS22:BRANCHE07=G:BELØB=0:SÆSON=SÆSON,2010-06-01,49525.0
DST:FIKS22:BRANCHE07=G:BELØB=0:SÆSON=SÆSON,2010-07-01,53568.0
DST:FIKS22:BRANCHE07=G:BELØB=0:SÆSON=SÆSON,2010-08-01,52267.0
DST:FIKS22:BRANCHE07=G:BELØB=0:SÆSON=SÆSON,2010-09-01,47224.0
DST:FIKS22:BRANCHE07=G:BELØB=0:SÆSON=SÆSON,2010-10-01,52836.0
DST:FIKS22:BRANCHE07=G:BELØB=0:SÆSON=SÆSON,2010-11-01,54553.0
DST:FIKS22:BRANCHE07=G:BELØB=0:SÆSON=SÆSON,2010-12-01,52700.0
DST:FIKS22:BRANCHE07=G:BELØB=0:SÆSON=SÆSON,2011-01-01,55399.0
DST:FIKS22:BRANCHE07=G:BELØB=0:SÆSON=SÆSON,2011-02-01,54295.0
DST:FIKS22:BRANCHE07=G:BELØB=0:SÆSON=SÆSON,2011-03-01,53552.0
DST:FIKS22:BRANCHE07=G:BELØB=0:SÆSON=SÆSON,2011-04-01,56230.0
DST:FIKS22:BRANCHE07=G:BELØB=0:SÆSON=SÆSON,2011-05-01,54722.0
DST:FIKS22:BRANCHE07=G:BELØB=0:SÆSON=SÆSON,2011-06-01,55238.0
DST:FIKS22:BRANCHE07=G:BELØB=0:SÆSON=SÆSON,2011-07-01,54168.0
DST:FIKS22:BRANCHE07=G:BELØB=0:SÆSON=SÆSON,2011-08-01,56149.0
DST:FIKS22:BRANCHE07=G:BELØB=0:SÆSON=SÆSON,2011-09-01,56459.0
DST:FIKS22:BRANCHE07=G:BELØB=0:SÆSON=SÆSON,2011-10-01,54656.0
DST:FIKS22:BRANCHE07=G:BELØB=0:SÆSON=SÆSON,2011-11-01,55613.0
DST:FIKS22:BRANCHE07=G:BELØB=0:SÆSON=SÆSON,2011-12-01,55610.0
DST:FIKS22:BRANCHE07=G:BELØB=0:SÆSON=SÆSON,2012-01-01,50456.0
DST:FIKS22:BRANCHE07=G:BELØB=0:SÆSON=SÆSON,2012-02-01,54646.0
DST:FIKS22:BRANCHE07=G:BELØB=0:SÆSON=SÆSON,2012-03-01,56312.0
DST:FIKS22:BRANCHE07=G:BELØB=0:SÆSON=SÆSON,2012-04-01,55004.0
DST:FIKS22:BRANCHE07=G:BELØB=0:SÆSON=SÆSON,2012-05-01,55646.0
DST:FIKS22:BRANCHE07=G:BELØB=0:SÆSON=SÆSON,2012-06-01,54621.0
DST:FIKS22:BRANCHE07=G:BELØB=0:SÆSON=SÆSON,2012-07-01,54289.0
DST:FIKS22:BRANCHE07=G:BELØB=0:SÆSON=SÆSON,2012-08-01,53970.0
DST:FIKS22:BRANCHE07=G:BELØB=0:SÆSON=SÆSON,2012-09-01,53633.0
DST:FIKS22:BRANCHE07=G:BELØB=0:SÆSON=SÆSON,2012-10-01,54766.0
DST:FIKS22:BRANCHE07=G:BELØB=0:SÆSON=SÆSON,2012-11-01,53759.0
DST:FIKS22:BRANCHE07=G:BELØB=0:SÆSON=SÆSON,2012-12-01,54678.0
DST:FIKS22:BRANCHE07=G:BELØB=0:SÆSON=SÆSON,2013-01-01,54579.0
DST:FIKS22:BRANCHE07=G:BELØB=0:SÆSON=SÆSON,2013-02-01,55021.0
DST:FIKS22:BRANCHE07=G:BELØB=0:SÆSON=SÆSON,2013-03-01,52688.0
DST:FIKS22:BRANCHE07=G:BELØB=0:SÆSON=SÆSON,2013-04-01,53483.0
DST:FIKS22:BRANCHE07=G:BELØB=0:SÆSON=SÆSON,2013-05-01,52072.0
DST:FIKS22:BRANCHE07=G:BELØB=0:SÆSON=SÆSON,2013-06-01,53635.0
DST:FIKS22:BRANCHE07=G:BELØB=0:SÆSON=SÆSON,2013-07-01,53118.0
DST:FIKS22:BRANCHE07=G:BELØB=0:SÆSON=SÆSON,2013-08-01,52809.0
DST:FIKS22:BRANCHE07=G:BELØB=0:SÆSON=SÆSON,2013-09-01,53836.0
DST:FIKS22:BRANCHE07=G:BELØB=0:SÆSON=SÆSON,2013-10-01,52539.0
DST:FIKS22:BRANCHE07=G:BELØB=0:SÆSON=SÆSON,2013-11-01,52784.0
DST:FIKS22:BRANCHE07=G:BELØB=0:SÆSON=SÆSON,2013-12-01,52989.0
DST:FIKS22:BRANCHE07=G:BELØB=0:SÆSON=SÆSON,2014-01-01,52324.0
DST:FIKS22:BRANCHE07=G:BELØB=0:SÆSON=SÆSON,2014-02-01,52391.0
DST:FIKS22:BRANCHE07=G:BELØB=0:SÆSON=SÆSON,2014-03-01,51172.0
DST:FIKS22:BRANCHE07=G:BELØB=0:SÆSON=SÆSON,2014-04-01,52523.0
DST:FIKS22:BRANCHE07=G:BELØB=0:SÆSON=SÆSON,2014-05-01,54309.0
DST:FIKS22:BRANCHE07=G:BELØB=0:SÆSON=SÆSON,2014-06-01,53835.0
DST:FIKS22:BRANCHE07=G:BELØB=0:SÆSON=SÆSON,2014-07-01,53553.0
DST:FIKS22:BRANCHE07=G:BELØB=0:SÆSON=SÆSON,2014-08-01,52802.0
DST:FIKS22:BRANCHE07=G:BELØB=0:SÆSON=SÆSON,2014-09-01,53353.0
DST:FIKS22:BRANCHE07=G:BELØB=0:SÆSON=SÆSON,2014-10-01,53506.0
DST:FIKS22:BRANCHE07=G:BELØB=0:SÆSON=SÆSON,2014-11-01,52447.0
DST:FIKS22:BRANCHE07=G:BELØB=0:SÆSON=SÆSON,2014-12-01,52873.0
DST:FIKS22:BRANCHE07=G:BELØB=0:SÆSON=SÆSON,2015-01-01,53434.0
DST:FIKS22:BRANCHE07=G:BELØB=0:SÆSON=SÆSON,2015-02-01,53087.0
DST:FIKS22:BRANCHE07=G:BELØB=0:SÆSON=SÆSON,2015-03-01,55186.0
DST:FIKS22:BRANCHE07=G:BELØB=0:SÆSON=SÆSON,2015-04-01,52704.0
DST:FIKS22:BRANCHE07=G:BELØB=0:SÆSON=SÆSON,2015-05-01,54106.0
DST:FIKS22:BRANCHE07=G:BELØB=0:SÆSON=SÆSON,2015-06-01,54568.0
DST:FIKS22:BRANCHE07=G:BELØB=0:SÆSON=SÆSON,2015-07-01,54269.0
DST:FIKS22:BRANCHE07=G:BELØB=0:SÆSON=SÆSON,2015-08-01,55558.0
DST:FIKS22:BRANCHE07=G:BELØB=0:SÆSON=SÆSON,2015-09-01,51944.0
DST:FIKS22:BRANCHE07=G:BELØB=0:SÆSON=SÆSON,2015-10-01,53050.0
DST:FIKS22:BRANCHE07=G:BELØB=0:SÆSON=SÆSON,2015-11-01,53428.0
DST:FIKS22:BRANCHE07=G:BELØB=0:SÆSON=SÆSON,2015-12-01,51967.0
DST:FIKS22:BRANCHE07=G:BELØB=0:SÆSON=SÆSON,2016-01-01,52390.0
DST:FIKS22:BRANCHE07=G:BELØB=0:SÆSON=SÆSON,2016-02-01,54410.0
DST:FIKS22:BRANCHE07=G:BELØB=0:SÆSON=SÆSON,2016-03-01,53845.0
DST:FIKS22:BRANCHE07=G:BELØB=0:SÆSON=SÆSON,2016-04-01,52180.0
DST:FIKS22:BRANCHE07=G:BELØB=0:SÆSON=SÆSON,2016-05-01,53261.0
DST:FIKS22:BRANCHE07=G:BELØB=0:SÆSON=SÆSON,2016-06-01,52525.0
DST:FIKS22:BRANCHE07=G:BELØB=0:SÆSON=SÆSON,2016-07-01,52120.0
DST:FIKS22:BRANCHE07=G:BELØB=0:SÆSON=SÆSON,2016-08-01,53926.0
DST:FIKS22:BRANCHE07=G:BELØB=0:SÆSON=SÆSON,2016-09-01,53911.0
DST:FIKS22:BRANCHE07=G:BELØB=0:SÆSON=SÆSON,2016-10-01,53935.0
DST:FIKS22:BRANCHE07=G:BELØB=0:SÆSON=SÆSON,2016-11-01,55523.0
DST:FIKS22:BRANCHE07=G:BELØB=0:SÆSON=SÆSON,2016-12-01,56106.0
DST:FIKS22:BRANCHE07=G:BELØB=0:SÆSON=SÆSON,2017-01-01,54844.0
DST:FIKS22:BRANCHE07=G:BELØB=0:SÆSON=SÆSON,2017-02-01,57263.0
DST:FIKS22:BRANCHE07=G:BELØB=0:SÆSON=SÆSON,2017-03-01,56492.0
DST:FIKS22:BRANCHE07=G:BELØB=0:SÆSON=SÆSON,2017-04-01,56646.0
DST:FIKS22:BRANCHE07=G:BELØB=0:SÆSON=SÆSON,2017-05-01,55802.0
DST:FIKS22:BRANCHE07=G:BELØB=0:SÆSON=SÆSON,2017-06-01,55379.0
DST:FIKS22:BRANCHE07=G:BELØB=0:SÆSON=SÆSON,2017-07-01,57095.0
DST:FIKS22:BRANCHE07=G:BELØB=0:SÆSON=SÆSON,2017-08-01,55851.0
DST:FIKS22:BRANCHE07=G:BELØB=0:SÆSON=SÆSON,2017-09-01,58001.0
DST:FIKS22:BRANCHE07=G:BELØB=0:SÆSON=SÆSON,2017-10-01,56084.0
DST:FIKS22:BRANCHE07=G:BELØB=0:SÆSON=SÆSON,2017-11-01,58185.0
DST:FIKS22:BRANCHE07=G:BELØB=0:SÆSON=SÆSON,2017-12-01,59081.0
DST:FIKS22:BRANCHE07=G:BELØB=0:SÆSON=SÆSON,2018-01-01,58946.0
DST:FIKS22:BRANCHE07=G:BELØB=0:SÆSON=SÆSON,2018-02-01,55279.0
DST:FIKS22:BRANCHE07=G:BELØB=0:SÆSON=SÆSON,2018-03-01,57279.0
DST:FIKS22:BRANCHE07=G:BELØB=0:SÆSON=SÆSON,2018-04-01,58656.0
DST:FIKS22:BRANCHE07=G:BELØB=0:SÆSON=SÆSON,2018-05-01,59530.0
DST:FIKS22:BRANCHE07=G:BELØB=0:SÆSON=SÆSON,2018-06-01,58373.0
DST:FIKS22:BRANCHE07=G:BELØB=0:SÆSON=SÆSON,2018-07-01,59051.0
DST:FIKS22:BRANCHE07=G:BELØB=0:SÆSON=SÆSON,2018-08-01,58536.0
DST:FIKS22:BRANCHE07=G:BELØB=0:SÆSON=SÆSON,2018-09-01,57672.0
DST:FIKS22:BRANCHE07=G:BELØB=0:SÆSON=SÆSON,2018-10-01,59770.0
DST:FIKS22:BRANCHE07=G:BELØB=0:SÆSON=SÆSON,2018-11-01,57806.0
DST:FIKS22:BRANCHE07=G:BELØB=0:SÆSON=SÆSON,2018-12-01,58432.0
DST:FIKS22:BRANCHE07=G:BELØB=0:SÆSON=SÆSON,2019-01-01,60146.0
DST:FIKS22:BRANCHE07=G:BELØB=0:SÆSON=SÆSON,2019-02-01,58702.0
DST:FIKS22:BRANCHE07=G:BELØB=0:SÆSON=SÆSON,2019-03-01,57664.0
DST:FIKS22:BRANCHE07=G:BELØB=0:SÆSON=SÆSON,2019-04-01,58869.0
DST:FIKS22:BRANCHE07=G:BELØB=0:SÆSON=SÆSON,2019-05-01,59279.0
DST:FIKS22:BRANCHE07=G:BELØB=0:SÆSON=SÆSON,2019-06-01,60545.0
DST:FIKS22:BRANCHE07=G:BELØB=0:SÆSON=SÆSON,2019-07-01,59807.0
DST:FIKS22:BRANCHE07=G:BELØB=0:SÆSON=SÆSON,2019-08-01,59909.0
DST:FIKS22:BRANCHE07=G:BELØB=0:SÆSON=SÆSON,2019-09-01,59955.0
DST:FIKS22:BRANCHE07=G:BELØB=0:SÆSON=SÆSON,2019-10-01,60726.0
DST:FIKS22:BRANCHE07=G:BELØB=0:SÆSON=SÆSON,2019-11-01,60901.0
DST:FIKS22:BRANCHE07=G:BELØB=0:SÆSON=SÆSON,2019-12-01,60482.0
DST:FIKS22:BRANCHE07=G:BELØB=0:SÆSON=SÆSON,2020-01-01,61119.0
DST:FIKS22:BRANCHE07=G:BELØB=0:SÆSON=SÆSON,2020-02-01,60614.0
DST:FIKS22:BRANCHE07=G:BELØB=0:SÆSON=SÆSON,2020-03-01,59489.0
DST:FIKS22:BRANCHE07=G:BELØB=0:SÆSON=SÆSON,2020-04-01,52316.0
DST:FIKS22:BRANCHE07=G:BELØB=0:SÆSON=SÆSON,2020-05-01,54690.0
DST:FIKS22:BRANCHE07=G:BELØB=0:SÆSON=SÆSON,2020-06-01,61120.0
DST:FIKS22:BRANCHE07=G:BELØB=0:SÆSON=SÆSON,2020-07-01,60552.0
DST:FIKS22:BRANCHE07=G:BELØB=0:SÆSON=SÆSON,2020-08-01,62853.0
DST:FIKS22:BRANCHE07=G:BELØB=0:SÆSON=SÆSON,2020-09-01,59585.0
DST:FIKS22:BRANCHE07=G:BELØB=0:SÆSON=SÆSON,2020-10-01,60532.0
DST:FIKS22:BRANCHE07=G:BELØB=0:SÆSON=SÆSON,2020-11-01,61752.0
DST:FIKS22:BRANCHE07=G:BELØB=0:SÆSON=SÆSON,2020-12-01,62534.0
DST:FIKS22:BRANCHE07=G:BELØB=0:SÆSON=SÆSON,2021-01-01,62222.0
DST:FIKS22:BRANCHE07=G:BELØB=0:SÆSON=SÆSON,2021-02-01,64445.0
DST:FIKS22:BRANCHE07=G:BELØB=0:SÆSON=SÆSON,2021-03-01,67013.0
DST:FIKS22:BRANCHE07=G:BELØB=0:SÆSON=SÆSON,2021-04-01,66206.0
DST:FIKS22:BRANCHE07=G:BELØB=0:SÆSON=SÆSON,2021-05-01,65195.0
DST:FIKS22:BRANCHE07=G:BELØB=0:SÆSON=SÆSON,2021-06-01,65471.0
DST:FIKS22:BRANCHE07=G:BELØB=0:SÆSON=SÆSON,2021-07-01,67524.0
DST:FIKS22:BRANCHE07=G:BELØB=0:SÆSON=SÆSON,2021-08-01,66167.0
DST:FIKS22:BRANCHE07=G:BELØB=0:SÆSON=SÆSON,2021-09-01,68039.0
DST:FIKS22:BRANCHE07=G:BELØB=0:SÆSON=SÆSON,2021-10-01,68582.0
DST:FIKS22:BRANCHE07=G:BELØB=0:SÆSON=SÆSON,2021-11-01,70818.0
DST:FIKS22:BRANCHE07=G:BELØB=0:SÆSON=SÆSON,2021-12-01,69748.0
DST:FIKS22:BRANCHE07=G:BELØB=0:SÆSON=SÆSON,2022-01-01,76291.0
DST:FIKS22:BRANCHE07=G:BELØB=0:SÆSON=SÆSON,2022-02-01,78396.0
DST:FIKS22:BRANCHE07=G:BELØB=0:SÆSON=SÆSON,2022-03-01,80294.0
DST:FIKS22:BRANCHE07=G:BELØB=0:SÆSON=SÆSON,2022-04-01,81401.0
DST:FIKS22:BRANCHE07=G:BELØB=0:SÆSON=SÆSON,2022-05-01,86086.0
DST:FIKS22:BRANCHE07=G:BELØB=0:SÆSON=SÆSON,2022-06-01,85745.0
DST:FIKS22:BRANCHE07=G:BELØB=0:SÆSON=SÆSON,2022-07-01,84510.0
DST:FIKS22:BRANCHE07=G:BELØB=0:SÆSON=SÆSON,2022-08-01,86738.0
DST:FIKS22:BRANCHE07=G:BELØB=0:SÆSON=SÆSON,2022-09-01,88955.0
DST:FIKS22:BRANCHE07=G:BELØB=0:SÆSON=SÆSON,2022-10-01,81775.0
DST:FIKS22:BRANCHE07=G:BELØB=0:SÆSON=SÆSON,2022-11-01,82570.0
DST:FIKS22:BRANCHE07=G:BELØB=0:SÆSON=SÆSON,2022-12-01,83214.0
DST:FIKS22:BRANCHE07=G:BELØB=0:SÆSON=SÆSON,2023-01-01,81959.0
DST:FIKS22:BRANCHE07=G:BELØB=0:SÆSON=SÆSON,2023-02-01,81633.0
DST:FIKS22:BRANCHE07=G:BELØB=0:SÆSON=SÆSON,2023-03-01,79067.0
DST:FIKS22:BRANCHE07=G:BELØB=0:SÆSON=SÆSON,2023-04-01,77920.0
DST:FIKS22:BRANCHE07=G:BELØB=0:SÆSON=SÆSON,2023-05-01,78790.0
DST:FIKS22:BRANCHE07=G:BELØB=0:SÆSON=SÆSON,2023-06-01,77303.0
DST:FIKS22:BRANCHE07=G:BELØB=0:SÆSON=SÆSON,2023-07-01,77700.0
DST:FIKS22:BRANCHE07=G:BELØB=0:SÆSON=SÆSON,2023-08-01,79826.0
DST:FIKS22:BRANCHE07=G:BELØB=0:SÆSON=SÆSON,2023-09-01,80041.0
DST:FIKS22:BRANCHE07=G:BELØB=0:SÆSON=SÆSON,2023-10-01,79691.0
DST:FIKS22:BRANCHE07=G:BELØB=0:SÆSON=SÆSON,2023-11-01,80057.0
DST:FIKS22:BRANCHE07=G:BELØB=0:SÆSON=SÆSON,2023-12-01,80540.0
DST:FIKS22:BRANCHE07=G:BELØB=0:SÆSON=SÆSON,2024-01-01,79896.0
DST:FIKS22:BRANCHE07=G:BELØB=0:SÆSON=SÆSON,2024-02-01,79634.0
DST:FIKS22:BRANCHE07=G:BELØB=0:SÆSON=SÆSON,2024-03-01,80077.0
DST:FIKS22:BRANCHE07=G:BELØB=0:SÆSON=SÆSON,2024-04-01,79443.0
DST:FIKS22:BRANCHE07=G:BELØB=0:SÆSON=SÆSON,2024-05-01,79015.0
DST:FIKS22:BRANCHE07=G:BELØB=0:SÆSON=SÆSON,2024-06-01,78324.0
DST:FIKS22:BRANCHE07=G:BELØB=0:SÆSON=SÆSON,2024-07-01,79351.0
DST:FIKS22:BRANCHE07=G:BELØB=0:SÆSON=SÆSON,2024-08-01,77576.0
DST:FIKS22:BRANCHE07=G:BELØB=0:SÆSON=SÆSON,2024-09-01,77684.0
DST:FIKS22:BRANCHE07=G:BELØB=0:SÆSON=SÆSON,2024-10-01,79140.0
DST:FIKS22:BRANCHE07=G:BELØB=0:SÆSON=SÆSON,2024-11-01,78497.0
DST:FIKS22:BRANCHE07=G:BELØB=0:SÆSON=SÆSON,2024-12-01,79484.0
DST:FIKS22:BRANCHE07=G:BELØB=0:SÆSON=SÆSON,2025-01-01,82188.0
DST:FIKS22:BRANCHE07=G:BELØB=0:SÆSON=SÆSON,2025-02-01,83008.0
DST:FIKS22:BRANCHE07=G:BELØB=0:SÆSON=SÆSON,2025-03-01,76988.0
DST:FIKS22:BRANCHE07=G:BELØB=0:SÆSON=SÆSON,2025-04-01,80898.0
DST:FIKS22:BRANCHE07=G:BELØB=0:SÆSON=SÆSON,2025-05-01,79390.0
DST:FIKS22:BRANCHE07=G:BELØB=0:SÆSON=SÆSON,2025-06-01,83322.0
DST:FIKS22:BRANCHE07=G:BELØB=0:SÆSON=SÆSON,2025-07-01,79728.0
DST:FIKS22:BRANCHE07=G:BELØB=0:SÆSON=SÆSON,2025-08-01,81029.0
DST:FIKS22:BRANCHE07=G:BELØB=0:SÆSON=SÆSON,2025-09-01,79403.0
DST:FIKS22:BRANCHE07=G:BELØB=0:SÆSON=SÆSON,2025-10-01,80652.0
DST:FIKS22:BRANCHE07=G:BELØB=0:SÆSON=SÆSON,2025-11-01,82788.0
DST:FIKS22:BRANCHE07=G:BELØB=0:SÆSON=SÆSON,2025-12-01,79420.0
DST:FIKS22:BRANCHE07=G:BELØB=0:SÆSON=SÆSON,2026-01-01,81177.0
DST:FIKS22:BRANCHE07=G:BELØB=0:SÆSON=SÆSON,2026-02-01,78931.0
DST:FIKS22:BRANCHE07=G:BELØB=0:SÆSON=SÆSON,2026-03-01,83146.0
DST:FIKS22:BRANCHE07=G:BELØB=1:SÆSON=EJSÆSON,2009-01-01,70008.0
DST:FIKS22:BRANCHE07=G:BELØB=1:SÆSON=EJSÆSON,2009-02-01,65628.0
DST:FIKS22:BRANCHE07=G:BELØB=1:SÆSON=EJSÆSON,2009-03-01,76448.0
DST:FIKS22:BRANCHE07=G:BELØB=1:SÆSON=EJSÆSON,2009-04-01,75837.0
DST:FIKS22:BRANCHE07=G:BELØB=1:SÆSON=EJSÆSON,2009-05-01,71205.0
DST:FIKS22:BRANCHE07=G:BELØB=1:SÆSON=EJSÆSON,2009-06-01,76267.0
DST:FIKS22:BRANCHE07=G:BELØB=1:SÆSON=EJSÆSON,2009-07-01,69190.0
DST:FIKS22:BRANCHE07=G:BELØB=1:SÆSON=EJSÆSON,2009-08-01,71416.0
DST:FIKS22:BRANCHE07=G:BELØB=1:SÆSON=EJSÆSON,2009-09-01,74398.0
DST:FIKS22:BRANCHE07=G:BELØB=1:SÆSON=EJSÆSON,2009-10-01,76893.0
DST:FIKS22:BRANCHE07=G:BELØB=1:SÆSON=EJSÆSON,2009-11-01,71386.0
DST:FIKS22:BRANCHE07=G:BELØB=1:SÆSON=EJSÆSON,2009-12-01,80630.0
DST:FIKS22:BRANCHE07=G:BELØB=1:SÆSON=EJSÆSON,2010-01-01,65638.0
DST:FIKS22:BRANCHE07=G:BELØB=1:SÆSON=EJSÆSON,2010-02-01,61651.0
DST:FIKS22:BRANCHE07=G:BELØB=1:SÆSON=EJSÆSON,2010-03-01,82025.0
DST:FIKS22:BRANCHE07=G:BELØB=1:SÆSON=EJSÆSON,2010-04-01,72578.0
DST:FIKS22:BRANCHE07=G:BELØB=1:SÆSON=EJSÆSON,2010-05-01,74439.0
DST:FIKS22:BRANCHE07=G:BELØB=1:SÆSON=EJSÆSON,2010-06-01,80302.0
DST:FIKS22:BRANCHE07=G:BELØB=1:SÆSON=EJSÆSON,2010-07-01,74388.0
DST:FIKS22:BRANCHE07=G:BELØB=1:SÆSON=EJSÆSON,2010-08-01,79030.0
DST:FIKS22:BRANCHE07=G:BELØB=1:SÆSON=EJSÆSON,2010-09-01,75440.0
DST:FIKS22:BRANCHE07=G:BELØB=1:SÆSON=EJSÆSON,2010-10-01,79704.0
DST:FIKS22:BRANCHE07=G:BELØB=1:SÆSON=EJSÆSON,2010-11-01,84239.0
DST:FIKS22:BRANCHE07=G:BELØB=1:SÆSON=EJSÆSON,2010-12-01,90307.0
DST:FIKS22:BRANCHE07=G:BELØB=1:SÆSON=EJSÆSON,2011-01-01,73850.0
DST:FIKS22:BRANCHE07=G:BELØB=1:SÆSON=EJSÆSON,2011-02-01,70601.0
DST:FIKS22:BRANCHE07=G:BELØB=1:SÆSON=EJSÆSON,2011-03-01,84562.0
DST:FIKS22:BRANCHE07=G:BELØB=1:SÆSON=EJSÆSON,2011-04-01,82318.0
DST:FIKS22:BRANCHE07=G:BELØB=1:SÆSON=EJSÆSON,2011-05-01,84517.0
DST:FIKS22:BRANCHE07=G:BELØB=1:SÆSON=EJSÆSON,2011-06-01,82770.0
DST:FIKS22:BRANCHE07=G:BELØB=1:SÆSON=EJSÆSON,2011-07-01,71188.0
DST:FIKS22:BRANCHE07=G:BELØB=1:SÆSON=EJSÆSON,2011-08-01,83599.0
DST:FIKS22:BRANCHE07=G:BELØB=1:SÆSON=EJSÆSON,2011-09-01,87486.0
DST:FIKS22:BRANCHE07=G:BELØB=1:SÆSON=EJSÆSON,2011-10-01,81690.0
DST:FIKS22:BRANCHE07=G:BELØB=1:SÆSON=EJSÆSON,2011-11-01,85568.0
DST:FIKS22:BRANCHE07=G:BELØB=1:SÆSON=EJSÆSON,2011-12-01,91411.0
DST:FIKS22:BRANCHE07=G:BELØB=1:SÆSON=EJSÆSON,2012-01-01,73993.0
DST:FIKS22:BRANCHE07=G:BELØB=1:SÆSON=EJSÆSON,2012-02-01,74429.0
DST:FIKS22:BRANCHE07=G:BELØB=1:SÆSON=EJSÆSON,2012-03-01,89055.0
DST:FIKS22:BRANCHE07=G:BELØB=1:SÆSON=EJSÆSON,2012-04-01,76903.0
DST:FIKS22:BRANCHE07=G:BELØB=1:SÆSON=EJSÆSON,2012-05-01,84284.0
DST:FIKS22:BRANCHE07=G:BELØB=1:SÆSON=EJSÆSON,2012-06-01,83329.0
DST:FIKS22:BRANCHE07=G:BELØB=1:SÆSON=EJSÆSON,2012-07-01,75063.0
DST:FIKS22:BRANCHE07=G:BELØB=1:SÆSON=EJSÆSON,2012-08-01,84093.0
DST:FIKS22:BRANCHE07=G:BELØB=1:SÆSON=EJSÆSON,2012-09-01,80270.0
DST:FIKS22:BRANCHE07=G:BELØB=1:SÆSON=EJSÆSON,2012-10-01,86531.0
DST:FIKS22:BRANCHE07=G:BELØB=1:SÆSON=EJSÆSON,2012-11-01,86227.0
DST:FIKS22:BRANCHE07=G:BELØB=1:SÆSON=EJSÆSON,2012-12-01,88091.0
DST:FIKS22:BRANCHE07=G:BELØB=1:SÆSON=EJSÆSON,2013-01-01,76675.0
DST:FIKS22:BRANCHE07=G:BELØB=1:SÆSON=EJSÆSON,2013-02-01,70623.0
DST:FIKS22:BRANCHE07=G:BELØB=1:SÆSON=EJSÆSON,2013-03-01,79562.0
DST:FIKS22:BRANCHE07=G:BELØB=1:SÆSON=EJSÆSON,2013-04-01,83172.0
DST:FIKS22:BRANCHE07=G:BELØB=1:SÆSON=EJSÆSON,2013-05-01,85654.0
DST:FIKS22:BRANCHE07=G:BELØB=1:SÆSON=EJSÆSON,2013-06-01,82711.0
DST:FIKS22:BRANCHE07=G:BELØB=1:SÆSON=EJSÆSON,2013-07-01,76795.0
DST:FIKS22:BRANCHE07=G:BELØB=1:SÆSON=EJSÆSON,2013-08-01,81059.0
DST:FIKS22:BRANCHE07=G:BELØB=1:SÆSON=EJSÆSON,2013-09-01,81035.0
DST:FIKS22:BRANCHE07=G:BELØB=1:SÆSON=EJSÆSON,2013-10-01,84987.0
DST:FIKS22:BRANCHE07=G:BELØB=1:SÆSON=EJSÆSON,2013-11-01,83676.0
DST:FIKS22:BRANCHE07=G:BELØB=1:SÆSON=EJSÆSON,2013-12-01,90204.0
DST:FIKS22:BRANCHE07=G:BELØB=1:SÆSON=EJSÆSON,2014-01-01,75767.0
DST:FIKS22:BRANCHE07=G:BELØB=1:SÆSON=EJSÆSON,2014-02-01,71455.0
DST:FIKS22:BRANCHE07=G:BELØB=1:SÆSON=EJSÆSON,2014-03-01,82908.0
DST:FIKS22:BRANCHE07=G:BELØB=1:SÆSON=EJSÆSON,2014-04-01,82934.0
DST:FIKS22:BRANCHE07=G:BELØB=1:SÆSON=EJSÆSON,2014-05-01,85488.0
DST:FIKS22:BRANCHE07=G:BELØB=1:SÆSON=EJSÆSON,2014-06-01,82434.0
DST:FIKS22:BRANCHE07=G:BELØB=1:SÆSON=EJSÆSON,2014-07-01,77187.0
DST:FIKS22:BRANCHE07=G:BELØB=1:SÆSON=EJSÆSON,2014-08-01,79717.0
DST:FIKS22:BRANCHE07=G:BELØB=1:SÆSON=EJSÆSON,2014-09-01,84819.0
DST:FIKS22:BRANCHE07=G:BELØB=1:SÆSON=EJSÆSON,2014-10-01,85734.0
DST:FIKS22:BRANCHE07=G:BELØB=1:SÆSON=EJSÆSON,2014-11-01,80955.0
DST:FIKS22:BRANCHE07=G:BELØB=1:SÆSON=EJSÆSON,2014-12-01,90874.0
DST:FIKS22:BRANCHE07=G:BELØB=1:SÆSON=EJSÆSON,2015-01-01,74696.0
DST:FIKS22:BRANCHE07=G:BELØB=1:SÆSON=EJSÆSON,2015-02-01,71415.0
DST:FIKS22:BRANCHE07=G:BELØB=1:SÆSON=EJSÆSON,2015-03-01,88671.0
DST:FIKS22:BRANCHE07=G:BELØB=1:SÆSON=EJSÆSON,2015-04-01,81186.0
DST:FIKS22:BRANCHE07=G:BELØB=1:SÆSON=EJSÆSON,2015-05-01,82468.0
DST:FIKS22:BRANCHE07=G:BELØB=1:SÆSON=EJSÆSON,2015-06-01,87438.0
DST:FIKS22:BRANCHE07=G:BELØB=1:SÆSON=EJSÆSON,2015-07-01,79329.0
DST:FIKS22:BRANCHE07=G:BELØB=1:SÆSON=EJSÆSON,2015-08-01,81429.0
DST:FIKS22:BRANCHE07=G:BELØB=1:SÆSON=EJSÆSON,2015-09-01,83856.0
DST:FIKS22:BRANCHE07=G:BELØB=1:SÆSON=EJSÆSON,2015-10-01,85660.0
DST:FIKS22:BRANCHE07=G:BELØB=1:SÆSON=EJSÆSON,2015-11-01,86007.0
DST:FIKS22:BRANCHE07=G:BELØB=1:SÆSON=EJSÆSON,2015-12-01,93153.0
DST:FIKS22:BRANCHE07=G:BELØB=1:SÆSON=EJSÆSON,2016-01-01,73260.0
DST:FIKS22:BRANCHE07=G:BELØB=1:SÆSON=EJSÆSON,2016-02-01,74735.0
DST:FIKS22:BRANCHE07=G:BELØB=1:SÆSON=EJSÆSON,2016-03-01,84687.0
DST:FIKS22:BRANCHE07=G:BELØB=1:SÆSON=EJSÆSON,2016-04-01,84084.0
DST:FIKS22:BRANCHE07=G:BELØB=1:SÆSON=EJSÆSON,2016-05-01,86059.0
DST:FIKS22:BRANCHE07=G:BELØB=1:SÆSON=EJSÆSON,2016-06-01,90775.0
DST:FIKS22:BRANCHE07=G:BELØB=1:SÆSON=EJSÆSON,2016-07-01,74520.0
DST:FIKS22:BRANCHE07=G:BELØB=1:SÆSON=EJSÆSON,2016-08-01,84107.0
DST:FIKS22:BRANCHE07=G:BELØB=1:SÆSON=EJSÆSON,2016-09-01,86687.0
DST:FIKS22:BRANCHE07=G:BELØB=1:SÆSON=EJSÆSON,2016-10-01,83692.0
DST:FIKS22:BRANCHE07=G:BELØB=1:SÆSON=EJSÆSON,2016-11-01,90544.0
DST:FIKS22:BRANCHE07=G:BELØB=1:SÆSON=EJSÆSON,2016-12-01,95498.0
DST:FIKS22:BRANCHE07=G:BELØB=1:SÆSON=EJSÆSON,2017-01-01,79615.0
DST:FIKS22:BRANCHE07=G:BELØB=1:SÆSON=EJSÆSON,2017-02-01,76449.0
DST:FIKS22:BRANCHE07=G:BELØB=1:SÆSON=EJSÆSON,2017-03-01,94307.0
DST:FIKS22:BRANCHE07=G:BELØB=1:SÆSON=EJSÆSON,2017-04-01,83118.0
DST:FIKS22:BRANCHE07=G:BELØB=1:SÆSON=EJSÆSON,2017-05-01,91665.0
DST:FIKS22:BRANCHE07=G:BELØB=1:SÆSON=EJSÆSON,2017-06-01,93312.0
DST:FIKS22:BRANCHE07=G:BELØB=1:SÆSON=EJSÆSON,2017-07-01,77754.0
DST:FIKS22:BRANCHE07=G:BELØB=1:SÆSON=EJSÆSON,2017-08-01,88985.0
DST:FIKS22:BRANCHE07=G:BELØB=1:SÆSON=EJSÆSON,2017-09-01,88241.0
DST:FIKS22:BRANCHE07=G:BELØB=1:SÆSON=EJSÆSON,2017-10-01,89648.0
DST:FIKS22:BRANCHE07=G:BELØB=1:SÆSON=EJSÆSON,2017-11-01,96443.0
DST:FIKS22:BRANCHE07=G:BELØB=1:SÆSON=EJSÆSON,2017-12-01,96788.0
DST:FIKS22:BRANCHE07=G:BELØB=1:SÆSON=EJSÆSON,2018-01-01,83771.0
DST:FIKS22:BRANCHE07=G:BELØB=1:SÆSON=EJSÆSON,2018-02-01,77711.0
DST:FIKS22:BRANCHE07=G:BELØB=1:SÆSON=EJSÆSON,2018-03-01,90780.0
DST:FIKS22:BRANCHE07=G:BELØB=1:SÆSON=EJSÆSON,2018-04-01,90522.0
DST:FIKS22:BRANCHE07=G:BELØB=1:SÆSON=EJSÆSON,2018-05-01,98696.0
DST:FIKS22:BRANCHE07=G:BELØB=1:SÆSON=EJSÆSON,2018-06-01,95822.0
DST:FIKS22:BRANCHE07=G:BELØB=1:SÆSON=EJSÆSON,2018-07-01,84617.0
DST:FIKS22:BRANCHE07=G:BELØB=1:SÆSON=EJSÆSON,2018-08-01,92653.0
DST:FIKS22:BRANCHE07=G:BELØB=1:SÆSON=EJSÆSON,2018-09-01,88236.0
DST:FIKS22:BRANCHE07=G:BELØB=1:SÆSON=EJSÆSON,2018-10-01,96407.0
DST:FIKS22:BRANCHE07=G:BELØB=1:SÆSON=EJSÆSON,2018-11-01,98725.0
DST:FIKS22:BRANCHE07=G:BELØB=1:SÆSON=EJSÆSON,2018-12-01,95800.0
DST:FIKS22:BRANCHE07=G:BELØB=1:SÆSON=EJSÆSON,2019-01-01,86723.0
DST:FIKS22:BRANCHE07=G:BELØB=1:SÆSON=EJSÆSON,2019-02-01,81428.0
DST:FIKS22:BRANCHE07=G:BELØB=1:SÆSON=EJSÆSON,2019-03-01,94611.0
DST:FIKS22:BRANCHE07=G:BELØB=1:SÆSON=EJSÆSON,2019-04-01,93011.0
DST:FIKS22:BRANCHE07=G:BELØB=1:SÆSON=EJSÆSON,2019-05-01,95881.0
DST:FIKS22:BRANCHE07=G:BELØB=1:SÆSON=EJSÆSON,2019-06-01,94720.0
DST:FIKS22:BRANCHE07=G:BELØB=1:SÆSON=EJSÆSON,2019-07-01,87913.0
DST:FIKS22:BRANCHE07=G:BELØB=1:SÆSON=EJSÆSON,2019-08-01,92802.0
DST:FIKS22:BRANCHE07=G:BELØB=1:SÆSON=EJSÆSON,2019-09-01,92488.0
DST:FIKS22:BRANCHE07=G:BELØB=1:SÆSON=EJSÆSON,2019-10-01,97485.0
DST:FIKS22:BRANCHE07=G:BELØB=1:SÆSON=EJSÆSON,2019-11-01,99275.0
DST:FIKS22:BRANCHE07=G:BELØB=1:SÆSON=EJSÆSON,2019-12-01,101109.0
DST:FIKS22:BRANCHE07=G:BELØB=1:SÆSON=EJSÆSON,2020-01-01,88302.0
DST:FIKS22:BRANCHE07=G:BELØB=1:SÆSON=EJSÆSON,2020-02-01,84937.0
DST:FIKS22:BRANCHE07=G:BELØB=1:SÆSON=EJSÆSON,2020-03-01,96773.0
DST:FIKS22:BRANCHE07=G:BELØB=1:SÆSON=EJSÆSON,2020-04-01,84959.0
DST:FIKS22:BRANCHE07=G:BELØB=1:SÆSON=EJSÆSON,2020-05-01,89852.0
DST:FIKS22:BRANCHE07=G:BELØB=1:SÆSON=EJSÆSON,2020-06-01,101011.0
DST:FIKS22:BRANCHE07=G:BELØB=1:SÆSON=EJSÆSON,2020-07-01,92945.0
DST:FIKS22:BRANCHE07=G:BELØB=1:SÆSON=EJSÆSON,2020-08-01,94504.0
DST:FIKS22:BRANCHE07=G:BELØB=1:SÆSON=EJSÆSON,2020-09-01,98521.0
DST:FIKS22:BRANCHE07=G:BELØB=1:SÆSON=EJSÆSON,2020-10-01,102800.0
DST:FIKS22:BRANCHE07=G:BELØB=1:SÆSON=EJSÆSON,2020-11-01,104475.0
DST:FIKS22:BRANCHE07=G:BELØB=1:SÆSON=EJSÆSON,2020-12-01,111122.0
DST:FIKS22:BRANCHE07=G:BELØB=1:SÆSON=EJSÆSON,2021-01-01,84707.0
DST:FIKS22:BRANCHE07=G:BELØB=1:SÆSON=EJSÆSON,2021-02-01,85956.0
DST:FIKS22:BRANCHE07=G:BELØB=1:SÆSON=EJSÆSON,2021-03-01,118175.0
DST:FIKS22:BRANCHE07=G:BELØB=1:SÆSON=EJSÆSON,2021-04-01,102060.0
DST:FIKS22:BRANCHE07=G:BELØB=1:SÆSON=EJSÆSON,2021-05-01,105676.0
DST:FIKS22:BRANCHE07=G:BELØB=1:SÆSON=EJSÆSON,2021-06-01,116014.0
DST:FIKS22:BRANCHE07=G:BELØB=1:SÆSON=EJSÆSON,2021-07-01,99981.0
DST:FIKS22:BRANCHE07=G:BELØB=1:SÆSON=EJSÆSON,2021-08-01,104770.0
DST:FIKS22:BRANCHE07=G:BELØB=1:SÆSON=EJSÆSON,2021-09-01,110241.0
DST:FIKS22:BRANCHE07=G:BELØB=1:SÆSON=EJSÆSON,2021-10-01,109181.0
DST:FIKS22:BRANCHE07=G:BELØB=1:SÆSON=EJSÆSON,2021-11-01,120474.0
DST:FIKS22:BRANCHE07=G:BELØB=1:SÆSON=EJSÆSON,2021-12-01,124433.0
DST:FIKS22:BRANCHE07=G:BELØB=1:SÆSON=EJSÆSON,2022-01-01,100024.0
DST:FIKS22:BRANCHE07=G:BELØB=1:SÆSON=EJSÆSON,2022-02-01,106155.0
DST:FIKS22:BRANCHE07=G:BELØB=1:SÆSON=EJSÆSON,2022-03-01,132536.0
DST:FIKS22:BRANCHE07=G:BELØB=1:SÆSON=EJSÆSON,2022-04-01,123462.0
DST:FIKS22:BRANCHE07=G:BELØB=1:SÆSON=EJSÆSON,2022-05-01,129583.0
DST:FIKS22:BRANCHE07=G:BELØB=1:SÆSON=EJSÆSON,2022-06-01,135498.0
DST:FIKS22:BRANCHE07=G:BELØB=1:SÆSON=EJSÆSON,2022-07-01,113918.0
DST:FIKS22:BRANCHE07=G:BELØB=1:SÆSON=EJSÆSON,2022-08-01,127005.0
DST:FIKS22:BRANCHE07=G:BELØB=1:SÆSON=EJSÆSON,2022-09-01,132606.0
DST:FIKS22:BRANCHE07=G:BELØB=1:SÆSON=EJSÆSON,2022-10-01,121554.0
DST:FIKS22:BRANCHE07=G:BELØB=1:SÆSON=EJSÆSON,2022-11-01,130003.0
DST:FIKS22:BRANCHE07=G:BELØB=1:SÆSON=EJSÆSON,2022-12-01,133564.0
DST:FIKS22:BRANCHE07=G:BELØB=1:SÆSON=EJSÆSON,2023-01-01,111298.0
DST:FIKS22:BRANCHE07=G:BELØB=1:SÆSON=EJSÆSON,2023-02-01,107281.0
DST:FIKS22:BRANCHE07=G:BELØB=1:SÆSON=EJSÆSON,2023-03-01,130802.0
DST:FIKS22:BRANCHE07=G:BELØB=1:SÆSON=EJSÆSON,2023-04-01,113518.0
DST:FIKS22:BRANCHE07=G:BELØB=1:SÆSON=EJSÆSON,2023-05-01,123055.0
DST:FIKS22:BRANCHE07=G:BELØB=1:SÆSON=EJSÆSON,2023-06-01,127805.0
DST:FIKS22:BRANCHE07=G:BELØB=1:SÆSON=EJSÆSON,2023-07-01,103316.0
DST:FIKS22:BRANCHE07=G:BELØB=1:SÆSON=EJSÆSON,2023-08-01,123063.0
DST:FIKS22:BRANCHE07=G:BELØB=1:SÆSON=EJSÆSON,2023-09-01,122224.0
DST:FIKS22:BRANCHE07=G:BELØB=1:SÆSON=EJSÆSON,2023-10-01,121754.0
DST:FIKS22:BRANCHE07=G:BELØB=1:SÆSON=EJSÆSON,2023-11-01,128180.0
DST:FIKS22:BRANCHE07=G:BELØB=1:SÆSON=EJSÆSON,2023-12-01,124562.0
DST:FIKS22:BRANCHE07=G:BELØB=1:SÆSON=EJSÆSON,2024-01-01,109246.0
DST:FIKS22:BRANCHE07=G:BELØB=1:SÆSON=EJSÆSON,2024-02-01,107812.0
DST:FIKS22:BRANCHE07=G:BELØB=1:SÆSON=EJSÆSON,2024-03-01,119500.0
DST:FIKS22:BRANCHE07=G:BELØB=1:SÆSON=EJSÆSON,2024-04-01,124727.0
DST:FIKS22:BRANCHE07=G:BELØB=1:SÆSON=EJSÆSON,2024-05-01,126908.0
DST:FIKS22:BRANCHE07=G:BELØB=1:SÆSON=EJSÆSON,2024-06-01,121462.0
DST:FIKS22:BRANCHE07=G:BELØB=1:SÆSON=EJSÆSON,2024-07-01,111378.0
DST:FIKS22:BRANCHE07=G:BELØB=1:SÆSON=EJSÆSON,2024-08-01,117037.0
DST:FIKS22:BRANCHE07=G:BELØB=1:SÆSON=EJSÆSON,2024-09-01,117928.0
DST:FIKS22:BRANCHE07=G:BELØB=1:SÆSON=EJSÆSON,2024-10-01,125963.0
DST:FIKS22:BRANCHE07=G:BELØB=1:SÆSON=EJSÆSON,2024-11-01,126112.0
DST:FIKS22:BRANCHE07=G:BELØB=1:SÆSON=EJSÆSON,2024-12-01,128388.0
DST:FIKS22:BRANCHE07=G:BELØB=1:SÆSON=EJSÆSON,2025-01-01,114917.0
DST:FIKS22:BRANCHE07=G:BELØB=1:SÆSON=EJSÆSON,2025-02-01,111350.0
DST:FIKS22:BRANCHE07=G:BELØB=1:SÆSON=EJSÆSON,2025-03-01,125316.0
DST:FIKS22:BRANCHE07=G:BELØB=1:SÆSON=EJSÆSON,2025-04-01,122796.0
DST:FIKS22:BRANCHE07=G:BELØB=1:SÆSON=EJSÆSON,2025-05-01,126661.0
DST:FIKS22:BRANCHE07=G:BELØB=1:SÆSON=EJSÆSON,2025-06-01,128541.0
DST:FIKS22:BRANCHE07=G:BELØB=1:SÆSON=EJSÆSON,2025-07-01,114781.0
DST:FIKS22:BRANCHE07=G:BELØB=1:SÆSON=EJSÆSON,2025-08-01,118361.0
DST:FIKS22:BRANCHE07=G:BELØB=1:SÆSON=EJSÆSON,2025-09-01,125856.0
DST:FIKS22:BRANCHE07=G:BELØB=1:SÆSON=EJSÆSON,2025-10-01,130385.0
DST:FIKS22:BRANCHE07=G:BELØB=1:SÆSON=EJSÆSON,2025-11-01,127626.0
DST:FIKS22:BRANCHE07=G:BELØB=1:SÆSON=EJSÆSON,2025-12-01,133175.0
DST:FIKS22:BRANCHE07=G:BELØB=1:SÆSON=EJSÆSON,2026-01-01,111609.0
DST:FIKS22:BRANCHE07=G:BELØB=1:SÆSON=EJSÆSON,2026-02-01,107097.0
DST:FIKS22:BRANCHE07=G:BELØB=1:SÆSON=EJSÆSON,2026-03-01,135839.0
DST:FIKS22:BRANCHE07=G:BELØB=1:SÆSON=SÆSON,2009-01-01,75353.0
DST:FIKS22:BRANCHE07=G:BELØB=1:SÆSON=SÆSON,2009-02-01,75418.0
DST:FIKS22:BRANCHE07=G:BELØB=1:SÆSON=SÆSON,2009-03-01,73957.0
DST:FIKS22:BRANCHE07=G:BELØB=1:SÆSON=SÆSON,2009-04-01,75109.0
DST:FIKS22:BRANCHE07=G:BELØB=1:SÆSON=SÆSON,2009-05-01,71894.0
DST:FIKS22:BRANCHE07=G:BELØB=1:SÆSON=SÆSON,2009-06-01,74352.0
DST:FIKS22:BRANCHE07=G:BELØB=1:SÆSON=SÆSON,2009-07-01,73574.0
DST:FIKS22:BRANCHE07=G:BELØB=1:SÆSON=SÆSON,2009-08-01,73196.0
DST:FIKS22:BRANCHE07=G:BELØB=1:SÆSON=SÆSON,2009-09-01,72318.0
DST:FIKS22:BRANCHE07=G:BELØB=1:SÆSON=SÆSON,2009-10-01,74206.0
DST:FIKS22:BRANCHE07=G:BELØB=1:SÆSON=SÆSON,2009-11-01,70265.0
DST:FIKS22:BRANCHE07=G:BELØB=1:SÆSON=SÆSON,2009-12-01,71242.0
DST:FIKS22:BRANCHE07=G:BELØB=1:SÆSON=SÆSON,2010-01-01,73021.0
DST:FIKS22:BRANCHE07=G:BELØB=1:SÆSON=SÆSON,2010-02-01,71116.0
DST:FIKS22:BRANCHE07=G:BELØB=1:SÆSON=SÆSON,2010-03-01,77860.0
DST:FIKS22:BRANCHE07=G:BELØB=1:SÆSON=SÆSON,2010-04-01,73315.0
DST:FIKS22:BRANCHE07=G:BELØB=1:SÆSON=SÆSON,2010-05-01,75045.0
DST:FIKS22:BRANCHE07=G:BELØB=1:SÆSON=SÆSON,2010-06-01,74673.0
DST:FIKS22:BRANCHE07=G:BELØB=1:SÆSON=SÆSON,2010-07-01,80090.0
DST:FIKS22:BRANCHE07=G:BELØB=1:SÆSON=SÆSON,2010-08-01,78722.0
DST:FIKS22:BRANCHE07=G:BELØB=1:SÆSON=SÆSON,2010-09-01,73690.0
DST:FIKS22:BRANCHE07=G:BELØB=1:SÆSON=SÆSON,2010-10-01,78942.0
DST:FIKS22:BRANCHE07=G:BELØB=1:SÆSON=SÆSON,2010-11-01,80253.0
DST:FIKS22:BRANCHE07=G:BELØB=1:SÆSON=SÆSON,2010-12-01,77967.0
DST:FIKS22:BRANCHE07=G:BELØB=1:SÆSON=SÆSON,2011-01-01,81055.0
DST:FIKS22:BRANCHE07=G:BELØB=1:SÆSON=SÆSON,2011-02-01,81136.0
DST:FIKS22:BRANCHE07=G:BELØB=1:SÆSON=SÆSON,2011-03-01,79229.0
DST:FIKS22:BRANCHE07=G:BELØB=1:SÆSON=SÆSON,2011-04-01,82713.0
DST:FIKS22:BRANCHE07=G:BELØB=1:SÆSON=SÆSON,2011-05-01,81019.0
DST:FIKS22:BRANCHE07=G:BELØB=1:SÆSON=SÆSON,2011-06-01,80878.0
DST:FIKS22:BRANCHE07=G:BELØB=1:SÆSON=SÆSON,2011-07-01,79205.0
DST:FIKS22:BRANCHE07=G:BELØB=1:SÆSON=SÆSON,2011-08-01,81811.0
DST:FIKS22:BRANCHE07=G:BELØB=1:SÆSON=SÆSON,2011-09-01,84295.0
DST:FIKS22:BRANCHE07=G:BELØB=1:SÆSON=SÆSON,2011-10-01,81874.0
DST:FIKS22:BRANCHE07=G:BELØB=1:SÆSON=SÆSON,2011-11-01,81593.0
DST:FIKS22:BRANCHE07=G:BELØB=1:SÆSON=SÆSON,2011-12-01,81326.0
DST:FIKS22:BRANCHE07=G:BELØB=1:SÆSON=SÆSON,2012-01-01,78868.0
DST:FIKS22:BRANCHE07=G:BELØB=1:SÆSON=SÆSON,2012-02-01,82324.0
DST:FIKS22:BRANCHE07=G:BELØB=1:SÆSON=SÆSON,2012-03-01,84869.0
DST:FIKS22:BRANCHE07=G:BELØB=1:SÆSON=SÆSON,2012-04-01,78555.0
DST:FIKS22:BRANCHE07=G:BELØB=1:SÆSON=SÆSON,2012-05-01,82335.0
DST:FIKS22:BRANCHE07=G:BELØB=1:SÆSON=SÆSON,2012-06-01,81252.0
DST:FIKS22:BRANCHE07=G:BELØB=1:SÆSON=SÆSON,2012-07-01,81672.0
DST:FIKS22:BRANCHE07=G:BELØB=1:SÆSON=SÆSON,2012-08-01,82170.0
DST:FIKS22:BRANCHE07=G:BELØB=1:SÆSON=SÆSON,2012-09-01,81791.0
DST:FIKS22:BRANCHE07=G:BELØB=1:SÆSON=SÆSON,2012-10-01,82613.0
DST:FIKS22:BRANCHE07=G:BELØB=1:SÆSON=SÆSON,2012-11-01,81863.0
DST:FIKS22:BRANCHE07=G:BELØB=1:SÆSON=SÆSON,2012-12-01,83582.0
DST:FIKS22:BRANCHE07=G:BELØB=1:SÆSON=SÆSON,2013-01-01,82771.0
DST:FIKS22:BRANCHE07=G:BELØB=1:SÆSON=SÆSON,2013-02-01,81013.0
DST:FIKS22:BRANCHE07=G:BELØB=1:SÆSON=SÆSON,2013-03-01,81282.0
DST:FIKS22:BRANCHE07=G:BELØB=1:SÆSON=SÆSON,2013-04-01,81237.0
DST:FIKS22:BRANCHE07=G:BELØB=1:SÆSON=SÆSON,2013-05-01,81009.0
DST:FIKS22:BRANCHE07=G:BELØB=1:SÆSON=SÆSON,2013-06-01,81899.0
DST:FIKS22:BRANCHE07=G:BELØB=1:SÆSON=SÆSON,2013-07-01,81853.0
DST:FIKS22:BRANCHE07=G:BELØB=1:SÆSON=SÆSON,2013-08-01,80728.0
DST:FIKS22:BRANCHE07=G:BELØB=1:SÆSON=SÆSON,2013-09-01,81240.0
DST:FIKS22:BRANCHE07=G:BELØB=1:SÆSON=SÆSON,2013-10-01,80889.0
DST:FIKS22:BRANCHE07=G:BELØB=1:SÆSON=SÆSON,2013-11-01,81150.0
DST:FIKS22:BRANCHE07=G:BELØB=1:SÆSON=SÆSON,2013-12-01,82438.0
DST:FIKS22:BRANCHE07=G:BELØB=1:SÆSON=SÆSON,2014-01-01,81123.0
DST:FIKS22:BRANCHE07=G:BELØB=1:SÆSON=SÆSON,2014-02-01,81981.0
DST:FIKS22:BRANCHE07=G:BELØB=1:SÆSON=SÆSON,2014-03-01,81508.0
DST:FIKS22:BRANCHE07=G:BELØB=1:SÆSON=SÆSON,2014-04-01,82529.0
DST:FIKS22:BRANCHE07=G:BELØB=1:SÆSON=SÆSON,2014-05-01,82861.0
DST:FIKS22:BRANCHE07=G:BELØB=1:SÆSON=SÆSON,2014-06-01,82170.0
DST:FIKS22:BRANCHE07=G:BELØB=1:SÆSON=SÆSON,2014-07-01,81802.0
DST:FIKS22:BRANCHE07=G:BELØB=1:SÆSON=SÆSON,2014-08-01,81615.0
DST:FIKS22:BRANCHE07=G:BELØB=1:SÆSON=SÆSON,2014-09-01,82462.0
DST:FIKS22:BRANCHE07=G:BELØB=1:SÆSON=SÆSON,2014-10-01,81926.0
DST:FIKS22:BRANCHE07=G:BELØB=1:SÆSON=SÆSON,2014-11-01,80583.0
DST:FIKS22:BRANCHE07=G:BELØB=1:SÆSON=SÆSON,2014-12-01,82596.0
DST:FIKS22:BRANCHE07=G:BELØB=1:SÆSON=SÆSON,2015-01-01,82068.0
DST:FIKS22:BRANCHE07=G:BELØB=1:SÆSON=SÆSON,2015-02-01,81965.0
DST:FIKS22:BRANCHE07=G:BELØB=1:SÆSON=SÆSON,2015-03-01,84239.0
DST:FIKS22:BRANCHE07=G:BELØB=1:SÆSON=SÆSON,2015-04-01,81425.0
DST:FIKS22:BRANCHE07=G:BELØB=1:SÆSON=SÆSON,2015-05-01,83318.0
DST:FIKS22:BRANCHE07=G:BELØB=1:SÆSON=SÆSON,2015-06-01,82798.0
DST:FIKS22:BRANCHE07=G:BELØB=1:SÆSON=SÆSON,2015-07-01,84319.0
DST:FIKS22:BRANCHE07=G:BELØB=1:SÆSON=SÆSON,2015-08-01,84538.0
DST:FIKS22:BRANCHE07=G:BELØB=1:SÆSON=SÆSON,2015-09-01,81894.0
DST:FIKS22:BRANCHE07=G:BELØB=1:SÆSON=SÆSON,2015-10-01,83369.0
DST:FIKS22:BRANCHE07=G:BELØB=1:SÆSON=SÆSON,2015-11-01,83846.0
DST:FIKS22:BRANCHE07=G:BELØB=1:SÆSON=SÆSON,2015-12-01,82311.0
DST:FIKS22:BRANCHE07=G:BELØB=1:SÆSON=SÆSON,2016-01-01,82929.0
DST:FIKS22:BRANCHE07=G:BELØB=1:SÆSON=SÆSON,2016-02-01,82685.0
DST:FIKS22:BRANCHE07=G:BELØB=1:SÆSON=SÆSON,2016-03-01,83855.0
DST:FIKS22:BRANCHE07=G:BELØB=1:SÆSON=SÆSON,2016-04-01,82394.0
DST:FIKS22:BRANCHE07=G:BELØB=1:SÆSON=SÆSON,2016-05-01,82640.0
DST:FIKS22:BRANCHE07=G:BELØB=1:SÆSON=SÆSON,2016-06-01,83715.0
DST:FIKS22:BRANCHE07=G:BELØB=1:SÆSON=SÆSON,2016-07-01,82506.0
DST:FIKS22:BRANCHE07=G:BELØB=1:SÆSON=SÆSON,2016-08-01,83392.0
DST:FIKS22:BRANCHE07=G:BELØB=1:SÆSON=SÆSON,2016-09-01,84568.0
DST:FIKS22:BRANCHE07=G:BELØB=1:SÆSON=SÆSON,2016-10-01,84594.0
DST:FIKS22:BRANCHE07=G:BELØB=1:SÆSON=SÆSON,2016-11-01,85158.0
DST:FIKS22:BRANCHE07=G:BELØB=1:SÆSON=SÆSON,2016-12-01,85037.0
DST:FIKS22:BRANCHE07=G:BELØB=1:SÆSON=SÆSON,2017-01-01,85801.0
DST:FIKS22:BRANCHE07=G:BELØB=1:SÆSON=SÆSON,2017-02-01,87712.0
DST:FIKS22:BRANCHE07=G:BELØB=1:SÆSON=SÆSON,2017-03-01,87397.0
DST:FIKS22:BRANCHE07=G:BELØB=1:SÆSON=SÆSON,2017-04-01,87090.0
DST:FIKS22:BRANCHE07=G:BELØB=1:SÆSON=SÆSON,2017-05-01,87322.0
DST:FIKS22:BRANCHE07=G:BELØB=1:SÆSON=SÆSON,2017-06-01,86514.0
DST:FIKS22:BRANCHE07=G:BELØB=1:SÆSON=SÆSON,2017-07-01,87081.0
DST:FIKS22:BRANCHE07=G:BELØB=1:SÆSON=SÆSON,2017-08-01,87776.0
DST:FIKS22:BRANCHE07=G:BELØB=1:SÆSON=SÆSON,2017-09-01,88332.0
DST:FIKS22:BRANCHE07=G:BELØB=1:SÆSON=SÆSON,2017-10-01,88045.0
DST:FIKS22:BRANCHE07=G:BELØB=1:SÆSON=SÆSON,2017-11-01,91064.0
DST:FIKS22:BRANCHE07=G:BELØB=1:SÆSON=SÆSON,2017-12-01,91532.0
DST:FIKS22:BRANCHE07=G:BELØB=1:SÆSON=SÆSON,2018-01-01,90255.0
DST:FIKS22:BRANCHE07=G:BELØB=1:SÆSON=SÆSON,2018-02-01,89255.0
DST:FIKS22:BRANCHE07=G:BELØB=1:SÆSON=SÆSON,2018-03-01,89767.0
DST:FIKS22:BRANCHE07=G:BELØB=1:SÆSON=SÆSON,2018-04-01,91750.0
DST:FIKS22:BRANCHE07=G:BELØB=1:SÆSON=SÆSON,2018-05-01,92722.0
DST:FIKS22:BRANCHE07=G:BELØB=1:SÆSON=SÆSON,2018-06-01,91905.0
DST:FIKS22:BRANCHE07=G:BELØB=1:SÆSON=SÆSON,2018-07-01,91814.0
DST:FIKS22:BRANCHE07=G:BELØB=1:SÆSON=SÆSON,2018-08-01,91687.0
DST:FIKS22:BRANCHE07=G:BELØB=1:SÆSON=SÆSON,2018-09-01,91212.0
DST:FIKS22:BRANCHE07=G:BELØB=1:SÆSON=SÆSON,2018-10-01,92966.0
DST:FIKS22:BRANCHE07=G:BELØB=1:SÆSON=SÆSON,2018-11-01,91701.0
DST:FIKS22:BRANCHE07=G:BELØB=1:SÆSON=SÆSON,2018-12-01,91548.0
DST:FIKS22:BRANCHE07=G:BELØB=1:SÆSON=SÆSON,2019-01-01,94009.0
DST:FIKS22:BRANCHE07=G:BELØB=1:SÆSON=SÆSON,2019-02-01,93667.0
DST:FIKS22:BRANCHE07=G:BELØB=1:SÆSON=SÆSON,2019-03-01,91577.0
DST:FIKS22:BRANCHE07=G:BELØB=1:SÆSON=SÆSON,2019-04-01,92787.0
DST:FIKS22:BRANCHE07=G:BELØB=1:SÆSON=SÆSON,2019-05-01,91339.0
DST:FIKS22:BRANCHE07=G:BELØB=1:SÆSON=SÆSON,2019-06-01,94011.0
DST:FIKS22:BRANCHE07=G:BELØB=1:SÆSON=SÆSON,2019-07-01,93354.0
DST:FIKS22:BRANCHE07=G:BELØB=1:SÆSON=SÆSON,2019-08-01,93393.0
DST:FIKS22:BRANCHE07=G:BELØB=1:SÆSON=SÆSON,2019-09-01,93878.0
DST:FIKS22:BRANCHE07=G:BELØB=1:SÆSON=SÆSON,2019-10-01,93477.0
DST:FIKS22:BRANCHE07=G:BELØB=1:SÆSON=SÆSON,2019-11-01,94109.0
DST:FIKS22:BRANCHE07=G:BELØB=1:SÆSON=SÆSON,2019-12-01,93735.0
DST:FIKS22:BRANCHE07=G:BELØB=1:SÆSON=SÆSON,2020-01-01,94837.0
DST:FIKS22:BRANCHE07=G:BELØB=1:SÆSON=SÆSON,2020-02-01,95949.0
DST:FIKS22:BRANCHE07=G:BELØB=1:SÆSON=SÆSON,2020-03-01,91671.0
DST:FIKS22:BRANCHE07=G:BELØB=1:SÆSON=SÆSON,2020-04-01,85322.0
DST:FIKS22:BRANCHE07=G:BELØB=1:SÆSON=SÆSON,2020-05-01,89317.0
DST:FIKS22:BRANCHE07=G:BELØB=1:SÆSON=SÆSON,2020-06-01,96427.0
DST:FIKS22:BRANCHE07=G:BELØB=1:SÆSON=SÆSON,2020-07-01,97991.0
DST:FIKS22:BRANCHE07=G:BELØB=1:SÆSON=SÆSON,2020-08-01,98569.0
DST:FIKS22:BRANCHE07=G:BELØB=1:SÆSON=SÆSON,2020-09-01,96651.0
DST:FIKS22:BRANCHE07=G:BELØB=1:SÆSON=SÆSON,2020-10-01,100684.0
DST:FIKS22:BRANCHE07=G:BELØB=1:SÆSON=SÆSON,2020-11-01,100002.0
DST:FIKS22:BRANCHE07=G:BELØB=1:SÆSON=SÆSON,2020-12-01,99957.0
DST:FIKS22:BRANCHE07=G:BELØB=1:SÆSON=SÆSON,2021-01-01,96408.0
DST:FIKS22:BRANCHE07=G:BELØB=1:SÆSON=SÆSON,2021-02-01,99071.0
DST:FIKS22:BRANCHE07=G:BELØB=1:SÆSON=SÆSON,2021-03-01,109524.0
DST:FIKS22:BRANCHE07=G:BELØB=1:SÆSON=SÆSON,2021-04-01,104424.0
DST:FIKS22:BRANCHE07=G:BELØB=1:SÆSON=SÆSON,2021-05-01,105102.0
DST:FIKS22:BRANCHE07=G:BELØB=1:SÆSON=SÆSON,2021-06-01,105792.0
DST:FIKS22:BRANCHE07=G:BELØB=1:SÆSON=SÆSON,2021-07-01,107154.0
DST:FIKS22:BRANCHE07=G:BELØB=1:SÆSON=SÆSON,2021-08-01,106006.0
DST:FIKS22:BRANCHE07=G:BELØB=1:SÆSON=SÆSON,2021-09-01,108269.0
DST:FIKS22:BRANCHE07=G:BELØB=1:SÆSON=SÆSON,2021-10-01,109685.0
DST:FIKS22:BRANCHE07=G:BELØB=1:SÆSON=SÆSON,2021-11-01,111873.0
DST:FIKS22:BRANCHE07=G:BELØB=1:SÆSON=SÆSON,2021-12-01,109626.0
DST:FIKS22:BRANCHE07=G:BELØB=1:SÆSON=SÆSON,2022-01-01,111763.0
DST:FIKS22:BRANCHE07=G:BELØB=1:SÆSON=SÆSON,2022-02-01,121789.0
DST:FIKS22:BRANCHE07=G:BELØB=1:SÆSON=SÆSON,2022-03-01,121516.0
DST:FIKS22:BRANCHE07=G:BELØB=1:SÆSON=SÆSON,2022-04-01,125504.0
DST:FIKS22:BRANCHE07=G:BELØB=1:SÆSON=SÆSON,2022-05-01,126265.0
DST:FIKS22:BRANCHE07=G:BELØB=1:SÆSON=SÆSON,2022-06-01,126815.0
DST:FIKS22:BRANCHE07=G:BELØB=1:SÆSON=SÆSON,2022-07-01,125710.0
DST:FIKS22:BRANCHE07=G:BELØB=1:SÆSON=SÆSON,2022-08-01,126126.0
DST:FIKS22:BRANCHE07=G:BELØB=1:SÆSON=SÆSON,2022-09-01,128055.0
DST:FIKS22:BRANCHE07=G:BELØB=1:SÆSON=SÆSON,2022-10-01,123277.0
DST:FIKS22:BRANCHE07=G:BELØB=1:SÆSON=SÆSON,2022-11-01,121027.0
DST:FIKS22:BRANCHE07=G:BELØB=1:SÆSON=SÆSON,2022-12-01,122280.0
DST:FIKS22:BRANCHE07=G:BELØB=1:SÆSON=SÆSON,2023-01-01,120454.0
DST:FIKS22:BRANCHE07=G:BELØB=1:SÆSON=SÆSON,2023-02-01,123149.0
DST:FIKS22:BRANCHE07=G:BELØB=1:SÆSON=SÆSON,2023-03-01,119975.0
DST:FIKS22:BRANCHE07=G:BELØB=1:SÆSON=SÆSON,2023-04-01,118681.0
DST:FIKS22:BRANCHE07=G:BELØB=1:SÆSON=SÆSON,2023-05-01,119748.0
DST:FIKS22:BRANCHE07=G:BELØB=1:SÆSON=SÆSON,2023-06-01,118379.0
DST:FIKS22:BRANCHE07=G:BELØB=1:SÆSON=SÆSON,2023-07-01,115341.0
DST:FIKS22:BRANCHE07=G:BELØB=1:SÆSON=SÆSON,2023-08-01,121655.0
DST:FIKS22:BRANCHE07=G:BELØB=1:SÆSON=SÆSON,2023-09-01,121313.0
DST:FIKS22:BRANCHE07=G:BELØB=1:SÆSON=SÆSON,2023-10-01,119438.0
DST:FIKS22:BRANCHE07=G:BELØB=1:SÆSON=SÆSON,2023-11-01,119849.0
DST:FIKS22:BRANCHE07=G:BELØB=1:SÆSON=SÆSON,2023-12-01,120719.0
DST:FIKS22:BRANCHE07=G:BELØB=1:SÆSON=SÆSON,2024-01-01,118553.0
DST:FIKS22:BRANCHE07=G:BELØB=1:SÆSON=SÆSON,2024-02-01,118487.0
DST:FIKS22:BRANCHE07=G:BELØB=1:SÆSON=SÆSON,2024-03-01,120448.0
DST:FIKS22:BRANCHE07=G:BELØB=1:SÆSON=SÆSON,2024-04-01,121363.0
DST:FIKS22:BRANCHE07=G:BELØB=1:SÆSON=SÆSON,2024-05-01,119334.0
DST:FIKS22:BRANCHE07=G:BELØB=1:SÆSON=SÆSON,2024-06-01,118811.0
DST:FIKS22:BRANCHE07=G:BELØB=1:SÆSON=SÆSON,2024-07-01,118787.0
DST:FIKS22:BRANCHE07=G:BELØB=1:SÆSON=SÆSON,2024-08-01,118260.0
DST:FIKS22:BRANCHE07=G:BELØB=1:SÆSON=SÆSON,2024-09-01,118507.0
DST:FIKS22:BRANCHE07=G:BELØB=1:SÆSON=SÆSON,2024-10-01,120187.0
DST:FIKS22:BRANCHE07=G:BELØB=1:SÆSON=SÆSON,2024-11-01,119793.0
DST:FIKS22:BRANCHE07=G:BELØB=1:SÆSON=SÆSON,2024-12-01,120752.0
DST:FIKS22:BRANCHE07=G:BELØB=1:SÆSON=SÆSON,2025-01-01,124071.0
DST:FIKS22:BRANCHE07=G:BELØB=1:SÆSON=SÆSON,2025-02-01,127555.0
DST:FIKS22:BRANCHE07=G:BELØB=1:SÆSON=SÆSON,2025-03-01,121016.0
DST:FIKS22:BRANCHE07=G:BELØB=1:SÆSON=SÆSON,2025-04-01,122072.0
DST:FIKS22:BRANCHE07=G:BELØB=1:SÆSON=SÆSON,2025-05-01,122454.0
DST:FIKS22:BRANCHE07=G:BELØB=1:SÆSON=SÆSON,2025-06-01,126756.0
DST:FIKS22:BRANCHE07=G:BELØB=1:SÆSON=SÆSON,2025-07-01,121926.0
DST:FIKS22:BRANCHE07=G:BELØB=1:SÆSON=SÆSON,2025-08-01,122930.0
DST:FIKS22:BRANCHE07=G:BELØB=1:SÆSON=SÆSON,2025-09-01,122597.0
DST:FIKS22:BRANCHE07=G:BELØB=1:SÆSON=SÆSON,2025-10-01,124470.0
DST:FIKS22:BRANCHE07=G:BELØB=1:SÆSON=SÆSON,2025-11-01,124944.0
DST:FIKS22:BRANCHE07=G:BELØB=1:SÆSON=SÆSON,2025-12-01,124354.0
DST:FIKS22:BRANCHE07=G:BELØB=1:SÆSON=SÆSON,2026-01-01,123649.0
DST:FIKS22:BRANCHE07=G:BELØB=1:SÆSON=SÆSON,2026-02-01,122658.0
DST:FIKS22:BRANCHE07=G:BELØB=1:SÆSON=SÆSON,2026-03-01,126851.0
DST:FIKS22:BRANCHE07=G:BELØB=3:SÆSON=EJSÆSON,2009-01-01,68684.0
DST:FIKS22:BRANCHE07=G:BELØB=3:SÆSON=EJSÆSON,2009-02-01,65455.0
DST:FIKS22:BRANCHE07=G:BELØB=3:SÆSON=EJSÆSON,2009-03-01,72910.0
DST:FIKS22:BRANCHE07=G:BELØB=3:SÆSON=EJSÆSON,2009-04-01,71178.0
DST:FIKS22:BRANCHE07=G:BELØB=3:SÆSON=EJSÆSON,2009-05-01,65376.0
DST:FIKS22:BRANCHE07=G:BELØB=3:SÆSON=EJSÆSON,2009-06-01,69992.0
DST:FIKS22:BRANCHE07=G:BELØB=3:SÆSON=EJSÆSON,2009-07-01,66630.0
DST:FIKS22:BRANCHE07=G:BELØB=3:SÆSON=EJSÆSON,2009-08-01,66696.0
DST:FIKS22:BRANCHE07=G:BELØB=3:SÆSON=EJSÆSON,2009-09-01,73290.0
DST:FIKS22:BRANCHE07=G:BELØB=3:SÆSON=EJSÆSON,2009-10-01,73155.0
DST:FIKS22:BRANCHE07=G:BELØB=3:SÆSON=EJSÆSON,2009-11-01,69518.0
DST:FIKS22:BRANCHE07=G:BELØB=3:SÆSON=EJSÆSON,2009-12-01,70647.0
DST:FIKS22:BRANCHE07=G:BELØB=3:SÆSON=EJSÆSON,2010-01-01,66817.0
DST:FIKS22:BRANCHE07=G:BELØB=3:SÆSON=EJSÆSON,2010-02-01,61212.0
DST:FIKS22:BRANCHE07=G:BELØB=3:SÆSON=EJSÆSON,2010-03-01,81518.0
DST:FIKS22:BRANCHE07=G:BELØB=3:SÆSON=EJSÆSON,2010-04-01,70548.0
DST:FIKS22:BRANCHE07=G:BELØB=3:SÆSON=EJSÆSON,2010-05-01,71962.0
DST:FIKS22:BRANCHE07=G:BELØB=3:SÆSON=EJSÆSON,2010-06-01,79291.0
DST:FIKS22:BRANCHE07=G:BELØB=3:SÆSON=EJSÆSON,2010-07-01,72698.0
DST:FIKS22:BRANCHE07=G:BELØB=3:SÆSON=EJSÆSON,2010-08-01,76208.0
DST:FIKS22:BRANCHE07=G:BELØB=3:SÆSON=EJSÆSON,2010-09-01,78503.0
DST:FIKS22:BRANCHE07=G:BELØB=3:SÆSON=EJSÆSON,2010-10-01,79079.0
DST:FIKS22:BRANCHE07=G:BELØB=3:SÆSON=EJSÆSON,2010-11-01,82663.0
DST:FIKS22:BRANCHE07=G:BELØB=3:SÆSON=EJSÆSON,2010-12-01,83524.0
DST:FIKS22:BRANCHE07=G:BELØB=3:SÆSON=EJSÆSON,2011-01-01,79266.0
DST:FIKS22:BRANCHE07=G:BELØB=3:SÆSON=EJSÆSON,2011-02-01,75092.0
DST:FIKS22:BRANCHE07=G:BELØB=3:SÆSON=EJSÆSON,2011-03-01,90115.0
DST:FIKS22:BRANCHE07=G:BELØB=3:SÆSON=EJSÆSON,2011-04-01,83594.0
DST:FIKS22:BRANCHE07=G:BELØB=3:SÆSON=EJSÆSON,2011-05-01,85383.0
DST:FIKS22:BRANCHE07=G:BELØB=3:SÆSON=EJSÆSON,2011-06-01,85905.0
DST:FIKS22:BRANCHE07=G:BELØB=3:SÆSON=EJSÆSON,2011-07-01,77163.0
DST:FIKS22:BRANCHE07=G:BELØB=3:SÆSON=EJSÆSON,2011-08-01,88617.0
DST:FIKS22:BRANCHE07=G:BELØB=3:SÆSON=EJSÆSON,2011-09-01,94033.0
DST:FIKS22:BRANCHE07=G:BELØB=3:SÆSON=EJSÆSON,2011-10-01,87045.0
DST:FIKS22:BRANCHE07=G:BELØB=3:SÆSON=EJSÆSON,2011-11-01,88691.0
DST:FIKS22:BRANCHE07=G:BELØB=3:SÆSON=EJSÆSON,2011-12-01,90892.0
DST:FIKS22:BRANCHE07=G:BELØB=3:SÆSON=EJSÆSON,2012-01-01,80808.0
DST:FIKS22:BRANCHE07=G:BELØB=3:SÆSON=EJSÆSON,2012-02-01,80158.0
DST:FIKS22:BRANCHE07=G:BELØB=3:SÆSON=EJSÆSON,2012-03-01,92245.0
DST:FIKS22:BRANCHE07=G:BELØB=3:SÆSON=EJSÆSON,2012-04-01,84116.0
DST:FIKS22:BRANCHE07=G:BELØB=3:SÆSON=EJSÆSON,2012-05-01,86786.0
DST:FIKS22:BRANCHE07=G:BELØB=3:SÆSON=EJSÆSON,2012-06-01,88311.0
DST:FIKS22:BRANCHE07=G:BELØB=3:SÆSON=EJSÆSON,2012-07-01,83047.0
DST:FIKS22:BRANCHE07=G:BELØB=3:SÆSON=EJSÆSON,2012-08-01,87439.0
DST:FIKS22:BRANCHE07=G:BELØB=3:SÆSON=EJSÆSON,2012-09-01,87453.0
DST:FIKS22:BRANCHE07=G:BELØB=3:SÆSON=EJSÆSON,2012-10-01,93438.0
DST:FIKS22:BRANCHE07=G:BELØB=3:SÆSON=EJSÆSON,2012-11-01,88219.0
DST:FIKS22:BRANCHE07=G:BELØB=3:SÆSON=EJSÆSON,2012-12-01,86733.0
DST:FIKS22:BRANCHE07=G:BELØB=3:SÆSON=EJSÆSON,2013-01-01,84781.0
DST:FIKS22:BRANCHE07=G:BELØB=3:SÆSON=EJSÆSON,2013-02-01,79757.0
DST:FIKS22:BRANCHE07=G:BELØB=3:SÆSON=EJSÆSON,2013-03-01,83804.0
DST:FIKS22:BRANCHE07=G:BELØB=3:SÆSON=EJSÆSON,2013-04-01,86392.0
DST:FIKS22:BRANCHE07=G:BELØB=3:SÆSON=EJSÆSON,2013-05-01,86712.0
DST:FIKS22:BRANCHE07=G:BELØB=3:SÆSON=EJSÆSON,2013-06-01,85838.0
DST:FIKS22:BRANCHE07=G:BELØB=3:SÆSON=EJSÆSON,2013-07-01,82965.0
DST:FIKS22:BRANCHE07=G:BELØB=3:SÆSON=EJSÆSON,2013-08-01,84914.0
DST:FIKS22:BRANCHE07=G:BELØB=3:SÆSON=EJSÆSON,2013-09-01,89871.0
DST:FIKS22:BRANCHE07=G:BELØB=3:SÆSON=EJSÆSON,2013-10-01,88663.0
DST:FIKS22:BRANCHE07=G:BELØB=3:SÆSON=EJSÆSON,2013-11-01,84605.0
DST:FIKS22:BRANCHE07=G:BELØB=3:SÆSON=EJSÆSON,2013-12-01,85811.0
DST:FIKS22:BRANCHE07=G:BELØB=3:SÆSON=EJSÆSON,2014-01-01,80409.0
DST:FIKS22:BRANCHE07=G:BELØB=3:SÆSON=EJSÆSON,2014-02-01,75402.0
DST:FIKS22:BRANCHE07=G:BELØB=3:SÆSON=EJSÆSON,2014-03-01,82953.0
DST:FIKS22:BRANCHE07=G:BELØB=3:SÆSON=EJSÆSON,2014-04-01,83262.0
DST:FIKS22:BRANCHE07=G:BELØB=3:SÆSON=EJSÆSON,2014-05-01,84410.0
DST:FIKS22:BRANCHE07=G:BELØB=3:SÆSON=EJSÆSON,2014-06-01,81943.0
DST:FIKS22:BRANCHE07=G:BELØB=3:SÆSON=EJSÆSON,2014-07-01,80075.0
DST:FIKS22:BRANCHE07=G:BELØB=3:SÆSON=EJSÆSON,2014-08-01,77618.0
DST:FIKS22:BRANCHE07=G:BELØB=3:SÆSON=EJSÆSON,2014-09-01,88730.0
DST:FIKS22:BRANCHE07=G:BELØB=3:SÆSON=EJSÆSON,2014-10-01,88659.0
DST:FIKS22:BRANCHE07=G:BELØB=3:SÆSON=EJSÆSON,2014-11-01,82343.0
DST:FIKS22:BRANCHE07=G:BELØB=3:SÆSON=EJSÆSON,2014-12-01,85641.0
DST:FIKS22:BRANCHE07=G:BELØB=3:SÆSON=EJSÆSON,2015-01-01,80789.0
DST:FIKS22:BRANCHE07=G:BELØB=3:SÆSON=EJSÆSON,2015-02-01,76961.0
DST:FIKS22:BRANCHE07=G:BELØB=3:SÆSON=EJSÆSON,2015-03-01,93064.0
DST:FIKS22:BRANCHE07=G:BELØB=3:SÆSON=EJSÆSON,2015-04-01,83119.0
DST:FIKS22:BRANCHE07=G:BELØB=3:SÆSON=EJSÆSON,2015-05-01,80960.0
DST:FIKS22:BRANCHE07=G:BELØB=3:SÆSON=EJSÆSON,2015-06-01,90639.0
DST:FIKS22:BRANCHE07=G:BELØB=3:SÆSON=EJSÆSON,2015-07-01,83071.0
DST:FIKS22:BRANCHE07=G:BELØB=3:SÆSON=EJSÆSON,2015-08-01,82331.0
DST:FIKS22:BRANCHE07=G:BELØB=3:SÆSON=EJSÆSON,2015-09-01,86328.0
DST:FIKS22:BRANCHE07=G:BELØB=3:SÆSON=EJSÆSON,2015-10-01,89101.0
DST:FIKS22:BRANCHE07=G:BELØB=3:SÆSON=EJSÆSON,2015-11-01,84367.0
DST:FIKS22:BRANCHE07=G:BELØB=3:SÆSON=EJSÆSON,2015-12-01,87869.0
DST:FIKS22:BRANCHE07=G:BELØB=3:SÆSON=EJSÆSON,2016-01-01,76193.0
DST:FIKS22:BRANCHE07=G:BELØB=3:SÆSON=EJSÆSON,2016-02-01,81418.0
DST:FIKS22:BRANCHE07=G:BELØB=3:SÆSON=EJSÆSON,2016-03-01,86106.0
DST:FIKS22:BRANCHE07=G:BELØB=3:SÆSON=EJSÆSON,2016-04-01,84586.0
DST:FIKS22:BRANCHE07=G:BELØB=3:SÆSON=EJSÆSON,2016-05-01,83488.0
DST:FIKS22:BRANCHE07=G:BELØB=3:SÆSON=EJSÆSON,2016-06-01,88602.0
DST:FIKS22:BRANCHE07=G:BELØB=3:SÆSON=EJSÆSON,2016-07-01,75288.0
DST:FIKS22:BRANCHE07=G:BELØB=3:SÆSON=EJSÆSON,2016-08-01,84288.0
DST:FIKS22:BRANCHE07=G:BELØB=3:SÆSON=EJSÆSON,2016-09-01,89954.0
DST:FIKS22:BRANCHE07=G:BELØB=3:SÆSON=EJSÆSON,2016-10-01,86533.0
DST:FIKS22:BRANCHE07=G:BELØB=3:SÆSON=EJSÆSON,2016-11-01,91191.0
DST:FIKS22:BRANCHE07=G:BELØB=3:SÆSON=EJSÆSON,2016-12-01,92578.0
DST:FIKS22:BRANCHE07=G:BELØB=3:SÆSON=EJSÆSON,2017-01-01,83267.0
DST:FIKS22:BRANCHE07=G:BELØB=3:SÆSON=EJSÆSON,2017-02-01,81604.0
DST:FIKS22:BRANCHE07=G:BELØB=3:SÆSON=EJSÆSON,2017-03-01,97258.0
DST:FIKS22:BRANCHE07=G:BELØB=3:SÆSON=EJSÆSON,2017-04-01,83894.0
DST:FIKS22:BRANCHE07=G:BELØB=3:SÆSON=EJSÆSON,2017-05-01,90546.0
DST:FIKS22:BRANCHE07=G:BELØB=3:SÆSON=EJSÆSON,2017-06-01,91268.0
DST:FIKS22:BRANCHE07=G:BELØB=3:SÆSON=EJSÆSON,2017-07-01,81243.0
DST:FIKS22:BRANCHE07=G:BELØB=3:SÆSON=EJSÆSON,2017-08-01,88990.0
DST:FIKS22:BRANCHE07=G:BELØB=3:SÆSON=EJSÆSON,2017-09-01,92462.0
DST:FIKS22:BRANCHE07=G:BELØB=3:SÆSON=EJSÆSON,2017-10-01,92550.0
DST:FIKS22:BRANCHE07=G:BELØB=3:SÆSON=EJSÆSON,2017-11-01,95037.0
DST:FIKS22:BRANCHE07=G:BELØB=3:SÆSON=EJSÆSON,2017-12-01,92874.0
DST:FIKS22:BRANCHE07=G:BELØB=3:SÆSON=EJSÆSON,2018-01-01,87877.0
DST:FIKS22:BRANCHE07=G:BELØB=3:SÆSON=EJSÆSON,2018-02-01,80073.0
DST:FIKS22:BRANCHE07=G:BELØB=3:SÆSON=EJSÆSON,2018-03-01,91824.0
DST:FIKS22:BRANCHE07=G:BELØB=3:SÆSON=EJSÆSON,2018-04-01,92390.0
DST:FIKS22:BRANCHE07=G:BELØB=3:SÆSON=EJSÆSON,2018-05-01,94769.0
DST:FIKS22:BRANCHE07=G:BELØB=3:SÆSON=EJSÆSON,2018-06-01,92984.0
DST:FIKS22:BRANCHE07=G:BELØB=3:SÆSON=EJSÆSON,2018-07-01,86996.0
DST:FIKS22:BRANCHE07=G:BELØB=3:SÆSON=EJSÆSON,2018-08-01,91955.0
DST:FIKS22:BRANCHE07=G:BELØB=3:SÆSON=EJSÆSON,2018-09-01,90389.0
DST:FIKS22:BRANCHE07=G:BELØB=3:SÆSON=EJSÆSON,2018-10-01,102392.0
DST:FIKS22:BRANCHE07=G:BELØB=3:SÆSON=EJSÆSON,2018-11-01,97529.0
DST:FIKS22:BRANCHE07=G:BELØB=3:SÆSON=EJSÆSON,2018-12-01,91177.0
DST:FIKS22:BRANCHE07=G:BELØB=3:SÆSON=EJSÆSON,2019-01-01,91114.0
DST:FIKS22:BRANCHE07=G:BELØB=3:SÆSON=EJSÆSON,2019-02-01,85064.0
DST:FIKS22:BRANCHE07=G:BELØB=3:SÆSON=EJSÆSON,2019-03-01,95173.0
DST:FIKS22:BRANCHE07=G:BELØB=3:SÆSON=EJSÆSON,2019-04-01,93635.0
DST:FIKS22:BRANCHE07=G:BELØB=3:SÆSON=EJSÆSON,2019-05-01,96324.0
DST:FIKS22:BRANCHE07=G:BELØB=3:SÆSON=EJSÆSON,2019-06-01,94017.0
DST:FIKS22:BRANCHE07=G:BELØB=3:SÆSON=EJSÆSON,2019-07-01,92219.0
DST:FIKS22:BRANCHE07=G:BELØB=3:SÆSON=EJSÆSON,2019-08-01,93452.0
DST:FIKS22:BRANCHE07=G:BELØB=3:SÆSON=EJSÆSON,2019-09-01,97010.0
DST:FIKS22:BRANCHE07=G:BELØB=3:SÆSON=EJSÆSON,2019-10-01,104056.0
DST:FIKS22:BRANCHE07=G:BELØB=3:SÆSON=EJSÆSON,2019-11-01,98489.0
DST:FIKS22:BRANCHE07=G:BELØB=3:SÆSON=EJSÆSON,2019-12-01,97341.0
DST:FIKS22:BRANCHE07=G:BELØB=3:SÆSON=EJSÆSON,2020-01-01,95647.0
DST:FIKS22:BRANCHE07=G:BELØB=3:SÆSON=EJSÆSON,2020-02-01,89297.0
DST:FIKS22:BRANCHE07=G:BELØB=3:SÆSON=EJSÆSON,2020-03-01,99927.0
DST:FIKS22:BRANCHE07=G:BELØB=3:SÆSON=EJSÆSON,2020-04-01,83540.0
DST:FIKS22:BRANCHE07=G:BELØB=3:SÆSON=EJSÆSON,2020-05-01,83879.0
DST:FIKS22:BRANCHE07=G:BELØB=3:SÆSON=EJSÆSON,2020-06-01,98646.0
DST:FIKS22:BRANCHE07=G:BELØB=3:SÆSON=EJSÆSON,2020-07-01,92213.0
DST:FIKS22:BRANCHE07=G:BELØB=3:SÆSON=EJSÆSON,2020-08-01,94205.0
DST:FIKS22:BRANCHE07=G:BELØB=3:SÆSON=EJSÆSON,2020-09-01,99845.0
DST:FIKS22:BRANCHE07=G:BELØB=3:SÆSON=EJSÆSON,2020-10-01,103111.0
DST:FIKS22:BRANCHE07=G:BELØB=3:SÆSON=EJSÆSON,2020-11-01,101381.0
DST:FIKS22:BRANCHE07=G:BELØB=3:SÆSON=EJSÆSON,2020-12-01,106858.0
DST:FIKS22:BRANCHE07=G:BELØB=3:SÆSON=EJSÆSON,2021-01-01,91706.0
DST:FIKS22:BRANCHE07=G:BELØB=3:SÆSON=EJSÆSON,2021-02-01,93865.0
DST:FIKS22:BRANCHE07=G:BELØB=3:SÆSON=EJSÆSON,2021-03-01,116875.0
DST:FIKS22:BRANCHE07=G:BELØB=3:SÆSON=EJSÆSON,2021-04-01,104952.0
DST:FIKS22:BRANCHE07=G:BELØB=3:SÆSON=EJSÆSON,2021-05-01,101515.0
DST:FIKS22:BRANCHE07=G:BELØB=3:SÆSON=EJSÆSON,2021-06-01,112827.0
DST:FIKS22:BRANCHE07=G:BELØB=3:SÆSON=EJSÆSON,2021-07-01,101748.0
DST:FIKS22:BRANCHE07=G:BELØB=3:SÆSON=EJSÆSON,2021-08-01,103406.0
DST:FIKS22:BRANCHE07=G:BELØB=3:SÆSON=EJSÆSON,2021-09-01,114715.0
DST:FIKS22:BRANCHE07=G:BELØB=3:SÆSON=EJSÆSON,2021-10-01,114591.0
DST:FIKS22:BRANCHE07=G:BELØB=3:SÆSON=EJSÆSON,2021-11-01,120249.0
DST:FIKS22:BRANCHE07=G:BELØB=3:SÆSON=EJSÆSON,2021-12-01,121403.0
DST:FIKS22:BRANCHE07=G:BELØB=3:SÆSON=EJSÆSON,2022-01-01,114707.0
DST:FIKS22:BRANCHE07=G:BELØB=3:SÆSON=EJSÆSON,2022-02-01,111708.0
DST:FIKS22:BRANCHE07=G:BELØB=3:SÆSON=EJSÆSON,2022-03-01,139596.0
DST:FIKS22:BRANCHE07=G:BELØB=3:SÆSON=EJSÆSON,2022-04-01,126842.0
DST:FIKS22:BRANCHE07=G:BELØB=3:SÆSON=EJSÆSON,2022-05-01,135343.0
DST:FIKS22:BRANCHE07=G:BELØB=3:SÆSON=EJSÆSON,2022-06-01,141206.0
DST:FIKS22:BRANCHE07=G:BELØB=3:SÆSON=EJSÆSON,2022-07-01,121060.0
DST:FIKS22:BRANCHE07=G:BELØB=3:SÆSON=EJSÆSON,2022-08-01,136003.0
DST:FIKS22:BRANCHE07=G:BELØB=3:SÆSON=EJSÆSON,2022-09-01,145823.0
DST:FIKS22:BRANCHE07=G:BELØB=3:SÆSON=EJSÆSON,2022-10-01,133009.0
DST:FIKS22:BRANCHE07=G:BELØB=3:SÆSON=EJSÆSON,2022-11-01,147421.0
DST:FIKS22:BRANCHE07=G:BELØB=3:SÆSON=EJSÆSON,2022-12-01,143041.0
DST:FIKS22:BRANCHE07=G:BELØB=3:SÆSON=EJSÆSON,2023-01-01,114970.0
DST:FIKS22:BRANCHE07=G:BELØB=3:SÆSON=EJSÆSON,2023-02-01,117235.0
DST:FIKS22:BRANCHE07=G:BELØB=3:SÆSON=EJSÆSON,2023-03-01,138254.0
DST:FIKS22:BRANCHE07=G:BELØB=3:SÆSON=EJSÆSON,2023-04-01,116492.0
DST:FIKS22:BRANCHE07=G:BELØB=3:SÆSON=EJSÆSON,2023-05-01,124654.0
DST:FIKS22:BRANCHE07=G:BELØB=3:SÆSON=EJSÆSON,2023-06-01,131335.0
DST:FIKS22:BRANCHE07=G:BELØB=3:SÆSON=EJSÆSON,2023-07-01,111838.0
DST:FIKS22:BRANCHE07=G:BELØB=3:SÆSON=EJSÆSON,2023-08-01,124356.0
DST:FIKS22:BRANCHE07=G:BELØB=3:SÆSON=EJSÆSON,2023-09-01,130596.0
DST:FIKS22:BRANCHE07=G:BELØB=3:SÆSON=EJSÆSON,2023-10-01,130907.0
DST:FIKS22:BRANCHE07=G:BELØB=3:SÆSON=EJSÆSON,2023-11-01,133423.0
DST:FIKS22:BRANCHE07=G:BELØB=3:SÆSON=EJSÆSON,2023-12-01,124661.0
DST:FIKS22:BRANCHE07=G:BELØB=3:SÆSON=EJSÆSON,2024-01-01,121786.0
DST:FIKS22:BRANCHE07=G:BELØB=3:SÆSON=EJSÆSON,2024-02-01,118305.0
DST:FIKS22:BRANCHE07=G:BELØB=3:SÆSON=EJSÆSON,2024-03-01,125778.0
DST:FIKS22:BRANCHE07=G:BELØB=3:SÆSON=EJSÆSON,2024-04-01,131687.0
DST:FIKS22:BRANCHE07=G:BELØB=3:SÆSON=EJSÆSON,2024-05-01,127816.0
DST:FIKS22:BRANCHE07=G:BELØB=3:SÆSON=EJSÆSON,2024-06-01,126602.0
DST:FIKS22:BRANCHE07=G:BELØB=3:SÆSON=EJSÆSON,2024-07-01,120348.0
DST:FIKS22:BRANCHE07=G:BELØB=3:SÆSON=EJSÆSON,2024-08-01,121071.0
DST:FIKS22:BRANCHE07=G:BELØB=3:SÆSON=EJSÆSON,2024-09-01,129215.0
DST:FIKS22:BRANCHE07=G:BELØB=3:SÆSON=EJSÆSON,2024-10-01,137971.0
DST:FIKS22:BRANCHE07=G:BELØB=3:SÆSON=EJSÆSON,2024-11-01,130849.0
DST:FIKS22:BRANCHE07=G:BELØB=3:SÆSON=EJSÆSON,2024-12-01,130213.0
DST:FIKS22:BRANCHE07=G:BELØB=3:SÆSON=EJSÆSON,2025-01-01,129904.0
DST:FIKS22:BRANCHE07=G:BELØB=3:SÆSON=EJSÆSON,2025-02-01,121361.0
DST:FIKS22:BRANCHE07=G:BELØB=3:SÆSON=EJSÆSON,2025-03-01,134013.0
DST:FIKS22:BRANCHE07=G:BELØB=3:SÆSON=EJSÆSON,2025-04-01,131500.0
DST:FIKS22:BRANCHE07=G:BELØB=3:SÆSON=EJSÆSON,2025-05-01,130154.0
DST:FIKS22:BRANCHE07=G:BELØB=3:SÆSON=EJSÆSON,2025-06-01,133274.0
DST:FIKS22:BRANCHE07=G:BELØB=3:SÆSON=EJSÆSON,2025-07-01,124464.0
DST:FIKS22:BRANCHE07=G:BELØB=3:SÆSON=EJSÆSON,2025-08-01,122689.0
DST:FIKS22:BRANCHE07=G:BELØB=3:SÆSON=EJSÆSON,2025-09-01,135217.0
DST:FIKS22:BRANCHE07=G:BELØB=3:SÆSON=EJSÆSON,2025-10-01,140362.0
DST:FIKS22:BRANCHE07=G:BELØB=3:SÆSON=EJSÆSON,2025-11-01,132377.0
DST:FIKS22:BRANCHE07=G:BELØB=3:SÆSON=EJSÆSON,2025-12-01,134615.0
DST:FIKS22:BRANCHE07=G:BELØB=3:SÆSON=EJSÆSON,2026-01-01,124691.0
DST:FIKS22:BRANCHE07=G:BELØB=3:SÆSON=EJSÆSON,2026-02-01,118311.0
DST:FIKS22:BRANCHE07=G:BELØB=3:SÆSON=EJSÆSON,2026-03-01,146133.0
DST:FIKS22:BRANCHE07=G:BELØB=3:SÆSON=SÆSON,2009-01-01,72800.0
DST:FIKS22:BRANCHE07=G:BELØB=3:SÆSON=SÆSON,2009-02-01,73299.0
DST:FIKS22:BRANCHE07=G:BELØB=3:SÆSON=SÆSON,2009-03-01,69798.0
DST:FIKS22:BRANCHE07=G:BELØB=3:SÆSON=SÆSON,2009-04-01,71245.0
DST:FIKS22:BRANCHE07=G:BELØB=3:SÆSON=SÆSON,2009-05-01,68252.0
DST:FIKS22:BRANCHE07=G:BELØB=3:SÆSON=SÆSON,2009-06-01,69362.0
DST:FIKS22:BRANCHE07=G:BELØB=3:SÆSON=SÆSON,2009-07-01,68462.0
DST:FIKS22:BRANCHE07=G:BELØB=3:SÆSON=SÆSON,2009-08-01,68545.0
DST:FIKS22:BRANCHE07=G:BELØB=3:SÆSON=SÆSON,2009-09-01,68155.0
DST:FIKS22:BRANCHE07=G:BELØB=3:SÆSON=SÆSON,2009-10-01,69369.0
DST:FIKS22:BRANCHE07=G:BELØB=3:SÆSON=SÆSON,2009-11-01,69088.0
DST:FIKS22:BRANCHE07=G:BELØB=3:SÆSON=SÆSON,2009-12-01,66352.0
DST:FIKS22:BRANCHE07=G:BELØB=3:SÆSON=SÆSON,2010-01-01,73072.0
DST:FIKS22:BRANCHE07=G:BELØB=3:SÆSON=SÆSON,2010-02-01,68716.0
DST:FIKS22:BRANCHE07=G:BELØB=3:SÆSON=SÆSON,2010-03-01,76195.0
DST:FIKS22:BRANCHE07=G:BELØB=3:SÆSON=SÆSON,2010-04-01,72444.0
DST:FIKS22:BRANCHE07=G:BELØB=3:SÆSON=SÆSON,2010-05-01,74984.0
DST:FIKS22:BRANCHE07=G:BELØB=3:SÆSON=SÆSON,2010-06-01,74461.0
DST:FIKS22:BRANCHE07=G:BELØB=3:SÆSON=SÆSON,2010-07-01,76290.0
DST:FIKS22:BRANCHE07=G:BELØB=3:SÆSON=SÆSON,2010-08-01,76274.0
DST:FIKS22:BRANCHE07=G:BELØB=3:SÆSON=SÆSON,2010-09-01,73031.0
DST:FIKS22:BRANCHE07=G:BELØB=3:SÆSON=SÆSON,2010-10-01,77189.0
DST:FIKS22:BRANCHE07=G:BELØB=3:SÆSON=SÆSON,2010-11-01,79779.0
DST:FIKS22:BRANCHE07=G:BELØB=3:SÆSON=SÆSON,2010-12-01,76594.0
DST:FIKS22:BRANCHE07=G:BELØB=3:SÆSON=SÆSON,2011-01-01,84614.0
DST:FIKS22:BRANCHE07=G:BELØB=3:SÆSON=SÆSON,2011-02-01,83841.0
DST:FIKS22:BRANCHE07=G:BELØB=3:SÆSON=SÆSON,2011-03-01,83241.0
DST:FIKS22:BRANCHE07=G:BELØB=3:SÆSON=SÆSON,2011-04-01,85804.0
DST:FIKS22:BRANCHE07=G:BELØB=3:SÆSON=SÆSON,2011-05-01,83886.0
DST:FIKS22:BRANCHE07=G:BELØB=3:SÆSON=SÆSON,2011-06-01,85001.0
DST:FIKS22:BRANCHE07=G:BELØB=3:SÆSON=SÆSON,2011-07-01,83707.0
DST:FIKS22:BRANCHE07=G:BELØB=3:SÆSON=SÆSON,2011-08-01,86939.0
DST:FIKS22:BRANCHE07=G:BELØB=3:SÆSON=SÆSON,2011-09-01,87250.0
DST:FIKS22:BRANCHE07=G:BELØB=3:SÆSON=SÆSON,2011-10-01,85633.0
DST:FIKS22:BRANCHE07=G:BELØB=3:SÆSON=SÆSON,2011-11-01,86104.0
DST:FIKS22:BRANCHE07=G:BELØB=3:SÆSON=SÆSON,2011-12-01,86812.0
DST:FIKS22:BRANCHE07=G:BELØB=3:SÆSON=SÆSON,2012-01-01,83570.0
DST:FIKS22:BRANCHE07=G:BELØB=3:SÆSON=SÆSON,2012-02-01,86001.0
DST:FIKS22:BRANCHE07=G:BELØB=3:SÆSON=SÆSON,2012-03-01,86833.0
DST:FIKS22:BRANCHE07=G:BELØB=3:SÆSON=SÆSON,2012-04-01,87117.0
DST:FIKS22:BRANCHE07=G:BELØB=3:SÆSON=SÆSON,2012-05-01,87680.0
DST:FIKS22:BRANCHE07=G:BELØB=3:SÆSON=SÆSON,2012-06-01,86861.0
DST:FIKS22:BRANCHE07=G:BELØB=3:SÆSON=SÆSON,2012-07-01,87761.0
DST:FIKS22:BRANCHE07=G:BELØB=3:SÆSON=SÆSON,2012-08-01,85824.0
DST:FIKS22:BRANCHE07=G:BELØB=3:SÆSON=SÆSON,2012-09-01,86296.0
DST:FIKS22:BRANCHE07=G:BELØB=3:SÆSON=SÆSON,2012-10-01,87379.0
DST:FIKS22:BRANCHE07=G:BELØB=3:SÆSON=SÆSON,2012-11-01,85591.0
DST:FIKS22:BRANCHE07=G:BELØB=3:SÆSON=SÆSON,2012-12-01,87968.0
DST:FIKS22:BRANCHE07=G:BELØB=3:SÆSON=SÆSON,2013-01-01,88125.0
DST:FIKS22:BRANCHE07=G:BELØB=3:SÆSON=SÆSON,2013-02-01,88471.0
DST:FIKS22:BRANCHE07=G:BELØB=3:SÆSON=SÆSON,2013-03-01,84997.0
DST:FIKS22:BRANCHE07=G:BELØB=3:SÆSON=SÆSON,2013-04-01,84930.0
DST:FIKS22:BRANCHE07=G:BELØB=3:SÆSON=SÆSON,2013-05-01,84832.0
DST:FIKS22:BRANCHE07=G:BELØB=3:SÆSON=SÆSON,2013-06-01,86257.0
DST:FIKS22:BRANCHE07=G:BELØB=3:SÆSON=SÆSON,2013-07-01,85786.0
DST:FIKS22:BRANCHE07=G:BELØB=3:SÆSON=SÆSON,2013-08-01,85595.0
DST:FIKS22:BRANCHE07=G:BELØB=3:SÆSON=SÆSON,2013-09-01,87049.0
DST:FIKS22:BRANCHE07=G:BELØB=3:SÆSON=SÆSON,2013-10-01,82704.0
DST:FIKS22:BRANCHE07=G:BELØB=3:SÆSON=SÆSON,2013-11-01,84153.0
DST:FIKS22:BRANCHE07=G:BELØB=3:SÆSON=SÆSON,2013-12-01,84113.0
DST:FIKS22:BRANCHE07=G:BELØB=3:SÆSON=SÆSON,2014-01-01,83210.0
DST:FIKS22:BRANCHE07=G:BELØB=3:SÆSON=SÆSON,2014-02-01,83264.0
DST:FIKS22:BRANCHE07=G:BELØB=3:SÆSON=SÆSON,2014-03-01,79793.0
DST:FIKS22:BRANCHE07=G:BELØB=3:SÆSON=SÆSON,2014-04-01,83864.0
DST:FIKS22:BRANCHE07=G:BELØB=3:SÆSON=SÆSON,2014-05-01,84653.0
DST:FIKS22:BRANCHE07=G:BELØB=3:SÆSON=SÆSON,2014-06-01,83080.0
DST:FIKS22:BRANCHE07=G:BELØB=3:SÆSON=SÆSON,2014-07-01,82793.0
DST:FIKS22:BRANCHE07=G:BELØB=3:SÆSON=SÆSON,2014-08-01,80899.0
DST:FIKS22:BRANCHE07=G:BELØB=3:SÆSON=SÆSON,2014-09-01,83788.0
DST:FIKS22:BRANCHE07=G:BELØB=3:SÆSON=SÆSON,2014-10-01,82751.0
DST:FIKS22:BRANCHE07=G:BELØB=3:SÆSON=SÆSON,2014-11-01,84153.0
DST:FIKS22:BRANCHE07=G:BELØB=3:SÆSON=SÆSON,2014-12-01,82554.0
DST:FIKS22:BRANCHE07=G:BELØB=3:SÆSON=SÆSON,2015-01-01,86070.0
DST:FIKS22:BRANCHE07=G:BELØB=3:SÆSON=SÆSON,2015-02-01,84568.0
DST:FIKS22:BRANCHE07=G:BELØB=3:SÆSON=SÆSON,2015-03-01,86548.0
DST:FIKS22:BRANCHE07=G:BELØB=3:SÆSON=SÆSON,2015-04-01,83794.0
DST:FIKS22:BRANCHE07=G:BELØB=3:SÆSON=SÆSON,2015-05-01,85600.0
DST:FIKS22:BRANCHE07=G:BELØB=3:SÆSON=SÆSON,2015-06-01,86876.0
DST:FIKS22:BRANCHE07=G:BELØB=3:SÆSON=SÆSON,2015-07-01,86278.0
DST:FIKS22:BRANCHE07=G:BELØB=3:SÆSON=SÆSON,2015-08-01,86599.0
DST:FIKS22:BRANCHE07=G:BELØB=3:SÆSON=SÆSON,2015-09-01,82066.0
DST:FIKS22:BRANCHE07=G:BELØB=3:SÆSON=SÆSON,2015-10-01,84735.0
DST:FIKS22:BRANCHE07=G:BELØB=3:SÆSON=SÆSON,2015-11-01,83627.0
DST:FIKS22:BRANCHE07=G:BELØB=3:SÆSON=SÆSON,2015-12-01,82112.0
DST:FIKS22:BRANCHE07=G:BELØB=3:SÆSON=SÆSON,2016-01-01,83522.0
DST:FIKS22:BRANCHE07=G:BELØB=3:SÆSON=SÆSON,2016-02-01,85788.0
DST:FIKS22:BRANCHE07=G:BELØB=3:SÆSON=SÆSON,2016-03-01,84510.0
DST:FIKS22:BRANCHE07=G:BELØB=3:SÆSON=SÆSON,2016-04-01,82661.0
DST:FIKS22:BRANCHE07=G:BELØB=3:SÆSON=SÆSON,2016-05-01,83581.0
DST:FIKS22:BRANCHE07=G:BELØB=3:SÆSON=SÆSON,2016-06-01,82944.0
DST:FIKS22:BRANCHE07=G:BELØB=3:SÆSON=SÆSON,2016-07-01,82358.0
DST:FIKS22:BRANCHE07=G:BELØB=3:SÆSON=SÆSON,2016-08-01,84404.0
DST:FIKS22:BRANCHE07=G:BELØB=3:SÆSON=SÆSON,2016-09-01,85586.0
DST:FIKS22:BRANCHE07=G:BELØB=3:SÆSON=SÆSON,2016-10-01,84708.0
DST:FIKS22:BRANCHE07=G:BELØB=3:SÆSON=SÆSON,2016-11-01,87485.0
DST:FIKS22:BRANCHE07=G:BELØB=3:SÆSON=SÆSON,2016-12-01,88164.0
DST:FIKS22:BRANCHE07=G:BELØB=3:SÆSON=SÆSON,2017-01-01,86194.0
DST:FIKS22:BRANCHE07=G:BELØB=3:SÆSON=SÆSON,2017-02-01,89322.0
DST:FIKS22:BRANCHE07=G:BELØB=3:SÆSON=SÆSON,2017-03-01,88678.0
DST:FIKS22:BRANCHE07=G:BELØB=3:SÆSON=SÆSON,2017-04-01,88413.0
DST:FIKS22:BRANCHE07=G:BELØB=3:SÆSON=SÆSON,2017-05-01,88912.0
DST:FIKS22:BRANCHE07=G:BELØB=3:SÆSON=SÆSON,2017-06-01,87162.0
DST:FIKS22:BRANCHE07=G:BELØB=3:SÆSON=SÆSON,2017-07-01,89247.0
DST:FIKS22:BRANCHE07=G:BELØB=3:SÆSON=SÆSON,2017-08-01,89016.0
DST:FIKS22:BRANCHE07=G:BELØB=3:SÆSON=SÆSON,2017-09-01,90686.0
DST:FIKS22:BRANCHE07=G:BELØB=3:SÆSON=SÆSON,2017-10-01,87885.0
DST:FIKS22:BRANCHE07=G:BELØB=3:SÆSON=SÆSON,2017-11-01,91188.0
DST:FIKS22:BRANCHE07=G:BELØB=3:SÆSON=SÆSON,2017-12-01,94076.0
DST:FIKS22:BRANCHE07=G:BELØB=3:SÆSON=SÆSON,2018-01-01,91113.0
DST:FIKS22:BRANCHE07=G:BELØB=3:SÆSON=SÆSON,2018-02-01,87694.0
DST:FIKS22:BRANCHE07=G:BELØB=3:SÆSON=SÆSON,2018-03-01,90530.0
DST:FIKS22:BRANCHE07=G:BELØB=3:SÆSON=SÆSON,2018-04-01,92589.0
DST:FIKS22:BRANCHE07=G:BELØB=3:SÆSON=SÆSON,2018-05-01,92649.0
DST:FIKS22:BRANCHE07=G:BELØB=3:SÆSON=SÆSON,2018-06-01,91724.0
DST:FIKS22:BRANCHE07=G:BELØB=3:SÆSON=SÆSON,2018-07-01,92588.0
DST:FIKS22:BRANCHE07=G:BELØB=3:SÆSON=SÆSON,2018-08-01,92332.0
DST:FIKS22:BRANCHE07=G:BELØB=3:SÆSON=SÆSON,2018-09-01,91306.0
DST:FIKS22:BRANCHE07=G:BELØB=3:SÆSON=SÆSON,2018-10-01,94995.0
DST:FIKS22:BRANCHE07=G:BELØB=3:SÆSON=SÆSON,2018-11-01,92662.0
DST:FIKS22:BRANCHE07=G:BELØB=3:SÆSON=SÆSON,2018-12-01,92765.0
DST:FIKS22:BRANCHE07=G:BELØB=3:SÆSON=SÆSON,2019-01-01,94549.0
DST:FIKS22:BRANCHE07=G:BELØB=3:SÆSON=SÆSON,2019-02-01,93417.0
DST:FIKS22:BRANCHE07=G:BELØB=3:SÆSON=SÆSON,2019-03-01,91784.0
DST:FIKS22:BRANCHE07=G:BELØB=3:SÆSON=SÆSON,2019-04-01,92743.0
DST:FIKS22:BRANCHE07=G:BELØB=3:SÆSON=SÆSON,2019-05-01,94753.0
DST:FIKS22:BRANCHE07=G:BELØB=3:SÆSON=SÆSON,2019-06-01,96964.0
DST:FIKS22:BRANCHE07=G:BELØB=3:SÆSON=SÆSON,2019-07-01,95924.0
DST:FIKS22:BRANCHE07=G:BELØB=3:SÆSON=SÆSON,2019-08-01,96038.0
DST:FIKS22:BRANCHE07=G:BELØB=3:SÆSON=SÆSON,2019-09-01,95484.0
DST:FIKS22:BRANCHE07=G:BELØB=3:SÆSON=SÆSON,2019-10-01,96152.0
DST:FIKS22:BRANCHE07=G:BELØB=3:SÆSON=SÆSON,2019-11-01,95994.0
DST:FIKS22:BRANCHE07=G:BELØB=3:SÆSON=SÆSON,2019-12-01,96405.0
DST:FIKS22:BRANCHE07=G:BELØB=3:SÆSON=SÆSON,2020-01-01,98759.0
DST:FIKS22:BRANCHE07=G:BELØB=3:SÆSON=SÆSON,2020-02-01,96896.0
DST:FIKS22:BRANCHE07=G:BELØB=3:SÆSON=SÆSON,2020-03-01,93758.0
DST:FIKS22:BRANCHE07=G:BELØB=3:SÆSON=SÆSON,2020-04-01,82827.0
DST:FIKS22:BRANCHE07=G:BELØB=3:SÆSON=SÆSON,2020-05-01,86790.0
DST:FIKS22:BRANCHE07=G:BELØB=3:SÆSON=SÆSON,2020-06-01,96609.0
DST:FIKS22:BRANCHE07=G:BELØB=3:SÆSON=SÆSON,2020-07-01,95836.0
DST:FIKS22:BRANCHE07=G:BELØB=3:SÆSON=SÆSON,2020-08-01,100106.0
DST:FIKS22:BRANCHE07=G:BELØB=3:SÆSON=SÆSON,2020-09-01,95209.0
DST:FIKS22:BRANCHE07=G:BELØB=3:SÆSON=SÆSON,2020-10-01,97632.0
DST:FIKS22:BRANCHE07=G:BELØB=3:SÆSON=SÆSON,2020-11-01,99080.0
DST:FIKS22:BRANCHE07=G:BELØB=3:SÆSON=SÆSON,2020-12-01,101358.0
DST:FIKS22:BRANCHE07=G:BELØB=3:SÆSON=SÆSON,2021-01-01,100258.0
DST:FIKS22:BRANCHE07=G:BELØB=3:SÆSON=SÆSON,2021-02-01,103597.0
DST:FIKS22:BRANCHE07=G:BELØB=3:SÆSON=SÆSON,2021-03-01,106798.0
DST:FIKS22:BRANCHE07=G:BELØB=3:SÆSON=SÆSON,2021-04-01,106588.0
DST:FIKS22:BRANCHE07=G:BELØB=3:SÆSON=SÆSON,2021-05-01,104900.0
DST:FIKS22:BRANCHE07=G:BELØB=3:SÆSON=SÆSON,2021-06-01,104914.0
DST:FIKS22:BRANCHE07=G:BELØB=3:SÆSON=SÆSON,2021-07-01,108260.0
DST:FIKS22:BRANCHE07=G:BELØB=3:SÆSON=SÆSON,2021-08-01,107038.0
DST:FIKS22:BRANCHE07=G:BELØB=3:SÆSON=SÆSON,2021-09-01,109383.0
DST:FIKS22:BRANCHE07=G:BELØB=3:SÆSON=SÆSON,2021-10-01,112188.0
DST:FIKS22:BRANCHE07=G:BELØB=3:SÆSON=SÆSON,2021-11-01,114147.0
DST:FIKS22:BRANCHE07=G:BELØB=3:SÆSON=SÆSON,2021-12-01,112284.0
DST:FIKS22:BRANCHE07=G:BELØB=3:SÆSON=SÆSON,2022-01-01,122658.0
DST:FIKS22:BRANCHE07=G:BELØB=3:SÆSON=SÆSON,2022-02-01,123154.0
DST:FIKS22:BRANCHE07=G:BELØB=3:SÆSON=SÆSON,2022-03-01,126210.0
DST:FIKS22:BRANCHE07=G:BELØB=3:SÆSON=SÆSON,2022-04-01,128564.0
DST:FIKS22:BRANCHE07=G:BELØB=3:SÆSON=SÆSON,2022-05-01,136385.0
DST:FIKS22:BRANCHE07=G:BELØB=3:SÆSON=SÆSON,2022-06-01,134327.0
DST:FIKS22:BRANCHE07=G:BELØB=3:SÆSON=SÆSON,2022-07-01,133028.0
DST:FIKS22:BRANCHE07=G:BELØB=3:SÆSON=SÆSON,2022-08-01,137928.0
DST:FIKS22:BRANCHE07=G:BELØB=3:SÆSON=SÆSON,2022-09-01,138037.0
DST:FIKS22:BRANCHE07=G:BELØB=3:SÆSON=SÆSON,2022-10-01,131176.0
DST:FIKS22:BRANCHE07=G:BELØB=3:SÆSON=SÆSON,2022-11-01,140589.0
DST:FIKS22:BRANCHE07=G:BELØB=3:SÆSON=SÆSON,2022-12-01,137851.0
DST:FIKS22:BRANCHE07=G:BELØB=3:SÆSON=SÆSON,2023-01-01,119240.0
DST:FIKS22:BRANCHE07=G:BELØB=3:SÆSON=SÆSON,2023-02-01,129399.0
DST:FIKS22:BRANCHE07=G:BELØB=3:SÆSON=SÆSON,2023-03-01,124922.0
DST:FIKS22:BRANCHE07=G:BELØB=3:SÆSON=SÆSON,2023-04-01,121652.0
DST:FIKS22:BRANCHE07=G:BELØB=3:SÆSON=SÆSON,2023-05-01,125861.0
DST:FIKS22:BRANCHE07=G:BELØB=3:SÆSON=SÆSON,2023-06-01,123934.0
DST:FIKS22:BRANCHE07=G:BELØB=3:SÆSON=SÆSON,2023-07-01,123738.0
DST:FIKS22:BRANCHE07=G:BELØB=3:SÆSON=SÆSON,2023-08-01,126045.0
DST:FIKS22:BRANCHE07=G:BELØB=3:SÆSON=SÆSON,2023-09-01,127138.0
DST:FIKS22:BRANCHE07=G:BELØB=3:SÆSON=SÆSON,2023-10-01,125502.0
DST:FIKS22:BRANCHE07=G:BELØB=3:SÆSON=SÆSON,2023-11-01,127049.0
DST:FIKS22:BRANCHE07=G:BELØB=3:SÆSON=SÆSON,2023-12-01,127172.0
DST:FIKS22:BRANCHE07=G:BELØB=3:SÆSON=SÆSON,2024-01-01,126418.0
DST:FIKS22:BRANCHE07=G:BELØB=3:SÆSON=SÆSON,2024-02-01,125089.0
DST:FIKS22:BRANCHE07=G:BELØB=3:SÆSON=SÆSON,2024-03-01,125707.0
DST:FIKS22:BRANCHE07=G:BELØB=3:SÆSON=SÆSON,2024-04-01,127357.0
DST:FIKS22:BRANCHE07=G:BELØB=3:SÆSON=SÆSON,2024-05-01,125257.0
DST:FIKS22:BRANCHE07=G:BELØB=3:SÆSON=SÆSON,2024-06-01,125603.0
DST:FIKS22:BRANCHE07=G:BELØB=3:SÆSON=SÆSON,2024-07-01,126713.0
DST:FIKS22:BRANCHE07=G:BELØB=3:SÆSON=SÆSON,2024-08-01,125729.0
DST:FIKS22:BRANCHE07=G:BELØB=3:SÆSON=SÆSON,2024-09-01,126817.0
DST:FIKS22:BRANCHE07=G:BELØB=3:SÆSON=SÆSON,2024-10-01,128992.0
DST:FIKS22:BRANCHE07=G:BELØB=3:SÆSON=SÆSON,2024-11-01,127282.0
DST:FIKS22:BRANCHE07=G:BELØB=3:SÆSON=SÆSON,2024-12-01,128503.0
DST:FIKS22:BRANCHE07=G:BELØB=3:SÆSON=SÆSON,2025-01-01,133869.0
DST:FIKS22:BRANCHE07=G:BELØB=3:SÆSON=SÆSON,2025-02-01,133779.0
DST:FIKS22:BRANCHE07=G:BELØB=3:SÆSON=SÆSON,2025-03-01,127506.0
DST:FIKS22:BRANCHE07=G:BELØB=3:SÆSON=SÆSON,2025-04-01,130928.0
DST:FIKS22:BRANCHE07=G:BELØB=3:SÆSON=SÆSON,2025-05-01,130479.0
DST:FIKS22:BRANCHE07=G:BELØB=3:SÆSON=SÆSON,2025-06-01,133247.0
DST:FIKS22:BRANCHE07=G:BELØB=3:SÆSON=SÆSON,2025-07-01,130602.0
DST:FIKS22:BRANCHE07=G:BELØB=3:SÆSON=SÆSON,2025-08-01,131237.0
DST:FIKS22:BRANCHE07=G:BELØB=3:SÆSON=SÆSON,2025-09-01,129100.0
DST:FIKS22:BRANCHE07=G:BELØB=3:SÆSON=SÆSON,2025-10-01,131604.0
DST:FIKS22:BRANCHE07=G:BELØB=3:SÆSON=SÆSON,2025-11-01,132405.0
DST:FIKS22:BRANCHE07=G:BELØB=3:SÆSON=SÆSON,2025-12-01,130634.0
DST:FIKS22:BRANCHE07=G:BELØB=3:SÆSON=SÆSON,2026-01-01,131995.0
DST:FIKS22:BRANCHE07=G:BELØB=3:SÆSON=SÆSON,2026-02-01,130168.0
DST:FIKS22:BRANCHE07=G:BELØB=3:SÆSON=SÆSON,2026-03-01,135176.0
DST:FIKS22:BRANCHE07=G:BELØB=4:SÆSON=EJSÆSON,2009-01-01,86226.0
DST:FIKS22:BRANCHE07=G:BELØB=4:SÆSON=EJSÆSON,2009-02-01,82582.0
DST:FIKS22:BRANCHE07=G:BELØB=4:SÆSON=EJSÆSON,2009-03-01,94665.0
DST:FIKS22:BRANCHE07=G:BELØB=4:SÆSON=EJSÆSON,2009-04-01,93323.0
DST:FIKS22:BRANCHE07=G:BELØB=4:SÆSON=EJSÆSON,2009-05-01,87114.0
DST:FIKS22:BRANCHE07=G:BELØB=4:SÆSON=EJSÆSON,2009-06-01,95074.0
DST:FIKS22:BRANCHE07=G:BELØB=4:SÆSON=EJSÆSON,2009-07-01,86677.0
DST:FIKS22:BRANCHE07=G:BELØB=4:SÆSON=EJSÆSON,2009-08-01,88121.0
DST:FIKS22:BRANCHE07=G:BELØB=4:SÆSON=EJSÆSON,2009-09-01,93229.0
DST:FIKS22:BRANCHE07=G:BELØB=4:SÆSON=EJSÆSON,2009-10-01,95214.0
DST:FIKS22:BRANCHE07=G:BELØB=4:SÆSON=EJSÆSON,2009-11-01,88776.0
DST:FIKS22:BRANCHE07=G:BELØB=4:SÆSON=EJSÆSON,2009-12-01,99106.0
DST:FIKS22:BRANCHE07=G:BELØB=4:SÆSON=EJSÆSON,2010-01-01,82671.0
DST:FIKS22:BRANCHE07=G:BELØB=4:SÆSON=EJSÆSON,2010-02-01,79403.0
DST:FIKS22:BRANCHE07=G:BELØB=4:SÆSON=EJSÆSON,2010-03-01,103262.0
DST:FIKS22:BRANCHE07=G:BELØB=4:SÆSON=EJSÆSON,2010-04-01,92810.0
DST:FIKS22:BRANCHE07=G:BELØB=4:SÆSON=EJSÆSON,2010-05-01,93582.0
DST:FIKS22:BRANCHE07=G:BELØB=4:SÆSON=EJSÆSON,2010-06-01,103842.0
DST:FIKS22:BRANCHE07=G:BELØB=4:SÆSON=EJSÆSON,2010-07-01,94291.0
DST:FIKS22:BRANCHE07=G:BELØB=4:SÆSON=EJSÆSON,2010-08-01,100667.0
DST:FIKS22:BRANCHE07=G:BELØB=4:SÆSON=EJSÆSON,2010-09-01,98832.0
DST:FIKS22:BRANCHE07=G:BELØB=4:SÆSON=EJSÆSON,2010-10-01,100128.0
DST:FIKS22:BRANCHE07=G:BELØB=4:SÆSON=EJSÆSON,2010-11-01,105310.0
DST:FIKS22:BRANCHE07=G:BELØB=4:SÆSON=EJSÆSON,2010-12-01,113450.0
DST:FIKS22:BRANCHE07=G:BELØB=4:SÆSON=EJSÆSON,2011-01-01,105229.0
DST:FIKS22:BRANCHE07=G:BELØB=4:SÆSON=EJSÆSON,2011-02-01,105237.0
DST:FIKS22:BRANCHE07=G:BELØB=4:SÆSON=EJSÆSON,2011-03-01,119433.0
DST:FIKS22:BRANCHE07=G:BELØB=4:SÆSON=EJSÆSON,2011-04-01,116817.0
DST:FIKS22:BRANCHE07=G:BELØB=4:SÆSON=EJSÆSON,2011-05-01,117253.0
DST:FIKS22:BRANCHE07=G:BELØB=4:SÆSON=EJSÆSON,2011-06-01,117514.0
DST:FIKS22:BRANCHE07=G:BELØB=4:SÆSON=EJSÆSON,2011-07-01,104601.0
DST:FIKS22:BRANCHE07=G:BELØB=4:SÆSON=EJSÆSON,2011-08-01,117838.0
DST:FIKS22:BRANCHE07=G:BELØB=4:SÆSON=EJSÆSON,2011-09-01,123603.0
DST:FIKS22:BRANCHE07=G:BELØB=4:SÆSON=EJSÆSON,2011-10-01,116092.0
DST:FIKS22:BRANCHE07=G:BELØB=4:SÆSON=EJSÆSON,2011-11-01,119958.0
DST:FIKS22:BRANCHE07=G:BELØB=4:SÆSON=EJSÆSON,2011-12-01,127527.0
DST:FIKS22:BRANCHE07=G:BELØB=4:SÆSON=EJSÆSON,2012-01-01,107753.0
DST:FIKS22:BRANCHE07=G:BELØB=4:SÆSON=EJSÆSON,2012-02-01,110824.0
DST:FIKS22:BRANCHE07=G:BELØB=4:SÆSON=EJSÆSON,2012-03-01,124533.0
DST:FIKS22:BRANCHE07=G:BELØB=4:SÆSON=EJSÆSON,2012-04-01,124168.0
DST:FIKS22:BRANCHE07=G:BELØB=4:SÆSON=EJSÆSON,2012-05-01,120746.0
DST:FIKS22:BRANCHE07=G:BELØB=4:SÆSON=EJSÆSON,2012-06-01,122059.0
DST:FIKS22:BRANCHE07=G:BELØB=4:SÆSON=EJSÆSON,2012-07-01,110057.0
DST:FIKS22:BRANCHE07=G:BELØB=4:SÆSON=EJSÆSON,2012-08-01,121272.0
DST:FIKS22:BRANCHE07=G:BELØB=4:SÆSON=EJSÆSON,2012-09-01,118004.0
DST:FIKS22:BRANCHE07=G:BELØB=4:SÆSON=EJSÆSON,2012-10-01,123988.0
DST:FIKS22:BRANCHE07=G:BELØB=4:SÆSON=EJSÆSON,2012-11-01,122017.0
DST:FIKS22:BRANCHE07=G:BELØB=4:SÆSON=EJSÆSON,2012-12-01,122283.0
DST:FIKS22:BRANCHE07=G:BELØB=4:SÆSON=EJSÆSON,2013-01-01,111979.0
DST:FIKS22:BRANCHE07=G:BELØB=4:SÆSON=EJSÆSON,2013-02-01,107328.0
DST:FIKS22:BRANCHE07=G:BELØB=4:SÆSON=EJSÆSON,2013-03-01,114817.0
DST:FIKS22:BRANCHE07=G:BELØB=4:SÆSON=EJSÆSON,2013-04-01,122926.0
DST:FIKS22:BRANCHE07=G:BELØB=4:SÆSON=EJSÆSON,2013-05-01,121625.0
DST:FIKS22:BRANCHE07=G:BELØB=4:SÆSON=EJSÆSON,2013-06-01,121091.0
DST:FIKS22:BRANCHE07=G:BELØB=4:SÆSON=EJSÆSON,2013-07-01,113134.0
DST:FIKS22:BRANCHE07=G:BELØB=4:SÆSON=EJSÆSON,2013-08-01,118922.0
DST:FIKS22:BRANCHE07=G:BELØB=4:SÆSON=EJSÆSON,2013-09-01,120288.0
DST:FIKS22:BRANCHE07=G:BELØB=4:SÆSON=EJSÆSON,2013-10-01,114981.0
DST:FIKS22:BRANCHE07=G:BELØB=4:SÆSON=EJSÆSON,2013-11-01,110919.0
DST:FIKS22:BRANCHE07=G:BELØB=4:SÆSON=EJSÆSON,2013-12-01,117960.0
DST:FIKS22:BRANCHE07=G:BELØB=4:SÆSON=EJSÆSON,2014-01-01,101122.0
DST:FIKS22:BRANCHE07=G:BELØB=4:SÆSON=EJSÆSON,2014-02-01,98071.0
DST:FIKS22:BRANCHE07=G:BELØB=4:SÆSON=EJSÆSON,2014-03-01,109890.0
DST:FIKS22:BRANCHE07=G:BELØB=4:SÆSON=EJSÆSON,2014-04-01,110206.0
DST:FIKS22:BRANCHE07=G:BELØB=4:SÆSON=EJSÆSON,2014-05-01,110176.0
DST:FIKS22:BRANCHE07=G:BELØB=4:SÆSON=EJSÆSON,2014-06-01,110562.0
DST:FIKS22:BRANCHE07=G:BELØB=4:SÆSON=EJSÆSON,2014-07-01,103965.0
DST:FIKS22:BRANCHE07=G:BELØB=4:SÆSON=EJSÆSON,2014-08-01,106511.0
DST:FIKS22:BRANCHE07=G:BELØB=4:SÆSON=EJSÆSON,2014-09-01,114459.0
DST:FIKS22:BRANCHE07=G:BELØB=4:SÆSON=EJSÆSON,2014-10-01,114496.0
DST:FIKS22:BRANCHE07=G:BELØB=4:SÆSON=EJSÆSON,2014-11-01,104213.0
DST:FIKS22:BRANCHE07=G:BELØB=4:SÆSON=EJSÆSON,2014-12-01,116371.0
DST:FIKS22:BRANCHE07=G:BELØB=4:SÆSON=EJSÆSON,2015-01-01,101603.0
DST:FIKS22:BRANCHE07=G:BELØB=4:SÆSON=EJSÆSON,2015-02-01,99201.0
DST:FIKS22:BRANCHE07=G:BELØB=4:SÆSON=EJSÆSON,2015-03-01,118586.0
DST:FIKS22:BRANCHE07=G:BELØB=4:SÆSON=EJSÆSON,2015-04-01,106922.0
DST:FIKS22:BRANCHE07=G:BELØB=4:SÆSON=EJSÆSON,2015-05-01,105871.0
DST:FIKS22:BRANCHE07=G:BELØB=4:SÆSON=EJSÆSON,2015-06-01,116557.0
DST:FIKS22:BRANCHE07=G:BELØB=4:SÆSON=EJSÆSON,2015-07-01,102186.0
DST:FIKS22:BRANCHE07=G:BELØB=4:SÆSON=EJSÆSON,2015-08-01,105135.0
DST:FIKS22:BRANCHE07=G:BELØB=4:SÆSON=EJSÆSON,2015-09-01,109451.0
DST:FIKS22:BRANCHE07=G:BELØB=4:SÆSON=EJSÆSON,2015-10-01,110824.0
DST:FIKS22:BRANCHE07=G:BELØB=4:SÆSON=EJSÆSON,2015-11-01,110212.0
DST:FIKS22:BRANCHE07=G:BELØB=4:SÆSON=EJSÆSON,2015-12-01,117933.0
DST:FIKS22:BRANCHE07=G:BELØB=4:SÆSON=EJSÆSON,2016-01-01,96315.0
DST:FIKS22:BRANCHE07=G:BELØB=4:SÆSON=EJSÆSON,2016-02-01,99030.0
DST:FIKS22:BRANCHE07=G:BELØB=4:SÆSON=EJSÆSON,2016-03-01,109276.0
DST:FIKS22:BRANCHE07=G:BELØB=4:SÆSON=EJSÆSON,2016-04-01,109768.0
DST:FIKS22:BRANCHE07=G:BELØB=4:SÆSON=EJSÆSON,2016-05-01,109499.0
DST:FIKS22:BRANCHE07=G:BELØB=4:SÆSON=EJSÆSON,2016-06-01,117861.0
DST:FIKS22:BRANCHE07=G:BELØB=4:SÆSON=EJSÆSON,2016-07-01,96932.0
DST:FIKS22:BRANCHE07=G:BELØB=4:SÆSON=EJSÆSON,2016-08-01,109333.0
DST:FIKS22:BRANCHE07=G:BELØB=4:SÆSON=EJSÆSON,2016-09-01,113040.0
DST:FIKS22:BRANCHE07=G:BELØB=4:SÆSON=EJSÆSON,2016-10-01,109290.0
DST:FIKS22:BRANCHE07=G:BELØB=4:SÆSON=EJSÆSON,2016-11-01,117723.0
DST:FIKS22:BRANCHE07=G:BELØB=4:SÆSON=EJSÆSON,2016-12-01,122520.0
DST:FIKS22:BRANCHE07=G:BELØB=4:SÆSON=EJSÆSON,2017-01-01,106006.0
DST:FIKS22:BRANCHE07=G:BELØB=4:SÆSON=EJSÆSON,2017-02-01,102431.0
DST:FIKS22:BRANCHE07=G:BELØB=4:SÆSON=EJSÆSON,2017-03-01,123882.0
DST:FIKS22:BRANCHE07=G:BELØB=4:SÆSON=EJSÆSON,2017-04-01,107287.0
DST:FIKS22:BRANCHE07=G:BELØB=4:SÆSON=EJSÆSON,2017-05-01,118210.0
DST:FIKS22:BRANCHE07=G:BELØB=4:SÆSON=EJSÆSON,2017-06-01,120870.0
DST:FIKS22:BRANCHE07=G:BELØB=4:SÆSON=EJSÆSON,2017-07-01,102544.0
DST:FIKS22:BRANCHE07=G:BELØB=4:SÆSON=EJSÆSON,2017-08-01,115813.0
DST:FIKS22:BRANCHE07=G:BELØB=4:SÆSON=EJSÆSON,2017-09-01,117615.0
DST:FIKS22:BRANCHE07=G:BELØB=4:SÆSON=EJSÆSON,2017-10-01,117695.0
DST:FIKS22:BRANCHE07=G:BELØB=4:SÆSON=EJSÆSON,2017-11-01,123606.0
DST:FIKS22:BRANCHE07=G:BELØB=4:SÆSON=EJSÆSON,2017-12-01,124888.0
DST:FIKS22:BRANCHE07=G:BELØB=4:SÆSON=EJSÆSON,2018-01-01,112264.0
DST:FIKS22:BRANCHE07=G:BELØB=4:SÆSON=EJSÆSON,2018-02-01,103242.0
DST:FIKS22:BRANCHE07=G:BELØB=4:SÆSON=EJSÆSON,2018-03-01,119130.0
DST:FIKS22:BRANCHE07=G:BELØB=4:SÆSON=EJSÆSON,2018-04-01,116201.0
DST:FIKS22:BRANCHE07=G:BELØB=4:SÆSON=EJSÆSON,2018-05-01,127347.0
DST:FIKS22:BRANCHE07=G:BELØB=4:SÆSON=EJSÆSON,2018-06-01,124287.0
DST:FIKS22:BRANCHE07=G:BELØB=4:SÆSON=EJSÆSON,2018-07-01,111455.0
DST:FIKS22:BRANCHE07=G:BELØB=4:SÆSON=EJSÆSON,2018-08-01,120672.0
DST:FIKS22:BRANCHE07=G:BELØB=4:SÆSON=EJSÆSON,2018-09-01,116213.0
DST:FIKS22:BRANCHE07=G:BELØB=4:SÆSON=EJSÆSON,2018-10-01,126732.0
DST:FIKS22:BRANCHE07=G:BELØB=4:SÆSON=EJSÆSON,2018-11-01,129459.0
DST:FIKS22:BRANCHE07=G:BELØB=4:SÆSON=EJSÆSON,2018-12-01,122547.0
DST:FIKS22:BRANCHE07=G:BELØB=4:SÆSON=EJSÆSON,2019-01-01,115377.0
DST:FIKS22:BRANCHE07=G:BELØB=4:SÆSON=EJSÆSON,2019-02-01,108327.0
DST:FIKS22:BRANCHE07=G:BELØB=4:SÆSON=EJSÆSON,2019-03-01,124209.0
DST:FIKS22:BRANCHE07=G:BELØB=4:SÆSON=EJSÆSON,2019-04-01,121670.0
DST:FIKS22:BRANCHE07=G:BELØB=4:SÆSON=EJSÆSON,2019-05-01,125627.0
DST:FIKS22:BRANCHE07=G:BELØB=4:SÆSON=EJSÆSON,2019-06-01,122847.0
DST:FIKS22:BRANCHE07=G:BELØB=4:SÆSON=EJSÆSON,2019-07-01,115921.0
DST:FIKS22:BRANCHE07=G:BELØB=4:SÆSON=EJSÆSON,2019-08-01,121203.0
DST:FIKS22:BRANCHE07=G:BELØB=4:SÆSON=EJSÆSON,2019-09-01,122285.0
DST:FIKS22:BRANCHE07=G:BELØB=4:SÆSON=EJSÆSON,2019-10-01,135309.0
DST:FIKS22:BRANCHE07=G:BELØB=4:SÆSON=EJSÆSON,2019-11-01,128933.0
DST:FIKS22:BRANCHE07=G:BELØB=4:SÆSON=EJSÆSON,2019-12-01,128787.0
DST:FIKS22:BRANCHE07=G:BELØB=4:SÆSON=EJSÆSON,2020-01-01,117583.0
DST:FIKS22:BRANCHE07=G:BELØB=4:SÆSON=EJSÆSON,2020-02-01,111658.0
DST:FIKS22:BRANCHE07=G:BELØB=4:SÆSON=EJSÆSON,2020-03-01,124851.0
DST:FIKS22:BRANCHE07=G:BELØB=4:SÆSON=EJSÆSON,2020-04-01,106794.0
DST:FIKS22:BRANCHE07=G:BELØB=4:SÆSON=EJSÆSON,2020-05-01,113545.0
DST:FIKS22:BRANCHE07=G:BELØB=4:SÆSON=EJSÆSON,2020-06-01,127641.0
DST:FIKS22:BRANCHE07=G:BELØB=4:SÆSON=EJSÆSON,2020-07-01,118236.0
DST:FIKS22:BRANCHE07=G:BELØB=4:SÆSON=EJSÆSON,2020-08-01,121610.0
DST:FIKS22:BRANCHE07=G:BELØB=4:SÆSON=EJSÆSON,2020-09-01,128594.0
DST:FIKS22:BRANCHE07=G:BELØB=4:SÆSON=EJSÆSON,2020-10-01,133428.0
DST:FIKS22:BRANCHE07=G:BELØB=4:SÆSON=EJSÆSON,2020-11-01,131820.0
DST:FIKS22:BRANCHE07=G:BELØB=4:SÆSON=EJSÆSON,2020-12-01,139372.0
DST:FIKS22:BRANCHE07=G:BELØB=4:SÆSON=EJSÆSON,2021-01-01,111380.0
DST:FIKS22:BRANCHE07=G:BELØB=4:SÆSON=EJSÆSON,2021-02-01,113733.0
DST:FIKS22:BRANCHE07=G:BELØB=4:SÆSON=EJSÆSON,2021-03-01,153305.0
DST:FIKS22:BRANCHE07=G:BELØB=4:SÆSON=EJSÆSON,2021-04-01,132394.0
DST:FIKS22:BRANCHE07=G:BELØB=4:SÆSON=EJSÆSON,2021-05-01,135505.0
DST:FIKS22:BRANCHE07=G:BELØB=4:SÆSON=EJSÆSON,2021-06-01,149906.0
DST:FIKS22:BRANCHE07=G:BELØB=4:SÆSON=EJSÆSON,2021-07-01,128811.0
DST:FIKS22:BRANCHE07=G:BELØB=4:SÆSON=EJSÆSON,2021-08-01,135089.0
DST:FIKS22:BRANCHE07=G:BELØB=4:SÆSON=EJSÆSON,2021-09-01,144620.0
DST:FIKS22:BRANCHE07=G:BELØB=4:SÆSON=EJSÆSON,2021-10-01,142265.0
DST:FIKS22:BRANCHE07=G:BELØB=4:SÆSON=EJSÆSON,2021-11-01,156767.0
DST:FIKS22:BRANCHE07=G:BELØB=4:SÆSON=EJSÆSON,2021-12-01,162152.0
DST:FIKS22:BRANCHE07=G:BELØB=4:SÆSON=EJSÆSON,2022-01-01,134294.0
DST:FIKS22:BRANCHE07=G:BELØB=4:SÆSON=EJSÆSON,2022-02-01,139380.0
DST:FIKS22:BRANCHE07=G:BELØB=4:SÆSON=EJSÆSON,2022-03-01,173855.0
DST:FIKS22:BRANCHE07=G:BELØB=4:SÆSON=EJSÆSON,2022-04-01,158503.0
DST:FIKS22:BRANCHE07=G:BELØB=4:SÆSON=EJSÆSON,2022-05-01,168171.0
DST:FIKS22:BRANCHE07=G:BELØB=4:SÆSON=EJSÆSON,2022-06-01,174881.0
DST:FIKS22:BRANCHE07=G:BELØB=4:SÆSON=EJSÆSON,2022-07-01,149247.0
DST:FIKS22:BRANCHE07=G:BELØB=4:SÆSON=EJSÆSON,2022-08-01,166831.0
DST:FIKS22:BRANCHE07=G:BELØB=4:SÆSON=EJSÆSON,2022-09-01,179838.0
DST:FIKS22:BRANCHE07=G:BELØB=4:SÆSON=EJSÆSON,2022-10-01,161079.0
DST:FIKS22:BRANCHE07=G:BELØB=4:SÆSON=EJSÆSON,2022-11-01,170606.0
DST:FIKS22:BRANCHE07=G:BELØB=4:SÆSON=EJSÆSON,2022-12-01,173998.0
DST:FIKS22:BRANCHE07=G:BELØB=4:SÆSON=EJSÆSON,2023-01-01,149924.0
DST:FIKS22:BRANCHE07=G:BELØB=4:SÆSON=EJSÆSON,2023-02-01,143225.0
DST:FIKS22:BRANCHE07=G:BELØB=4:SÆSON=EJSÆSON,2023-03-01,173055.0
DST:FIKS22:BRANCHE07=G:BELØB=4:SÆSON=EJSÆSON,2023-04-01,147965.0
DST:FIKS22:BRANCHE07=G:BELØB=4:SÆSON=EJSÆSON,2023-05-01,162224.0
DST:FIKS22:BRANCHE07=G:BELØB=4:SÆSON=EJSÆSON,2023-06-01,167492.0
DST:FIKS22:BRANCHE07=G:BELØB=4:SÆSON=EJSÆSON,2023-07-01,136685.0
DST:FIKS22:BRANCHE07=G:BELØB=4:SÆSON=EJSÆSON,2023-08-01,161951.0
DST:FIKS22:BRANCHE07=G:BELØB=4:SÆSON=EJSÆSON,2023-09-01,162282.0
DST:FIKS22:BRANCHE07=G:BELØB=4:SÆSON=EJSÆSON,2023-10-01,160979.0
DST:FIKS22:BRANCHE07=G:BELØB=4:SÆSON=EJSÆSON,2023-11-01,169128.0
DST:FIKS22:BRANCHE07=G:BELØB=4:SÆSON=EJSÆSON,2023-12-01,160377.0
DST:FIKS22:BRANCHE07=G:BELØB=4:SÆSON=EJSÆSON,2024-01-01,146117.0
DST:FIKS22:BRANCHE07=G:BELØB=4:SÆSON=EJSÆSON,2024-02-01,144799.0
DST:FIKS22:BRANCHE07=G:BELØB=4:SÆSON=EJSÆSON,2024-03-01,159242.0
DST:FIKS22:BRANCHE07=G:BELØB=4:SÆSON=EJSÆSON,2024-04-01,164981.0
DST:FIKS22:BRANCHE07=G:BELØB=4:SÆSON=EJSÆSON,2024-05-01,166553.0
DST:FIKS22:BRANCHE07=G:BELØB=4:SÆSON=EJSÆSON,2024-06-01,161270.0
DST:FIKS22:BRANCHE07=G:BELØB=4:SÆSON=EJSÆSON,2024-07-01,148684.0
DST:FIKS22:BRANCHE07=G:BELØB=4:SÆSON=EJSÆSON,2024-08-01,157575.0
DST:FIKS22:BRANCHE07=G:BELØB=4:SÆSON=EJSÆSON,2024-09-01,157350.0
DST:FIKS22:BRANCHE07=G:BELØB=4:SÆSON=EJSÆSON,2024-10-01,170837.0
DST:FIKS22:BRANCHE07=G:BELØB=4:SÆSON=EJSÆSON,2024-11-01,168365.0
DST:FIKS22:BRANCHE07=G:BELØB=4:SÆSON=EJSÆSON,2024-12-01,168521.0
DST:FIKS22:BRANCHE07=G:BELØB=4:SÆSON=EJSÆSON,2025-01-01,155413.0
DST:FIKS22:BRANCHE07=G:BELØB=4:SÆSON=EJSÆSON,2025-02-01,147136.0
DST:FIKS22:BRANCHE07=G:BELØB=4:SÆSON=EJSÆSON,2025-03-01,166544.0
DST:FIKS22:BRANCHE07=G:BELØB=4:SÆSON=EJSÆSON,2025-04-01,163651.0
DST:FIKS22:BRANCHE07=G:BELØB=4:SÆSON=EJSÆSON,2025-05-01,167369.0
DST:FIKS22:BRANCHE07=G:BELØB=4:SÆSON=EJSÆSON,2025-06-01,166763.0
DST:FIKS22:BRANCHE07=G:BELØB=4:SÆSON=EJSÆSON,2025-07-01,154859.0
DST:FIKS22:BRANCHE07=G:BELØB=4:SÆSON=EJSÆSON,2025-08-01,157862.0
DST:FIKS22:BRANCHE07=G:BELØB=4:SÆSON=EJSÆSON,2025-09-01,168183.0
DST:FIKS22:BRANCHE07=G:BELØB=4:SÆSON=EJSÆSON,2025-10-01,174884.0
DST:FIKS22:BRANCHE07=G:BELØB=4:SÆSON=EJSÆSON,2025-11-01,169429.0
DST:FIKS22:BRANCHE07=G:BELØB=4:SÆSON=EJSÆSON,2025-12-01,177510.0
DST:FIKS22:BRANCHE07=G:BELØB=4:SÆSON=EJSÆSON,2026-01-01,152244.0
DST:FIKS22:BRANCHE07=G:BELØB=4:SÆSON=EJSÆSON,2026-02-01,150738.0
DST:FIKS22:BRANCHE07=G:BELØB=4:SÆSON=EJSÆSON,2026-03-01,182056.0
DST:FIKS22:BRANCHE07=G:BELØB=4:SÆSON=SÆSON,2009-01-01,93130.0
DST:FIKS22:BRANCHE07=G:BELØB=4:SÆSON=SÆSON,2009-02-01,92173.0
DST:FIKS22:BRANCHE07=G:BELØB=4:SÆSON=SÆSON,2009-03-01,91567.0
DST:FIKS22:BRANCHE07=G:BELØB=4:SÆSON=SÆSON,2009-04-01,92607.0
DST:FIKS22:BRANCHE07=G:BELØB=4:SÆSON=SÆSON,2009-05-01,89308.0
DST:FIKS22:BRANCHE07=G:BELØB=4:SÆSON=SÆSON,2009-06-01,92246.0
DST:FIKS22:BRANCHE07=G:BELØB=4:SÆSON=SÆSON,2009-07-01,90826.0
DST:FIKS22:BRANCHE07=G:BELØB=4:SÆSON=SÆSON,2009-08-01,90855.0
DST:FIKS22:BRANCHE07=G:BELØB=4:SÆSON=SÆSON,2009-09-01,89055.0
DST:FIKS22:BRANCHE07=G:BELØB=4:SÆSON=SÆSON,2009-10-01,92187.0
DST:FIKS22:BRANCHE07=G:BELØB=4:SÆSON=SÆSON,2009-11-01,88465.0
DST:FIKS22:BRANCHE07=G:BELØB=4:SÆSON=SÆSON,2009-12-01,89508.0
DST:FIKS22:BRANCHE07=G:BELØB=4:SÆSON=SÆSON,2010-01-01,92389.0
DST:FIKS22:BRANCHE07=G:BELØB=4:SÆSON=SÆSON,2010-02-01,88717.0
DST:FIKS22:BRANCHE07=G:BELØB=4:SÆSON=SÆSON,2010-03-01,97686.0
DST:FIKS22:BRANCHE07=G:BELØB=4:SÆSON=SÆSON,2010-04-01,94193.0
DST:FIKS22:BRANCHE07=G:BELØB=4:SÆSON=SÆSON,2010-05-01,95913.0
DST:FIKS22:BRANCHE07=G:BELØB=4:SÆSON=SÆSON,2010-06-01,95699.0
DST:FIKS22:BRANCHE07=G:BELØB=4:SÆSON=SÆSON,2010-07-01,100296.0
DST:FIKS22:BRANCHE07=G:BELØB=4:SÆSON=SÆSON,2010-08-01,100608.0
DST:FIKS22:BRANCHE07=G:BELØB=4:SÆSON=SÆSON,2010-09-01,95043.0
DST:FIKS22:BRANCHE07=G:BELØB=4:SÆSON=SÆSON,2010-10-01,99663.0
DST:FIKS22:BRANCHE07=G:BELØB=4:SÆSON=SÆSON,2010-11-01,101165.0
DST:FIKS22:BRANCHE07=G:BELØB=4:SÆSON=SÆSON,2010-12-01,99982.0
DST:FIKS22:BRANCHE07=G:BELØB=4:SÆSON=SÆSON,2011-01-01,115792.0
DST:FIKS22:BRANCHE07=G:BELØB=4:SÆSON=SÆSON,2011-02-01,116600.0
DST:FIKS22:BRANCHE07=G:BELØB=4:SÆSON=SÆSON,2011-03-01,111389.0
DST:FIKS22:BRANCHE07=G:BELØB=4:SÆSON=SÆSON,2011-04-01,117509.0
DST:FIKS22:BRANCHE07=G:BELØB=4:SÆSON=SÆSON,2011-05-01,114232.0
DST:FIKS22:BRANCHE07=G:BELØB=4:SÆSON=SÆSON,2011-06-01,114195.0
DST:FIKS22:BRANCHE07=G:BELØB=4:SÆSON=SÆSON,2011-07-01,115336.0
DST:FIKS22:BRANCHE07=G:BELØB=4:SÆSON=SÆSON,2011-08-01,115228.0
DST:FIKS22:BRANCHE07=G:BELØB=4:SÆSON=SÆSON,2011-09-01,117154.0
DST:FIKS22:BRANCHE07=G:BELØB=4:SÆSON=SÆSON,2011-10-01,117056.0
DST:FIKS22:BRANCHE07=G:BELØB=4:SÆSON=SÆSON,2011-11-01,115476.0
DST:FIKS22:BRANCHE07=G:BELØB=4:SÆSON=SÆSON,2011-12-01,116717.0
DST:FIKS22:BRANCHE07=G:BELØB=4:SÆSON=SÆSON,2012-01-01,114095.0
DST:FIKS22:BRANCHE07=G:BELØB=4:SÆSON=SÆSON,2012-02-01,117980.0
DST:FIKS22:BRANCHE07=G:BELØB=4:SÆSON=SÆSON,2012-03-01,118587.0
DST:FIKS22:BRANCHE07=G:BELØB=4:SÆSON=SÆSON,2012-04-01,127125.0
DST:FIKS22:BRANCHE07=G:BELØB=4:SÆSON=SÆSON,2012-05-01,120460.0
DST:FIKS22:BRANCHE07=G:BELØB=4:SÆSON=SÆSON,2012-06-01,118280.0
DST:FIKS22:BRANCHE07=G:BELØB=4:SÆSON=SÆSON,2012-07-01,118611.0
DST:FIKS22:BRANCHE07=G:BELØB=4:SÆSON=SÆSON,2012-08-01,118754.0
DST:FIKS22:BRANCHE07=G:BELØB=4:SÆSON=SÆSON,2012-09-01,118851.0
DST:FIKS22:BRANCHE07=G:BELØB=4:SÆSON=SÆSON,2012-10-01,118147.0
DST:FIKS22:BRANCHE07=G:BELØB=4:SÆSON=SÆSON,2012-11-01,117258.0
DST:FIKS22:BRANCHE07=G:BELØB=4:SÆSON=SÆSON,2012-12-01,120730.0
DST:FIKS22:BRANCHE07=G:BELØB=4:SÆSON=SÆSON,2013-01-01,119842.0
DST:FIKS22:BRANCHE07=G:BELØB=4:SÆSON=SÆSON,2013-02-01,118546.0
DST:FIKS22:BRANCHE07=G:BELØB=4:SÆSON=SÆSON,2013-03-01,117994.0
DST:FIKS22:BRANCHE07=G:BELØB=4:SÆSON=SÆSON,2013-04-01,119356.0
DST:FIKS22:BRANCHE07=G:BELØB=4:SÆSON=SÆSON,2013-05-01,117383.0
DST:FIKS22:BRANCHE07=G:BELØB=4:SÆSON=SÆSON,2013-06-01,119233.0
DST:FIKS22:BRANCHE07=G:BELØB=4:SÆSON=SÆSON,2013-07-01,119475.0
DST:FIKS22:BRANCHE07=G:BELØB=4:SÆSON=SÆSON,2013-08-01,118811.0
DST:FIKS22:BRANCHE07=G:BELØB=4:SÆSON=SÆSON,2013-09-01,119366.0
DST:FIKS22:BRANCHE07=G:BELØB=4:SÆSON=SÆSON,2013-10-01,109176.0
DST:FIKS22:BRANCHE07=G:BELØB=4:SÆSON=SÆSON,2013-11-01,108679.0
DST:FIKS22:BRANCHE07=G:BELØB=4:SÆSON=SÆSON,2013-12-01,111270.0
DST:FIKS22:BRANCHE07=G:BELØB=4:SÆSON=SÆSON,2014-01-01,106917.0
DST:FIKS22:BRANCHE07=G:BELØB=4:SÆSON=SÆSON,2014-02-01,108691.0
DST:FIKS22:BRANCHE07=G:BELØB=4:SÆSON=SÆSON,2014-03-01,108187.0
DST:FIKS22:BRANCHE07=G:BELØB=4:SÆSON=SÆSON,2014-04-01,109207.0
DST:FIKS22:BRANCHE07=G:BELØB=4:SÆSON=SÆSON,2014-05-01,109039.0
DST:FIKS22:BRANCHE07=G:BELØB=4:SÆSON=SÆSON,2014-06-01,109827.0
DST:FIKS22:BRANCHE07=G:BELØB=4:SÆSON=SÆSON,2014-07-01,109455.0
DST:FIKS22:BRANCHE07=G:BELØB=4:SÆSON=SÆSON,2014-08-01,109660.0
DST:FIKS22:BRANCHE07=G:BELØB=4:SÆSON=SÆSON,2014-09-01,110087.0
DST:FIKS22:BRANCHE07=G:BELØB=4:SÆSON=SÆSON,2014-10-01,109260.0
DST:FIKS22:BRANCHE07=G:BELØB=4:SÆSON=SÆSON,2014-11-01,104911.0
DST:FIKS22:BRANCHE07=G:BELØB=4:SÆSON=SÆSON,2014-12-01,108600.0
DST:FIKS22:BRANCHE07=G:BELØB=4:SÆSON=SÆSON,2015-01-01,109814.0
DST:FIKS22:BRANCHE07=G:BELØB=4:SÆSON=SÆSON,2015-02-01,110150.0
DST:FIKS22:BRANCHE07=G:BELØB=4:SÆSON=SÆSON,2015-03-01,112378.0
DST:FIKS22:BRANCHE07=G:BELØB=4:SÆSON=SÆSON,2015-04-01,107269.0
DST:FIKS22:BRANCHE07=G:BELØB=4:SÆSON=SÆSON,2015-05-01,109711.0
DST:FIKS22:BRANCHE07=G:BELØB=4:SÆSON=SÆSON,2015-06-01,109418.0
DST:FIKS22:BRANCHE07=G:BELØB=4:SÆSON=SÆSON,2015-07-01,108279.0
DST:FIKS22:BRANCHE07=G:BELØB=4:SÆSON=SÆSON,2015-08-01,109811.0
DST:FIKS22:BRANCHE07=G:BELØB=4:SÆSON=SÆSON,2015-09-01,105862.0
DST:FIKS22:BRANCHE07=G:BELØB=4:SÆSON=SÆSON,2015-10-01,107734.0
DST:FIKS22:BRANCHE07=G:BELØB=4:SÆSON=SÆSON,2015-11-01,108370.0
DST:FIKS22:BRANCHE07=G:BELØB=4:SÆSON=SÆSON,2015-12-01,106903.0
DST:FIKS22:BRANCHE07=G:BELØB=4:SÆSON=SÆSON,2016-01-01,107430.0
DST:FIKS22:BRANCHE07=G:BELØB=4:SÆSON=SÆSON,2016-02-01,106229.0
DST:FIKS22:BRANCHE07=G:BELØB=4:SÆSON=SÆSON,2016-03-01,108433.0
DST:FIKS22:BRANCHE07=G:BELØB=4:SÆSON=SÆSON,2016-04-01,107372.0
DST:FIKS22:BRANCHE07=G:BELØB=4:SÆSON=SÆSON,2016-05-01,107084.0
DST:FIKS22:BRANCHE07=G:BELØB=4:SÆSON=SÆSON,2016-06-01,107930.0
DST:FIKS22:BRANCHE07=G:BELØB=4:SÆSON=SÆSON,2016-07-01,107396.0
DST:FIKS22:BRANCHE07=G:BELØB=4:SÆSON=SÆSON,2016-08-01,108522.0
DST:FIKS22:BRANCHE07=G:BELØB=4:SÆSON=SÆSON,2016-09-01,109490.0
DST:FIKS22:BRANCHE07=G:BELØB=4:SÆSON=SÆSON,2016-10-01,110552.0
DST:FIKS22:BRANCHE07=G:BELØB=4:SÆSON=SÆSON,2016-11-01,110947.0
DST:FIKS22:BRANCHE07=G:BELØB=4:SÆSON=SÆSON,2016-12-01,111781.0
DST:FIKS22:BRANCHE07=G:BELØB=4:SÆSON=SÆSON,2017-01-01,111756.0
DST:FIKS22:BRANCHE07=G:BELØB=4:SÆSON=SÆSON,2017-02-01,114325.0
DST:FIKS22:BRANCHE07=G:BELØB=4:SÆSON=SÆSON,2017-03-01,114471.0
DST:FIKS22:BRANCHE07=G:BELØB=4:SÆSON=SÆSON,2017-04-01,113283.0
DST:FIKS22:BRANCHE07=G:BELØB=4:SÆSON=SÆSON,2017-05-01,114036.0
DST:FIKS22:BRANCHE07=G:BELØB=4:SÆSON=SÆSON,2017-06-01,111822.0
DST:FIKS22:BRANCHE07=G:BELØB=4:SÆSON=SÆSON,2017-07-01,114834.0
DST:FIKS22:BRANCHE07=G:BELØB=4:SÆSON=SÆSON,2017-08-01,114552.0
DST:FIKS22:BRANCHE07=G:BELØB=4:SÆSON=SÆSON,2017-09-01,116752.0
DST:FIKS22:BRANCHE07=G:BELØB=4:SÆSON=SÆSON,2017-10-01,115238.0
DST:FIKS22:BRANCHE07=G:BELØB=4:SÆSON=SÆSON,2017-11-01,117196.0
DST:FIKS22:BRANCHE07=G:BELØB=4:SÆSON=SÆSON,2017-12-01,121703.0
DST:FIKS22:BRANCHE07=G:BELØB=4:SÆSON=SÆSON,2018-01-01,118225.0
DST:FIKS22:BRANCHE07=G:BELØB=4:SÆSON=SÆSON,2018-02-01,115678.0
DST:FIKS22:BRANCHE07=G:BELØB=4:SÆSON=SÆSON,2018-03-01,118254.0
DST:FIKS22:BRANCHE07=G:BELØB=4:SÆSON=SÆSON,2018-04-01,118586.0
DST:FIKS22:BRANCHE07=G:BELØB=4:SÆSON=SÆSON,2018-05-01,120732.0
DST:FIKS22:BRANCHE07=G:BELØB=4:SÆSON=SÆSON,2018-06-01,119388.0
DST:FIKS22:BRANCHE07=G:BELØB=4:SÆSON=SÆSON,2018-07-01,120520.0
DST:FIKS22:BRANCHE07=G:BELØB=4:SÆSON=SÆSON,2018-08-01,120057.0
DST:FIKS22:BRANCHE07=G:BELØB=4:SÆSON=SÆSON,2018-09-01,119274.0
DST:FIKS22:BRANCHE07=G:BELØB=4:SÆSON=SÆSON,2018-10-01,121275.0
DST:FIKS22:BRANCHE07=G:BELØB=4:SÆSON=SÆSON,2018-11-01,120967.0
DST:FIKS22:BRANCHE07=G:BELØB=4:SÆSON=SÆSON,2018-12-01,120678.0
DST:FIKS22:BRANCHE07=G:BELØB=4:SÆSON=SÆSON,2019-01-01,122560.0
DST:FIKS22:BRANCHE07=G:BELØB=4:SÆSON=SÆSON,2019-02-01,121911.0
DST:FIKS22:BRANCHE07=G:BELØB=4:SÆSON=SÆSON,2019-03-01,120656.0
DST:FIKS22:BRANCHE07=G:BELØB=4:SÆSON=SÆSON,2019-04-01,121839.0
DST:FIKS22:BRANCHE07=G:BELØB=4:SÆSON=SÆSON,2019-05-01,120649.0
DST:FIKS22:BRANCHE07=G:BELØB=4:SÆSON=SÆSON,2019-06-01,122805.0
DST:FIKS22:BRANCHE07=G:BELØB=4:SÆSON=SÆSON,2019-07-01,122274.0
DST:FIKS22:BRANCHE07=G:BELØB=4:SÆSON=SÆSON,2019-08-01,122749.0
DST:FIKS22:BRANCHE07=G:BELØB=4:SÆSON=SÆSON,2019-09-01,123098.0
DST:FIKS22:BRANCHE07=G:BELØB=4:SÆSON=SÆSON,2019-10-01,128539.0
DST:FIKS22:BRANCHE07=G:BELØB=4:SÆSON=SÆSON,2019-11-01,123028.0
DST:FIKS22:BRANCHE07=G:BELØB=4:SÆSON=SÆSON,2019-12-01,122166.0
DST:FIKS22:BRANCHE07=G:BELØB=4:SÆSON=SÆSON,2020-01-01,123775.0
DST:FIKS22:BRANCHE07=G:BELØB=4:SÆSON=SÆSON,2020-02-01,123674.0
DST:FIKS22:BRANCHE07=G:BELØB=4:SÆSON=SÆSON,2020-03-01,118751.0
DST:FIKS22:BRANCHE07=G:BELØB=4:SÆSON=SÆSON,2020-04-01,107911.0
DST:FIKS22:BRANCHE07=G:BELØB=4:SÆSON=SÆSON,2020-05-01,113724.0
DST:FIKS22:BRANCHE07=G:BELØB=4:SÆSON=SÆSON,2020-06-01,122260.0
DST:FIKS22:BRANCHE07=G:BELØB=4:SÆSON=SÆSON,2020-07-01,124264.0
DST:FIKS22:BRANCHE07=G:BELØB=4:SÆSON=SÆSON,2020-08-01,127767.0
DST:FIKS22:BRANCHE07=G:BELØB=4:SÆSON=SÆSON,2020-09-01,124525.0
DST:FIKS22:BRANCHE07=G:BELØB=4:SÆSON=SÆSON,2020-10-01,129835.0
DST:FIKS22:BRANCHE07=G:BELØB=4:SÆSON=SÆSON,2020-11-01,127327.0
DST:FIKS22:BRANCHE07=G:BELØB=4:SÆSON=SÆSON,2020-12-01,127628.0
DST:FIKS22:BRANCHE07=G:BELØB=4:SÆSON=SÆSON,2021-01-01,124642.0
DST:FIKS22:BRANCHE07=G:BELØB=4:SÆSON=SÆSON,2021-02-01,128798.0
DST:FIKS22:BRANCHE07=G:BELØB=4:SÆSON=SÆSON,2021-03-01,142129.0
DST:FIKS22:BRANCHE07=G:BELØB=4:SÆSON=SÆSON,2021-04-01,136549.0
DST:FIKS22:BRANCHE07=G:BELØB=4:SÆSON=SÆSON,2021-05-01,135691.0
DST:FIKS22:BRANCHE07=G:BELØB=4:SÆSON=SÆSON,2021-06-01,136747.0
DST:FIKS22:BRANCHE07=G:BELØB=4:SÆSON=SÆSON,2021-07-01,137899.0
DST:FIKS22:BRANCHE07=G:BELØB=4:SÆSON=SÆSON,2021-08-01,137166.0
DST:FIKS22:BRANCHE07=G:BELØB=4:SÆSON=SÆSON,2021-09-01,140676.0
DST:FIKS22:BRANCHE07=G:BELØB=4:SÆSON=SÆSON,2021-10-01,142225.0
DST:FIKS22:BRANCHE07=G:BELØB=4:SÆSON=SÆSON,2021-11-01,146388.0
DST:FIKS22:BRANCHE07=G:BELØB=4:SÆSON=SÆSON,2021-12-01,145090.0
DST:FIKS22:BRANCHE07=G:BELØB=4:SÆSON=SÆSON,2022-01-01,147807.0
DST:FIKS22:BRANCHE07=G:BELØB=4:SÆSON=SÆSON,2022-02-01,157305.0
DST:FIKS22:BRANCHE07=G:BELØB=4:SÆSON=SÆSON,2022-03-01,159414.0
DST:FIKS22:BRANCHE07=G:BELØB=4:SÆSON=SÆSON,2022-04-01,161761.0
DST:FIKS22:BRANCHE07=G:BELØB=4:SÆSON=SÆSON,2022-05-01,164851.0
DST:FIKS22:BRANCHE07=G:BELØB=4:SÆSON=SÆSON,2022-06-01,164150.0
DST:FIKS22:BRANCHE07=G:BELØB=4:SÆSON=SÆSON,2022-07-01,164894.0
DST:FIKS22:BRANCHE07=G:BELØB=4:SÆSON=SÆSON,2022-08-01,165505.0
DST:FIKS22:BRANCHE07=G:BELØB=4:SÆSON=SÆSON,2022-09-01,172239.0
DST:FIKS22:BRANCHE07=G:BELØB=4:SÆSON=SÆSON,2022-10-01,162704.0
DST:FIKS22:BRANCHE07=G:BELØB=4:SÆSON=SÆSON,2022-11-01,159518.0
DST:FIKS22:BRANCHE07=G:BELØB=4:SÆSON=SÆSON,2022-12-01,161729.0
DST:FIKS22:BRANCHE07=G:BELØB=4:SÆSON=SÆSON,2023-01-01,159456.0
DST:FIKS22:BRANCHE07=G:BELØB=4:SÆSON=SÆSON,2023-02-01,161486.0
DST:FIKS22:BRANCHE07=G:BELØB=4:SÆSON=SÆSON,2023-03-01,158707.0
DST:FIKS22:BRANCHE07=G:BELØB=4:SÆSON=SÆSON,2023-04-01,155877.0
DST:FIKS22:BRANCHE07=G:BELØB=4:SÆSON=SÆSON,2023-05-01,158955.0
DST:FIKS22:BRANCHE07=G:BELØB=4:SÆSON=SÆSON,2023-06-01,155683.0
DST:FIKS22:BRANCHE07=G:BELØB=4:SÆSON=SÆSON,2023-07-01,152927.0
DST:FIKS22:BRANCHE07=G:BELØB=4:SÆSON=SÆSON,2023-08-01,159744.0
DST:FIKS22:BRANCHE07=G:BELØB=4:SÆSON=SÆSON,2023-09-01,159831.0
DST:FIKS22:BRANCHE07=G:BELØB=4:SÆSON=SÆSON,2023-10-01,157145.0
DST:FIKS22:BRANCHE07=G:BELØB=4:SÆSON=SÆSON,2023-11-01,159263.0
DST:FIKS22:BRANCHE07=G:BELØB=4:SÆSON=SÆSON,2023-12-01,158634.0
DST:FIKS22:BRANCHE07=G:BELØB=4:SÆSON=SÆSON,2024-01-01,156074.0
DST:FIKS22:BRANCHE07=G:BELØB=4:SÆSON=SÆSON,2024-02-01,156083.0
DST:FIKS22:BRANCHE07=G:BELØB=4:SÆSON=SÆSON,2024-03-01,161131.0
DST:FIKS22:BRANCHE07=G:BELØB=4:SÆSON=SÆSON,2024-04-01,161176.0
DST:FIKS22:BRANCHE07=G:BELØB=4:SÆSON=SÆSON,2024-05-01,157698.0
DST:FIKS22:BRANCHE07=G:BELØB=4:SÆSON=SÆSON,2024-06-01,158768.0
DST:FIKS22:BRANCHE07=G:BELØB=4:SÆSON=SÆSON,2024-07-01,157911.0
DST:FIKS22:BRANCHE07=G:BELØB=4:SÆSON=SÆSON,2024-08-01,159019.0
DST:FIKS22:BRANCHE07=G:BELØB=4:SÆSON=SÆSON,2024-09-01,157541.0
DST:FIKS22:BRANCHE07=G:BELØB=4:SÆSON=SÆSON,2024-10-01,161946.0
DST:FIKS22:BRANCHE07=G:BELØB=4:SÆSON=SÆSON,2024-11-01,160859.0
DST:FIKS22:BRANCHE07=G:BELØB=4:SÆSON=SÆSON,2024-12-01,161296.0
DST:FIKS22:BRANCHE07=G:BELØB=4:SÆSON=SÆSON,2025-01-01,165836.0
DST:FIKS22:BRANCHE07=G:BELØB=4:SÆSON=SÆSON,2025-02-01,164993.0
DST:FIKS22:BRANCHE07=G:BELØB=4:SÆSON=SÆSON,2025-03-01,161216.0
DST:FIKS22:BRANCHE07=G:BELØB=4:SÆSON=SÆSON,2025-04-01,162989.0
DST:FIKS22:BRANCHE07=G:BELØB=4:SÆSON=SÆSON,2025-05-01,163288.0
DST:FIKS22:BRANCHE07=G:BELØB=4:SÆSON=SÆSON,2025-06-01,165613.0
DST:FIKS22:BRANCHE07=G:BELØB=4:SÆSON=SÆSON,2025-07-01,163871.0
DST:FIKS22:BRANCHE07=G:BELØB=4:SÆSON=SÆSON,2025-08-01,164024.0
DST:FIKS22:BRANCHE07=G:BELØB=4:SÆSON=SÆSON,2025-09-01,162576.0
DST:FIKS22:BRANCHE07=G:BELØB=4:SÆSON=SÆSON,2025-10-01,166200.0
DST:FIKS22:BRANCHE07=G:BELØB=4:SÆSON=SÆSON,2025-11-01,167287.0
DST:FIKS22:BRANCHE07=G:BELØB=4:SÆSON=SÆSON,2025-12-01,168119.0
DST:FIKS22:BRANCHE07=G:BELØB=4:SÆSON=SÆSON,2026-01-01,166654.0
DST:FIKS22:BRANCHE07=G:BELØB=4:SÆSON=SÆSON,2026-02-01,168625.0
DST:FIKS22:BRANCHE07=G:BELØB=4:SÆSON=SÆSON,2026-03-01,170265.0
DST:FIKS22:BRANCHE07=H:BELØB=0:SÆSON=EJSÆSON,2009-01-01,4705.0
DST:FIKS22:BRANCHE07=H:BELØB=0:SÆSON=EJSÆSON,2009-02-01,4626.0
DST:FIKS22:BRANCHE07=H:BELØB=0:SÆSON=EJSÆSON,2009-03-01,5171.0
DST:FIKS22:BRANCHE07=H:BELØB=0:SÆSON=EJSÆSON,2009-04-01,5245.0
DST:FIKS22:BRANCHE07=H:BELØB=0:SÆSON=EJSÆSON,2009-05-01,4830.0
DST:FIKS22:BRANCHE07=H:BELØB=0:SÆSON=EJSÆSON,2009-06-01,5311.0
DST:FIKS22:BRANCHE07=H:BELØB=0:SÆSON=EJSÆSON,2009-07-01,5172.0
DST:FIKS22:BRANCHE07=H:BELØB=0:SÆSON=EJSÆSON,2009-08-01,4874.0
DST:FIKS22:BRANCHE07=H:BELØB=0:SÆSON=EJSÆSON,2009-09-01,5298.0
DST:FIKS22:BRANCHE07=H:BELØB=0:SÆSON=EJSÆSON,2009-10-01,5398.0
DST:FIKS22:BRANCHE07=H:BELØB=0:SÆSON=EJSÆSON,2009-11-01,5062.0
DST:FIKS22:BRANCHE07=H:BELØB=0:SÆSON=EJSÆSON,2009-12-01,6012.0
DST:FIKS22:BRANCHE07=H:BELØB=0:SÆSON=EJSÆSON,2010-01-01,3872.0
DST:FIKS22:BRANCHE07=H:BELØB=0:SÆSON=EJSÆSON,2010-02-01,4171.0
DST:FIKS22:BRANCHE07=H:BELØB=0:SÆSON=EJSÆSON,2010-03-01,5022.0
DST:FIKS22:BRANCHE07=H:BELØB=0:SÆSON=EJSÆSON,2010-04-01,4929.0
DST:FIKS22:BRANCHE07=H:BELØB=0:SÆSON=EJSÆSON,2010-05-01,4919.0
DST:FIKS22:BRANCHE07=H:BELØB=0:SÆSON=EJSÆSON,2010-06-01,5468.0
DST:FIKS22:BRANCHE07=H:BELØB=0:SÆSON=EJSÆSON,2010-07-01,4901.0
DST:FIKS22:BRANCHE07=H:BELØB=0:SÆSON=EJSÆSON,2010-08-01,4951.0
DST:FIKS22:BRANCHE07=H:BELØB=0:SÆSON=EJSÆSON,2010-09-01,5641.0
DST:FIKS22:BRANCHE07=H:BELØB=0:SÆSON=EJSÆSON,2010-10-01,5202.0
DST:FIKS22:BRANCHE07=H:BELØB=0:SÆSON=EJSÆSON,2010-11-01,5463.0
DST:FIKS22:BRANCHE07=H:BELØB=0:SÆSON=EJSÆSON,2010-12-01,6160.0
DST:FIKS22:BRANCHE07=H:BELØB=0:SÆSON=EJSÆSON,2011-01-01,4898.0
DST:FIKS22:BRANCHE07=H:BELØB=0:SÆSON=EJSÆSON,2011-02-01,4630.0
DST:FIKS22:BRANCHE07=H:BELØB=0:SÆSON=EJSÆSON,2011-03-01,6473.0
DST:FIKS22:BRANCHE07=H:BELØB=0:SÆSON=EJSÆSON,2011-04-01,5099.0
DST:FIKS22:BRANCHE07=H:BELØB=0:SÆSON=EJSÆSON,2011-05-01,5561.0
DST:FIKS22:BRANCHE07=H:BELØB=0:SÆSON=EJSÆSON,2011-06-01,5522.0
DST:FIKS22:BRANCHE07=H:BELØB=0:SÆSON=EJSÆSON,2011-07-01,5089.0
DST:FIKS22:BRANCHE07=H:BELØB=0:SÆSON=EJSÆSON,2011-08-01,5445.0
DST:FIKS22:BRANCHE07=H:BELØB=0:SÆSON=EJSÆSON,2011-09-01,6188.0
DST:FIKS22:BRANCHE07=H:BELØB=0:SÆSON=EJSÆSON,2011-10-01,6026.0
DST:FIKS22:BRANCHE07=H:BELØB=0:SÆSON=EJSÆSON,2011-11-01,6289.0
DST:FIKS22:BRANCHE07=H:BELØB=0:SÆSON=EJSÆSON,2011-12-01,6447.0
DST:FIKS22:BRANCHE07=H:BELØB=0:SÆSON=EJSÆSON,2012-01-01,5117.0
DST:FIKS22:BRANCHE07=H:BELØB=0:SÆSON=EJSÆSON,2012-02-01,4817.0
DST:FIKS22:BRANCHE07=H:BELØB=0:SÆSON=EJSÆSON,2012-03-01,5664.0
DST:FIKS22:BRANCHE07=H:BELØB=0:SÆSON=EJSÆSON,2012-04-01,5342.0
DST:FIKS22:BRANCHE07=H:BELØB=0:SÆSON=EJSÆSON,2012-05-01,5675.0
DST:FIKS22:BRANCHE07=H:BELØB=0:SÆSON=EJSÆSON,2012-06-01,6276.0
DST:FIKS22:BRANCHE07=H:BELØB=0:SÆSON=EJSÆSON,2012-07-01,5446.0
DST:FIKS22:BRANCHE07=H:BELØB=0:SÆSON=EJSÆSON,2012-08-01,5569.0
DST:FIKS22:BRANCHE07=H:BELØB=0:SÆSON=EJSÆSON,2012-09-01,5783.0
DST:FIKS22:BRANCHE07=H:BELØB=0:SÆSON=EJSÆSON,2012-10-01,6215.0
DST:FIKS22:BRANCHE07=H:BELØB=0:SÆSON=EJSÆSON,2012-11-01,5928.0
DST:FIKS22:BRANCHE07=H:BELØB=0:SÆSON=EJSÆSON,2012-12-01,6260.0
DST:FIKS22:BRANCHE07=H:BELØB=0:SÆSON=EJSÆSON,2013-01-01,5121.0
DST:FIKS22:BRANCHE07=H:BELØB=0:SÆSON=EJSÆSON,2013-02-01,5106.0
DST:FIKS22:BRANCHE07=H:BELØB=0:SÆSON=EJSÆSON,2013-03-01,5570.0
DST:FIKS22:BRANCHE07=H:BELØB=0:SÆSON=EJSÆSON,2013-04-01,5451.0
DST:FIKS22:BRANCHE07=H:BELØB=0:SÆSON=EJSÆSON,2013-05-01,5835.0
DST:FIKS22:BRANCHE07=H:BELØB=0:SÆSON=EJSÆSON,2013-06-01,5875.0
DST:FIKS22:BRANCHE07=H:BELØB=0:SÆSON=EJSÆSON,2013-07-01,5638.0
DST:FIKS22:BRANCHE07=H:BELØB=0:SÆSON=EJSÆSON,2013-08-01,5720.0
DST:FIKS22:BRANCHE07=H:BELØB=0:SÆSON=EJSÆSON,2013-09-01,5958.0
DST:FIKS22:BRANCHE07=H:BELØB=0:SÆSON=EJSÆSON,2013-10-01,6254.0
DST:FIKS22:BRANCHE07=H:BELØB=0:SÆSON=EJSÆSON,2013-11-01,6415.0
DST:FIKS22:BRANCHE07=H:BELØB=0:SÆSON=EJSÆSON,2013-12-01,6715.0
DST:FIKS22:BRANCHE07=H:BELØB=0:SÆSON=EJSÆSON,2014-01-01,5404.0
DST:FIKS22:BRANCHE07=H:BELØB=0:SÆSON=EJSÆSON,2014-02-01,5554.0
DST:FIKS22:BRANCHE07=H:BELØB=0:SÆSON=EJSÆSON,2014-03-01,6162.0
DST:FIKS22:BRANCHE07=H:BELØB=0:SÆSON=EJSÆSON,2014-04-01,6029.0
DST:FIKS22:BRANCHE07=H:BELØB=0:SÆSON=EJSÆSON,2014-05-01,6501.0
DST:FIKS22:BRANCHE07=H:BELØB=0:SÆSON=EJSÆSON,2014-06-01,6749.0
DST:FIKS22:BRANCHE07=H:BELØB=0:SÆSON=EJSÆSON,2014-07-01,6247.0
DST:FIKS22:BRANCHE07=H:BELØB=0:SÆSON=EJSÆSON,2014-08-01,6091.0
DST:FIKS22:BRANCHE07=H:BELØB=0:SÆSON=EJSÆSON,2014-09-01,6887.0
DST:FIKS22:BRANCHE07=H:BELØB=0:SÆSON=EJSÆSON,2014-10-01,7201.0
DST:FIKS22:BRANCHE07=H:BELØB=0:SÆSON=EJSÆSON,2014-11-01,6338.0
DST:FIKS22:BRANCHE07=H:BELØB=0:SÆSON=EJSÆSON,2014-12-01,7472.0
DST:FIKS22:BRANCHE07=H:BELØB=0:SÆSON=EJSÆSON,2015-01-01,5304.0
DST:FIKS22:BRANCHE07=H:BELØB=0:SÆSON=EJSÆSON,2015-02-01,5419.0
DST:FIKS22:BRANCHE07=H:BELØB=0:SÆSON=EJSÆSON,2015-03-01,6878.0
DST:FIKS22:BRANCHE07=H:BELØB=0:SÆSON=EJSÆSON,2015-04-01,6088.0
DST:FIKS22:BRANCHE07=H:BELØB=0:SÆSON=EJSÆSON,2015-05-01,6085.0
DST:FIKS22:BRANCHE07=H:BELØB=0:SÆSON=EJSÆSON,2015-06-01,7040.0
DST:FIKS22:BRANCHE07=H:BELØB=0:SÆSON=EJSÆSON,2015-07-01,6154.0
DST:FIKS22:BRANCHE07=H:BELØB=0:SÆSON=EJSÆSON,2015-08-01,6305.0
DST:FIKS22:BRANCHE07=H:BELØB=0:SÆSON=EJSÆSON,2015-09-01,6707.0
DST:FIKS22:BRANCHE07=H:BELØB=0:SÆSON=EJSÆSON,2015-10-01,7025.0
DST:FIKS22:BRANCHE07=H:BELØB=0:SÆSON=EJSÆSON,2015-11-01,6598.0
DST:FIKS22:BRANCHE07=H:BELØB=0:SÆSON=EJSÆSON,2015-12-01,7512.0
DST:FIKS22:BRANCHE07=H:BELØB=0:SÆSON=EJSÆSON,2016-01-01,5195.0
DST:FIKS22:BRANCHE07=H:BELØB=0:SÆSON=EJSÆSON,2016-02-01,5562.0
DST:FIKS22:BRANCHE07=H:BELØB=0:SÆSON=EJSÆSON,2016-03-01,6222.0
DST:FIKS22:BRANCHE07=H:BELØB=0:SÆSON=EJSÆSON,2016-04-01,6135.0
DST:FIKS22:BRANCHE07=H:BELØB=0:SÆSON=EJSÆSON,2016-05-01,5858.0
DST:FIKS22:BRANCHE07=H:BELØB=0:SÆSON=EJSÆSON,2016-06-01,7271.0
DST:FIKS22:BRANCHE07=H:BELØB=0:SÆSON=EJSÆSON,2016-07-01,5750.0
DST:FIKS22:BRANCHE07=H:BELØB=0:SÆSON=EJSÆSON,2016-08-01,6471.0
DST:FIKS22:BRANCHE07=H:BELØB=0:SÆSON=EJSÆSON,2016-09-01,6352.0
DST:FIKS22:BRANCHE07=H:BELØB=0:SÆSON=EJSÆSON,2016-10-01,6348.0
DST:FIKS22:BRANCHE07=H:BELØB=0:SÆSON=EJSÆSON,2016-11-01,6576.0
DST:FIKS22:BRANCHE07=H:BELØB=0:SÆSON=EJSÆSON,2016-12-01,8817.0
DST:FIKS22:BRANCHE07=H:BELØB=0:SÆSON=EJSÆSON,2017-01-01,6077.0
DST:FIKS22:BRANCHE07=H:BELØB=0:SÆSON=EJSÆSON,2017-02-01,5714.0
DST:FIKS22:BRANCHE07=H:BELØB=0:SÆSON=EJSÆSON,2017-03-01,6940.0
DST:FIKS22:BRANCHE07=H:BELØB=0:SÆSON=EJSÆSON,2017-04-01,6135.0
DST:FIKS22:BRANCHE07=H:BELØB=0:SÆSON=EJSÆSON,2017-05-01,6769.0
DST:FIKS22:BRANCHE07=H:BELØB=0:SÆSON=EJSÆSON,2017-06-01,7363.0
DST:FIKS22:BRANCHE07=H:BELØB=0:SÆSON=EJSÆSON,2017-07-01,6110.0
DST:FIKS22:BRANCHE07=H:BELØB=0:SÆSON=EJSÆSON,2017-08-01,6571.0
DST:FIKS22:BRANCHE07=H:BELØB=0:SÆSON=EJSÆSON,2017-09-01,6502.0
DST:FIKS22:BRANCHE07=H:BELØB=0:SÆSON=EJSÆSON,2017-10-01,7369.0
DST:FIKS22:BRANCHE07=H:BELØB=0:SÆSON=EJSÆSON,2017-11-01,6977.0
DST:FIKS22:BRANCHE07=H:BELØB=0:SÆSON=EJSÆSON,2017-12-01,7984.0
DST:FIKS22:BRANCHE07=H:BELØB=0:SÆSON=EJSÆSON,2018-01-01,5835.0
DST:FIKS22:BRANCHE07=H:BELØB=0:SÆSON=EJSÆSON,2018-02-01,5995.0
DST:FIKS22:BRANCHE07=H:BELØB=0:SÆSON=EJSÆSON,2018-03-01,6431.0
DST:FIKS22:BRANCHE07=H:BELØB=0:SÆSON=EJSÆSON,2018-04-01,6785.0
DST:FIKS22:BRANCHE07=H:BELØB=0:SÆSON=EJSÆSON,2018-05-01,7095.0
DST:FIKS22:BRANCHE07=H:BELØB=0:SÆSON=EJSÆSON,2018-06-01,8267.0
DST:FIKS22:BRANCHE07=H:BELØB=0:SÆSON=EJSÆSON,2018-07-01,6606.0
DST:FIKS22:BRANCHE07=H:BELØB=0:SÆSON=EJSÆSON,2018-08-01,6977.0
DST:FIKS22:BRANCHE07=H:BELØB=0:SÆSON=EJSÆSON,2018-09-01,6811.0
DST:FIKS22:BRANCHE07=H:BELØB=0:SÆSON=EJSÆSON,2018-10-01,7623.0
DST:FIKS22:BRANCHE07=H:BELØB=0:SÆSON=EJSÆSON,2018-11-01,7589.0
DST:FIKS22:BRANCHE07=H:BELØB=0:SÆSON=EJSÆSON,2018-12-01,7446.0
DST:FIKS22:BRANCHE07=H:BELØB=0:SÆSON=EJSÆSON,2019-01-01,6439.0
DST:FIKS22:BRANCHE07=H:BELØB=0:SÆSON=EJSÆSON,2019-02-01,6354.0
DST:FIKS22:BRANCHE07=H:BELØB=0:SÆSON=EJSÆSON,2019-03-01,6561.0
DST:FIKS22:BRANCHE07=H:BELØB=0:SÆSON=EJSÆSON,2019-04-01,7021.0
DST:FIKS22:BRANCHE07=H:BELØB=0:SÆSON=EJSÆSON,2019-05-01,7348.0
DST:FIKS22:BRANCHE07=H:BELØB=0:SÆSON=EJSÆSON,2019-06-01,7138.0
DST:FIKS22:BRANCHE07=H:BELØB=0:SÆSON=EJSÆSON,2019-07-01,6456.0
DST:FIKS22:BRANCHE07=H:BELØB=0:SÆSON=EJSÆSON,2019-08-01,6820.0
DST:FIKS22:BRANCHE07=H:BELØB=0:SÆSON=EJSÆSON,2019-09-01,6914.0
DST:FIKS22:BRANCHE07=H:BELØB=0:SÆSON=EJSÆSON,2019-10-01,7175.0
DST:FIKS22:BRANCHE07=H:BELØB=0:SÆSON=EJSÆSON,2019-11-01,7021.0
DST:FIKS22:BRANCHE07=H:BELØB=0:SÆSON=EJSÆSON,2019-12-01,7268.0
DST:FIKS22:BRANCHE07=H:BELØB=0:SÆSON=EJSÆSON,2020-01-01,6282.0
DST:FIKS22:BRANCHE07=H:BELØB=0:SÆSON=EJSÆSON,2020-02-01,6533.0
DST:FIKS22:BRANCHE07=H:BELØB=0:SÆSON=EJSÆSON,2020-03-01,6895.0
DST:FIKS22:BRANCHE07=H:BELØB=0:SÆSON=EJSÆSON,2020-04-01,6838.0
DST:FIKS22:BRANCHE07=H:BELØB=0:SÆSON=EJSÆSON,2020-05-01,5912.0
DST:FIKS22:BRANCHE07=H:BELØB=0:SÆSON=EJSÆSON,2020-06-01,6524.0
DST:FIKS22:BRANCHE07=H:BELØB=0:SÆSON=EJSÆSON,2020-07-01,6678.0
DST:FIKS22:BRANCHE07=H:BELØB=0:SÆSON=EJSÆSON,2020-08-01,5955.0
DST:FIKS22:BRANCHE07=H:BELØB=0:SÆSON=EJSÆSON,2020-09-01,6664.0
DST:FIKS22:BRANCHE07=H:BELØB=0:SÆSON=EJSÆSON,2020-10-01,7312.0
DST:FIKS22:BRANCHE07=H:BELØB=0:SÆSON=EJSÆSON,2020-11-01,6933.0
DST:FIKS22:BRANCHE07=H:BELØB=0:SÆSON=EJSÆSON,2020-12-01,8139.0
DST:FIKS22:BRANCHE07=H:BELØB=0:SÆSON=EJSÆSON,2021-01-01,6823.0
DST:FIKS22:BRANCHE07=H:BELØB=0:SÆSON=EJSÆSON,2021-02-01,6082.0
DST:FIKS22:BRANCHE07=H:BELØB=0:SÆSON=EJSÆSON,2021-03-01,7277.0
DST:FIKS22:BRANCHE07=H:BELØB=0:SÆSON=EJSÆSON,2021-04-01,6979.0
DST:FIKS22:BRANCHE07=H:BELØB=0:SÆSON=EJSÆSON,2021-05-01,6607.0
DST:FIKS22:BRANCHE07=H:BELØB=0:SÆSON=EJSÆSON,2021-06-01,7494.0
DST:FIKS22:BRANCHE07=H:BELØB=0:SÆSON=EJSÆSON,2021-07-01,6922.0
DST:FIKS22:BRANCHE07=H:BELØB=0:SÆSON=EJSÆSON,2021-08-01,6545.0
DST:FIKS22:BRANCHE07=H:BELØB=0:SÆSON=EJSÆSON,2021-09-01,7319.0
DST:FIKS22:BRANCHE07=H:BELØB=0:SÆSON=EJSÆSON,2021-10-01,7585.0
DST:FIKS22:BRANCHE07=H:BELØB=0:SÆSON=EJSÆSON,2021-11-01,8228.0
DST:FIKS22:BRANCHE07=H:BELØB=0:SÆSON=EJSÆSON,2021-12-01,9411.0
DST:FIKS22:BRANCHE07=H:BELØB=0:SÆSON=EJSÆSON,2022-01-01,7343.0
DST:FIKS22:BRANCHE07=H:BELØB=0:SÆSON=EJSÆSON,2022-02-01,7138.0
DST:FIKS22:BRANCHE07=H:BELØB=0:SÆSON=EJSÆSON,2022-03-01,8816.0
DST:FIKS22:BRANCHE07=H:BELØB=0:SÆSON=EJSÆSON,2022-04-01,7823.0
DST:FIKS22:BRANCHE07=H:BELØB=0:SÆSON=EJSÆSON,2022-05-01,8099.0
DST:FIKS22:BRANCHE07=H:BELØB=0:SÆSON=EJSÆSON,2022-06-01,9595.0
DST:FIKS22:BRANCHE07=H:BELØB=0:SÆSON=EJSÆSON,2022-07-01,8097.0
DST:FIKS22:BRANCHE07=H:BELØB=0:SÆSON=EJSÆSON,2022-08-01,9215.0
DST:FIKS22:BRANCHE07=H:BELØB=0:SÆSON=EJSÆSON,2022-09-01,9840.0
DST:FIKS22:BRANCHE07=H:BELØB=0:SÆSON=EJSÆSON,2022-10-01,9785.0
DST:FIKS22:BRANCHE07=H:BELØB=0:SÆSON=EJSÆSON,2022-11-01,9907.0
DST:FIKS22:BRANCHE07=H:BELØB=0:SÆSON=EJSÆSON,2022-12-01,10718.0
DST:FIKS22:BRANCHE07=H:BELØB=0:SÆSON=EJSÆSON,2023-01-01,8431.0
DST:FIKS22:BRANCHE07=H:BELØB=0:SÆSON=EJSÆSON,2023-02-01,8214.0
DST:FIKS22:BRANCHE07=H:BELØB=0:SÆSON=EJSÆSON,2023-03-01,9458.0
DST:FIKS22:BRANCHE07=H:BELØB=0:SÆSON=EJSÆSON,2023-04-01,8039.0
DST:FIKS22:BRANCHE07=H:BELØB=0:SÆSON=EJSÆSON,2023-05-01,8260.0
DST:FIKS22:BRANCHE07=H:BELØB=0:SÆSON=EJSÆSON,2023-06-01,9347.0
DST:FIKS22:BRANCHE07=H:BELØB=0:SÆSON=EJSÆSON,2023-07-01,7997.0
DST:FIKS22:BRANCHE07=H:BELØB=0:SÆSON=EJSÆSON,2023-08-01,8511.0
DST:FIKS22:BRANCHE07=H:BELØB=0:SÆSON=EJSÆSON,2023-09-01,9170.0
DST:FIKS22:BRANCHE07=H:BELØB=0:SÆSON=EJSÆSON,2023-10-01,9002.0
DST:FIKS22:BRANCHE07=H:BELØB=0:SÆSON=EJSÆSON,2023-11-01,8970.0
DST:FIKS22:BRANCHE07=H:BELØB=0:SÆSON=EJSÆSON,2023-12-01,9836.0
DST:FIKS22:BRANCHE07=H:BELØB=0:SÆSON=EJSÆSON,2024-01-01,8254.0
DST:FIKS22:BRANCHE07=H:BELØB=0:SÆSON=EJSÆSON,2024-02-01,7982.0
DST:FIKS22:BRANCHE07=H:BELØB=0:SÆSON=EJSÆSON,2024-03-01,8643.0
DST:FIKS22:BRANCHE07=H:BELØB=0:SÆSON=EJSÆSON,2024-04-01,8908.0
DST:FIKS22:BRANCHE07=H:BELØB=0:SÆSON=EJSÆSON,2024-05-01,8530.0
DST:FIKS22:BRANCHE07=H:BELØB=0:SÆSON=EJSÆSON,2024-06-01,8480.0
DST:FIKS22:BRANCHE07=H:BELØB=0:SÆSON=EJSÆSON,2024-07-01,8328.0
DST:FIKS22:BRANCHE07=H:BELØB=0:SÆSON=EJSÆSON,2024-08-01,8321.0
DST:FIKS22:BRANCHE07=H:BELØB=0:SÆSON=EJSÆSON,2024-09-01,8682.0
DST:FIKS22:BRANCHE07=H:BELØB=0:SÆSON=EJSÆSON,2024-10-01,9042.0
DST:FIKS22:BRANCHE07=H:BELØB=0:SÆSON=EJSÆSON,2024-11-01,8644.0
DST:FIKS22:BRANCHE07=H:BELØB=0:SÆSON=EJSÆSON,2024-12-01,9961.0
DST:FIKS22:BRANCHE07=H:BELØB=0:SÆSON=EJSÆSON,2025-01-01,8047.0
DST:FIKS22:BRANCHE07=H:BELØB=0:SÆSON=EJSÆSON,2025-02-01,7969.0
DST:FIKS22:BRANCHE07=H:BELØB=0:SÆSON=EJSÆSON,2025-03-01,9384.0
DST:FIKS22:BRANCHE07=H:BELØB=0:SÆSON=EJSÆSON,2025-04-01,8426.0
DST:FIKS22:BRANCHE07=H:BELØB=0:SÆSON=EJSÆSON,2025-05-01,8622.0
DST:FIKS22:BRANCHE07=H:BELØB=0:SÆSON=EJSÆSON,2025-06-01,9702.0
DST:FIKS22:BRANCHE07=H:BELØB=0:SÆSON=EJSÆSON,2025-07-01,8132.0
DST:FIKS22:BRANCHE07=H:BELØB=0:SÆSON=EJSÆSON,2025-08-01,8147.0
DST:FIKS22:BRANCHE07=H:BELØB=0:SÆSON=EJSÆSON,2025-09-01,9351.0
DST:FIKS22:BRANCHE07=H:BELØB=0:SÆSON=EJSÆSON,2025-10-01,9547.0
DST:FIKS22:BRANCHE07=H:BELØB=0:SÆSON=EJSÆSON,2025-11-01,8876.0
DST:FIKS22:BRANCHE07=H:BELØB=0:SÆSON=EJSÆSON,2025-12-01,10668.0
DST:FIKS22:BRANCHE07=H:BELØB=0:SÆSON=EJSÆSON,2026-01-01,7868.0
DST:FIKS22:BRANCHE07=H:BELØB=0:SÆSON=EJSÆSON,2026-02-01,7429.0
DST:FIKS22:BRANCHE07=H:BELØB=0:SÆSON=EJSÆSON,2026-03-01,9351.0
DST:FIKS22:BRANCHE07=H:BELØB=0:SÆSON=SÆSON,2009-01-01,5273.0
DST:FIKS22:BRANCHE07=H:BELØB=0:SÆSON=SÆSON,2009-02-01,5418.0
DST:FIKS22:BRANCHE07=H:BELØB=0:SÆSON=SÆSON,2009-03-01,5159.0
DST:FIKS22:BRANCHE07=H:BELØB=0:SÆSON=SÆSON,2009-04-01,5306.0
DST:FIKS22:BRANCHE07=H:BELØB=0:SÆSON=SÆSON,2009-05-01,5013.0
DST:FIKS22:BRANCHE07=H:BELØB=0:SÆSON=SÆSON,2009-06-01,5152.0
DST:FIKS22:BRANCHE07=H:BELØB=0:SÆSON=SÆSON,2009-07-01,5202.0
DST:FIKS22:BRANCHE07=H:BELØB=0:SÆSON=SÆSON,2009-08-01,5131.0
DST:FIKS22:BRANCHE07=H:BELØB=0:SÆSON=SÆSON,2009-09-01,4941.0
DST:FIKS22:BRANCHE07=H:BELØB=0:SÆSON=SÆSON,2009-10-01,5044.0
DST:FIKS22:BRANCHE07=H:BELØB=0:SÆSON=SÆSON,2009-11-01,4876.0
DST:FIKS22:BRANCHE07=H:BELØB=0:SÆSON=SÆSON,2009-12-01,5216.0
DST:FIKS22:BRANCHE07=H:BELØB=0:SÆSON=SÆSON,2010-01-01,4456.0
DST:FIKS22:BRANCHE07=H:BELØB=0:SÆSON=SÆSON,2010-02-01,4896.0
DST:FIKS22:BRANCHE07=H:BELØB=0:SÆSON=SÆSON,2010-03-01,4956.0
DST:FIKS22:BRANCHE07=H:BELØB=0:SÆSON=SÆSON,2010-04-01,5048.0
DST:FIKS22:BRANCHE07=H:BELØB=0:SÆSON=SÆSON,2010-05-01,5096.0
DST:FIKS22:BRANCHE07=H:BELØB=0:SÆSON=SÆSON,2010-06-01,5029.0
DST:FIKS22:BRANCHE07=H:BELØB=0:SÆSON=SÆSON,2010-07-01,5060.0
DST:FIKS22:BRANCHE07=H:BELØB=0:SÆSON=SÆSON,2010-08-01,5158.0
DST:FIKS22:BRANCHE07=H:BELØB=0:SÆSON=SÆSON,2010-09-01,5182.0
DST:FIKS22:BRANCHE07=H:BELØB=0:SÆSON=SÆSON,2010-10-01,5032.0
DST:FIKS22:BRANCHE07=H:BELØB=0:SÆSON=SÆSON,2010-11-01,5169.0
DST:FIKS22:BRANCHE07=H:BELØB=0:SÆSON=SÆSON,2010-12-01,5161.0
DST:FIKS22:BRANCHE07=H:BELØB=0:SÆSON=SÆSON,2011-01-01,5499.0
DST:FIKS22:BRANCHE07=H:BELØB=0:SÆSON=SÆSON,2011-02-01,5454.0
DST:FIKS22:BRANCHE07=H:BELØB=0:SÆSON=SÆSON,2011-03-01,6232.0
DST:FIKS22:BRANCHE07=H:BELØB=0:SÆSON=SÆSON,2011-04-01,5393.0
DST:FIKS22:BRANCHE07=H:BELØB=0:SÆSON=SÆSON,2011-05-01,5427.0
DST:FIKS22:BRANCHE07=H:BELØB=0:SÆSON=SÆSON,2011-06-01,5285.0
DST:FIKS22:BRANCHE07=H:BELØB=0:SÆSON=SÆSON,2011-07-01,5453.0
DST:FIKS22:BRANCHE07=H:BELØB=0:SÆSON=SÆSON,2011-08-01,5491.0
DST:FIKS22:BRANCHE07=H:BELØB=0:SÆSON=SÆSON,2011-09-01,5743.0
DST:FIKS22:BRANCHE07=H:BELØB=0:SÆSON=SÆSON,2011-10-01,5767.0
DST:FIKS22:BRANCHE07=H:BELØB=0:SÆSON=SÆSON,2011-11-01,5965.0
DST:FIKS22:BRANCHE07=H:BELØB=0:SÆSON=SÆSON,2011-12-01,5674.0
DST:FIKS22:BRANCHE07=H:BELØB=0:SÆSON=SÆSON,2012-01-01,5694.0
DST:FIKS22:BRANCHE07=H:BELØB=0:SÆSON=SÆSON,2012-02-01,5421.0
DST:FIKS22:BRANCHE07=H:BELØB=0:SÆSON=SÆSON,2012-03-01,5555.0
DST:FIKS22:BRANCHE07=H:BELØB=0:SÆSON=SÆSON,2012-04-01,5646.0
DST:FIKS22:BRANCHE07=H:BELØB=0:SÆSON=SÆSON,2012-05-01,5729.0
DST:FIKS22:BRANCHE07=H:BELØB=0:SÆSON=SÆSON,2012-06-01,5866.0
DST:FIKS22:BRANCHE07=H:BELØB=0:SÆSON=SÆSON,2012-07-01,5742.0
DST:FIKS22:BRANCHE07=H:BELØB=0:SÆSON=SÆSON,2012-08-01,5571.0
DST:FIKS22:BRANCHE07=H:BELØB=0:SÆSON=SÆSON,2012-09-01,5673.0
DST:FIKS22:BRANCHE07=H:BELØB=0:SÆSON=SÆSON,2012-10-01,5692.0
DST:FIKS22:BRANCHE07=H:BELØB=0:SÆSON=SÆSON,2012-11-01,5568.0
DST:FIKS22:BRANCHE07=H:BELØB=0:SÆSON=SÆSON,2012-12-01,5674.0
DST:FIKS22:BRANCHE07=H:BELØB=0:SÆSON=SÆSON,2013-01-01,5682.0
DST:FIKS22:BRANCHE07=H:BELØB=0:SÆSON=SÆSON,2013-02-01,6030.0
DST:FIKS22:BRANCHE07=H:BELØB=0:SÆSON=SÆSON,2013-03-01,5824.0
DST:FIKS22:BRANCHE07=H:BELØB=0:SÆSON=SÆSON,2013-04-01,5654.0
DST:FIKS22:BRANCHE07=H:BELØB=0:SÆSON=SÆSON,2013-05-01,5683.0
DST:FIKS22:BRANCHE07=H:BELØB=0:SÆSON=SÆSON,2013-06-01,5663.0
DST:FIKS22:BRANCHE07=H:BELØB=0:SÆSON=SÆSON,2013-07-01,5780.0
DST:FIKS22:BRANCHE07=H:BELØB=0:SÆSON=SÆSON,2013-08-01,5848.0
DST:FIKS22:BRANCHE07=H:BELØB=0:SÆSON=SÆSON,2013-09-01,5721.0
DST:FIKS22:BRANCHE07=H:BELØB=0:SÆSON=SÆSON,2013-10-01,5733.0
DST:FIKS22:BRANCHE07=H:BELØB=0:SÆSON=SÆSON,2013-11-01,6214.0
DST:FIKS22:BRANCHE07=H:BELØB=0:SÆSON=SÆSON,2013-12-01,6094.0
DST:FIKS22:BRANCHE07=H:BELØB=0:SÆSON=SÆSON,2014-01-01,6105.0
DST:FIKS22:BRANCHE07=H:BELØB=0:SÆSON=SÆSON,2014-02-01,6540.0
DST:FIKS22:BRANCHE07=H:BELØB=0:SÆSON=SÆSON,2014-03-01,6113.0
DST:FIKS22:BRANCHE07=H:BELØB=0:SÆSON=SÆSON,2014-04-01,6375.0
DST:FIKS22:BRANCHE07=H:BELØB=0:SÆSON=SÆSON,2014-05-01,6424.0
DST:FIKS22:BRANCHE07=H:BELØB=0:SÆSON=SÆSON,2014-06-01,6505.0
DST:FIKS22:BRANCHE07=H:BELØB=0:SÆSON=SÆSON,2014-07-01,6437.0
DST:FIKS22:BRANCHE07=H:BELØB=0:SÆSON=SÆSON,2014-08-01,6402.0
DST:FIKS22:BRANCHE07=H:BELØB=0:SÆSON=SÆSON,2014-09-01,6582.0
DST:FIKS22:BRANCHE07=H:BELØB=0:SÆSON=SÆSON,2014-10-01,6531.0
DST:FIKS22:BRANCHE07=H:BELØB=0:SÆSON=SÆSON,2014-11-01,6320.0
DST:FIKS22:BRANCHE07=H:BELØB=0:SÆSON=SÆSON,2014-12-01,6486.0
DST:FIKS22:BRANCHE07=H:BELØB=0:SÆSON=SÆSON,2015-01-01,6197.0
DST:FIKS22:BRANCHE07=H:BELØB=0:SÆSON=SÆSON,2015-02-01,6344.0
DST:FIKS22:BRANCHE07=H:BELØB=0:SÆSON=SÆSON,2015-03-01,6901.0
DST:FIKS22:BRANCHE07=H:BELØB=0:SÆSON=SÆSON,2015-04-01,6181.0
DST:FIKS22:BRANCHE07=H:BELØB=0:SÆSON=SÆSON,2015-05-01,6448.0
DST:FIKS22:BRANCHE07=H:BELØB=0:SÆSON=SÆSON,2015-06-01,6330.0
DST:FIKS22:BRANCHE07=H:BELØB=0:SÆSON=SÆSON,2015-07-01,6305.0
DST:FIKS22:BRANCHE07=H:BELØB=0:SÆSON=SÆSON,2015-08-01,6533.0
DST:FIKS22:BRANCHE07=H:BELØB=0:SÆSON=SÆSON,2015-09-01,6505.0
DST:FIKS22:BRANCHE07=H:BELØB=0:SÆSON=SÆSON,2015-10-01,6534.0
DST:FIKS22:BRANCHE07=H:BELØB=0:SÆSON=SÆSON,2015-11-01,6421.0
DST:FIKS22:BRANCHE07=H:BELØB=0:SÆSON=SÆSON,2015-12-01,6375.0
DST:FIKS22:BRANCHE07=H:BELØB=0:SÆSON=SÆSON,2016-01-01,6211.0
DST:FIKS22:BRANCHE07=H:BELØB=0:SÆSON=SÆSON,2016-02-01,6128.0
DST:FIKS22:BRANCHE07=H:BELØB=0:SÆSON=SÆSON,2016-03-01,6424.0
DST:FIKS22:BRANCHE07=H:BELØB=0:SÆSON=SÆSON,2016-04-01,6202.0
DST:FIKS22:BRANCHE07=H:BELØB=0:SÆSON=SÆSON,2016-05-01,5926.0
DST:FIKS22:BRANCHE07=H:BELØB=0:SÆSON=SÆSON,2016-06-01,6274.0
DST:FIKS22:BRANCHE07=H:BELØB=0:SÆSON=SÆSON,2016-07-01,6280.0
DST:FIKS22:BRANCHE07=H:BELØB=0:SÆSON=SÆSON,2016-08-01,6427.0
DST:FIKS22:BRANCHE07=H:BELØB=0:SÆSON=SÆSON,2016-09-01,6166.0
DST:FIKS22:BRANCHE07=H:BELØB=0:SÆSON=SÆSON,2016-10-01,6047.0
DST:FIKS22:BRANCHE07=H:BELØB=0:SÆSON=SÆSON,2016-11-01,6315.0
DST:FIKS22:BRANCHE07=H:BELØB=0:SÆSON=SÆSON,2016-12-01,7703.0
DST:FIKS22:BRANCHE07=H:BELØB=0:SÆSON=SÆSON,2017-01-01,6893.0
DST:FIKS22:BRANCHE07=H:BELØB=0:SÆSON=SÆSON,2017-02-01,6528.0
DST:FIKS22:BRANCHE07=H:BELØB=0:SÆSON=SÆSON,2017-03-01,6639.0
DST:FIKS22:BRANCHE07=H:BELØB=0:SÆSON=SÆSON,2017-04-01,6587.0
DST:FIKS22:BRANCHE07=H:BELØB=0:SÆSON=SÆSON,2017-05-01,6565.0
DST:FIKS22:BRANCHE07=H:BELØB=0:SÆSON=SÆSON,2017-06-01,6648.0
DST:FIKS22:BRANCHE07=H:BELØB=0:SÆSON=SÆSON,2017-07-01,6617.0
DST:FIKS22:BRANCHE07=H:BELØB=0:SÆSON=SÆSON,2017-08-01,6581.0
DST:FIKS22:BRANCHE07=H:BELØB=0:SÆSON=SÆSON,2017-09-01,6532.0
DST:FIKS22:BRANCHE07=H:BELØB=0:SÆSON=SÆSON,2017-10-01,6971.0
DST:FIKS22:BRANCHE07=H:BELØB=0:SÆSON=SÆSON,2017-11-01,6582.0
DST:FIKS22:BRANCHE07=H:BELØB=0:SÆSON=SÆSON,2017-12-01,7375.0
DST:FIKS22:BRANCHE07=H:BELØB=0:SÆSON=SÆSON,2018-01-01,6548.0
DST:FIKS22:BRANCHE07=H:BELØB=0:SÆSON=SÆSON,2018-02-01,6765.0
DST:FIKS22:BRANCHE07=H:BELØB=0:SÆSON=SÆSON,2018-03-01,6565.0
DST:FIKS22:BRANCHE07=H:BELØB=0:SÆSON=SÆSON,2018-04-01,6897.0
DST:FIKS22:BRANCHE07=H:BELØB=0:SÆSON=SÆSON,2018-05-01,7005.0
DST:FIKS22:BRANCHE07=H:BELØB=0:SÆSON=SÆSON,2018-06-01,7583.0
DST:FIKS22:BRANCHE07=H:BELØB=0:SÆSON=SÆSON,2018-07-01,7092.0
DST:FIKS22:BRANCHE07=H:BELØB=0:SÆSON=SÆSON,2018-08-01,7004.0
DST:FIKS22:BRANCHE07=H:BELØB=0:SÆSON=SÆSON,2018-09-01,7054.0
DST:FIKS22:BRANCHE07=H:BELØB=0:SÆSON=SÆSON,2018-10-01,7000.0
DST:FIKS22:BRANCHE07=H:BELØB=0:SÆSON=SÆSON,2018-11-01,7185.0
DST:FIKS22:BRANCHE07=H:BELØB=0:SÆSON=SÆSON,2018-12-01,6791.0
DST:FIKS22:BRANCHE07=H:BELØB=0:SÆSON=SÆSON,2019-01-01,6997.0
DST:FIKS22:BRANCHE07=H:BELØB=0:SÆSON=SÆSON,2019-02-01,7100.0
DST:FIKS22:BRANCHE07=H:BELØB=0:SÆSON=SÆSON,2019-03-01,6653.0
DST:FIKS22:BRANCHE07=H:BELØB=0:SÆSON=SÆSON,2019-04-01,7067.0
DST:FIKS22:BRANCHE07=H:BELØB=0:SÆSON=SÆSON,2019-05-01,7180.0
DST:FIKS22:BRANCHE07=H:BELØB=0:SÆSON=SÆSON,2019-06-01,7143.0
DST:FIKS22:BRANCHE07=H:BELØB=0:SÆSON=SÆSON,2019-07-01,6711.0
DST:FIKS22:BRANCHE07=H:BELØB=0:SÆSON=SÆSON,2019-08-01,7101.0
DST:FIKS22:BRANCHE07=H:BELØB=0:SÆSON=SÆSON,2019-09-01,6960.0
DST:FIKS22:BRANCHE07=H:BELØB=0:SÆSON=SÆSON,2019-10-01,6612.0
DST:FIKS22:BRANCHE07=H:BELØB=0:SÆSON=SÆSON,2019-11-01,6790.0
DST:FIKS22:BRANCHE07=H:BELØB=0:SÆSON=SÆSON,2019-12-01,6663.0
DST:FIKS22:BRANCHE07=H:BELØB=0:SÆSON=SÆSON,2020-01-01,6795.0
DST:FIKS22:BRANCHE07=H:BELØB=0:SÆSON=SÆSON,2020-02-01,7107.0
DST:FIKS22:BRANCHE07=H:BELØB=0:SÆSON=SÆSON,2020-03-01,6811.0
DST:FIKS22:BRANCHE07=H:BELØB=0:SÆSON=SÆSON,2020-04-01,6800.0
DST:FIKS22:BRANCHE07=H:BELØB=0:SÆSON=SÆSON,2020-05-01,6190.0
DST:FIKS22:BRANCHE07=H:BELØB=0:SÆSON=SÆSON,2020-06-01,6251.0
DST:FIKS22:BRANCHE07=H:BELØB=0:SÆSON=SÆSON,2020-07-01,6913.0
DST:FIKS22:BRANCHE07=H:BELØB=0:SÆSON=SÆSON,2020-08-01,6380.0
DST:FIKS22:BRANCHE07=H:BELØB=0:SÆSON=SÆSON,2020-09-01,6587.0
DST:FIKS22:BRANCHE07=H:BELØB=0:SÆSON=SÆSON,2020-10-01,6876.0
DST:FIKS22:BRANCHE07=H:BELØB=0:SÆSON=SÆSON,2020-11-01,6660.0
DST:FIKS22:BRANCHE07=H:BELØB=0:SÆSON=SÆSON,2020-12-01,6940.0
DST:FIKS22:BRANCHE07=H:BELØB=0:SÆSON=SÆSON,2021-01-01,7690.0
DST:FIKS22:BRANCHE07=H:BELØB=0:SÆSON=SÆSON,2021-02-01,6755.0
DST:FIKS22:BRANCHE07=H:BELØB=0:SÆSON=SÆSON,2021-03-01,7052.0
DST:FIKS22:BRANCHE07=H:BELØB=0:SÆSON=SÆSON,2021-04-01,7051.0
DST:FIKS22:BRANCHE07=H:BELØB=0:SÆSON=SÆSON,2021-05-01,7002.0
DST:FIKS22:BRANCHE07=H:BELØB=0:SÆSON=SÆSON,2021-06-01,6882.0
DST:FIKS22:BRANCHE07=H:BELØB=0:SÆSON=SÆSON,2021-07-01,7358.0
DST:FIKS22:BRANCHE07=H:BELØB=0:SÆSON=SÆSON,2021-08-01,6950.0
DST:FIKS22:BRANCHE07=H:BELØB=0:SÆSON=SÆSON,2021-09-01,7064.0
DST:FIKS22:BRANCHE07=H:BELØB=0:SÆSON=SÆSON,2021-10-01,7396.0
DST:FIKS22:BRANCHE07=H:BELØB=0:SÆSON=SÆSON,2021-11-01,7799.0
DST:FIKS22:BRANCHE07=H:BELØB=0:SÆSON=SÆSON,2021-12-01,7691.0
DST:FIKS22:BRANCHE07=H:BELØB=0:SÆSON=SÆSON,2022-01-01,7999.0
DST:FIKS22:BRANCHE07=H:BELØB=0:SÆSON=SÆSON,2022-02-01,7957.0
DST:FIKS22:BRANCHE07=H:BELØB=0:SÆSON=SÆSON,2022-03-01,8275.0
DST:FIKS22:BRANCHE07=H:BELØB=0:SÆSON=SÆSON,2022-04-01,8194.0
DST:FIKS22:BRANCHE07=H:BELØB=0:SÆSON=SÆSON,2022-05-01,8478.0
DST:FIKS22:BRANCHE07=H:BELØB=0:SÆSON=SÆSON,2022-06-01,8943.0
DST:FIKS22:BRANCHE07=H:BELØB=0:SÆSON=SÆSON,2022-07-01,8890.0
DST:FIKS22:BRANCHE07=H:BELØB=0:SÆSON=SÆSON,2022-08-01,9467.0
DST:FIKS22:BRANCHE07=H:BELØB=0:SÆSON=SÆSON,2022-09-01,9519.0
DST:FIKS22:BRANCHE07=H:BELØB=0:SÆSON=SÆSON,2022-10-01,9465.0
DST:FIKS22:BRANCHE07=H:BELØB=0:SÆSON=SÆSON,2022-11-01,9472.0
DST:FIKS22:BRANCHE07=H:BELØB=0:SÆSON=SÆSON,2022-12-01,9151.0
DST:FIKS22:BRANCHE07=H:BELØB=0:SÆSON=SÆSON,2023-01-01,9040.0
DST:FIKS22:BRANCHE07=H:BELØB=0:SÆSON=SÆSON,2023-02-01,9201.0
DST:FIKS22:BRANCHE07=H:BELØB=0:SÆSON=SÆSON,2023-03-01,8728.0
DST:FIKS22:BRANCHE07=H:BELØB=0:SÆSON=SÆSON,2023-04-01,8701.0
DST:FIKS22:BRANCHE07=H:BELØB=0:SÆSON=SÆSON,2023-05-01,8711.0
DST:FIKS22:BRANCHE07=H:BELØB=0:SÆSON=SÆSON,2023-06-01,8769.0
DST:FIKS22:BRANCHE07=H:BELØB=0:SÆSON=SÆSON,2023-07-01,8686.0
DST:FIKS22:BRANCHE07=H:BELØB=0:SÆSON=SÆSON,2023-08-01,8742.0
DST:FIKS22:BRANCHE07=H:BELØB=0:SÆSON=SÆSON,2023-09-01,9066.0
DST:FIKS22:BRANCHE07=H:BELØB=0:SÆSON=SÆSON,2023-10-01,8657.0
DST:FIKS22:BRANCHE07=H:BELØB=0:SÆSON=SÆSON,2023-11-01,8475.0
DST:FIKS22:BRANCHE07=H:BELØB=0:SÆSON=SÆSON,2023-12-01,8776.0
DST:FIKS22:BRANCHE07=H:BELØB=0:SÆSON=SÆSON,2024-01-01,8924.0
DST:FIKS22:BRANCHE07=H:BELØB=0:SÆSON=SÆSON,2024-02-01,8538.0
DST:FIKS22:BRANCHE07=H:BELØB=0:SÆSON=SÆSON,2024-03-01,8748.0
DST:FIKS22:BRANCHE07=H:BELØB=0:SÆSON=SÆSON,2024-04-01,9136.0
DST:FIKS22:BRANCHE07=H:BELØB=0:SÆSON=SÆSON,2024-05-01,8718.0
DST:FIKS22:BRANCHE07=H:BELØB=0:SÆSON=SÆSON,2024-06-01,8313.0
DST:FIKS22:BRANCHE07=H:BELØB=0:SÆSON=SÆSON,2024-07-01,8682.0
DST:FIKS22:BRANCHE07=H:BELØB=0:SÆSON=SÆSON,2024-08-01,8686.0
DST:FIKS22:BRANCHE07=H:BELØB=0:SÆSON=SÆSON,2024-09-01,8512.0
DST:FIKS22:BRANCHE07=H:BELØB=0:SÆSON=SÆSON,2024-10-01,8481.0
DST:FIKS22:BRANCHE07=H:BELØB=0:SÆSON=SÆSON,2024-11-01,8508.0
DST:FIKS22:BRANCHE07=H:BELØB=0:SÆSON=SÆSON,2024-12-01,8794.0
DST:FIKS22:BRANCHE07=H:BELØB=0:SÆSON=SÆSON,2025-01-01,8664.0
DST:FIKS22:BRANCHE07=H:BELØB=0:SÆSON=SÆSON,2025-02-01,8951.0
DST:FIKS22:BRANCHE07=H:BELØB=0:SÆSON=SÆSON,2025-03-01,8993.0
DST:FIKS22:BRANCHE07=H:BELØB=0:SÆSON=SÆSON,2025-04-01,8786.0
DST:FIKS22:BRANCHE07=H:BELØB=0:SÆSON=SÆSON,2025-05-01,8924.0
DST:FIKS22:BRANCHE07=H:BELØB=0:SÆSON=SÆSON,2025-06-01,9562.0
DST:FIKS22:BRANCHE07=H:BELØB=0:SÆSON=SÆSON,2025-07-01,8507.0
DST:FIKS22:BRANCHE07=H:BELØB=0:SÆSON=SÆSON,2025-08-01,8793.0
DST:FIKS22:BRANCHE07=H:BELØB=0:SÆSON=SÆSON,2025-09-01,9009.0
DST:FIKS22:BRANCHE07=H:BELØB=0:SÆSON=SÆSON,2025-10-01,8911.0
DST:FIKS22:BRANCHE07=H:BELØB=0:SÆSON=SÆSON,2025-11-01,8992.0
DST:FIKS22:BRANCHE07=H:BELØB=0:SÆSON=SÆSON,2025-12-01,9020.0
DST:FIKS22:BRANCHE07=H:BELØB=0:SÆSON=SÆSON,2026-01-01,8737.0
DST:FIKS22:BRANCHE07=H:BELØB=0:SÆSON=SÆSON,2026-02-01,8348.0
DST:FIKS22:BRANCHE07=H:BELØB=0:SÆSON=SÆSON,2026-03-01,9006.0
DST:FIKS22:BRANCHE07=H:BELØB=1:SÆSON=EJSÆSON,2009-01-01,6081.0
DST:FIKS22:BRANCHE07=H:BELØB=1:SÆSON=EJSÆSON,2009-02-01,5697.0
DST:FIKS22:BRANCHE07=H:BELØB=1:SÆSON=EJSÆSON,2009-03-01,6737.0
DST:FIKS22:BRANCHE07=H:BELØB=1:SÆSON=EJSÆSON,2009-04-01,6244.0
DST:FIKS22:BRANCHE07=H:BELØB=1:SÆSON=EJSÆSON,2009-05-01,6053.0
DST:FIKS22:BRANCHE07=H:BELØB=1:SÆSON=EJSÆSON,2009-06-01,6583.0
DST:FIKS22:BRANCHE07=H:BELØB=1:SÆSON=EJSÆSON,2009-07-01,6324.0
DST:FIKS22:BRANCHE07=H:BELØB=1:SÆSON=EJSÆSON,2009-08-01,6149.0
DST:FIKS22:BRANCHE07=H:BELØB=1:SÆSON=EJSÆSON,2009-09-01,6782.0
DST:FIKS22:BRANCHE07=H:BELØB=1:SÆSON=EJSÆSON,2009-10-01,6597.0
DST:FIKS22:BRANCHE07=H:BELØB=1:SÆSON=EJSÆSON,2009-11-01,6277.0
DST:FIKS22:BRANCHE07=H:BELØB=1:SÆSON=EJSÆSON,2009-12-01,6344.0
DST:FIKS22:BRANCHE07=H:BELØB=1:SÆSON=EJSÆSON,2010-01-01,5553.0
DST:FIKS22:BRANCHE07=H:BELØB=1:SÆSON=EJSÆSON,2010-02-01,5350.0
DST:FIKS22:BRANCHE07=H:BELØB=1:SÆSON=EJSÆSON,2010-03-01,6700.0
DST:FIKS22:BRANCHE07=H:BELØB=1:SÆSON=EJSÆSON,2010-04-01,6505.0
DST:FIKS22:BRANCHE07=H:BELØB=1:SÆSON=EJSÆSON,2010-05-01,6475.0
DST:FIKS22:BRANCHE07=H:BELØB=1:SÆSON=EJSÆSON,2010-06-01,7068.0
DST:FIKS22:BRANCHE07=H:BELØB=1:SÆSON=EJSÆSON,2010-07-01,6284.0
DST:FIKS22:BRANCHE07=H:BELØB=1:SÆSON=EJSÆSON,2010-08-01,6565.0
DST:FIKS22:BRANCHE07=H:BELØB=1:SÆSON=EJSÆSON,2010-09-01,7476.0
DST:FIKS22:BRANCHE07=H:BELØB=1:SÆSON=EJSÆSON,2010-10-01,6799.0
DST:FIKS22:BRANCHE07=H:BELØB=1:SÆSON=EJSÆSON,2010-11-01,7017.0
DST:FIKS22:BRANCHE07=H:BELØB=1:SÆSON=EJSÆSON,2010-12-01,7005.0
DST:FIKS22:BRANCHE07=H:BELØB=1:SÆSON=EJSÆSON,2011-01-01,6042.0
DST:FIKS22:BRANCHE07=H:BELØB=1:SÆSON=EJSÆSON,2011-02-01,7341.0
DST:FIKS22:BRANCHE07=H:BELØB=1:SÆSON=EJSÆSON,2011-03-01,7245.0
DST:FIKS22:BRANCHE07=H:BELØB=1:SÆSON=EJSÆSON,2011-04-01,6680.0
DST:FIKS22:BRANCHE07=H:BELØB=1:SÆSON=EJSÆSON,2011-05-01,8123.0
DST:FIKS22:BRANCHE07=H:BELØB=1:SÆSON=EJSÆSON,2011-06-01,8482.0
DST:FIKS22:BRANCHE07=H:BELØB=1:SÆSON=EJSÆSON,2011-07-01,6691.0
DST:FIKS22:BRANCHE07=H:BELØB=1:SÆSON=EJSÆSON,2011-08-01,7520.0
DST:FIKS22:BRANCHE07=H:BELØB=1:SÆSON=EJSÆSON,2011-09-01,8220.0
DST:FIKS22:BRANCHE07=H:BELØB=1:SÆSON=EJSÆSON,2011-10-01,8460.0
DST:FIKS22:BRANCHE07=H:BELØB=1:SÆSON=EJSÆSON,2011-11-01,8108.0
DST:FIKS22:BRANCHE07=H:BELØB=1:SÆSON=EJSÆSON,2011-12-01,8091.0
DST:FIKS22:BRANCHE07=H:BELØB=1:SÆSON=EJSÆSON,2012-01-01,6573.0
DST:FIKS22:BRANCHE07=H:BELØB=1:SÆSON=EJSÆSON,2012-02-01,7566.0
DST:FIKS22:BRANCHE07=H:BELØB=1:SÆSON=EJSÆSON,2012-03-01,8893.0
DST:FIKS22:BRANCHE07=H:BELØB=1:SÆSON=EJSÆSON,2012-04-01,7394.0
DST:FIKS22:BRANCHE07=H:BELØB=1:SÆSON=EJSÆSON,2012-05-01,7854.0
DST:FIKS22:BRANCHE07=H:BELØB=1:SÆSON=EJSÆSON,2012-06-01,8087.0
DST:FIKS22:BRANCHE07=H:BELØB=1:SÆSON=EJSÆSON,2012-07-01,6904.0
DST:FIKS22:BRANCHE07=H:BELØB=1:SÆSON=EJSÆSON,2012-08-01,7430.0
DST:FIKS22:BRANCHE07=H:BELØB=1:SÆSON=EJSÆSON,2012-09-01,7695.0
DST:FIKS22:BRANCHE07=H:BELØB=1:SÆSON=EJSÆSON,2012-10-01,8379.0
DST:FIKS22:BRANCHE07=H:BELØB=1:SÆSON=EJSÆSON,2012-11-01,8017.0
DST:FIKS22:BRANCHE07=H:BELØB=1:SÆSON=EJSÆSON,2012-12-01,6941.0
DST:FIKS22:BRANCHE07=H:BELØB=1:SÆSON=EJSÆSON,2013-01-01,6889.0
DST:FIKS22:BRANCHE07=H:BELØB=1:SÆSON=EJSÆSON,2013-02-01,6390.0
DST:FIKS22:BRANCHE07=H:BELØB=1:SÆSON=EJSÆSON,2013-03-01,6635.0
DST:FIKS22:BRANCHE07=H:BELØB=1:SÆSON=EJSÆSON,2013-04-01,6925.0
DST:FIKS22:BRANCHE07=H:BELØB=1:SÆSON=EJSÆSON,2013-05-01,7472.0
DST:FIKS22:BRANCHE07=H:BELØB=1:SÆSON=EJSÆSON,2013-06-01,7682.0
DST:FIKS22:BRANCHE07=H:BELØB=1:SÆSON=EJSÆSON,2013-07-01,7060.0
DST:FIKS22:BRANCHE07=H:BELØB=1:SÆSON=EJSÆSON,2013-08-01,7494.0
DST:FIKS22:BRANCHE07=H:BELØB=1:SÆSON=EJSÆSON,2013-09-01,7596.0
DST:FIKS22:BRANCHE07=H:BELØB=1:SÆSON=EJSÆSON,2013-10-01,7862.0
DST:FIKS22:BRANCHE07=H:BELØB=1:SÆSON=EJSÆSON,2013-11-01,7383.0
DST:FIKS22:BRANCHE07=H:BELØB=1:SÆSON=EJSÆSON,2013-12-01,7213.0
DST:FIKS22:BRANCHE07=H:BELØB=1:SÆSON=EJSÆSON,2014-01-01,7198.0
DST:FIKS22:BRANCHE07=H:BELØB=1:SÆSON=EJSÆSON,2014-02-01,6728.0
DST:FIKS22:BRANCHE07=H:BELØB=1:SÆSON=EJSÆSON,2014-03-01,7964.0
DST:FIKS22:BRANCHE07=H:BELØB=1:SÆSON=EJSÆSON,2014-04-01,7636.0
DST:FIKS22:BRANCHE07=H:BELØB=1:SÆSON=EJSÆSON,2014-05-01,8251.0
DST:FIKS22:BRANCHE07=H:BELØB=1:SÆSON=EJSÆSON,2014-06-01,7879.0
DST:FIKS22:BRANCHE07=H:BELØB=1:SÆSON=EJSÆSON,2014-07-01,7916.0
DST:FIKS22:BRANCHE07=H:BELØB=1:SÆSON=EJSÆSON,2014-08-01,7846.0
DST:FIKS22:BRANCHE07=H:BELØB=1:SÆSON=EJSÆSON,2014-09-01,8425.0
DST:FIKS22:BRANCHE07=H:BELØB=1:SÆSON=EJSÆSON,2014-10-01,8577.0
DST:FIKS22:BRANCHE07=H:BELØB=1:SÆSON=EJSÆSON,2014-11-01,7864.0
DST:FIKS22:BRANCHE07=H:BELØB=1:SÆSON=EJSÆSON,2014-12-01,7567.0
DST:FIKS22:BRANCHE07=H:BELØB=1:SÆSON=EJSÆSON,2015-01-01,6789.0
DST:FIKS22:BRANCHE07=H:BELØB=1:SÆSON=EJSÆSON,2015-02-01,6481.0
DST:FIKS22:BRANCHE07=H:BELØB=1:SÆSON=EJSÆSON,2015-03-01,8109.0
DST:FIKS22:BRANCHE07=H:BELØB=1:SÆSON=EJSÆSON,2015-04-01,7294.0
DST:FIKS22:BRANCHE07=H:BELØB=1:SÆSON=EJSÆSON,2015-05-01,7320.0
DST:FIKS22:BRANCHE07=H:BELØB=1:SÆSON=EJSÆSON,2015-06-01,8930.0
DST:FIKS22:BRANCHE07=H:BELØB=1:SÆSON=EJSÆSON,2015-07-01,7239.0
DST:FIKS22:BRANCHE07=H:BELØB=1:SÆSON=EJSÆSON,2015-08-01,7573.0
DST:FIKS22:BRANCHE07=H:BELØB=1:SÆSON=EJSÆSON,2015-09-01,8423.0
DST:FIKS22:BRANCHE07=H:BELØB=1:SÆSON=EJSÆSON,2015-10-01,7807.0
DST:FIKS22:BRANCHE07=H:BELØB=1:SÆSON=EJSÆSON,2015-11-01,7892.0
DST:FIKS22:BRANCHE07=H:BELØB=1:SÆSON=EJSÆSON,2015-12-01,7837.0
DST:FIKS22:BRANCHE07=H:BELØB=1:SÆSON=EJSÆSON,2016-01-01,7209.0
DST:FIKS22:BRANCHE07=H:BELØB=1:SÆSON=EJSÆSON,2016-02-01,7045.0
DST:FIKS22:BRANCHE07=H:BELØB=1:SÆSON=EJSÆSON,2016-03-01,7575.0
DST:FIKS22:BRANCHE07=H:BELØB=1:SÆSON=EJSÆSON,2016-04-01,7858.0
DST:FIKS22:BRANCHE07=H:BELØB=1:SÆSON=EJSÆSON,2016-05-01,7907.0
DST:FIKS22:BRANCHE07=H:BELØB=1:SÆSON=EJSÆSON,2016-06-01,8949.0
DST:FIKS22:BRANCHE07=H:BELØB=1:SÆSON=EJSÆSON,2016-07-01,7244.0
DST:FIKS22:BRANCHE07=H:BELØB=1:SÆSON=EJSÆSON,2016-08-01,7863.0
DST:FIKS22:BRANCHE07=H:BELØB=1:SÆSON=EJSÆSON,2016-09-01,8902.0
DST:FIKS22:BRANCHE07=H:BELØB=1:SÆSON=EJSÆSON,2016-10-01,8072.0
DST:FIKS22:BRANCHE07=H:BELØB=1:SÆSON=EJSÆSON,2016-11-01,8181.0
DST:FIKS22:BRANCHE07=H:BELØB=1:SÆSON=EJSÆSON,2016-12-01,8658.0
DST:FIKS22:BRANCHE07=H:BELØB=1:SÆSON=EJSÆSON,2017-01-01,8000.0
DST:FIKS22:BRANCHE07=H:BELØB=1:SÆSON=EJSÆSON,2017-02-01,7442.0
DST:FIKS22:BRANCHE07=H:BELØB=1:SÆSON=EJSÆSON,2017-03-01,9022.0
DST:FIKS22:BRANCHE07=H:BELØB=1:SÆSON=EJSÆSON,2017-04-01,7860.0
DST:FIKS22:BRANCHE07=H:BELØB=1:SÆSON=EJSÆSON,2017-05-01,8975.0
DST:FIKS22:BRANCHE07=H:BELØB=1:SÆSON=EJSÆSON,2017-06-01,8868.0
DST:FIKS22:BRANCHE07=H:BELØB=1:SÆSON=EJSÆSON,2017-07-01,7626.0
DST:FIKS22:BRANCHE07=H:BELØB=1:SÆSON=EJSÆSON,2017-08-01,9173.0
DST:FIKS22:BRANCHE07=H:BELØB=1:SÆSON=EJSÆSON,2017-09-01,8523.0
DST:FIKS22:BRANCHE07=H:BELØB=1:SÆSON=EJSÆSON,2017-10-01,9137.0
DST:FIKS22:BRANCHE07=H:BELØB=1:SÆSON=EJSÆSON,2017-11-01,8625.0
DST:FIKS22:BRANCHE07=H:BELØB=1:SÆSON=EJSÆSON,2017-12-01,8813.0
DST:FIKS22:BRANCHE07=H:BELØB=1:SÆSON=EJSÆSON,2018-01-01,7827.0
DST:FIKS22:BRANCHE07=H:BELØB=1:SÆSON=EJSÆSON,2018-02-01,7373.0
DST:FIKS22:BRANCHE07=H:BELØB=1:SÆSON=EJSÆSON,2018-03-01,7976.0
DST:FIKS22:BRANCHE07=H:BELØB=1:SÆSON=EJSÆSON,2018-04-01,8204.0
DST:FIKS22:BRANCHE07=H:BELØB=1:SÆSON=EJSÆSON,2018-05-01,8909.0
DST:FIKS22:BRANCHE07=H:BELØB=1:SÆSON=EJSÆSON,2018-06-01,8948.0
DST:FIKS22:BRANCHE07=H:BELØB=1:SÆSON=EJSÆSON,2018-07-01,8028.0
DST:FIKS22:BRANCHE07=H:BELØB=1:SÆSON=EJSÆSON,2018-08-01,8781.0
DST:FIKS22:BRANCHE07=H:BELØB=1:SÆSON=EJSÆSON,2018-09-01,8419.0
DST:FIKS22:BRANCHE07=H:BELØB=1:SÆSON=EJSÆSON,2018-10-01,9041.0
DST:FIKS22:BRANCHE07=H:BELØB=1:SÆSON=EJSÆSON,2018-11-01,9120.0
DST:FIKS22:BRANCHE07=H:BELØB=1:SÆSON=EJSÆSON,2018-12-01,9009.0
DST:FIKS22:BRANCHE07=H:BELØB=1:SÆSON=EJSÆSON,2019-01-01,8131.0
DST:FIKS22:BRANCHE07=H:BELØB=1:SÆSON=EJSÆSON,2019-02-01,7247.0
DST:FIKS22:BRANCHE07=H:BELØB=1:SÆSON=EJSÆSON,2019-03-01,8389.0
DST:FIKS22:BRANCHE07=H:BELØB=1:SÆSON=EJSÆSON,2019-04-01,8136.0
DST:FIKS22:BRANCHE07=H:BELØB=1:SÆSON=EJSÆSON,2019-05-01,8643.0
DST:FIKS22:BRANCHE07=H:BELØB=1:SÆSON=EJSÆSON,2019-06-01,8598.0
DST:FIKS22:BRANCHE07=H:BELØB=1:SÆSON=EJSÆSON,2019-07-01,8171.0
DST:FIKS22:BRANCHE07=H:BELØB=1:SÆSON=EJSÆSON,2019-08-01,8656.0
DST:FIKS22:BRANCHE07=H:BELØB=1:SÆSON=EJSÆSON,2019-09-01,8781.0
DST:FIKS22:BRANCHE07=H:BELØB=1:SÆSON=EJSÆSON,2019-10-01,9121.0
DST:FIKS22:BRANCHE07=H:BELØB=1:SÆSON=EJSÆSON,2019-11-01,8570.0
DST:FIKS22:BRANCHE07=H:BELØB=1:SÆSON=EJSÆSON,2019-12-01,8641.0
DST:FIKS22:BRANCHE07=H:BELØB=1:SÆSON=EJSÆSON,2020-01-01,8819.0
DST:FIKS22:BRANCHE07=H:BELØB=1:SÆSON=EJSÆSON,2020-02-01,7626.0
DST:FIKS22:BRANCHE07=H:BELØB=1:SÆSON=EJSÆSON,2020-03-01,8445.0
DST:FIKS22:BRANCHE07=H:BELØB=1:SÆSON=EJSÆSON,2020-04-01,8563.0
DST:FIKS22:BRANCHE07=H:BELØB=1:SÆSON=EJSÆSON,2020-05-01,7686.0
DST:FIKS22:BRANCHE07=H:BELØB=1:SÆSON=EJSÆSON,2020-06-01,8307.0
DST:FIKS22:BRANCHE07=H:BELØB=1:SÆSON=EJSÆSON,2020-07-01,8087.0
DST:FIKS22:BRANCHE07=H:BELØB=1:SÆSON=EJSÆSON,2020-08-01,8167.0
DST:FIKS22:BRANCHE07=H:BELØB=1:SÆSON=EJSÆSON,2020-09-01,8784.0
DST:FIKS22:BRANCHE07=H:BELØB=1:SÆSON=EJSÆSON,2020-10-01,8907.0
DST:FIKS22:BRANCHE07=H:BELØB=1:SÆSON=EJSÆSON,2020-11-01,8754.0
DST:FIKS22:BRANCHE07=H:BELØB=1:SÆSON=EJSÆSON,2020-12-01,9191.0
DST:FIKS22:BRANCHE07=H:BELØB=1:SÆSON=EJSÆSON,2021-01-01,8489.0
DST:FIKS22:BRANCHE07=H:BELØB=1:SÆSON=EJSÆSON,2021-02-01,7499.0
DST:FIKS22:BRANCHE07=H:BELØB=1:SÆSON=EJSÆSON,2021-03-01,9603.0
DST:FIKS22:BRANCHE07=H:BELØB=1:SÆSON=EJSÆSON,2021-04-01,8492.0
DST:FIKS22:BRANCHE07=H:BELØB=1:SÆSON=EJSÆSON,2021-05-01,8887.0
DST:FIKS22:BRANCHE07=H:BELØB=1:SÆSON=EJSÆSON,2021-06-01,9617.0
DST:FIKS22:BRANCHE07=H:BELØB=1:SÆSON=EJSÆSON,2021-07-01,8826.0
DST:FIKS22:BRANCHE07=H:BELØB=1:SÆSON=EJSÆSON,2021-08-01,8623.0
DST:FIKS22:BRANCHE07=H:BELØB=1:SÆSON=EJSÆSON,2021-09-01,9563.0
DST:FIKS22:BRANCHE07=H:BELØB=1:SÆSON=EJSÆSON,2021-10-01,9796.0
DST:FIKS22:BRANCHE07=H:BELØB=1:SÆSON=EJSÆSON,2021-11-01,11391.0
DST:FIKS22:BRANCHE07=H:BELØB=1:SÆSON=EJSÆSON,2021-12-01,11656.0
DST:FIKS22:BRANCHE07=H:BELØB=1:SÆSON=EJSÆSON,2022-01-01,9345.0
DST:FIKS22:BRANCHE07=H:BELØB=1:SÆSON=EJSÆSON,2022-02-01,9016.0
DST:FIKS22:BRANCHE07=H:BELØB=1:SÆSON=EJSÆSON,2022-03-01,10945.0
DST:FIKS22:BRANCHE07=H:BELØB=1:SÆSON=EJSÆSON,2022-04-01,10076.0
DST:FIKS22:BRANCHE07=H:BELØB=1:SÆSON=EJSÆSON,2022-05-01,10652.0
DST:FIKS22:BRANCHE07=H:BELØB=1:SÆSON=EJSÆSON,2022-06-01,12044.0
DST:FIKS22:BRANCHE07=H:BELØB=1:SÆSON=EJSÆSON,2022-07-01,10430.0
DST:FIKS22:BRANCHE07=H:BELØB=1:SÆSON=EJSÆSON,2022-08-01,12208.0
DST:FIKS22:BRANCHE07=H:BELØB=1:SÆSON=EJSÆSON,2022-09-01,12611.0
DST:FIKS22:BRANCHE07=H:BELØB=1:SÆSON=EJSÆSON,2022-10-01,11551.0
DST:FIKS22:BRANCHE07=H:BELØB=1:SÆSON=EJSÆSON,2022-11-01,11890.0
DST:FIKS22:BRANCHE07=H:BELØB=1:SÆSON=EJSÆSON,2022-12-01,11751.0
DST:FIKS22:BRANCHE07=H:BELØB=1:SÆSON=EJSÆSON,2023-01-01,10178.0
DST:FIKS22:BRANCHE07=H:BELØB=1:SÆSON=EJSÆSON,2023-02-01,9602.0
DST:FIKS22:BRANCHE07=H:BELØB=1:SÆSON=EJSÆSON,2023-03-01,10982.0
DST:FIKS22:BRANCHE07=H:BELØB=1:SÆSON=EJSÆSON,2023-04-01,9834.0
DST:FIKS22:BRANCHE07=H:BELØB=1:SÆSON=EJSÆSON,2023-05-01,10692.0
DST:FIKS22:BRANCHE07=H:BELØB=1:SÆSON=EJSÆSON,2023-06-01,11057.0
DST:FIKS22:BRANCHE07=H:BELØB=1:SÆSON=EJSÆSON,2023-07-01,9532.0
DST:FIKS22:BRANCHE07=H:BELØB=1:SÆSON=EJSÆSON,2023-08-01,10407.0
DST:FIKS22:BRANCHE07=H:BELØB=1:SÆSON=EJSÆSON,2023-09-01,11367.0
DST:FIKS22:BRANCHE07=H:BELØB=1:SÆSON=EJSÆSON,2023-10-01,10705.0
DST:FIKS22:BRANCHE07=H:BELØB=1:SÆSON=EJSÆSON,2023-11-01,11235.0
DST:FIKS22:BRANCHE07=H:BELØB=1:SÆSON=EJSÆSON,2023-12-01,10945.0
DST:FIKS22:BRANCHE07=H:BELØB=1:SÆSON=EJSÆSON,2024-01-01,10191.0
DST:FIKS22:BRANCHE07=H:BELØB=1:SÆSON=EJSÆSON,2024-02-01,10239.0
DST:FIKS22:BRANCHE07=H:BELØB=1:SÆSON=EJSÆSON,2024-03-01,10594.0
DST:FIKS22:BRANCHE07=H:BELØB=1:SÆSON=EJSÆSON,2024-04-01,11025.0
DST:FIKS22:BRANCHE07=H:BELØB=1:SÆSON=EJSÆSON,2024-05-01,11052.0
DST:FIKS22:BRANCHE07=H:BELØB=1:SÆSON=EJSÆSON,2024-06-01,10837.0
DST:FIKS22:BRANCHE07=H:BELØB=1:SÆSON=EJSÆSON,2024-07-01,10556.0
DST:FIKS22:BRANCHE07=H:BELØB=1:SÆSON=EJSÆSON,2024-08-01,10705.0
DST:FIKS22:BRANCHE07=H:BELØB=1:SÆSON=EJSÆSON,2024-09-01,11251.0
DST:FIKS22:BRANCHE07=H:BELØB=1:SÆSON=EJSÆSON,2024-10-01,11544.0
DST:FIKS22:BRANCHE07=H:BELØB=1:SÆSON=EJSÆSON,2024-11-01,11477.0
DST:FIKS22:BRANCHE07=H:BELØB=1:SÆSON=EJSÆSON,2024-12-01,11358.0
DST:FIKS22:BRANCHE07=H:BELØB=1:SÆSON=EJSÆSON,2025-01-01,10681.0
DST:FIKS22:BRANCHE07=H:BELØB=1:SÆSON=EJSÆSON,2025-02-01,10402.0
DST:FIKS22:BRANCHE07=H:BELØB=1:SÆSON=EJSÆSON,2025-03-01,11136.0
DST:FIKS22:BRANCHE07=H:BELØB=1:SÆSON=EJSÆSON,2025-04-01,10917.0
DST:FIKS22:BRANCHE07=H:BELØB=1:SÆSON=EJSÆSON,2025-05-01,11392.0
DST:FIKS22:BRANCHE07=H:BELØB=1:SÆSON=EJSÆSON,2025-06-01,11665.0
DST:FIKS22:BRANCHE07=H:BELØB=1:SÆSON=EJSÆSON,2025-07-01,10556.0
DST:FIKS22:BRANCHE07=H:BELØB=1:SÆSON=EJSÆSON,2025-08-01,11096.0
DST:FIKS22:BRANCHE07=H:BELØB=1:SÆSON=EJSÆSON,2025-09-01,12097.0
DST:FIKS22:BRANCHE07=H:BELØB=1:SÆSON=EJSÆSON,2025-10-01,12314.0
DST:FIKS22:BRANCHE07=H:BELØB=1:SÆSON=EJSÆSON,2025-11-01,11851.0
DST:FIKS22:BRANCHE07=H:BELØB=1:SÆSON=EJSÆSON,2025-12-01,11802.0
DST:FIKS22:BRANCHE07=H:BELØB=1:SÆSON=EJSÆSON,2026-01-01,10413.0
DST:FIKS22:BRANCHE07=H:BELØB=1:SÆSON=EJSÆSON,2026-02-01,10323.0
DST:FIKS22:BRANCHE07=H:BELØB=1:SÆSON=EJSÆSON,2026-03-01,12389.0
DST:FIKS22:BRANCHE07=H:BELØB=1:SÆSON=SÆSON,2009-01-01,6656.0
DST:FIKS22:BRANCHE07=H:BELØB=1:SÆSON=SÆSON,2009-02-01,6505.0
DST:FIKS22:BRANCHE07=H:BELØB=1:SÆSON=SÆSON,2009-03-01,6540.0
DST:FIKS22:BRANCHE07=H:BELØB=1:SÆSON=SÆSON,2009-04-01,6406.0
DST:FIKS22:BRANCHE07=H:BELØB=1:SÆSON=SÆSON,2009-05-01,6045.0
DST:FIKS22:BRANCHE07=H:BELØB=1:SÆSON=SÆSON,2009-06-01,6205.0
DST:FIKS22:BRANCHE07=H:BELØB=1:SÆSON=SÆSON,2009-07-01,6490.0
DST:FIKS22:BRANCHE07=H:BELØB=1:SÆSON=SÆSON,2009-08-01,6295.0
DST:FIKS22:BRANCHE07=H:BELØB=1:SÆSON=SÆSON,2009-09-01,6276.0
DST:FIKS22:BRANCHE07=H:BELØB=1:SÆSON=SÆSON,2009-10-01,6183.0
DST:FIKS22:BRANCHE07=H:BELØB=1:SÆSON=SÆSON,2009-11-01,6138.0
DST:FIKS22:BRANCHE07=H:BELØB=1:SÆSON=SÆSON,2009-12-01,6201.0
DST:FIKS22:BRANCHE07=H:BELØB=1:SÆSON=SÆSON,2010-01-01,6217.0
DST:FIKS22:BRANCHE07=H:BELØB=1:SÆSON=SÆSON,2010-02-01,6105.0
DST:FIKS22:BRANCHE07=H:BELØB=1:SÆSON=SÆSON,2010-03-01,6351.0
DST:FIKS22:BRANCHE07=H:BELØB=1:SÆSON=SÆSON,2010-04-01,6840.0
DST:FIKS22:BRANCHE07=H:BELØB=1:SÆSON=SÆSON,2010-05-01,6468.0
DST:FIKS22:BRANCHE07=H:BELØB=1:SÆSON=SÆSON,2010-06-01,6412.0
DST:FIKS22:BRANCHE07=H:BELØB=1:SÆSON=SÆSON,2010-07-01,6545.0
DST:FIKS22:BRANCHE07=H:BELØB=1:SÆSON=SÆSON,2010-08-01,6613.0
DST:FIKS22:BRANCHE07=H:BELØB=1:SÆSON=SÆSON,2010-09-01,6810.0
DST:FIKS22:BRANCHE07=H:BELØB=1:SÆSON=SÆSON,2010-10-01,6637.0
DST:FIKS22:BRANCHE07=H:BELØB=1:SÆSON=SÆSON,2010-11-01,6710.0
DST:FIKS22:BRANCHE07=H:BELØB=1:SÆSON=SÆSON,2010-12-01,6688.0
DST:FIKS22:BRANCHE07=H:BELØB=1:SÆSON=SÆSON,2011-01-01,6615.0
DST:FIKS22:BRANCHE07=H:BELØB=1:SÆSON=SÆSON,2011-02-01,8386.0
DST:FIKS22:BRANCHE07=H:BELØB=1:SÆSON=SÆSON,2011-03-01,6787.0
DST:FIKS22:BRANCHE07=H:BELØB=1:SÆSON=SÆSON,2011-04-01,7084.0
DST:FIKS22:BRANCHE07=H:BELØB=1:SÆSON=SÆSON,2011-05-01,7631.0
DST:FIKS22:BRANCHE07=H:BELØB=1:SÆSON=SÆSON,2011-06-01,8048.0
DST:FIKS22:BRANCHE07=H:BELØB=1:SÆSON=SÆSON,2011-07-01,7259.0
DST:FIKS22:BRANCHE07=H:BELØB=1:SÆSON=SÆSON,2011-08-01,7395.0
DST:FIKS22:BRANCHE07=H:BELØB=1:SÆSON=SÆSON,2011-09-01,7492.0
DST:FIKS22:BRANCHE07=H:BELØB=1:SÆSON=SÆSON,2011-10-01,8218.0
DST:FIKS22:BRANCHE07=H:BELØB=1:SÆSON=SÆSON,2011-11-01,7807.0
DST:FIKS22:BRANCHE07=H:BELØB=1:SÆSON=SÆSON,2011-12-01,8007.0
DST:FIKS22:BRANCHE07=H:BELØB=1:SÆSON=SÆSON,2012-01-01,7020.0
DST:FIKS22:BRANCHE07=H:BELØB=1:SÆSON=SÆSON,2012-02-01,8326.0
DST:FIKS22:BRANCHE07=H:BELØB=1:SÆSON=SÆSON,2012-03-01,8448.0
DST:FIKS22:BRANCHE07=H:BELØB=1:SÆSON=SÆSON,2012-04-01,7850.0
DST:FIKS22:BRANCHE07=H:BELØB=1:SÆSON=SÆSON,2012-05-01,7650.0
DST:FIKS22:BRANCHE07=H:BELØB=1:SÆSON=SÆSON,2012-06-01,7563.0
DST:FIKS22:BRANCHE07=H:BELØB=1:SÆSON=SÆSON,2012-07-01,7346.0
DST:FIKS22:BRANCHE07=H:BELØB=1:SÆSON=SÆSON,2012-08-01,7234.0
DST:FIKS22:BRANCHE07=H:BELØB=1:SÆSON=SÆSON,2012-09-01,7410.0
DST:FIKS22:BRANCHE07=H:BELØB=1:SÆSON=SÆSON,2012-10-01,7846.0
DST:FIKS22:BRANCHE07=H:BELØB=1:SÆSON=SÆSON,2012-11-01,7609.0
DST:FIKS22:BRANCHE07=H:BELØB=1:SÆSON=SÆSON,2012-12-01,7185.0
DST:FIKS22:BRANCHE07=H:BELØB=1:SÆSON=SÆSON,2013-01-01,7254.0
DST:FIKS22:BRANCHE07=H:BELØB=1:SÆSON=SÆSON,2013-02-01,7296.0
DST:FIKS22:BRANCHE07=H:BELØB=1:SÆSON=SÆSON,2013-03-01,6961.0
DST:FIKS22:BRANCHE07=H:BELØB=1:SÆSON=SÆSON,2013-04-01,6940.0
DST:FIKS22:BRANCHE07=H:BELØB=1:SÆSON=SÆSON,2013-05-01,7098.0
DST:FIKS22:BRANCHE07=H:BELØB=1:SÆSON=SÆSON,2013-06-01,7371.0
DST:FIKS22:BRANCHE07=H:BELØB=1:SÆSON=SÆSON,2013-07-01,7347.0
DST:FIKS22:BRANCHE07=H:BELØB=1:SÆSON=SÆSON,2013-08-01,7415.0
DST:FIKS22:BRANCHE07=H:BELØB=1:SÆSON=SÆSON,2013-09-01,7183.0
DST:FIKS22:BRANCHE07=H:BELØB=1:SÆSON=SÆSON,2013-10-01,7291.0
DST:FIKS22:BRANCHE07=H:BELØB=1:SÆSON=SÆSON,2013-11-01,7241.0
DST:FIKS22:BRANCHE07=H:BELØB=1:SÆSON=SÆSON,2013-12-01,7433.0
DST:FIKS22:BRANCHE07=H:BELØB=1:SÆSON=SÆSON,2014-01-01,7569.0
DST:FIKS22:BRANCHE07=H:BELØB=1:SÆSON=SÆSON,2014-02-01,7671.0
DST:FIKS22:BRANCHE07=H:BELØB=1:SÆSON=SÆSON,2014-03-01,7850.0
DST:FIKS22:BRANCHE07=H:BELØB=1:SÆSON=SÆSON,2014-04-01,7972.0
DST:FIKS22:BRANCHE07=H:BELØB=1:SÆSON=SÆSON,2014-05-01,7901.0
DST:FIKS22:BRANCHE07=H:BELØB=1:SÆSON=SÆSON,2014-06-01,7761.0
DST:FIKS22:BRANCHE07=H:BELØB=1:SÆSON=SÆSON,2014-07-01,8171.0
DST:FIKS22:BRANCHE07=H:BELØB=1:SÆSON=SÆSON,2014-08-01,8080.0
DST:FIKS22:BRANCHE07=H:BELØB=1:SÆSON=SÆSON,2014-09-01,7836.0
DST:FIKS22:BRANCHE07=H:BELØB=1:SÆSON=SÆSON,2014-10-01,7947.0
DST:FIKS22:BRANCHE07=H:BELØB=1:SÆSON=SÆSON,2014-11-01,7898.0
DST:FIKS22:BRANCHE07=H:BELØB=1:SÆSON=SÆSON,2014-12-01,7537.0
DST:FIKS22:BRANCHE07=H:BELØB=1:SÆSON=SÆSON,2015-01-01,7349.0
DST:FIKS22:BRANCHE07=H:BELØB=1:SÆSON=SÆSON,2015-02-01,7379.0
DST:FIKS22:BRANCHE07=H:BELØB=1:SÆSON=SÆSON,2015-03-01,7902.0
DST:FIKS22:BRANCHE07=H:BELØB=1:SÆSON=SÆSON,2015-04-01,7480.0
DST:FIKS22:BRANCHE07=H:BELØB=1:SÆSON=SÆSON,2015-05-01,7537.0
DST:FIKS22:BRANCHE07=H:BELØB=1:SÆSON=SÆSON,2015-06-01,8225.0
DST:FIKS22:BRANCHE07=H:BELØB=1:SÆSON=SÆSON,2015-07-01,7470.0
DST:FIKS22:BRANCHE07=H:BELØB=1:SÆSON=SÆSON,2015-08-01,7737.0
DST:FIKS22:BRANCHE07=H:BELØB=1:SÆSON=SÆSON,2015-09-01,7920.0
DST:FIKS22:BRANCHE07=H:BELØB=1:SÆSON=SÆSON,2015-10-01,7350.0
DST:FIKS22:BRANCHE07=H:BELØB=1:SÆSON=SÆSON,2015-11-01,7747.0
DST:FIKS22:BRANCHE07=H:BELØB=1:SÆSON=SÆSON,2015-12-01,7429.0
DST:FIKS22:BRANCHE07=H:BELØB=1:SÆSON=SÆSON,2016-01-01,7964.0
DST:FIKS22:BRANCHE07=H:BELØB=1:SÆSON=SÆSON,2016-02-01,7684.0
DST:FIKS22:BRANCHE07=H:BELØB=1:SÆSON=SÆSON,2016-03-01,7795.0
DST:FIKS22:BRANCHE07=H:BELØB=1:SÆSON=SÆSON,2016-04-01,7798.0
DST:FIKS22:BRANCHE07=H:BELØB=1:SÆSON=SÆSON,2016-05-01,7818.0
DST:FIKS22:BRANCHE07=H:BELØB=1:SÆSON=SÆSON,2016-06-01,7997.0
DST:FIKS22:BRANCHE07=H:BELØB=1:SÆSON=SÆSON,2016-07-01,7893.0
DST:FIKS22:BRANCHE07=H:BELØB=1:SÆSON=SÆSON,2016-08-01,7722.0
DST:FIKS22:BRANCHE07=H:BELØB=1:SÆSON=SÆSON,2016-09-01,8255.0
DST:FIKS22:BRANCHE07=H:BELØB=1:SÆSON=SÆSON,2016-10-01,7862.0
DST:FIKS22:BRANCHE07=H:BELØB=1:SÆSON=SÆSON,2016-11-01,7904.0
DST:FIKS22:BRANCHE07=H:BELØB=1:SÆSON=SÆSON,2016-12-01,8249.0
DST:FIKS22:BRANCHE07=H:BELØB=1:SÆSON=SÆSON,2017-01-01,8440.0
DST:FIKS22:BRANCHE07=H:BELØB=1:SÆSON=SÆSON,2017-02-01,8502.0
DST:FIKS22:BRANCHE07=H:BELØB=1:SÆSON=SÆSON,2017-03-01,8495.0
DST:FIKS22:BRANCHE07=H:BELØB=1:SÆSON=SÆSON,2017-04-01,8505.0
DST:FIKS22:BRANCHE07=H:BELØB=1:SÆSON=SÆSON,2017-05-01,8636.0
DST:FIKS22:BRANCHE07=H:BELØB=1:SÆSON=SÆSON,2017-06-01,8219.0
DST:FIKS22:BRANCHE07=H:BELØB=1:SÆSON=SÆSON,2017-07-01,8241.0
DST:FIKS22:BRANCHE07=H:BELØB=1:SÆSON=SÆSON,2017-08-01,8912.0
DST:FIKS22:BRANCHE07=H:BELØB=1:SÆSON=SÆSON,2017-09-01,8161.0
DST:FIKS22:BRANCHE07=H:BELØB=1:SÆSON=SÆSON,2017-10-01,8787.0
DST:FIKS22:BRANCHE07=H:BELØB=1:SÆSON=SÆSON,2017-11-01,8176.0
DST:FIKS22:BRANCHE07=H:BELØB=1:SÆSON=SÆSON,2017-12-01,8873.0
DST:FIKS22:BRANCHE07=H:BELØB=1:SÆSON=SÆSON,2018-01-01,8310.0
DST:FIKS22:BRANCHE07=H:BELØB=1:SÆSON=SÆSON,2018-02-01,8439.0
DST:FIKS22:BRANCHE07=H:BELØB=1:SÆSON=SÆSON,2018-03-01,8084.0
DST:FIKS22:BRANCHE07=H:BELØB=1:SÆSON=SÆSON,2018-04-01,8383.0
DST:FIKS22:BRANCHE07=H:BELØB=1:SÆSON=SÆSON,2018-05-01,8565.0
DST:FIKS22:BRANCHE07=H:BELØB=1:SÆSON=SÆSON,2018-06-01,8521.0
DST:FIKS22:BRANCHE07=H:BELØB=1:SÆSON=SÆSON,2018-07-01,8562.0
DST:FIKS22:BRANCHE07=H:BELØB=1:SÆSON=SÆSON,2018-08-01,8538.0
DST:FIKS22:BRANCHE07=H:BELØB=1:SÆSON=SÆSON,2018-09-01,8245.0
DST:FIKS22:BRANCHE07=H:BELØB=1:SÆSON=SÆSON,2018-10-01,8510.0
DST:FIKS22:BRANCHE07=H:BELØB=1:SÆSON=SÆSON,2018-11-01,8648.0
DST:FIKS22:BRANCHE07=H:BELØB=1:SÆSON=SÆSON,2018-12-01,8872.0
DST:FIKS22:BRANCHE07=H:BELØB=1:SÆSON=SÆSON,2019-01-01,8477.0
DST:FIKS22:BRANCHE07=H:BELØB=1:SÆSON=SÆSON,2019-02-01,8285.0
DST:FIKS22:BRANCHE07=H:BELØB=1:SÆSON=SÆSON,2019-03-01,8370.0
DST:FIKS22:BRANCHE07=H:BELØB=1:SÆSON=SÆSON,2019-04-01,8403.0
DST:FIKS22:BRANCHE07=H:BELØB=1:SÆSON=SÆSON,2019-05-01,8267.0
DST:FIKS22:BRANCHE07=H:BELØB=1:SÆSON=SÆSON,2019-06-01,8674.0
DST:FIKS22:BRANCHE07=H:BELØB=1:SÆSON=SÆSON,2019-07-01,8511.0
DST:FIKS22:BRANCHE07=H:BELØB=1:SÆSON=SÆSON,2019-08-01,8572.0
DST:FIKS22:BRANCHE07=H:BELØB=1:SÆSON=SÆSON,2019-09-01,8416.0
DST:FIKS22:BRANCHE07=H:BELØB=1:SÆSON=SÆSON,2019-10-01,8512.0
DST:FIKS22:BRANCHE07=H:BELØB=1:SÆSON=SÆSON,2019-11-01,8372.0
DST:FIKS22:BRANCHE07=H:BELØB=1:SÆSON=SÆSON,2019-12-01,8479.0
DST:FIKS22:BRANCHE07=H:BELØB=1:SÆSON=SÆSON,2020-01-01,9201.0
DST:FIKS22:BRANCHE07=H:BELØB=1:SÆSON=SÆSON,2020-02-01,8499.0
DST:FIKS22:BRANCHE07=H:BELØB=1:SÆSON=SÆSON,2020-03-01,8268.0
DST:FIKS22:BRANCHE07=H:BELØB=1:SÆSON=SÆSON,2020-04-01,8737.0
DST:FIKS22:BRANCHE07=H:BELØB=1:SÆSON=SÆSON,2020-05-01,7786.0
DST:FIKS22:BRANCHE07=H:BELØB=1:SÆSON=SÆSON,2020-06-01,8039.0
DST:FIKS22:BRANCHE07=H:BELØB=1:SÆSON=SÆSON,2020-07-01,8338.0
DST:FIKS22:BRANCHE07=H:BELØB=1:SÆSON=SÆSON,2020-08-01,8372.0
DST:FIKS22:BRANCHE07=H:BELØB=1:SÆSON=SÆSON,2020-09-01,8305.0
DST:FIKS22:BRANCHE07=H:BELØB=1:SÆSON=SÆSON,2020-10-01,8439.0
DST:FIKS22:BRANCHE07=H:BELØB=1:SÆSON=SÆSON,2020-11-01,8539.0
DST:FIKS22:BRANCHE07=H:BELØB=1:SÆSON=SÆSON,2020-12-01,8397.0
DST:FIKS22:BRANCHE07=H:BELØB=1:SÆSON=SÆSON,2021-01-01,9364.0
DST:FIKS22:BRANCHE07=H:BELØB=1:SÆSON=SÆSON,2021-02-01,8525.0
DST:FIKS22:BRANCHE07=H:BELØB=1:SÆSON=SÆSON,2021-03-01,9181.0
DST:FIKS22:BRANCHE07=H:BELØB=1:SÆSON=SÆSON,2021-04-01,8862.0
DST:FIKS22:BRANCHE07=H:BELØB=1:SÆSON=SÆSON,2021-05-01,9037.0
DST:FIKS22:BRANCHE07=H:BELØB=1:SÆSON=SÆSON,2021-06-01,8981.0
DST:FIKS22:BRANCHE07=H:BELØB=1:SÆSON=SÆSON,2021-07-01,9227.0
DST:FIKS22:BRANCHE07=H:BELØB=1:SÆSON=SÆSON,2021-08-01,8725.0
DST:FIKS22:BRANCHE07=H:BELØB=1:SÆSON=SÆSON,2021-09-01,8909.0
DST:FIKS22:BRANCHE07=H:BELØB=1:SÆSON=SÆSON,2021-10-01,9668.0
DST:FIKS22:BRANCHE07=H:BELØB=1:SÆSON=SÆSON,2021-11-01,10815.0
DST:FIKS22:BRANCHE07=H:BELØB=1:SÆSON=SÆSON,2021-12-01,10382.0
DST:FIKS22:BRANCHE07=H:BELØB=1:SÆSON=SÆSON,2022-01-01,10109.0
DST:FIKS22:BRANCHE07=H:BELØB=1:SÆSON=SÆSON,2022-02-01,10235.0
DST:FIKS22:BRANCHE07=H:BELØB=1:SÆSON=SÆSON,2022-03-01,10338.0
DST:FIKS22:BRANCHE07=H:BELØB=1:SÆSON=SÆSON,2022-04-01,10595.0
DST:FIKS22:BRANCHE07=H:BELØB=1:SÆSON=SÆSON,2022-05-01,10643.0
DST:FIKS22:BRANCHE07=H:BELØB=1:SÆSON=SÆSON,2022-06-01,11313.0
DST:FIKS22:BRANCHE07=H:BELØB=1:SÆSON=SÆSON,2022-07-01,11349.0
DST:FIKS22:BRANCHE07=H:BELØB=1:SÆSON=SÆSON,2022-08-01,12067.0
DST:FIKS22:BRANCHE07=H:BELØB=1:SÆSON=SÆSON,2022-09-01,11755.0
DST:FIKS22:BRANCHE07=H:BELØB=1:SÆSON=SÆSON,2022-10-01,11332.0
DST:FIKS22:BRANCHE07=H:BELØB=1:SÆSON=SÆSON,2022-11-01,11315.0
DST:FIKS22:BRANCHE07=H:BELØB=1:SÆSON=SÆSON,2022-12-01,10882.0
DST:FIKS22:BRANCHE07=H:BELØB=1:SÆSON=SÆSON,2023-01-01,10780.0
DST:FIKS22:BRANCHE07=H:BELØB=1:SÆSON=SÆSON,2023-02-01,10882.0
DST:FIKS22:BRANCHE07=H:BELØB=1:SÆSON=SÆSON,2023-03-01,10338.0
DST:FIKS22:BRANCHE07=H:BELØB=1:SÆSON=SÆSON,2023-04-01,10574.0
DST:FIKS22:BRANCHE07=H:BELØB=1:SÆSON=SÆSON,2023-05-01,10776.0
DST:FIKS22:BRANCHE07=H:BELØB=1:SÆSON=SÆSON,2023-06-01,10406.0
DST:FIKS22:BRANCHE07=H:BELØB=1:SÆSON=SÆSON,2023-07-01,10299.0
DST:FIKS22:BRANCHE07=H:BELØB=1:SÆSON=SÆSON,2023-08-01,10203.0
DST:FIKS22:BRANCHE07=H:BELØB=1:SÆSON=SÆSON,2023-09-01,10913.0
DST:FIKS22:BRANCHE07=H:BELØB=1:SÆSON=SÆSON,2023-10-01,10374.0
DST:FIKS22:BRANCHE07=H:BELØB=1:SÆSON=SÆSON,2023-11-01,10481.0
DST:FIKS22:BRANCHE07=H:BELØB=1:SÆSON=SÆSON,2023-12-01,10817.0
DST:FIKS22:BRANCHE07=H:BELØB=1:SÆSON=SÆSON,2024-01-01,10870.0
DST:FIKS22:BRANCHE07=H:BELØB=1:SÆSON=SÆSON,2024-02-01,10976.0
DST:FIKS22:BRANCHE07=H:BELØB=1:SÆSON=SÆSON,2024-03-01,11133.0
DST:FIKS22:BRANCHE07=H:BELØB=1:SÆSON=SÆSON,2024-04-01,10950.0
DST:FIKS22:BRANCHE07=H:BELØB=1:SÆSON=SÆSON,2024-05-01,10786.0
DST:FIKS22:BRANCHE07=H:BELØB=1:SÆSON=SÆSON,2024-06-01,10712.0
DST:FIKS22:BRANCHE07=H:BELØB=1:SÆSON=SÆSON,2024-07-01,10986.0
DST:FIKS22:BRANCHE07=H:BELØB=1:SÆSON=SÆSON,2024-08-01,10673.0
DST:FIKS22:BRANCHE07=H:BELØB=1:SÆSON=SÆSON,2024-09-01,10800.0
DST:FIKS22:BRANCHE07=H:BELØB=1:SÆSON=SÆSON,2024-10-01,10829.0
DST:FIKS22:BRANCHE07=H:BELØB=1:SÆSON=SÆSON,2024-11-01,11043.0
DST:FIKS22:BRANCHE07=H:BELØB=1:SÆSON=SÆSON,2024-12-01,11125.0
DST:FIKS22:BRANCHE07=H:BELØB=1:SÆSON=SÆSON,2025-01-01,11220.0
DST:FIKS22:BRANCHE07=H:BELØB=1:SÆSON=SÆSON,2025-02-01,11741.0
DST:FIKS22:BRANCHE07=H:BELØB=1:SÆSON=SÆSON,2025-03-01,10956.0
DST:FIKS22:BRANCHE07=H:BELØB=1:SÆSON=SÆSON,2025-04-01,11293.0
DST:FIKS22:BRANCHE07=H:BELØB=1:SÆSON=SÆSON,2025-05-01,11210.0
DST:FIKS22:BRANCHE07=H:BELØB=1:SÆSON=SÆSON,2025-06-01,11811.0
DST:FIKS22:BRANCHE07=H:BELØB=1:SÆSON=SÆSON,2025-07-01,10887.0
DST:FIKS22:BRANCHE07=H:BELØB=1:SÆSON=SÆSON,2025-08-01,11531.0
DST:FIKS22:BRANCHE07=H:BELØB=1:SÆSON=SÆSON,2025-09-01,11347.0
DST:FIKS22:BRANCHE07=H:BELØB=1:SÆSON=SÆSON,2025-10-01,11564.0
DST:FIKS22:BRANCHE07=H:BELØB=1:SÆSON=SÆSON,2025-11-01,11655.0
DST:FIKS22:BRANCHE07=H:BELØB=1:SÆSON=SÆSON,2025-12-01,11298.0
DST:FIKS22:BRANCHE07=H:BELØB=1:SÆSON=SÆSON,2026-01-01,11301.0
DST:FIKS22:BRANCHE07=H:BELØB=1:SÆSON=SÆSON,2026-02-01,11621.0
DST:FIKS22:BRANCHE07=H:BELØB=1:SÆSON=SÆSON,2026-03-01,12007.0
DST:FIKS22:BRANCHE07=H:BELØB=3:SÆSON=EJSÆSON,2009-01-01,5724.0
DST:FIKS22:BRANCHE07=H:BELØB=3:SÆSON=EJSÆSON,2009-02-01,5731.0
DST:FIKS22:BRANCHE07=H:BELØB=3:SÆSON=EJSÆSON,2009-03-01,6266.0
DST:FIKS22:BRANCHE07=H:BELØB=3:SÆSON=EJSÆSON,2009-04-01,6079.0
DST:FIKS22:BRANCHE07=H:BELØB=3:SÆSON=EJSÆSON,2009-05-01,5824.0
DST:FIKS22:BRANCHE07=H:BELØB=3:SÆSON=EJSÆSON,2009-06-01,6389.0
DST:FIKS22:BRANCHE07=H:BELØB=3:SÆSON=EJSÆSON,2009-07-01,6154.0
DST:FIKS22:BRANCHE07=H:BELØB=3:SÆSON=EJSÆSON,2009-08-01,5695.0
DST:FIKS22:BRANCHE07=H:BELØB=3:SÆSON=EJSÆSON,2009-09-01,6239.0
DST:FIKS22:BRANCHE07=H:BELØB=3:SÆSON=EJSÆSON,2009-10-01,6368.0
DST:FIKS22:BRANCHE07=H:BELØB=3:SÆSON=EJSÆSON,2009-11-01,6003.0
DST:FIKS22:BRANCHE07=H:BELØB=3:SÆSON=EJSÆSON,2009-12-01,6968.0
DST:FIKS22:BRANCHE07=H:BELØB=3:SÆSON=EJSÆSON,2010-01-01,4881.0
DST:FIKS22:BRANCHE07=H:BELØB=3:SÆSON=EJSÆSON,2010-02-01,5199.0
DST:FIKS22:BRANCHE07=H:BELØB=3:SÆSON=EJSÆSON,2010-03-01,6454.0
DST:FIKS22:BRANCHE07=H:BELØB=3:SÆSON=EJSÆSON,2010-04-01,6147.0
DST:FIKS22:BRANCHE07=H:BELØB=3:SÆSON=EJSÆSON,2010-05-01,6298.0
DST:FIKS22:BRANCHE07=H:BELØB=3:SÆSON=EJSÆSON,2010-06-01,6836.0
DST:FIKS22:BRANCHE07=H:BELØB=3:SÆSON=EJSÆSON,2010-07-01,6277.0
DST:FIKS22:BRANCHE07=H:BELØB=3:SÆSON=EJSÆSON,2010-08-01,6384.0
DST:FIKS22:BRANCHE07=H:BELØB=3:SÆSON=EJSÆSON,2010-09-01,7134.0
DST:FIKS22:BRANCHE07=H:BELØB=3:SÆSON=EJSÆSON,2010-10-01,6585.0
DST:FIKS22:BRANCHE07=H:BELØB=3:SÆSON=EJSÆSON,2010-11-01,6971.0
DST:FIKS22:BRANCHE07=H:BELØB=3:SÆSON=EJSÆSON,2010-12-01,7850.0
DST:FIKS22:BRANCHE07=H:BELØB=3:SÆSON=EJSÆSON,2011-01-01,6155.0
DST:FIKS22:BRANCHE07=H:BELØB=3:SÆSON=EJSÆSON,2011-02-01,5953.0
DST:FIKS22:BRANCHE07=H:BELØB=3:SÆSON=EJSÆSON,2011-03-01,8077.0
DST:FIKS22:BRANCHE07=H:BELØB=3:SÆSON=EJSÆSON,2011-04-01,6496.0
DST:FIKS22:BRANCHE07=H:BELØB=3:SÆSON=EJSÆSON,2011-05-01,7031.0
DST:FIKS22:BRANCHE07=H:BELØB=3:SÆSON=EJSÆSON,2011-06-01,6905.0
DST:FIKS22:BRANCHE07=H:BELØB=3:SÆSON=EJSÆSON,2011-07-01,6542.0
DST:FIKS22:BRANCHE07=H:BELØB=3:SÆSON=EJSÆSON,2011-08-01,6859.0
DST:FIKS22:BRANCHE07=H:BELØB=3:SÆSON=EJSÆSON,2011-09-01,7799.0
DST:FIKS22:BRANCHE07=H:BELØB=3:SÆSON=EJSÆSON,2011-10-01,7417.0
DST:FIKS22:BRANCHE07=H:BELØB=3:SÆSON=EJSÆSON,2011-11-01,7927.0
DST:FIKS22:BRANCHE07=H:BELØB=3:SÆSON=EJSÆSON,2011-12-01,8072.0
DST:FIKS22:BRANCHE07=H:BELØB=3:SÆSON=EJSÆSON,2012-01-01,6522.0
DST:FIKS22:BRANCHE07=H:BELØB=3:SÆSON=EJSÆSON,2012-02-01,6208.0
DST:FIKS22:BRANCHE07=H:BELØB=3:SÆSON=EJSÆSON,2012-03-01,7322.0
DST:FIKS22:BRANCHE07=H:BELØB=3:SÆSON=EJSÆSON,2012-04-01,6899.0
DST:FIKS22:BRANCHE07=H:BELØB=3:SÆSON=EJSÆSON,2012-05-01,7277.0
DST:FIKS22:BRANCHE07=H:BELØB=3:SÆSON=EJSÆSON,2012-06-01,8158.0
DST:FIKS22:BRANCHE07=H:BELØB=3:SÆSON=EJSÆSON,2012-07-01,6927.0
DST:FIKS22:BRANCHE07=H:BELØB=3:SÆSON=EJSÆSON,2012-08-01,7609.0
DST:FIKS22:BRANCHE07=H:BELØB=3:SÆSON=EJSÆSON,2012-09-01,7410.0
DST:FIKS22:BRANCHE07=H:BELØB=3:SÆSON=EJSÆSON,2012-10-01,8108.0
DST:FIKS22:BRANCHE07=H:BELØB=3:SÆSON=EJSÆSON,2012-11-01,7801.0
DST:FIKS22:BRANCHE07=H:BELØB=3:SÆSON=EJSÆSON,2012-12-01,8434.0
DST:FIKS22:BRANCHE07=H:BELØB=3:SÆSON=EJSÆSON,2013-01-01,6964.0
DST:FIKS22:BRANCHE07=H:BELØB=3:SÆSON=EJSÆSON,2013-02-01,6946.0
DST:FIKS22:BRANCHE07=H:BELØB=3:SÆSON=EJSÆSON,2013-03-01,7459.0
DST:FIKS22:BRANCHE07=H:BELØB=3:SÆSON=EJSÆSON,2013-04-01,7717.0
DST:FIKS22:BRANCHE07=H:BELØB=3:SÆSON=EJSÆSON,2013-05-01,8179.0
DST:FIKS22:BRANCHE07=H:BELØB=3:SÆSON=EJSÆSON,2013-06-01,8003.0
DST:FIKS22:BRANCHE07=H:BELØB=3:SÆSON=EJSÆSON,2013-07-01,7633.0
DST:FIKS22:BRANCHE07=H:BELØB=3:SÆSON=EJSÆSON,2013-08-01,7874.0
DST:FIKS22:BRANCHE07=H:BELØB=3:SÆSON=EJSÆSON,2013-09-01,8359.0
DST:FIKS22:BRANCHE07=H:BELØB=3:SÆSON=EJSÆSON,2013-10-01,11023.0
DST:FIKS22:BRANCHE07=H:BELØB=3:SÆSON=EJSÆSON,2013-11-01,11632.0
DST:FIKS22:BRANCHE07=H:BELØB=3:SÆSON=EJSÆSON,2013-12-01,12502.0
DST:FIKS22:BRANCHE07=H:BELØB=3:SÆSON=EJSÆSON,2014-01-01,10982.0
DST:FIKS22:BRANCHE07=H:BELØB=3:SÆSON=EJSÆSON,2014-02-01,11027.0
DST:FIKS22:BRANCHE07=H:BELØB=3:SÆSON=EJSÆSON,2014-03-01,12171.0
DST:FIKS22:BRANCHE07=H:BELØB=3:SÆSON=EJSÆSON,2014-04-01,11670.0
DST:FIKS22:BRANCHE07=H:BELØB=3:SÆSON=EJSÆSON,2014-05-01,11837.0
DST:FIKS22:BRANCHE07=H:BELØB=3:SÆSON=EJSÆSON,2014-06-01,11591.0
DST:FIKS22:BRANCHE07=H:BELØB=3:SÆSON=EJSÆSON,2014-07-01,9733.0
DST:FIKS22:BRANCHE07=H:BELØB=3:SÆSON=EJSÆSON,2014-08-01,9386.0
DST:FIKS22:BRANCHE07=H:BELØB=3:SÆSON=EJSÆSON,2014-09-01,10415.0
DST:FIKS22:BRANCHE07=H:BELØB=3:SÆSON=EJSÆSON,2014-10-01,11364.0
DST:FIKS22:BRANCHE07=H:BELØB=3:SÆSON=EJSÆSON,2014-11-01,10044.0
DST:FIKS22:BRANCHE07=H:BELØB=3:SÆSON=EJSÆSON,2014-12-01,11743.0
DST:FIKS22:BRANCHE07=H:BELØB=3:SÆSON=EJSÆSON,2015-01-01,8868.0
DST:FIKS22:BRANCHE07=H:BELØB=3:SÆSON=EJSÆSON,2015-02-01,9115.0
DST:FIKS22:BRANCHE07=H:BELØB=3:SÆSON=EJSÆSON,2015-03-01,11106.0
DST:FIKS22:BRANCHE07=H:BELØB=3:SÆSON=EJSÆSON,2015-04-01,10523.0
DST:FIKS22:BRANCHE07=H:BELØB=3:SÆSON=EJSÆSON,2015-05-01,10599.0
DST:FIKS22:BRANCHE07=H:BELØB=3:SÆSON=EJSÆSON,2015-06-01,11658.0
DST:FIKS22:BRANCHE07=H:BELØB=3:SÆSON=EJSÆSON,2015-07-01,11040.0
DST:FIKS22:BRANCHE07=H:BELØB=3:SÆSON=EJSÆSON,2015-08-01,11138.0
DST:FIKS22:BRANCHE07=H:BELØB=3:SÆSON=EJSÆSON,2015-09-01,11361.0
DST:FIKS22:BRANCHE07=H:BELØB=3:SÆSON=EJSÆSON,2015-10-01,11640.0
DST:FIKS22:BRANCHE07=H:BELØB=3:SÆSON=EJSÆSON,2015-11-01,10792.0
DST:FIKS22:BRANCHE07=H:BELØB=3:SÆSON=EJSÆSON,2015-12-01,12023.0
DST:FIKS22:BRANCHE07=H:BELØB=3:SÆSON=EJSÆSON,2016-01-01,9662.0
DST:FIKS22:BRANCHE07=H:BELØB=3:SÆSON=EJSÆSON,2016-02-01,9782.0
DST:FIKS22:BRANCHE07=H:BELØB=3:SÆSON=EJSÆSON,2016-03-01,10987.0
DST:FIKS22:BRANCHE07=H:BELØB=3:SÆSON=EJSÆSON,2016-04-01,10626.0
DST:FIKS22:BRANCHE07=H:BELØB=3:SÆSON=EJSÆSON,2016-05-01,10507.0
DST:FIKS22:BRANCHE07=H:BELØB=3:SÆSON=EJSÆSON,2016-06-01,11972.0
DST:FIKS22:BRANCHE07=H:BELØB=3:SÆSON=EJSÆSON,2016-07-01,10312.0
DST:FIKS22:BRANCHE07=H:BELØB=3:SÆSON=EJSÆSON,2016-08-01,11286.0
DST:FIKS22:BRANCHE07=H:BELØB=3:SÆSON=EJSÆSON,2016-09-01,10996.0
DST:FIKS22:BRANCHE07=H:BELØB=3:SÆSON=EJSÆSON,2016-10-01,11636.0
DST:FIKS22:BRANCHE07=H:BELØB=3:SÆSON=EJSÆSON,2016-11-01,11456.0
DST:FIKS22:BRANCHE07=H:BELØB=3:SÆSON=EJSÆSON,2016-12-01,13669.0
DST:FIKS22:BRANCHE07=H:BELØB=3:SÆSON=EJSÆSON,2017-01-01,10212.0
DST:FIKS22:BRANCHE07=H:BELØB=3:SÆSON=EJSÆSON,2017-02-01,9812.0
DST:FIKS22:BRANCHE07=H:BELØB=3:SÆSON=EJSÆSON,2017-03-01,11557.0
DST:FIKS22:BRANCHE07=H:BELØB=3:SÆSON=EJSÆSON,2017-04-01,11942.0
DST:FIKS22:BRANCHE07=H:BELØB=3:SÆSON=EJSÆSON,2017-05-01,11159.0
DST:FIKS22:BRANCHE07=H:BELØB=3:SÆSON=EJSÆSON,2017-06-01,11279.0
DST:FIKS22:BRANCHE07=H:BELØB=3:SÆSON=EJSÆSON,2017-07-01,8941.0
DST:FIKS22:BRANCHE07=H:BELØB=3:SÆSON=EJSÆSON,2017-08-01,10698.0
DST:FIKS22:BRANCHE07=H:BELØB=3:SÆSON=EJSÆSON,2017-09-01,10867.0
DST:FIKS22:BRANCHE07=H:BELØB=3:SÆSON=EJSÆSON,2017-10-01,11892.0
DST:FIKS22:BRANCHE07=H:BELØB=3:SÆSON=EJSÆSON,2017-11-01,11491.0
DST:FIKS22:BRANCHE07=H:BELØB=3:SÆSON=EJSÆSON,2017-12-01,14611.0
DST:FIKS22:BRANCHE07=H:BELØB=3:SÆSON=EJSÆSON,2018-01-01,10272.0
DST:FIKS22:BRANCHE07=H:BELØB=3:SÆSON=EJSÆSON,2018-02-01,9952.0
DST:FIKS22:BRANCHE07=H:BELØB=3:SÆSON=EJSÆSON,2018-03-01,11058.0
DST:FIKS22:BRANCHE07=H:BELØB=3:SÆSON=EJSÆSON,2018-04-01,10827.0
DST:FIKS22:BRANCHE07=H:BELØB=3:SÆSON=EJSÆSON,2018-05-01,11447.0
DST:FIKS22:BRANCHE07=H:BELØB=3:SÆSON=EJSÆSON,2018-06-01,12643.0
DST:FIKS22:BRANCHE07=H:BELØB=3:SÆSON=EJSÆSON,2018-07-01,11186.0
DST:FIKS22:BRANCHE07=H:BELØB=3:SÆSON=EJSÆSON,2018-08-01,11600.0
DST:FIKS22:BRANCHE07=H:BELØB=3:SÆSON=EJSÆSON,2018-09-01,10960.0
DST:FIKS22:BRANCHE07=H:BELØB=3:SÆSON=EJSÆSON,2018-10-01,12228.0
DST:FIKS22:BRANCHE07=H:BELØB=3:SÆSON=EJSÆSON,2018-11-01,12175.0
DST:FIKS22:BRANCHE07=H:BELØB=3:SÆSON=EJSÆSON,2018-12-01,11983.0
DST:FIKS22:BRANCHE07=H:BELØB=3:SÆSON=EJSÆSON,2019-01-01,10856.0
DST:FIKS22:BRANCHE07=H:BELØB=3:SÆSON=EJSÆSON,2019-02-01,10535.0
DST:FIKS22:BRANCHE07=H:BELØB=3:SÆSON=EJSÆSON,2019-03-01,11084.0
DST:FIKS22:BRANCHE07=H:BELØB=3:SÆSON=EJSÆSON,2019-04-01,11357.0
DST:FIKS22:BRANCHE07=H:BELØB=3:SÆSON=EJSÆSON,2019-05-01,12202.0
DST:FIKS22:BRANCHE07=H:BELØB=3:SÆSON=EJSÆSON,2019-06-01,11562.0
DST:FIKS22:BRANCHE07=H:BELØB=3:SÆSON=EJSÆSON,2019-07-01,11239.0
DST:FIKS22:BRANCHE07=H:BELØB=3:SÆSON=EJSÆSON,2019-08-01,11379.0
DST:FIKS22:BRANCHE07=H:BELØB=3:SÆSON=EJSÆSON,2019-09-01,11326.0
DST:FIKS22:BRANCHE07=H:BELØB=3:SÆSON=EJSÆSON,2019-10-01,12319.0
DST:FIKS22:BRANCHE07=H:BELØB=3:SÆSON=EJSÆSON,2019-11-01,11547.0
DST:FIKS22:BRANCHE07=H:BELØB=3:SÆSON=EJSÆSON,2019-12-01,11343.0
DST:FIKS22:BRANCHE07=H:BELØB=3:SÆSON=EJSÆSON,2020-01-01,9537.0
DST:FIKS22:BRANCHE07=H:BELØB=3:SÆSON=EJSÆSON,2020-02-01,10118.0
DST:FIKS22:BRANCHE07=H:BELØB=3:SÆSON=EJSÆSON,2020-03-01,10475.0
DST:FIKS22:BRANCHE07=H:BELØB=3:SÆSON=EJSÆSON,2020-04-01,10358.0
DST:FIKS22:BRANCHE07=H:BELØB=3:SÆSON=EJSÆSON,2020-05-01,9125.0
DST:FIKS22:BRANCHE07=H:BELØB=3:SÆSON=EJSÆSON,2020-06-01,9941.0
DST:FIKS22:BRANCHE07=H:BELØB=3:SÆSON=EJSÆSON,2020-07-01,10092.0
DST:FIKS22:BRANCHE07=H:BELØB=3:SÆSON=EJSÆSON,2020-08-01,9534.0
DST:FIKS22:BRANCHE07=H:BELØB=3:SÆSON=EJSÆSON,2020-09-01,10336.0
DST:FIKS22:BRANCHE07=H:BELØB=3:SÆSON=EJSÆSON,2020-10-01,11351.0
DST:FIKS22:BRANCHE07=H:BELØB=3:SÆSON=EJSÆSON,2020-11-01,10665.0
DST:FIKS22:BRANCHE07=H:BELØB=3:SÆSON=EJSÆSON,2020-12-01,12328.0
DST:FIKS22:BRANCHE07=H:BELØB=3:SÆSON=EJSÆSON,2021-01-01,9888.0
DST:FIKS22:BRANCHE07=H:BELØB=3:SÆSON=EJSÆSON,2021-02-01,9551.0
DST:FIKS22:BRANCHE07=H:BELØB=3:SÆSON=EJSÆSON,2021-03-01,10051.0
DST:FIKS22:BRANCHE07=H:BELØB=3:SÆSON=EJSÆSON,2021-04-01,10433.0
DST:FIKS22:BRANCHE07=H:BELØB=3:SÆSON=EJSÆSON,2021-05-01,10346.0
DST:FIKS22:BRANCHE07=H:BELØB=3:SÆSON=EJSÆSON,2021-06-01,11478.0
DST:FIKS22:BRANCHE07=H:BELØB=3:SÆSON=EJSÆSON,2021-07-01,11079.0
DST:FIKS22:BRANCHE07=H:BELØB=3:SÆSON=EJSÆSON,2021-08-01,10591.0
DST:FIKS22:BRANCHE07=H:BELØB=3:SÆSON=EJSÆSON,2021-09-01,11651.0
DST:FIKS22:BRANCHE07=H:BELØB=3:SÆSON=EJSÆSON,2021-10-01,11877.0
DST:FIKS22:BRANCHE07=H:BELØB=3:SÆSON=EJSÆSON,2021-11-01,12877.0
DST:FIKS22:BRANCHE07=H:BELØB=3:SÆSON=EJSÆSON,2021-12-01,15105.0
DST:FIKS22:BRANCHE07=H:BELØB=3:SÆSON=EJSÆSON,2022-01-01,12513.0
DST:FIKS22:BRANCHE07=H:BELØB=3:SÆSON=EJSÆSON,2022-02-01,11812.0
DST:FIKS22:BRANCHE07=H:BELØB=3:SÆSON=EJSÆSON,2022-03-01,14444.0
DST:FIKS22:BRANCHE07=H:BELØB=3:SÆSON=EJSÆSON,2022-04-01,13101.0
DST:FIKS22:BRANCHE07=H:BELØB=3:SÆSON=EJSÆSON,2022-05-01,13691.0
DST:FIKS22:BRANCHE07=H:BELØB=3:SÆSON=EJSÆSON,2022-06-01,15797.0
DST:FIKS22:BRANCHE07=H:BELØB=3:SÆSON=EJSÆSON,2022-07-01,13449.0
DST:FIKS22:BRANCHE07=H:BELØB=3:SÆSON=EJSÆSON,2022-08-01,15378.0
DST:FIKS22:BRANCHE07=H:BELØB=3:SÆSON=EJSÆSON,2022-09-01,15998.0
DST:FIKS22:BRANCHE07=H:BELØB=3:SÆSON=EJSÆSON,2022-10-01,15875.0
DST:FIKS22:BRANCHE07=H:BELØB=3:SÆSON=EJSÆSON,2022-11-01,15721.0
DST:FIKS22:BRANCHE07=H:BELØB=3:SÆSON=EJSÆSON,2022-12-01,16773.0
DST:FIKS22:BRANCHE07=H:BELØB=3:SÆSON=EJSÆSON,2023-01-01,13746.0
DST:FIKS22:BRANCHE07=H:BELØB=3:SÆSON=EJSÆSON,2023-02-01,13902.0
DST:FIKS22:BRANCHE07=H:BELØB=3:SÆSON=EJSÆSON,2023-03-01,16149.0
DST:FIKS22:BRANCHE07=H:BELØB=3:SÆSON=EJSÆSON,2023-04-01,13337.0
DST:FIKS22:BRANCHE07=H:BELØB=3:SÆSON=EJSÆSON,2023-05-01,14215.0
DST:FIKS22:BRANCHE07=H:BELØB=3:SÆSON=EJSÆSON,2023-06-01,14878.0
DST:FIKS22:BRANCHE07=H:BELØB=3:SÆSON=EJSÆSON,2023-07-01,13116.0
DST:FIKS22:BRANCHE07=H:BELØB=3:SÆSON=EJSÆSON,2023-08-01,13503.0
DST:FIKS22:BRANCHE07=H:BELØB=3:SÆSON=EJSÆSON,2023-09-01,19318.0
DST:FIKS22:BRANCHE07=H:BELØB=3:SÆSON=EJSÆSON,2023-10-01,14686.0
DST:FIKS22:BRANCHE07=H:BELØB=3:SÆSON=EJSÆSON,2023-11-01,14870.0
DST:FIKS22:BRANCHE07=H:BELØB=3:SÆSON=EJSÆSON,2023-12-01,18921.0
DST:FIKS22:BRANCHE07=H:BELØB=3:SÆSON=EJSÆSON,2024-01-01,14884.0
DST:FIKS22:BRANCHE07=H:BELØB=3:SÆSON=EJSÆSON,2024-02-01,14920.0
DST:FIKS22:BRANCHE07=H:BELØB=3:SÆSON=EJSÆSON,2024-03-01,15378.0
DST:FIKS22:BRANCHE07=H:BELØB=3:SÆSON=EJSÆSON,2024-04-01,15830.0
DST:FIKS22:BRANCHE07=H:BELØB=3:SÆSON=EJSÆSON,2024-05-01,16103.0
DST:FIKS22:BRANCHE07=H:BELØB=3:SÆSON=EJSÆSON,2024-06-01,16629.0
DST:FIKS22:BRANCHE07=H:BELØB=3:SÆSON=EJSÆSON,2024-07-01,15723.0
DST:FIKS22:BRANCHE07=H:BELØB=3:SÆSON=EJSÆSON,2024-08-01,14458.0
DST:FIKS22:BRANCHE07=H:BELØB=3:SÆSON=EJSÆSON,2024-09-01,16065.0
DST:FIKS22:BRANCHE07=H:BELØB=3:SÆSON=EJSÆSON,2024-10-01,17876.0
DST:FIKS22:BRANCHE07=H:BELØB=3:SÆSON=EJSÆSON,2024-11-01,17571.0
DST:FIKS22:BRANCHE07=H:BELØB=3:SÆSON=EJSÆSON,2024-12-01,20137.0
DST:FIKS22:BRANCHE07=H:BELØB=3:SÆSON=EJSÆSON,2025-01-01,16663.0
DST:FIKS22:BRANCHE07=H:BELØB=3:SÆSON=EJSÆSON,2025-02-01,14542.0
DST:FIKS22:BRANCHE07=H:BELØB=3:SÆSON=EJSÆSON,2025-03-01,19280.0
DST:FIKS22:BRANCHE07=H:BELØB=3:SÆSON=EJSÆSON,2025-04-01,16648.0
DST:FIKS22:BRANCHE07=H:BELØB=3:SÆSON=EJSÆSON,2025-05-01,17097.0
DST:FIKS22:BRANCHE07=H:BELØB=3:SÆSON=EJSÆSON,2025-06-01,18552.0
DST:FIKS22:BRANCHE07=H:BELØB=3:SÆSON=EJSÆSON,2025-07-01,15910.0
DST:FIKS22:BRANCHE07=H:BELØB=3:SÆSON=EJSÆSON,2025-08-01,16604.0
DST:FIKS22:BRANCHE07=H:BELØB=3:SÆSON=EJSÆSON,2025-09-01,18173.0
DST:FIKS22:BRANCHE07=H:BELØB=3:SÆSON=EJSÆSON,2025-10-01,17725.0
DST:FIKS22:BRANCHE07=H:BELØB=3:SÆSON=EJSÆSON,2025-11-01,17567.0
DST:FIKS22:BRANCHE07=H:BELØB=3:SÆSON=EJSÆSON,2025-12-01,22752.0
DST:FIKS22:BRANCHE07=H:BELØB=3:SÆSON=EJSÆSON,2026-01-01,18241.0
DST:FIKS22:BRANCHE07=H:BELØB=3:SÆSON=EJSÆSON,2026-02-01,16248.0
DST:FIKS22:BRANCHE07=H:BELØB=3:SÆSON=EJSÆSON,2026-03-01,18088.0
DST:FIKS22:BRANCHE07=H:BELØB=3:SÆSON=SÆSON,2009-01-01,6328.0
DST:FIKS22:BRANCHE07=H:BELØB=3:SÆSON=SÆSON,2009-02-01,6588.0
DST:FIKS22:BRANCHE07=H:BELØB=3:SÆSON=SÆSON,2009-03-01,6154.0
DST:FIKS22:BRANCHE07=H:BELØB=3:SÆSON=SÆSON,2009-04-01,6227.0
DST:FIKS22:BRANCHE07=H:BELØB=3:SÆSON=SÆSON,2009-05-01,5939.0
DST:FIKS22:BRANCHE07=H:BELØB=3:SÆSON=SÆSON,2009-06-01,6156.0
DST:FIKS22:BRANCHE07=H:BELØB=3:SÆSON=SÆSON,2009-07-01,6216.0
DST:FIKS22:BRANCHE07=H:BELØB=3:SÆSON=SÆSON,2009-08-01,5969.0
DST:FIKS22:BRANCHE07=H:BELØB=3:SÆSON=SÆSON,2009-09-01,5900.0
DST:FIKS22:BRANCHE07=H:BELØB=3:SÆSON=SÆSON,2009-10-01,6108.0
DST:FIKS22:BRANCHE07=H:BELØB=3:SÆSON=SÆSON,2009-11-01,5884.0
DST:FIKS22:BRANCHE07=H:BELØB=3:SÆSON=SÆSON,2009-12-01,6139.0
DST:FIKS22:BRANCHE07=H:BELØB=3:SÆSON=SÆSON,2010-01-01,5525.0
DST:FIKS22:BRANCHE07=H:BELØB=3:SÆSON=SÆSON,2010-02-01,5958.0
DST:FIKS22:BRANCHE07=H:BELØB=3:SÆSON=SÆSON,2010-03-01,6307.0
DST:FIKS22:BRANCHE07=H:BELØB=3:SÆSON=SÆSON,2010-04-01,6327.0
DST:FIKS22:BRANCHE07=H:BELØB=3:SÆSON=SÆSON,2010-05-01,6412.0
DST:FIKS22:BRANCHE07=H:BELØB=3:SÆSON=SÆSON,2010-06-01,6280.0
DST:FIKS22:BRANCHE07=H:BELØB=3:SÆSON=SÆSON,2010-07-01,6514.0
DST:FIKS22:BRANCHE07=H:BELØB=3:SÆSON=SÆSON,2010-08-01,6688.0
DST:FIKS22:BRANCHE07=H:BELØB=3:SÆSON=SÆSON,2010-09-01,6704.0
DST:FIKS22:BRANCHE07=H:BELØB=3:SÆSON=SÆSON,2010-10-01,6430.0
DST:FIKS22:BRANCHE07=H:BELØB=3:SÆSON=SÆSON,2010-11-01,6787.0
DST:FIKS22:BRANCHE07=H:BELØB=3:SÆSON=SÆSON,2010-12-01,6667.0
DST:FIKS22:BRANCHE07=H:BELØB=3:SÆSON=SÆSON,2011-01-01,6877.0
DST:FIKS22:BRANCHE07=H:BELØB=3:SÆSON=SÆSON,2011-02-01,6786.0
DST:FIKS22:BRANCHE07=H:BELØB=3:SÆSON=SÆSON,2011-03-01,7709.0
DST:FIKS22:BRANCHE07=H:BELØB=3:SÆSON=SÆSON,2011-04-01,6764.0
DST:FIKS22:BRANCHE07=H:BELØB=3:SÆSON=SÆSON,2011-05-01,6994.0
DST:FIKS22:BRANCHE07=H:BELØB=3:SÆSON=SÆSON,2011-06-01,6484.0
DST:FIKS22:BRANCHE07=H:BELØB=3:SÆSON=SÆSON,2011-07-01,6974.0
DST:FIKS22:BRANCHE07=H:BELØB=3:SÆSON=SÆSON,2011-08-01,6945.0
DST:FIKS22:BRANCHE07=H:BELØB=3:SÆSON=SÆSON,2011-09-01,7450.0
DST:FIKS22:BRANCHE07=H:BELØB=3:SÆSON=SÆSON,2011-10-01,7241.0
DST:FIKS22:BRANCHE07=H:BELØB=3:SÆSON=SÆSON,2011-11-01,7642.0
DST:FIKS22:BRANCHE07=H:BELØB=3:SÆSON=SÆSON,2011-12-01,7112.0
DST:FIKS22:BRANCHE07=H:BELØB=3:SÆSON=SÆSON,2012-01-01,7237.0
DST:FIKS22:BRANCHE07=H:BELØB=3:SÆSON=SÆSON,2012-02-01,6664.0
DST:FIKS22:BRANCHE07=H:BELØB=3:SÆSON=SÆSON,2012-03-01,7103.0
DST:FIKS22:BRANCHE07=H:BELØB=3:SÆSON=SÆSON,2012-04-01,7203.0
DST:FIKS22:BRANCHE07=H:BELØB=3:SÆSON=SÆSON,2012-05-01,7267.0
DST:FIKS22:BRANCHE07=H:BELØB=3:SÆSON=SÆSON,2012-06-01,7580.0
DST:FIKS22:BRANCHE07=H:BELØB=3:SÆSON=SÆSON,2012-07-01,7450.0
DST:FIKS22:BRANCHE07=H:BELØB=3:SÆSON=SÆSON,2012-08-01,7604.0
DST:FIKS22:BRANCHE07=H:BELØB=3:SÆSON=SÆSON,2012-09-01,7368.0
DST:FIKS22:BRANCHE07=H:BELØB=3:SÆSON=SÆSON,2012-10-01,7631.0
DST:FIKS22:BRANCHE07=H:BELØB=3:SÆSON=SÆSON,2012-11-01,7551.0
DST:FIKS22:BRANCHE07=H:BELØB=3:SÆSON=SÆSON,2012-12-01,7728.0
DST:FIKS22:BRANCHE07=H:BELØB=3:SÆSON=SÆSON,2013-01-01,7562.0
DST:FIKS22:BRANCHE07=H:BELØB=3:SÆSON=SÆSON,2013-02-01,7807.0
DST:FIKS22:BRANCHE07=H:BELØB=3:SÆSON=SÆSON,2013-03-01,7646.0
DST:FIKS22:BRANCHE07=H:BELØB=3:SÆSON=SÆSON,2013-04-01,7868.0
DST:FIKS22:BRANCHE07=H:BELØB=3:SÆSON=SÆSON,2013-05-01,7850.0
DST:FIKS22:BRANCHE07=H:BELØB=3:SÆSON=SÆSON,2013-06-01,7795.0
DST:FIKS22:BRANCHE07=H:BELØB=3:SÆSON=SÆSON,2013-07-01,7986.0
DST:FIKS22:BRANCHE07=H:BELØB=3:SÆSON=SÆSON,2013-08-01,8020.0
DST:FIKS22:BRANCHE07=H:BELØB=3:SÆSON=SÆSON,2013-09-01,8303.0
DST:FIKS22:BRANCHE07=H:BELØB=3:SÆSON=SÆSON,2013-10-01,10358.0
DST:FIKS22:BRANCHE07=H:BELØB=3:SÆSON=SÆSON,2013-11-01,11441.0
DST:FIKS22:BRANCHE07=H:BELØB=3:SÆSON=SÆSON,2013-12-01,11487.0
DST:FIKS22:BRANCHE07=H:BELØB=3:SÆSON=SÆSON,2014-01-01,12062.0
DST:FIKS22:BRANCHE07=H:BELØB=3:SÆSON=SÆSON,2014-02-01,12347.0
DST:FIKS22:BRANCHE07=H:BELØB=3:SÆSON=SÆSON,2014-03-01,11978.0
DST:FIKS22:BRANCHE07=H:BELØB=3:SÆSON=SÆSON,2014-04-01,11991.0
DST:FIKS22:BRANCHE07=H:BELØB=3:SÆSON=SÆSON,2014-05-01,11665.0
DST:FIKS22:BRANCHE07=H:BELØB=3:SÆSON=SÆSON,2014-06-01,11254.0
DST:FIKS22:BRANCHE07=H:BELØB=3:SÆSON=SÆSON,2014-07-01,10200.0
DST:FIKS22:BRANCHE07=H:BELØB=3:SÆSON=SÆSON,2014-08-01,9702.0
DST:FIKS22:BRANCHE07=H:BELØB=3:SÆSON=SÆSON,2014-09-01,10368.0
DST:FIKS22:BRANCHE07=H:BELØB=3:SÆSON=SÆSON,2014-10-01,10464.0
DST:FIKS22:BRANCHE07=H:BELØB=3:SÆSON=SÆSON,2014-11-01,10165.0
DST:FIKS22:BRANCHE07=H:BELØB=3:SÆSON=SÆSON,2014-12-01,10250.0
DST:FIKS22:BRANCHE07=H:BELØB=3:SÆSON=SÆSON,2015-01-01,9828.0
DST:FIKS22:BRANCHE07=H:BELØB=3:SÆSON=SÆSON,2015-02-01,10219.0
DST:FIKS22:BRANCHE07=H:BELØB=3:SÆSON=SÆSON,2015-03-01,11165.0
DST:FIKS22:BRANCHE07=H:BELØB=3:SÆSON=SÆSON,2015-04-01,10491.0
DST:FIKS22:BRANCHE07=H:BELØB=3:SÆSON=SÆSON,2015-05-01,10911.0
DST:FIKS22:BRANCHE07=H:BELØB=3:SÆSON=SÆSON,2015-06-01,11052.0
DST:FIKS22:BRANCHE07=H:BELØB=3:SÆSON=SÆSON,2015-07-01,11360.0
DST:FIKS22:BRANCHE07=H:BELØB=3:SÆSON=SÆSON,2015-08-01,11487.0
DST:FIKS22:BRANCHE07=H:BELØB=3:SÆSON=SÆSON,2015-09-01,11291.0
DST:FIKS22:BRANCHE07=H:BELØB=3:SÆSON=SÆSON,2015-10-01,10943.0
DST:FIKS22:BRANCHE07=H:BELØB=3:SÆSON=SÆSON,2015-11-01,10788.0
DST:FIKS22:BRANCHE07=H:BELØB=3:SÆSON=SÆSON,2015-12-01,10323.0
DST:FIKS22:BRANCHE07=H:BELØB=3:SÆSON=SÆSON,2016-01-01,10935.0
DST:FIKS22:BRANCHE07=H:BELØB=3:SÆSON=SÆSON,2016-02-01,10558.0
DST:FIKS22:BRANCHE07=H:BELØB=3:SÆSON=SÆSON,2016-03-01,11231.0
DST:FIKS22:BRANCHE07=H:BELØB=3:SÆSON=SÆSON,2016-04-01,10625.0
DST:FIKS22:BRANCHE07=H:BELØB=3:SÆSON=SÆSON,2016-05-01,10619.0
DST:FIKS22:BRANCHE07=H:BELØB=3:SÆSON=SÆSON,2016-06-01,10891.0
DST:FIKS22:BRANCHE07=H:BELØB=3:SÆSON=SÆSON,2016-07-01,11016.0
DST:FIKS22:BRANCHE07=H:BELØB=3:SÆSON=SÆSON,2016-08-01,11262.0
DST:FIKS22:BRANCHE07=H:BELØB=3:SÆSON=SÆSON,2016-09-01,10970.0
DST:FIKS22:BRANCHE07=H:BELØB=3:SÆSON=SÆSON,2016-10-01,11126.0
DST:FIKS22:BRANCHE07=H:BELØB=3:SÆSON=SÆSON,2016-11-01,11176.0
DST:FIKS22:BRANCHE07=H:BELØB=3:SÆSON=SÆSON,2016-12-01,11717.0
DST:FIKS22:BRANCHE07=H:BELØB=3:SÆSON=SÆSON,2017-01-01,11277.0
DST:FIKS22:BRANCHE07=H:BELØB=3:SÆSON=SÆSON,2017-02-01,11020.0
DST:FIKS22:BRANCHE07=H:BELØB=3:SÆSON=SÆSON,2017-03-01,10981.0
DST:FIKS22:BRANCHE07=H:BELØB=3:SÆSON=SÆSON,2017-04-01,12744.0
DST:FIKS22:BRANCHE07=H:BELØB=3:SÆSON=SÆSON,2017-05-01,10990.0
DST:FIKS22:BRANCHE07=H:BELØB=3:SÆSON=SÆSON,2017-06-01,10622.0
DST:FIKS22:BRANCHE07=H:BELØB=3:SÆSON=SÆSON,2017-07-01,9507.0
DST:FIKS22:BRANCHE07=H:BELØB=3:SÆSON=SÆSON,2017-08-01,10735.0
DST:FIKS22:BRANCHE07=H:BELØB=3:SÆSON=SÆSON,2017-09-01,10996.0
DST:FIKS22:BRANCHE07=H:BELØB=3:SÆSON=SÆSON,2017-10-01,11336.0
DST:FIKS22:BRANCHE07=H:BELØB=3:SÆSON=SÆSON,2017-11-01,11028.0
DST:FIKS22:BRANCHE07=H:BELØB=3:SÆSON=SÆSON,2017-12-01,12846.0
DST:FIKS22:BRANCHE07=H:BELØB=3:SÆSON=SÆSON,2018-01-01,11159.0
DST:FIKS22:BRANCHE07=H:BELØB=3:SÆSON=SÆSON,2018-02-01,11133.0
DST:FIKS22:BRANCHE07=H:BELØB=3:SÆSON=SÆSON,2018-03-01,11330.0
DST:FIKS22:BRANCHE07=H:BELØB=3:SÆSON=SÆSON,2018-04-01,11157.0
DST:FIKS22:BRANCHE07=H:BELØB=3:SÆSON=SÆSON,2018-05-01,11336.0
DST:FIKS22:BRANCHE07=H:BELØB=3:SÆSON=SÆSON,2018-06-01,11959.0
DST:FIKS22:BRANCHE07=H:BELØB=3:SÆSON=SÆSON,2018-07-01,11825.0
DST:FIKS22:BRANCHE07=H:BELØB=3:SÆSON=SÆSON,2018-08-01,11558.0
DST:FIKS22:BRANCHE07=H:BELØB=3:SÆSON=SÆSON,2018-09-01,11347.0
DST:FIKS22:BRANCHE07=H:BELØB=3:SÆSON=SÆSON,2018-10-01,11276.0
DST:FIKS22:BRANCHE07=H:BELØB=3:SÆSON=SÆSON,2018-11-01,11717.0
DST:FIKS22:BRANCHE07=H:BELØB=3:SÆSON=SÆSON,2018-12-01,10704.0
DST:FIKS22:BRANCHE07=H:BELØB=3:SÆSON=SÆSON,2019-01-01,11565.0
DST:FIKS22:BRANCHE07=H:BELØB=3:SÆSON=SÆSON,2019-02-01,11718.0
DST:FIKS22:BRANCHE07=H:BELØB=3:SÆSON=SÆSON,2019-03-01,11121.0
DST:FIKS22:BRANCHE07=H:BELØB=3:SÆSON=SÆSON,2019-04-01,11832.0
DST:FIKS22:BRANCHE07=H:BELØB=3:SÆSON=SÆSON,2019-05-01,12005.0
DST:FIKS22:BRANCHE07=H:BELØB=3:SÆSON=SÆSON,2019-06-01,11766.0
DST:FIKS22:BRANCHE07=H:BELØB=3:SÆSON=SÆSON,2019-07-01,11472.0
DST:FIKS22:BRANCHE07=H:BELØB=3:SÆSON=SÆSON,2019-08-01,11699.0
DST:FIKS22:BRANCHE07=H:BELØB=3:SÆSON=SÆSON,2019-09-01,11556.0
DST:FIKS22:BRANCHE07=H:BELØB=3:SÆSON=SÆSON,2019-10-01,11427.0
DST:FIKS22:BRANCHE07=H:BELØB=3:SÆSON=SÆSON,2019-11-01,11169.0
DST:FIKS22:BRANCHE07=H:BELØB=3:SÆSON=SÆSON,2019-12-01,10249.0
DST:FIKS22:BRANCHE07=H:BELØB=3:SÆSON=SÆSON,2020-01-01,10178.0
DST:FIKS22:BRANCHE07=H:BELØB=3:SÆSON=SÆSON,2020-02-01,10876.0
DST:FIKS22:BRANCHE07=H:BELØB=3:SÆSON=SÆSON,2020-03-01,10506.0
DST:FIKS22:BRANCHE07=H:BELØB=3:SÆSON=SÆSON,2020-04-01,10576.0
DST:FIKS22:BRANCHE07=H:BELØB=3:SÆSON=SÆSON,2020-05-01,9407.0
DST:FIKS22:BRANCHE07=H:BELØB=3:SÆSON=SÆSON,2020-06-01,9845.0
DST:FIKS22:BRANCHE07=H:BELØB=3:SÆSON=SÆSON,2020-07-01,10200.0
DST:FIKS22:BRANCHE07=H:BELØB=3:SÆSON=SÆSON,2020-08-01,10059.0
DST:FIKS22:BRANCHE07=H:BELØB=3:SÆSON=SÆSON,2020-09-01,10286.0
DST:FIKS22:BRANCHE07=H:BELØB=3:SÆSON=SÆSON,2020-10-01,10711.0
DST:FIKS22:BRANCHE07=H:BELØB=3:SÆSON=SÆSON,2020-11-01,10422.0
DST:FIKS22:BRANCHE07=H:BELØB=3:SÆSON=SÆSON,2020-12-01,10575.0
DST:FIKS22:BRANCHE07=H:BELØB=3:SÆSON=SÆSON,2021-01-01,10811.0
DST:FIKS22:BRANCHE07=H:BELØB=3:SÆSON=SÆSON,2021-02-01,10491.0
DST:FIKS22:BRANCHE07=H:BELØB=3:SÆSON=SÆSON,2021-03-01,9932.0
DST:FIKS22:BRANCHE07=H:BELØB=3:SÆSON=SÆSON,2021-04-01,10751.0
DST:FIKS22:BRANCHE07=H:BELØB=3:SÆSON=SÆSON,2021-05-01,10722.0
DST:FIKS22:BRANCHE07=H:BELØB=3:SÆSON=SÆSON,2021-06-01,10863.0
DST:FIKS22:BRANCHE07=H:BELØB=3:SÆSON=SÆSON,2021-07-01,11534.0
DST:FIKS22:BRANCHE07=H:BELØB=3:SÆSON=SÆSON,2021-08-01,11225.0
DST:FIKS22:BRANCHE07=H:BELØB=3:SÆSON=SÆSON,2021-09-01,11455.0
DST:FIKS22:BRANCHE07=H:BELØB=3:SÆSON=SÆSON,2021-10-01,11497.0
DST:FIKS22:BRANCHE07=H:BELØB=3:SÆSON=SÆSON,2021-11-01,12536.0
DST:FIKS22:BRANCHE07=H:BELØB=3:SÆSON=SÆSON,2021-12-01,12376.0
DST:FIKS22:BRANCHE07=H:BELØB=3:SÆSON=SÆSON,2022-01-01,13403.0
DST:FIKS22:BRANCHE07=H:BELØB=3:SÆSON=SÆSON,2022-02-01,12938.0
DST:FIKS22:BRANCHE07=H:BELØB=3:SÆSON=SÆSON,2022-03-01,13827.0
DST:FIKS22:BRANCHE07=H:BELØB=3:SÆSON=SÆSON,2022-04-01,13735.0
DST:FIKS22:BRANCHE07=H:BELØB=3:SÆSON=SÆSON,2022-05-01,14250.0
DST:FIKS22:BRANCHE07=H:BELØB=3:SÆSON=SÆSON,2022-06-01,14953.0
DST:FIKS22:BRANCHE07=H:BELØB=3:SÆSON=SÆSON,2022-07-01,14408.0
DST:FIKS22:BRANCHE07=H:BELØB=3:SÆSON=SÆSON,2022-08-01,15860.0
DST:FIKS22:BRANCHE07=H:BELØB=3:SÆSON=SÆSON,2022-09-01,15866.0
DST:FIKS22:BRANCHE07=H:BELØB=3:SÆSON=SÆSON,2022-10-01,15500.0
DST:FIKS22:BRANCHE07=H:BELØB=3:SÆSON=SÆSON,2022-11-01,15238.0
DST:FIKS22:BRANCHE07=H:BELØB=3:SÆSON=SÆSON,2022-12-01,14069.0
DST:FIKS22:BRANCHE07=H:BELØB=3:SÆSON=SÆSON,2023-01-01,14456.0
DST:FIKS22:BRANCHE07=H:BELØB=3:SÆSON=SÆSON,2023-02-01,15260.0
DST:FIKS22:BRANCHE07=H:BELØB=3:SÆSON=SÆSON,2023-03-01,15158.0
DST:FIKS22:BRANCHE07=H:BELØB=3:SÆSON=SÆSON,2023-04-01,14346.0
DST:FIKS22:BRANCHE07=H:BELØB=3:SÆSON=SÆSON,2023-05-01,14677.0
DST:FIKS22:BRANCHE07=H:BELØB=3:SÆSON=SÆSON,2023-06-01,14137.0
DST:FIKS22:BRANCHE07=H:BELØB=3:SÆSON=SÆSON,2023-07-01,14235.0
DST:FIKS22:BRANCHE07=H:BELØB=3:SÆSON=SÆSON,2023-08-01,14013.0
DST:FIKS22:BRANCHE07=H:BELØB=3:SÆSON=SÆSON,2023-09-01,19363.0
DST:FIKS22:BRANCHE07=H:BELØB=3:SÆSON=SÆSON,2023-10-01,14409.0
DST:FIKS22:BRANCHE07=H:BELØB=3:SÆSON=SÆSON,2023-11-01,14341.0
DST:FIKS22:BRANCHE07=H:BELØB=3:SÆSON=SÆSON,2023-12-01,16111.0
DST:FIKS22:BRANCHE07=H:BELØB=3:SÆSON=SÆSON,2024-01-01,15396.0
DST:FIKS22:BRANCHE07=H:BELØB=3:SÆSON=SÆSON,2024-02-01,15800.0
DST:FIKS22:BRANCHE07=H:BELØB=3:SÆSON=SÆSON,2024-03-01,15680.0
DST:FIKS22:BRANCHE07=H:BELØB=3:SÆSON=SÆSON,2024-04-01,16367.0
DST:FIKS22:BRANCHE07=H:BELØB=3:SÆSON=SÆSON,2024-05-01,16062.0
DST:FIKS22:BRANCHE07=H:BELØB=3:SÆSON=SÆSON,2024-06-01,16419.0
DST:FIKS22:BRANCHE07=H:BELØB=3:SÆSON=SÆSON,2024-07-01,16707.0
DST:FIKS22:BRANCHE07=H:BELØB=3:SÆSON=SÆSON,2024-08-01,15220.0
DST:FIKS22:BRANCHE07=H:BELØB=3:SÆSON=SÆSON,2024-09-01,16257.0
DST:FIKS22:BRANCHE07=H:BELØB=3:SÆSON=SÆSON,2024-10-01,17067.0
DST:FIKS22:BRANCHE07=H:BELØB=3:SÆSON=SÆSON,2024-11-01,17379.0
DST:FIKS22:BRANCHE07=H:BELØB=3:SÆSON=SÆSON,2024-12-01,17374.0
DST:FIKS22:BRANCHE07=H:BELØB=3:SÆSON=SÆSON,2025-01-01,17162.0
DST:FIKS22:BRANCHE07=H:BELØB=3:SÆSON=SÆSON,2025-02-01,16030.0
DST:FIKS22:BRANCHE07=H:BELØB=3:SÆSON=SÆSON,2025-03-01,18869.0
DST:FIKS22:BRANCHE07=H:BELØB=3:SÆSON=SÆSON,2025-04-01,17320.0
DST:FIKS22:BRANCHE07=H:BELØB=3:SÆSON=SÆSON,2025-05-01,17507.0
DST:FIKS22:BRANCHE07=H:BELØB=3:SÆSON=SÆSON,2025-06-01,18165.0
DST:FIKS22:BRANCHE07=H:BELØB=3:SÆSON=SÆSON,2025-07-01,17065.0
DST:FIKS22:BRANCHE07=H:BELØB=3:SÆSON=SÆSON,2025-08-01,17863.0
DST:FIKS22:BRANCHE07=H:BELØB=3:SÆSON=SÆSON,2025-09-01,18267.0
DST:FIKS22:BRANCHE07=H:BELØB=3:SÆSON=SÆSON,2025-10-01,16671.0
DST:FIKS22:BRANCHE07=H:BELØB=3:SÆSON=SÆSON,2025-11-01,17791.0
DST:FIKS22:BRANCHE07=H:BELØB=3:SÆSON=SÆSON,2025-12-01,18700.0
DST:FIKS22:BRANCHE07=H:BELØB=3:SÆSON=SÆSON,2026-01-01,18949.0
DST:FIKS22:BRANCHE07=H:BELØB=3:SÆSON=SÆSON,2026-02-01,17955.0
DST:FIKS22:BRANCHE07=H:BELØB=3:SÆSON=SÆSON,2026-03-01,18098.0
DST:FIKS22:BRANCHE07=H:BELØB=4:SÆSON=EJSÆSON,2009-01-01,22901.0
DST:FIKS22:BRANCHE07=H:BELØB=4:SÆSON=EJSÆSON,2009-02-01,21321.0
DST:FIKS22:BRANCHE07=H:BELØB=4:SÆSON=EJSÆSON,2009-03-01,28798.0
DST:FIKS22:BRANCHE07=H:BELØB=4:SÆSON=EJSÆSON,2009-04-01,20300.0
DST:FIKS22:BRANCHE07=H:BELØB=4:SÆSON=EJSÆSON,2009-05-01,21554.0
DST:FIKS22:BRANCHE07=H:BELØB=4:SÆSON=EJSÆSON,2009-06-01,27476.0
DST:FIKS22:BRANCHE07=H:BELØB=4:SÆSON=EJSÆSON,2009-07-01,21260.0
DST:FIKS22:BRANCHE07=H:BELØB=4:SÆSON=EJSÆSON,2009-08-01,20489.0
DST:FIKS22:BRANCHE07=H:BELØB=4:SÆSON=EJSÆSON,2009-09-01,28611.0
DST:FIKS22:BRANCHE07=H:BELØB=4:SÆSON=EJSÆSON,2009-10-01,21501.0
DST:FIKS22:BRANCHE07=H:BELØB=4:SÆSON=EJSÆSON,2009-11-01,21502.0
DST:FIKS22:BRANCHE07=H:BELØB=4:SÆSON=EJSÆSON,2009-12-01,29224.0
DST:FIKS22:BRANCHE07=H:BELØB=4:SÆSON=EJSÆSON,2010-01-01,13396.0
DST:FIKS22:BRANCHE07=H:BELØB=4:SÆSON=EJSÆSON,2010-02-01,13995.0
DST:FIKS22:BRANCHE07=H:BELØB=4:SÆSON=EJSÆSON,2010-03-01,24372.0
DST:FIKS22:BRANCHE07=H:BELØB=4:SÆSON=EJSÆSON,2010-04-01,17028.0
DST:FIKS22:BRANCHE07=H:BELØB=4:SÆSON=EJSÆSON,2010-05-01,16841.0
DST:FIKS22:BRANCHE07=H:BELØB=4:SÆSON=EJSÆSON,2010-06-01,26896.0
DST:FIKS22:BRANCHE07=H:BELØB=4:SÆSON=EJSÆSON,2010-07-01,17807.0
DST:FIKS22:BRANCHE07=H:BELØB=4:SÆSON=EJSÆSON,2010-08-01,17580.0
DST:FIKS22:BRANCHE07=H:BELØB=4:SÆSON=EJSÆSON,2010-09-01,17828.0
DST:FIKS22:BRANCHE07=H:BELØB=4:SÆSON=EJSÆSON,2010-10-01,15910.0
DST:FIKS22:BRANCHE07=H:BELØB=4:SÆSON=EJSÆSON,2010-11-01,17563.0
DST:FIKS22:BRANCHE07=H:BELØB=4:SÆSON=EJSÆSON,2010-12-01,26711.0
DST:FIKS22:BRANCHE07=H:BELØB=4:SÆSON=EJSÆSON,2011-01-01,14283.0
DST:FIKS22:BRANCHE07=H:BELØB=4:SÆSON=EJSÆSON,2011-02-01,16643.0
DST:FIKS22:BRANCHE07=H:BELØB=4:SÆSON=EJSÆSON,2011-03-01,22723.0
DST:FIKS22:BRANCHE07=H:BELØB=4:SÆSON=EJSÆSON,2011-04-01,16223.0
DST:FIKS22:BRANCHE07=H:BELØB=4:SÆSON=EJSÆSON,2011-05-01,18758.0
DST:FIKS22:BRANCHE07=H:BELØB=4:SÆSON=EJSÆSON,2011-06-01,25355.0
DST:FIKS22:BRANCHE07=H:BELØB=4:SÆSON=EJSÆSON,2011-07-01,15949.0
DST:FIKS22:BRANCHE07=H:BELØB=4:SÆSON=EJSÆSON,2011-08-01,17208.0
DST:FIKS22:BRANCHE07=H:BELØB=4:SÆSON=EJSÆSON,2011-09-01,26795.0
DST:FIKS22:BRANCHE07=H:BELØB=4:SÆSON=EJSÆSON,2011-10-01,19409.0
DST:FIKS22:BRANCHE07=H:BELØB=4:SÆSON=EJSÆSON,2011-11-01,18500.0
DST:FIKS22:BRANCHE07=H:BELØB=4:SÆSON=EJSÆSON,2011-12-01,18999.0
DST:FIKS22:BRANCHE07=H:BELØB=4:SÆSON=EJSÆSON,2012-01-01,16113.0
DST:FIKS22:BRANCHE07=H:BELØB=4:SÆSON=EJSÆSON,2012-02-01,25575.0
DST:FIKS22:BRANCHE07=H:BELØB=4:SÆSON=EJSÆSON,2012-03-01,19420.0
DST:FIKS22:BRANCHE07=H:BELØB=4:SÆSON=EJSÆSON,2012-04-01,18501.0
DST:FIKS22:BRANCHE07=H:BELØB=4:SÆSON=EJSÆSON,2012-05-01,18855.0
DST:FIKS22:BRANCHE07=H:BELØB=4:SÆSON=EJSÆSON,2012-06-01,20098.0
DST:FIKS22:BRANCHE07=H:BELØB=4:SÆSON=EJSÆSON,2012-07-01,18290.0
DST:FIKS22:BRANCHE07=H:BELØB=4:SÆSON=EJSÆSON,2012-08-01,20036.0
DST:FIKS22:BRANCHE07=H:BELØB=4:SÆSON=EJSÆSON,2012-09-01,18737.0
DST:FIKS22:BRANCHE07=H:BELØB=4:SÆSON=EJSÆSON,2012-10-01,19044.0
DST:FIKS22:BRANCHE07=H:BELØB=4:SÆSON=EJSÆSON,2012-11-01,19019.0
DST:FIKS22:BRANCHE07=H:BELØB=4:SÆSON=EJSÆSON,2012-12-01,17658.0
DST:FIKS22:BRANCHE07=H:BELØB=4:SÆSON=EJSÆSON,2013-01-01,17760.0
DST:FIKS22:BRANCHE07=H:BELØB=4:SÆSON=EJSÆSON,2013-02-01,17303.0
DST:FIKS22:BRANCHE07=H:BELØB=4:SÆSON=EJSÆSON,2013-03-01,18754.0
DST:FIKS22:BRANCHE07=H:BELØB=4:SÆSON=EJSÆSON,2013-04-01,19307.0
DST:FIKS22:BRANCHE07=H:BELØB=4:SÆSON=EJSÆSON,2013-05-01,20203.0
DST:FIKS22:BRANCHE07=H:BELØB=4:SÆSON=EJSÆSON,2013-06-01,19635.0
DST:FIKS22:BRANCHE07=H:BELØB=4:SÆSON=EJSÆSON,2013-07-01,18784.0
DST:FIKS22:BRANCHE07=H:BELØB=4:SÆSON=EJSÆSON,2013-08-01,18877.0
DST:FIKS22:BRANCHE07=H:BELØB=4:SÆSON=EJSÆSON,2013-09-01,19471.0
DST:FIKS22:BRANCHE07=H:BELØB=4:SÆSON=EJSÆSON,2013-10-01,28988.0
DST:FIKS22:BRANCHE07=H:BELØB=4:SÆSON=EJSÆSON,2013-11-01,26835.0
DST:FIKS22:BRANCHE07=H:BELØB=4:SÆSON=EJSÆSON,2013-12-01,25461.0
DST:FIKS22:BRANCHE07=H:BELØB=4:SÆSON=EJSÆSON,2014-01-01,28718.0
DST:FIKS22:BRANCHE07=H:BELØB=4:SÆSON=EJSÆSON,2014-02-01,28382.0
DST:FIKS22:BRANCHE07=H:BELØB=4:SÆSON=EJSÆSON,2014-03-01,29748.0
DST:FIKS22:BRANCHE07=H:BELØB=4:SÆSON=EJSÆSON,2014-04-01,29629.0
DST:FIKS22:BRANCHE07=H:BELØB=4:SÆSON=EJSÆSON,2014-05-01,31461.0
DST:FIKS22:BRANCHE07=H:BELØB=4:SÆSON=EJSÆSON,2014-06-01,30141.0
DST:FIKS22:BRANCHE07=H:BELØB=4:SÆSON=EJSÆSON,2014-07-01,25392.0
DST:FIKS22:BRANCHE07=H:BELØB=4:SÆSON=EJSÆSON,2014-08-01,25768.0
DST:FIKS22:BRANCHE07=H:BELØB=4:SÆSON=EJSÆSON,2014-09-01,27138.0
DST:FIKS22:BRANCHE07=H:BELØB=4:SÆSON=EJSÆSON,2014-10-01,30459.0
DST:FIKS22:BRANCHE07=H:BELØB=4:SÆSON=EJSÆSON,2014-11-01,28682.0
DST:FIKS22:BRANCHE07=H:BELØB=4:SÆSON=EJSÆSON,2014-12-01,28758.0
DST:FIKS22:BRANCHE07=H:BELØB=4:SÆSON=EJSÆSON,2015-01-01,28534.0
DST:FIKS22:BRANCHE07=H:BELØB=4:SÆSON=EJSÆSON,2015-02-01,27408.0
DST:FIKS22:BRANCHE07=H:BELØB=4:SÆSON=EJSÆSON,2015-03-01,30563.0
DST:FIKS22:BRANCHE07=H:BELØB=4:SÆSON=EJSÆSON,2015-04-01,34772.0
DST:FIKS22:BRANCHE07=H:BELØB=4:SÆSON=EJSÆSON,2015-05-01,35419.0
DST:FIKS22:BRANCHE07=H:BELØB=4:SÆSON=EJSÆSON,2015-06-01,36775.0
DST:FIKS22:BRANCHE07=H:BELØB=4:SÆSON=EJSÆSON,2015-07-01,33704.0
DST:FIKS22:BRANCHE07=H:BELØB=4:SÆSON=EJSÆSON,2015-08-01,33550.0
DST:FIKS22:BRANCHE07=H:BELØB=4:SÆSON=EJSÆSON,2015-09-01,33252.0
DST:FIKS22:BRANCHE07=H:BELØB=4:SÆSON=EJSÆSON,2015-10-01,29859.0
DST:FIKS22:BRANCHE07=H:BELØB=4:SÆSON=EJSÆSON,2015-11-01,29356.0
DST:FIKS22:BRANCHE07=H:BELØB=4:SÆSON=EJSÆSON,2015-12-01,28516.0
DST:FIKS22:BRANCHE07=H:BELØB=4:SÆSON=EJSÆSON,2016-01-01,28406.0
DST:FIKS22:BRANCHE07=H:BELØB=4:SÆSON=EJSÆSON,2016-02-01,28515.0
DST:FIKS22:BRANCHE07=H:BELØB=4:SÆSON=EJSÆSON,2016-03-01,28551.0
DST:FIKS22:BRANCHE07=H:BELØB=4:SÆSON=EJSÆSON,2016-04-01,28052.0
DST:FIKS22:BRANCHE07=H:BELØB=4:SÆSON=EJSÆSON,2016-05-01,28874.0
DST:FIKS22:BRANCHE07=H:BELØB=4:SÆSON=EJSÆSON,2016-06-01,31166.0
DST:FIKS22:BRANCHE07=H:BELØB=4:SÆSON=EJSÆSON,2016-07-01,29885.0
DST:FIKS22:BRANCHE07=H:BELØB=4:SÆSON=EJSÆSON,2016-08-01,30011.0
DST:FIKS22:BRANCHE07=H:BELØB=4:SÆSON=EJSÆSON,2016-09-01,31252.0
DST:FIKS22:BRANCHE07=H:BELØB=4:SÆSON=EJSÆSON,2016-10-01,30783.0
DST:FIKS22:BRANCHE07=H:BELØB=4:SÆSON=EJSÆSON,2016-11-01,31103.0
DST:FIKS22:BRANCHE07=H:BELØB=4:SÆSON=EJSÆSON,2016-12-01,31738.0
DST:FIKS22:BRANCHE07=H:BELØB=4:SÆSON=EJSÆSON,2017-01-01,32708.0
DST:FIKS22:BRANCHE07=H:BELØB=4:SÆSON=EJSÆSON,2017-02-01,29914.0
DST:FIKS22:BRANCHE07=H:BELØB=4:SÆSON=EJSÆSON,2017-03-01,34840.0
DST:FIKS22:BRANCHE07=H:BELØB=4:SÆSON=EJSÆSON,2017-04-01,32012.0
DST:FIKS22:BRANCHE07=H:BELØB=4:SÆSON=EJSÆSON,2017-05-01,34425.0
DST:FIKS22:BRANCHE07=H:BELØB=4:SÆSON=EJSÆSON,2017-06-01,34191.0
DST:FIKS22:BRANCHE07=H:BELØB=4:SÆSON=EJSÆSON,2017-07-01,31870.0
DST:FIKS22:BRANCHE07=H:BELØB=4:SÆSON=EJSÆSON,2017-08-01,33054.0
DST:FIKS22:BRANCHE07=H:BELØB=4:SÆSON=EJSÆSON,2017-09-01,32442.0
DST:FIKS22:BRANCHE07=H:BELØB=4:SÆSON=EJSÆSON,2017-10-01,32813.0
DST:FIKS22:BRANCHE07=H:BELØB=4:SÆSON=EJSÆSON,2017-11-01,31695.0
DST:FIKS22:BRANCHE07=H:BELØB=4:SÆSON=EJSÆSON,2017-12-01,33002.0
DST:FIKS22:BRANCHE07=H:BELØB=4:SÆSON=EJSÆSON,2018-01-01,34707.0
DST:FIKS22:BRANCHE07=H:BELØB=4:SÆSON=EJSÆSON,2018-02-01,32545.0
DST:FIKS22:BRANCHE07=H:BELØB=4:SÆSON=EJSÆSON,2018-03-01,30983.0
DST:FIKS22:BRANCHE07=H:BELØB=4:SÆSON=EJSÆSON,2018-04-01,35862.0
DST:FIKS22:BRANCHE07=H:BELØB=4:SÆSON=EJSÆSON,2018-05-01,34689.0
DST:FIKS22:BRANCHE07=H:BELØB=4:SÆSON=EJSÆSON,2018-06-01,35357.0
DST:FIKS22:BRANCHE07=H:BELØB=4:SÆSON=EJSÆSON,2018-07-01,34023.0
DST:FIKS22:BRANCHE07=H:BELØB=4:SÆSON=EJSÆSON,2018-08-01,36606.0
DST:FIKS22:BRANCHE07=H:BELØB=4:SÆSON=EJSÆSON,2018-09-01,35710.0
DST:FIKS22:BRANCHE07=H:BELØB=4:SÆSON=EJSÆSON,2018-10-01,37077.0
DST:FIKS22:BRANCHE07=H:BELØB=4:SÆSON=EJSÆSON,2018-11-01,36453.0
DST:FIKS22:BRANCHE07=H:BELØB=4:SÆSON=EJSÆSON,2018-12-01,37263.0
DST:FIKS22:BRANCHE07=H:BELØB=4:SÆSON=EJSÆSON,2019-01-01,35803.0
DST:FIKS22:BRANCHE07=H:BELØB=4:SÆSON=EJSÆSON,2019-02-01,36403.0
DST:FIKS22:BRANCHE07=H:BELØB=4:SÆSON=EJSÆSON,2019-03-01,36169.0
DST:FIKS22:BRANCHE07=H:BELØB=4:SÆSON=EJSÆSON,2019-04-01,35075.0
DST:FIKS22:BRANCHE07=H:BELØB=4:SÆSON=EJSÆSON,2019-05-01,37529.0
DST:FIKS22:BRANCHE07=H:BELØB=4:SÆSON=EJSÆSON,2019-06-01,36694.0
DST:FIKS22:BRANCHE07=H:BELØB=4:SÆSON=EJSÆSON,2019-07-01,36700.0
DST:FIKS22:BRANCHE07=H:BELØB=4:SÆSON=EJSÆSON,2019-08-01,36528.0
DST:FIKS22:BRANCHE07=H:BELØB=4:SÆSON=EJSÆSON,2019-09-01,37704.0
DST:FIKS22:BRANCHE07=H:BELØB=4:SÆSON=EJSÆSON,2019-10-01,38102.0
DST:FIKS22:BRANCHE07=H:BELØB=4:SÆSON=EJSÆSON,2019-11-01,41363.0
DST:FIKS22:BRANCHE07=H:BELØB=4:SÆSON=EJSÆSON,2019-12-01,37356.0
DST:FIKS22:BRANCHE07=H:BELØB=4:SÆSON=EJSÆSON,2020-01-01,38857.0
DST:FIKS22:BRANCHE07=H:BELØB=4:SÆSON=EJSÆSON,2020-02-01,34474.0
DST:FIKS22:BRANCHE07=H:BELØB=4:SÆSON=EJSÆSON,2020-03-01,38465.0
DST:FIKS22:BRANCHE07=H:BELØB=4:SÆSON=EJSÆSON,2020-04-01,33721.0
DST:FIKS22:BRANCHE07=H:BELØB=4:SÆSON=EJSÆSON,2020-05-01,31106.0
DST:FIKS22:BRANCHE07=H:BELØB=4:SÆSON=EJSÆSON,2020-06-01,34199.0
DST:FIKS22:BRANCHE07=H:BELØB=4:SÆSON=EJSÆSON,2020-07-01,33922.0
DST:FIKS22:BRANCHE07=H:BELØB=4:SÆSON=EJSÆSON,2020-08-01,31780.0
DST:FIKS22:BRANCHE07=H:BELØB=4:SÆSON=EJSÆSON,2020-09-01,34498.0
DST:FIKS22:BRANCHE07=H:BELØB=4:SÆSON=EJSÆSON,2020-10-01,35894.0
DST:FIKS22:BRANCHE07=H:BELØB=4:SÆSON=EJSÆSON,2020-11-01,35831.0
DST:FIKS22:BRANCHE07=H:BELØB=4:SÆSON=EJSÆSON,2020-12-01,36879.0
DST:FIKS22:BRANCHE07=H:BELØB=4:SÆSON=EJSÆSON,2021-01-01,35920.0
DST:FIKS22:BRANCHE07=H:BELØB=4:SÆSON=EJSÆSON,2021-02-01,34376.0
DST:FIKS22:BRANCHE07=H:BELØB=4:SÆSON=EJSÆSON,2021-03-01,40859.0
DST:FIKS22:BRANCHE07=H:BELØB=4:SÆSON=EJSÆSON,2021-04-01,39432.0
DST:FIKS22:BRANCHE07=H:BELØB=4:SÆSON=EJSÆSON,2021-05-01,41159.0
DST:FIKS22:BRANCHE07=H:BELØB=4:SÆSON=EJSÆSON,2021-06-01,44884.0
DST:FIKS22:BRANCHE07=H:BELØB=4:SÆSON=EJSÆSON,2021-07-01,46085.0
DST:FIKS22:BRANCHE07=H:BELØB=4:SÆSON=EJSÆSON,2021-08-01,48459.0
DST:FIKS22:BRANCHE07=H:BELØB=4:SÆSON=EJSÆSON,2021-09-01,49160.0
DST:FIKS22:BRANCHE07=H:BELØB=4:SÆSON=EJSÆSON,2021-10-01,53021.0
DST:FIKS22:BRANCHE07=H:BELØB=4:SÆSON=EJSÆSON,2021-11-01,61031.0
DST:FIKS22:BRANCHE07=H:BELØB=4:SÆSON=EJSÆSON,2021-12-01,63844.0
DST:FIKS22:BRANCHE07=H:BELØB=4:SÆSON=EJSÆSON,2022-01-01,60567.0
DST:FIKS22:BRANCHE07=H:BELØB=4:SÆSON=EJSÆSON,2022-02-01,57895.0
DST:FIKS22:BRANCHE07=H:BELØB=4:SÆSON=EJSÆSON,2022-03-01,68133.0
DST:FIKS22:BRANCHE07=H:BELØB=4:SÆSON=EJSÆSON,2022-04-01,69067.0
DST:FIKS22:BRANCHE07=H:BELØB=4:SÆSON=EJSÆSON,2022-05-01,73606.0
DST:FIKS22:BRANCHE07=H:BELØB=4:SÆSON=EJSÆSON,2022-06-01,76244.0
DST:FIKS22:BRANCHE07=H:BELØB=4:SÆSON=EJSÆSON,2022-07-01,77943.0
DST:FIKS22:BRANCHE07=H:BELØB=4:SÆSON=EJSÆSON,2022-08-01,80291.0
DST:FIKS22:BRANCHE07=H:BELØB=4:SÆSON=EJSÆSON,2022-09-01,77882.0
DST:FIKS22:BRANCHE07=H:BELØB=4:SÆSON=EJSÆSON,2022-10-01,70144.0
DST:FIKS22:BRANCHE07=H:BELØB=4:SÆSON=EJSÆSON,2022-11-01,61606.0
DST:FIKS22:BRANCHE07=H:BELØB=4:SÆSON=EJSÆSON,2022-12-01,61365.0
DST:FIKS22:BRANCHE07=H:BELØB=4:SÆSON=EJSÆSON,2023-01-01,54214.0
DST:FIKS22:BRANCHE07=H:BELØB=4:SÆSON=EJSÆSON,2023-02-01,47894.0
DST:FIKS22:BRANCHE07=H:BELØB=4:SÆSON=EJSÆSON,2023-03-01,55092.0
DST:FIKS22:BRANCHE07=H:BELØB=4:SÆSON=EJSÆSON,2023-04-01,57342.0
DST:FIKS22:BRANCHE07=H:BELØB=4:SÆSON=EJSÆSON,2023-05-01,53224.0
DST:FIKS22:BRANCHE07=H:BELØB=4:SÆSON=EJSÆSON,2023-06-01,60581.0
DST:FIKS22:BRANCHE07=H:BELØB=4:SÆSON=EJSÆSON,2023-07-01,58202.0
DST:FIKS22:BRANCHE07=H:BELØB=4:SÆSON=EJSÆSON,2023-08-01,53588.0
DST:FIKS22:BRANCHE07=H:BELØB=4:SÆSON=EJSÆSON,2023-09-01,48598.0
DST:FIKS22:BRANCHE07=H:BELØB=4:SÆSON=EJSÆSON,2023-10-01,46881.0
DST:FIKS22:BRANCHE07=H:BELØB=4:SÆSON=EJSÆSON,2023-11-01,47013.0
DST:FIKS22:BRANCHE07=H:BELØB=4:SÆSON=EJSÆSON,2023-12-01,47257.0
DST:FIKS22:BRANCHE07=H:BELØB=4:SÆSON=EJSÆSON,2024-01-01,45628.0
DST:FIKS22:BRANCHE07=H:BELØB=4:SÆSON=EJSÆSON,2024-02-01,45339.0
DST:FIKS22:BRANCHE07=H:BELØB=4:SÆSON=EJSÆSON,2024-03-01,49438.0
DST:FIKS22:BRANCHE07=H:BELØB=4:SÆSON=EJSÆSON,2024-04-01,48884.0
DST:FIKS22:BRANCHE07=H:BELØB=4:SÆSON=EJSÆSON,2024-05-01,50385.0
DST:FIKS22:BRANCHE07=H:BELØB=4:SÆSON=EJSÆSON,2024-06-01,49534.0
DST:FIKS22:BRANCHE07=H:BELØB=4:SÆSON=EJSÆSON,2024-07-01,54322.0
DST:FIKS22:BRANCHE07=H:BELØB=4:SÆSON=EJSÆSON,2024-08-01,56044.0
DST:FIKS22:BRANCHE07=H:BELØB=4:SÆSON=EJSÆSON,2024-09-01,55538.0
DST:FIKS22:BRANCHE07=H:BELØB=4:SÆSON=EJSÆSON,2024-10-01,57995.0
DST:FIKS22:BRANCHE07=H:BELØB=4:SÆSON=EJSÆSON,2024-11-01,54258.0
DST:FIKS22:BRANCHE07=H:BELØB=4:SÆSON=EJSÆSON,2024-12-01,53762.0
DST:FIKS22:BRANCHE07=H:BELØB=4:SÆSON=EJSÆSON,2025-01-01,53704.0
DST:FIKS22:BRANCHE07=H:BELØB=4:SÆSON=EJSÆSON,2025-02-01,47581.0
DST:FIKS22:BRANCHE07=H:BELØB=4:SÆSON=EJSÆSON,2025-03-01,50365.0
DST:FIKS22:BRANCHE07=H:BELØB=4:SÆSON=EJSÆSON,2025-04-01,48452.0
DST:FIKS22:BRANCHE07=H:BELØB=4:SÆSON=EJSÆSON,2025-05-01,53197.0
DST:FIKS22:BRANCHE07=H:BELØB=4:SÆSON=EJSÆSON,2025-06-01,49893.0
DST:FIKS22:BRANCHE07=H:BELØB=4:SÆSON=EJSÆSON,2025-07-01,51662.0
DST:FIKS22:BRANCHE07=H:BELØB=4:SÆSON=EJSÆSON,2025-08-01,51755.0
DST:FIKS22:BRANCHE07=H:BELØB=4:SÆSON=EJSÆSON,2025-09-01,51293.0
DST:FIKS22:BRANCHE07=H:BELØB=4:SÆSON=EJSÆSON,2025-10-01,50338.0
DST:FIKS22:BRANCHE07=H:BELØB=4:SÆSON=EJSÆSON,2025-11-01,48582.0
DST:FIKS22:BRANCHE07=H:BELØB=4:SÆSON=EJSÆSON,2025-12-01,52775.0
DST:FIKS22:BRANCHE07=H:BELØB=4:SÆSON=EJSÆSON,2026-01-01,48655.0
DST:FIKS22:BRANCHE07=H:BELØB=4:SÆSON=EJSÆSON,2026-02-01,44708.0
DST:FIKS22:BRANCHE07=H:BELØB=4:SÆSON=EJSÆSON,2026-03-01,52053.0
DST:FIKS22:BRANCHE07=H:BELØB=4:SÆSON=SÆSON,2009-01-01,23110.0
DST:FIKS22:BRANCHE07=H:BELØB=4:SÆSON=SÆSON,2009-02-01,21556.0
DST:FIKS22:BRANCHE07=H:BELØB=4:SÆSON=SÆSON,2009-03-01,28556.0
DST:FIKS22:BRANCHE07=H:BELØB=4:SÆSON=SÆSON,2009-04-01,20003.0
DST:FIKS22:BRANCHE07=H:BELØB=4:SÆSON=SÆSON,2009-05-01,22102.0
DST:FIKS22:BRANCHE07=H:BELØB=4:SÆSON=SÆSON,2009-06-01,28197.0
DST:FIKS22:BRANCHE07=H:BELØB=4:SÆSON=SÆSON,2009-07-01,20320.0
DST:FIKS22:BRANCHE07=H:BELØB=4:SÆSON=SÆSON,2009-08-01,21312.0
DST:FIKS22:BRANCHE07=H:BELØB=4:SÆSON=SÆSON,2009-09-01,28636.0
DST:FIKS22:BRANCHE07=H:BELØB=4:SÆSON=SÆSON,2009-10-01,21370.0
DST:FIKS22:BRANCHE07=H:BELØB=4:SÆSON=SÆSON,2009-11-01,21609.0
DST:FIKS22:BRANCHE07=H:BELØB=4:SÆSON=SÆSON,2009-12-01,28700.0
DST:FIKS22:BRANCHE07=H:BELØB=4:SÆSON=SÆSON,2010-01-01,14482.0
DST:FIKS22:BRANCHE07=H:BELØB=4:SÆSON=SÆSON,2010-02-01,14230.0
DST:FIKS22:BRANCHE07=H:BELØB=4:SÆSON=SÆSON,2010-03-01,24447.0
DST:FIKS22:BRANCHE07=H:BELØB=4:SÆSON=SÆSON,2010-04-01,16413.0
DST:FIKS22:BRANCHE07=H:BELØB=4:SÆSON=SÆSON,2010-05-01,17390.0
DST:FIKS22:BRANCHE07=H:BELØB=4:SÆSON=SÆSON,2010-06-01,25931.0
DST:FIKS22:BRANCHE07=H:BELØB=4:SÆSON=SÆSON,2010-07-01,17676.0
DST:FIKS22:BRANCHE07=H:BELØB=4:SÆSON=SÆSON,2010-08-01,17803.0
DST:FIKS22:BRANCHE07=H:BELØB=4:SÆSON=SÆSON,2010-09-01,17396.0
DST:FIKS22:BRANCHE07=H:BELØB=4:SÆSON=SÆSON,2010-10-01,16489.0
DST:FIKS22:BRANCHE07=H:BELØB=4:SÆSON=SÆSON,2010-11-01,17417.0
DST:FIKS22:BRANCHE07=H:BELØB=4:SÆSON=SÆSON,2010-12-01,24685.0
DST:FIKS22:BRANCHE07=H:BELØB=4:SÆSON=SÆSON,2011-01-01,14389.0
DST:FIKS22:BRANCHE07=H:BELØB=4:SÆSON=SÆSON,2011-02-01,16878.0
DST:FIKS22:BRANCHE07=H:BELØB=4:SÆSON=SÆSON,2011-03-01,21552.0
DST:FIKS22:BRANCHE07=H:BELØB=4:SÆSON=SÆSON,2011-04-01,16958.0
DST:FIKS22:BRANCHE07=H:BELØB=4:SÆSON=SÆSON,2011-05-01,18242.0
DST:FIKS22:BRANCHE07=H:BELØB=4:SÆSON=SÆSON,2011-06-01,25622.0
DST:FIKS22:BRANCHE07=H:BELØB=4:SÆSON=SÆSON,2011-07-01,16527.0
DST:FIKS22:BRANCHE07=H:BELØB=4:SÆSON=SÆSON,2011-08-01,16970.0
DST:FIKS22:BRANCHE07=H:BELØB=4:SÆSON=SÆSON,2011-09-01,25947.0
DST:FIKS22:BRANCHE07=H:BELØB=4:SÆSON=SÆSON,2011-10-01,20232.0
DST:FIKS22:BRANCHE07=H:BELØB=4:SÆSON=SÆSON,2011-11-01,18525.0
DST:FIKS22:BRANCHE07=H:BELØB=4:SÆSON=SÆSON,2011-12-01,18761.0
DST:FIKS22:BRANCHE07=H:BELØB=4:SÆSON=SÆSON,2012-01-01,15967.0
DST:FIKS22:BRANCHE07=H:BELØB=4:SÆSON=SÆSON,2012-02-01,24777.0
DST:FIKS22:BRANCHE07=H:BELØB=4:SÆSON=SÆSON,2012-03-01,19213.0
DST:FIKS22:BRANCHE07=H:BELØB=4:SÆSON=SÆSON,2012-04-01,18353.0
DST:FIKS22:BRANCHE07=H:BELØB=4:SÆSON=SÆSON,2012-05-01,19144.0
DST:FIKS22:BRANCHE07=H:BELØB=4:SÆSON=SÆSON,2012-06-01,19916.0
DST:FIKS22:BRANCHE07=H:BELØB=4:SÆSON=SÆSON,2012-07-01,18514.0
DST:FIKS22:BRANCHE07=H:BELØB=4:SÆSON=SÆSON,2012-08-01,19096.0
DST:FIKS22:BRANCHE07=H:BELØB=4:SÆSON=SÆSON,2012-09-01,19823.0
DST:FIKS22:BRANCHE07=H:BELØB=4:SÆSON=SÆSON,2012-10-01,18806.0
DST:FIKS22:BRANCHE07=H:BELØB=4:SÆSON=SÆSON,2012-11-01,18172.0
DST:FIKS22:BRANCHE07=H:BELØB=4:SÆSON=SÆSON,2012-12-01,18456.0
DST:FIKS22:BRANCHE07=H:BELØB=4:SÆSON=SÆSON,2013-01-01,17328.0
DST:FIKS22:BRANCHE07=H:BELØB=4:SÆSON=SÆSON,2013-02-01,17538.0
DST:FIKS22:BRANCHE07=H:BELØB=4:SÆSON=SÆSON,2013-03-01,19939.0
DST:FIKS22:BRANCHE07=H:BELØB=4:SÆSON=SÆSON,2013-04-01,19102.0
DST:FIKS22:BRANCHE07=H:BELØB=4:SÆSON=SÆSON,2013-05-01,18989.0
DST:FIKS22:BRANCHE07=H:BELØB=4:SÆSON=SÆSON,2013-06-01,20540.0
DST:FIKS22:BRANCHE07=H:BELØB=4:SÆSON=SÆSON,2013-07-01,18545.0
DST:FIKS22:BRANCHE07=H:BELØB=4:SÆSON=SÆSON,2013-08-01,18746.0
DST:FIKS22:BRANCHE07=H:BELØB=4:SÆSON=SÆSON,2013-09-01,19577.0
DST:FIKS22:BRANCHE07=H:BELØB=4:SÆSON=SÆSON,2013-10-01,28673.0
DST:FIKS22:BRANCHE07=H:BELØB=4:SÆSON=SÆSON,2013-11-01,27044.0
DST:FIKS22:BRANCHE07=H:BELØB=4:SÆSON=SÆSON,2013-12-01,26117.0
DST:FIKS22:BRANCHE07=H:BELØB=4:SÆSON=SÆSON,2014-01-01,27870.0
DST:FIKS22:BRANCHE07=H:BELØB=4:SÆSON=SÆSON,2014-02-01,28617.0
DST:FIKS22:BRANCHE07=H:BELØB=4:SÆSON=SÆSON,2014-03-01,29714.0
DST:FIKS22:BRANCHE07=H:BELØB=4:SÆSON=SÆSON,2014-04-01,30180.0
DST:FIKS22:BRANCHE07=H:BELØB=4:SÆSON=SÆSON,2014-05-01,31300.0
DST:FIKS22:BRANCHE07=H:BELØB=4:SÆSON=SÆSON,2014-06-01,30947.0
DST:FIKS22:BRANCHE07=H:BELØB=4:SÆSON=SÆSON,2014-07-01,25077.0
DST:FIKS22:BRANCHE07=H:BELØB=4:SÆSON=SÆSON,2014-08-01,26346.0
DST:FIKS22:BRANCHE07=H:BELØB=4:SÆSON=SÆSON,2014-09-01,26992.0
DST:FIKS22:BRANCHE07=H:BELØB=4:SÆSON=SÆSON,2014-10-01,29518.0
DST:FIKS22:BRANCHE07=H:BELØB=4:SÆSON=SÆSON,2014-11-01,29768.0
DST:FIKS22:BRANCHE07=H:BELØB=4:SÆSON=SÆSON,2014-12-01,29368.0
DST:FIKS22:BRANCHE07=H:BELØB=4:SÆSON=SÆSON,2015-01-01,28742.0
DST:FIKS22:BRANCHE07=H:BELØB=4:SÆSON=SÆSON,2015-02-01,27643.0
DST:FIKS22:BRANCHE07=H:BELØB=4:SÆSON=SÆSON,2015-03-01,31004.0
DST:FIKS22:BRANCHE07=H:BELØB=4:SÆSON=SÆSON,2015-04-01,33793.0
DST:FIKS22:BRANCHE07=H:BELØB=4:SÆSON=SÆSON,2015-05-01,36601.0
DST:FIKS22:BRANCHE07=H:BELØB=4:SÆSON=SÆSON,2015-06-01,36864.0
DST:FIKS22:BRANCHE07=H:BELØB=4:SÆSON=SÆSON,2015-07-01,32764.0
DST:FIKS22:BRANCHE07=H:BELØB=4:SÆSON=SÆSON,2015-08-01,34373.0
DST:FIKS22:BRANCHE07=H:BELØB=4:SÆSON=SÆSON,2015-09-01,33277.0
DST:FIKS22:BRANCHE07=H:BELØB=4:SÆSON=SÆSON,2015-10-01,29728.0
DST:FIKS22:BRANCHE07=H:BELØB=4:SÆSON=SÆSON,2015-11-01,29462.0
DST:FIKS22:BRANCHE07=H:BELØB=4:SÆSON=SÆSON,2015-12-01,27993.0
DST:FIKS22:BRANCHE07=H:BELØB=4:SÆSON=SÆSON,2016-01-01,29493.0
DST:FIKS22:BRANCHE07=H:BELØB=4:SÆSON=SÆSON,2016-02-01,27546.0
DST:FIKS22:BRANCHE07=H:BELØB=4:SÆSON=SÆSON,2016-03-01,29476.0
DST:FIKS22:BRANCHE07=H:BELØB=4:SÆSON=SÆSON,2016-04-01,27568.0
DST:FIKS22:BRANCHE07=H:BELØB=4:SÆSON=SÆSON,2016-05-01,28824.0
DST:FIKS22:BRANCHE07=H:BELØB=4:SÆSON=SÆSON,2016-06-01,30090.0
DST:FIKS22:BRANCHE07=H:BELØB=4:SÆSON=SÆSON,2016-07-01,30463.0
DST:FIKS22:BRANCHE07=H:BELØB=4:SÆSON=SÆSON,2016-08-01,29772.0
DST:FIKS22:BRANCHE07=H:BELØB=4:SÆSON=SÆSON,2016-09-01,30404.0
DST:FIKS22:BRANCHE07=H:BELØB=4:SÆSON=SÆSON,2016-10-01,31606.0
DST:FIKS22:BRANCHE07=H:BELØB=4:SÆSON=SÆSON,2016-11-01,31128.0
DST:FIKS22:BRANCHE07=H:BELØB=4:SÆSON=SÆSON,2016-12-01,31500.0
DST:FIKS22:BRANCHE07=H:BELØB=4:SÆSON=SÆSON,2017-01-01,32562.0
DST:FIKS22:BRANCHE07=H:BELØB=4:SÆSON=SÆSON,2017-02-01,30149.0
DST:FIKS22:BRANCHE07=H:BELØB=4:SÆSON=SÆSON,2017-03-01,33043.0
DST:FIKS22:BRANCHE07=H:BELØB=4:SÆSON=SÆSON,2017-04-01,33624.0
DST:FIKS22:BRANCHE07=H:BELØB=4:SÆSON=SÆSON,2017-05-01,34157.0
DST:FIKS22:BRANCHE07=H:BELØB=4:SÆSON=SÆSON,2017-06-01,33334.0
DST:FIKS22:BRANCHE07=H:BELØB=4:SÆSON=SÆSON,2017-07-01,32693.0
DST:FIKS22:BRANCHE07=H:BELØB=4:SÆSON=SÆSON,2017-08-01,32739.0
DST:FIKS22:BRANCHE07=H:BELØB=4:SÆSON=SÆSON,2017-09-01,32651.0
DST:FIKS22:BRANCHE07=H:BELØB=4:SÆSON=SÆSON,2017-10-01,33037.0
DST:FIKS22:BRANCHE07=H:BELØB=4:SÆSON=SÆSON,2017-11-01,31262.0
DST:FIKS22:BRANCHE07=H:BELØB=4:SÆSON=SÆSON,2017-12-01,33726.0
DST:FIKS22:BRANCHE07=H:BELØB=4:SÆSON=SÆSON,2018-01-01,34732.0
DST:FIKS22:BRANCHE07=H:BELØB=4:SÆSON=SÆSON,2018-02-01,32780.0
DST:FIKS22:BRANCHE07=H:BELØB=4:SÆSON=SÆSON,2018-03-01,31458.0
DST:FIKS22:BRANCHE07=H:BELØB=4:SÆSON=SÆSON,2018-04-01,35909.0
DST:FIKS22:BRANCHE07=H:BELØB=4:SÆSON=SÆSON,2018-05-01,34100.0
DST:FIKS22:BRANCHE07=H:BELØB=4:SÆSON=SÆSON,2018-06-01,35175.0
DST:FIKS22:BRANCHE07=H:BELØB=4:SÆSON=SÆSON,2018-07-01,34247.0
DST:FIKS22:BRANCHE07=H:BELØB=4:SÆSON=SÆSON,2018-08-01,35666.0
DST:FIKS22:BRANCHE07=H:BELØB=4:SÆSON=SÆSON,2018-09-01,36796.0
DST:FIKS22:BRANCHE07=H:BELØB=4:SÆSON=SÆSON,2018-10-01,36838.0
DST:FIKS22:BRANCHE07=H:BELØB=4:SÆSON=SÆSON,2018-11-01,35605.0
DST:FIKS22:BRANCHE07=H:BELØB=4:SÆSON=SÆSON,2018-12-01,38060.0
DST:FIKS22:BRANCHE07=H:BELØB=4:SÆSON=SÆSON,2019-01-01,35370.0
DST:FIKS22:BRANCHE07=H:BELØB=4:SÆSON=SÆSON,2019-02-01,36638.0
DST:FIKS22:BRANCHE07=H:BELØB=4:SÆSON=SÆSON,2019-03-01,35891.0
DST:FIKS22:BRANCHE07=H:BELØB=4:SÆSON=SÆSON,2019-04-01,35455.0
DST:FIKS22:BRANCHE07=H:BELØB=4:SÆSON=SÆSON,2019-05-01,36559.0
DST:FIKS22:BRANCHE07=H:BELØB=4:SÆSON=SÆSON,2019-06-01,38233.0
DST:FIKS22:BRANCHE07=H:BELØB=4:SÆSON=SÆSON,2019-07-01,36462.0
DST:FIKS22:BRANCHE07=H:BELØB=4:SÆSON=SÆSON,2019-08-01,36396.0
DST:FIKS22:BRANCHE07=H:BELØB=4:SÆSON=SÆSON,2019-09-01,37810.0
DST:FIKS22:BRANCHE07=H:BELØB=4:SÆSON=SÆSON,2019-10-01,37787.0
DST:FIKS22:BRANCHE07=H:BELØB=4:SÆSON=SÆSON,2019-11-01,41572.0
DST:FIKS22:BRANCHE07=H:BELØB=4:SÆSON=SÆSON,2019-12-01,38013.0
DST:FIKS22:BRANCHE07=H:BELØB=4:SÆSON=SÆSON,2020-01-01,38009.0
DST:FIKS22:BRANCHE07=H:BELØB=4:SÆSON=SÆSON,2020-02-01,34485.0
DST:FIKS22:BRANCHE07=H:BELØB=4:SÆSON=SÆSON,2020-03-01,38222.0
DST:FIKS22:BRANCHE07=H:BELØB=4:SÆSON=SÆSON,2020-04-01,33424.0
DST:FIKS22:BRANCHE07=H:BELØB=4:SÆSON=SÆSON,2020-05-01,31655.0
DST:FIKS22:BRANCHE07=H:BELØB=4:SÆSON=SÆSON,2020-06-01,34921.0
DST:FIKS22:BRANCHE07=H:BELØB=4:SÆSON=SÆSON,2020-07-01,32982.0
DST:FIKS22:BRANCHE07=H:BELØB=4:SÆSON=SÆSON,2020-08-01,32602.0
DST:FIKS22:BRANCHE07=H:BELØB=4:SÆSON=SÆSON,2020-09-01,34523.0
DST:FIKS22:BRANCHE07=H:BELØB=4:SÆSON=SÆSON,2020-10-01,35763.0
DST:FIKS22:BRANCHE07=H:BELØB=4:SÆSON=SÆSON,2020-11-01,35937.0
DST:FIKS22:BRANCHE07=H:BELØB=4:SÆSON=SÆSON,2020-12-01,36355.0
DST:FIKS22:BRANCHE07=H:BELØB=4:SÆSON=SÆSON,2021-01-01,37006.0
DST:FIKS22:BRANCHE07=H:BELØB=4:SÆSON=SÆSON,2021-02-01,34611.0
DST:FIKS22:BRANCHE07=H:BELØB=4:SÆSON=SÆSON,2021-03-01,40935.0
DST:FIKS22:BRANCHE07=H:BELØB=4:SÆSON=SÆSON,2021-04-01,38817.0
DST:FIKS22:BRANCHE07=H:BELØB=4:SÆSON=SÆSON,2021-05-01,41708.0
DST:FIKS22:BRANCHE07=H:BELØB=4:SÆSON=SÆSON,2021-06-01,43919.0
DST:FIKS22:BRANCHE07=H:BELØB=4:SÆSON=SÆSON,2021-07-01,45954.0
DST:FIKS22:BRANCHE07=H:BELØB=4:SÆSON=SÆSON,2021-08-01,48683.0
DST:FIKS22:BRANCHE07=H:BELØB=4:SÆSON=SÆSON,2021-09-01,48727.0
DST:FIKS22:BRANCHE07=H:BELØB=4:SÆSON=SÆSON,2021-10-01,53599.0
DST:FIKS22:BRANCHE07=H:BELØB=4:SÆSON=SÆSON,2021-11-01,60885.0
DST:FIKS22:BRANCHE07=H:BELØB=4:SÆSON=SÆSON,2021-12-01,61818.0
DST:FIKS22:BRANCHE07=H:BELØB=4:SÆSON=SÆSON,2022-01-01,60673.0
DST:FIKS22:BRANCHE07=H:BELØB=4:SÆSON=SÆSON,2022-02-01,58130.0
DST:FIKS22:BRANCHE07=H:BELØB=4:SÆSON=SÆSON,2022-03-01,66962.0
DST:FIKS22:BRANCHE07=H:BELØB=4:SÆSON=SÆSON,2022-04-01,69802.0
DST:FIKS22:BRANCHE07=H:BELØB=4:SÆSON=SÆSON,2022-05-01,73800.0
DST:FIKS22:BRANCHE07=H:BELØB=4:SÆSON=SÆSON,2022-06-01,75802.0
DST:FIKS22:BRANCHE07=H:BELØB=4:SÆSON=SÆSON,2022-07-01,78522.0
DST:FIKS22:BRANCHE07=H:BELØB=4:SÆSON=SÆSON,2022-08-01,80052.0
DST:FIKS22:BRANCHE07=H:BELØB=4:SÆSON=SÆSON,2022-09-01,77034.0
DST:FIKS22:BRANCHE07=H:BELØB=4:SÆSON=SÆSON,2022-10-01,70966.0
DST:FIKS22:BRANCHE07=H:BELØB=4:SÆSON=SÆSON,2022-11-01,61631.0
DST:FIKS22:BRANCHE07=H:BELØB=4:SÆSON=SÆSON,2022-12-01,61128.0
DST:FIKS22:BRANCHE07=H:BELØB=4:SÆSON=SÆSON,2023-01-01,54068.0
DST:FIKS22:BRANCHE07=H:BELØB=4:SÆSON=SÆSON,2023-02-01,48129.0
DST:FIKS22:BRANCHE07=H:BELØB=4:SÆSON=SÆSON,2023-03-01,53978.0
DST:FIKS22:BRANCHE07=H:BELØB=4:SÆSON=SÆSON,2023-04-01,58272.0
DST:FIKS22:BRANCHE07=H:BELØB=4:SÆSON=SÆSON,2023-05-01,53589.0
DST:FIKS22:BRANCHE07=H:BELØB=4:SÆSON=SÆSON,2023-06-01,59724.0
DST:FIKS22:BRANCHE07=H:BELØB=4:SÆSON=SÆSON,2023-07-01,59025.0
DST:FIKS22:BRANCHE07=H:BELØB=4:SÆSON=SÆSON,2023-08-01,53273.0
DST:FIKS22:BRANCHE07=H:BELØB=4:SÆSON=SÆSON,2023-09-01,48807.0
DST:FIKS22:BRANCHE07=H:BELØB=4:SÆSON=SÆSON,2023-10-01,47105.0
DST:FIKS22:BRANCHE07=H:BELØB=4:SÆSON=SÆSON,2023-11-01,46581.0
DST:FIKS22:BRANCHE07=H:BELØB=4:SÆSON=SÆSON,2023-12-01,47982.0
DST:FIKS22:BRANCHE07=H:BELØB=4:SÆSON=SÆSON,2024-01-01,45654.0
DST:FIKS22:BRANCHE07=H:BELØB=4:SÆSON=SÆSON,2024-02-01,44293.0
DST:FIKS22:BRANCHE07=H:BELØB=4:SÆSON=SÆSON,2024-03-01,50623.0
DST:FIKS22:BRANCHE07=H:BELØB=4:SÆSON=SÆSON,2024-04-01,48678.0
DST:FIKS22:BRANCHE07=H:BELØB=4:SÆSON=SÆSON,2024-05-01,49171.0
DST:FIKS22:BRANCHE07=H:BELØB=4:SÆSON=SÆSON,2024-06-01,50439.0
DST:FIKS22:BRANCHE07=H:BELØB=4:SÆSON=SÆSON,2024-07-01,54084.0
DST:FIKS22:BRANCHE07=H:BELØB=4:SÆSON=SÆSON,2024-08-01,55913.0
DST:FIKS22:BRANCHE07=H:BELØB=4:SÆSON=SÆSON,2024-09-01,55645.0
DST:FIKS22:BRANCHE07=H:BELØB=4:SÆSON=SÆSON,2024-10-01,57680.0
DST:FIKS22:BRANCHE07=H:BELØB=4:SÆSON=SÆSON,2024-11-01,54467.0
DST:FIKS22:BRANCHE07=H:BELØB=4:SÆSON=SÆSON,2024-12-01,54418.0
DST:FIKS22:BRANCHE07=H:BELØB=4:SÆSON=SÆSON,2025-01-01,52857.0
DST:FIKS22:BRANCHE07=H:BELØB=4:SÆSON=SÆSON,2025-02-01,47816.0
DST:FIKS22:BRANCHE07=H:BELØB=4:SÆSON=SÆSON,2025-03-01,50332.0
DST:FIKS22:BRANCHE07=H:BELØB=4:SÆSON=SÆSON,2025-04-01,49003.0
DST:FIKS22:BRANCHE07=H:BELØB=4:SÆSON=SÆSON,2025-05-01,53037.0
DST:FIKS22:BRANCHE07=H:BELØB=4:SÆSON=SÆSON,2025-06-01,50699.0
DST:FIKS22:BRANCHE07=H:BELØB=4:SÆSON=SÆSON,2025-07-01,51347.0
DST:FIKS22:BRANCHE07=H:BELØB=4:SÆSON=SÆSON,2025-08-01,52334.0
DST:FIKS22:BRANCHE07=H:BELØB=4:SÆSON=SÆSON,2025-09-01,51147.0
DST:FIKS22:BRANCHE07=H:BELØB=4:SÆSON=SÆSON,2025-10-01,49398.0
DST:FIKS22:BRANCHE07=H:BELØB=4:SÆSON=SÆSON,2025-11-01,49668.0
DST:FIKS22:BRANCHE07=H:BELØB=4:SÆSON=SÆSON,2025-12-01,53384.0
DST:FIKS22:BRANCHE07=H:BELØB=4:SÆSON=SÆSON,2026-01-01,48864.0
DST:FIKS22:BRANCHE07=H:BELØB=4:SÆSON=SÆSON,2026-02-01,44943.0
DST:FIKS22:BRANCHE07=H:BELØB=4:SÆSON=SÆSON,2026-03-01,52493.0
DST:FIKS22:BRANCHE07=I:BELØB=0:SÆSON=EJSÆSON,2009-01-01,1855.0
DST:FIKS22:BRANCHE07=I:BELØB=0:SÆSON=EJSÆSON,2009-02-01,1752.0
DST:FIKS22:BRANCHE07=I:BELØB=0:SÆSON=EJSÆSON,2009-03-01,2063.0
DST:FIKS22:BRANCHE07=I:BELØB=0:SÆSON=EJSÆSON,2009-04-01,2189.0
DST:FIKS22:BRANCHE07=I:BELØB=0:SÆSON=EJSÆSON,2009-05-01,2072.0
DST:FIKS22:BRANCHE07=I:BELØB=0:SÆSON=EJSÆSON,2009-06-01,2258.0
DST:FIKS22:BRANCHE07=I:BELØB=0:SÆSON=EJSÆSON,2009-07-01,2139.0
DST:FIKS22:BRANCHE07=I:BELØB=0:SÆSON=EJSÆSON,2009-08-01,2108.0
DST:FIKS22:BRANCHE07=I:BELØB=0:SÆSON=EJSÆSON,2009-09-01,2100.0
DST:FIKS22:BRANCHE07=I:BELØB=0:SÆSON=EJSÆSON,2009-10-01,1991.0
DST:FIKS22:BRANCHE07=I:BELØB=0:SÆSON=EJSÆSON,2009-11-01,1853.0
DST:FIKS22:BRANCHE07=I:BELØB=0:SÆSON=EJSÆSON,2009-12-01,2111.0
DST:FIKS22:BRANCHE07=I:BELØB=0:SÆSON=EJSÆSON,2010-01-01,1692.0
DST:FIKS22:BRANCHE07=I:BELØB=0:SÆSON=EJSÆSON,2010-02-01,1636.0
DST:FIKS22:BRANCHE07=I:BELØB=0:SÆSON=EJSÆSON,2010-03-01,2006.0
DST:FIKS22:BRANCHE07=I:BELØB=0:SÆSON=EJSÆSON,2010-04-01,2062.0
DST:FIKS22:BRANCHE07=I:BELØB=0:SÆSON=EJSÆSON,2010-05-01,2033.0
DST:FIKS22:BRANCHE07=I:BELØB=0:SÆSON=EJSÆSON,2010-06-01,2385.0
DST:FIKS22:BRANCHE07=I:BELØB=0:SÆSON=EJSÆSON,2010-07-01,2137.0
DST:FIKS22:BRANCHE07=I:BELØB=0:SÆSON=EJSÆSON,2010-08-01,2092.0
DST:FIKS22:BRANCHE07=I:BELØB=0:SÆSON=EJSÆSON,2010-09-01,2312.0
DST:FIKS22:BRANCHE07=I:BELØB=0:SÆSON=EJSÆSON,2010-10-01,2118.0
DST:FIKS22:BRANCHE07=I:BELØB=0:SÆSON=EJSÆSON,2010-11-01,2075.0
DST:FIKS22:BRANCHE07=I:BELØB=0:SÆSON=EJSÆSON,2010-12-01,2216.0
DST:FIKS22:BRANCHE07=I:BELØB=0:SÆSON=EJSÆSON,2011-01-01,1863.0
DST:FIKS22:BRANCHE07=I:BELØB=0:SÆSON=EJSÆSON,2011-02-01,1763.0
DST:FIKS22:BRANCHE07=I:BELØB=0:SÆSON=EJSÆSON,2011-03-01,2103.0
DST:FIKS22:BRANCHE07=I:BELØB=0:SÆSON=EJSÆSON,2011-04-01,2250.0
DST:FIKS22:BRANCHE07=I:BELØB=0:SÆSON=EJSÆSON,2011-05-01,2282.0
DST:FIKS22:BRANCHE07=I:BELØB=0:SÆSON=EJSÆSON,2011-06-01,2430.0
DST:FIKS22:BRANCHE07=I:BELØB=0:SÆSON=EJSÆSON,2011-07-01,2190.0
DST:FIKS22:BRANCHE07=I:BELØB=0:SÆSON=EJSÆSON,2011-08-01,2279.0
DST:FIKS22:BRANCHE07=I:BELØB=0:SÆSON=EJSÆSON,2011-09-01,2368.0
DST:FIKS22:BRANCHE07=I:BELØB=0:SÆSON=EJSÆSON,2011-10-01,2190.0
DST:FIKS22:BRANCHE07=I:BELØB=0:SÆSON=EJSÆSON,2011-11-01,2144.0
DST:FIKS22:BRANCHE07=I:BELØB=0:SÆSON=EJSÆSON,2011-12-01,2315.0
DST:FIKS22:BRANCHE07=I:BELØB=0:SÆSON=EJSÆSON,2012-01-01,2008.0
DST:FIKS22:BRANCHE07=I:BELØB=0:SÆSON=EJSÆSON,2012-02-01,1893.0
DST:FIKS22:BRANCHE07=I:BELØB=0:SÆSON=EJSÆSON,2012-03-01,2200.0
DST:FIKS22:BRANCHE07=I:BELØB=0:SÆSON=EJSÆSON,2012-04-01,2301.0
DST:FIKS22:BRANCHE07=I:BELØB=0:SÆSON=EJSÆSON,2012-05-01,2415.0
DST:FIKS22:BRANCHE07=I:BELØB=0:SÆSON=EJSÆSON,2012-06-01,2498.0
DST:FIKS22:BRANCHE07=I:BELØB=0:SÆSON=EJSÆSON,2012-07-01,2371.0
DST:FIKS22:BRANCHE07=I:BELØB=0:SÆSON=EJSÆSON,2012-08-01,2358.0
DST:FIKS22:BRANCHE07=I:BELØB=0:SÆSON=EJSÆSON,2012-09-01,2351.0
DST:FIKS22:BRANCHE07=I:BELØB=0:SÆSON=EJSÆSON,2012-10-01,2407.0
DST:FIKS22:BRANCHE07=I:BELØB=0:SÆSON=EJSÆSON,2012-11-01,2263.0
DST:FIKS22:BRANCHE07=I:BELØB=0:SÆSON=EJSÆSON,2012-12-01,2338.0
DST:FIKS22:BRANCHE07=I:BELØB=0:SÆSON=EJSÆSON,2013-01-01,2092.0
DST:FIKS22:BRANCHE07=I:BELØB=0:SÆSON=EJSÆSON,2013-02-01,1932.0
DST:FIKS22:BRANCHE07=I:BELØB=0:SÆSON=EJSÆSON,2013-03-01,2212.0
DST:FIKS22:BRANCHE07=I:BELØB=0:SÆSON=EJSÆSON,2013-04-01,2553.0
DST:FIKS22:BRANCHE07=I:BELØB=0:SÆSON=EJSÆSON,2013-05-01,2509.0
DST:FIKS22:BRANCHE07=I:BELØB=0:SÆSON=EJSÆSON,2013-06-01,2452.0
DST:FIKS22:BRANCHE07=I:BELØB=0:SÆSON=EJSÆSON,2013-07-01,2450.0
DST:FIKS22:BRANCHE07=I:BELØB=0:SÆSON=EJSÆSON,2013-08-01,2427.0
DST:FIKS22:BRANCHE07=I:BELØB=0:SÆSON=EJSÆSON,2013-09-01,2565.0
DST:FIKS22:BRANCHE07=I:BELØB=0:SÆSON=EJSÆSON,2013-10-01,2450.0
DST:FIKS22:BRANCHE07=I:BELØB=0:SÆSON=EJSÆSON,2013-11-01,2286.0
DST:FIKS22:BRANCHE07=I:BELØB=0:SÆSON=EJSÆSON,2013-12-01,2458.0
DST:FIKS22:BRANCHE07=I:BELØB=0:SÆSON=EJSÆSON,2014-01-01,2117.0
DST:FIKS22:BRANCHE07=I:BELØB=0:SÆSON=EJSÆSON,2014-02-01,1962.0
DST:FIKS22:BRANCHE07=I:BELØB=0:SÆSON=EJSÆSON,2014-03-01,2359.0
DST:FIKS22:BRANCHE07=I:BELØB=0:SÆSON=EJSÆSON,2014-04-01,2503.0
DST:FIKS22:BRANCHE07=I:BELØB=0:SÆSON=EJSÆSON,2014-05-01,2451.0
DST:FIKS22:BRANCHE07=I:BELØB=0:SÆSON=EJSÆSON,2014-06-01,2748.0
DST:FIKS22:BRANCHE07=I:BELØB=0:SÆSON=EJSÆSON,2014-07-01,2503.0
DST:FIKS22:BRANCHE07=I:BELØB=0:SÆSON=EJSÆSON,2014-08-01,2442.0
DST:FIKS22:BRANCHE07=I:BELØB=0:SÆSON=EJSÆSON,2014-09-01,2673.0
DST:FIKS22:BRANCHE07=I:BELØB=0:SÆSON=EJSÆSON,2014-10-01,2649.0
DST:FIKS22:BRANCHE07=I:BELØB=0:SÆSON=EJSÆSON,2014-11-01,2338.0
DST:FIKS22:BRANCHE07=I:BELØB=0:SÆSON=EJSÆSON,2014-12-01,2694.0
DST:FIKS22:BRANCHE07=I:BELØB=0:SÆSON=EJSÆSON,2015-01-01,2217.0
DST:FIKS22:BRANCHE07=I:BELØB=0:SÆSON=EJSÆSON,2015-02-01,2076.0
DST:FIKS22:BRANCHE07=I:BELØB=0:SÆSON=EJSÆSON,2015-03-01,2512.0
DST:FIKS22:BRANCHE07=I:BELØB=0:SÆSON=EJSÆSON,2015-04-01,2643.0
DST:FIKS22:BRANCHE07=I:BELØB=0:SÆSON=EJSÆSON,2015-05-01,2492.0
DST:FIKS22:BRANCHE07=I:BELØB=0:SÆSON=EJSÆSON,2015-06-01,2979.0
DST:FIKS22:BRANCHE07=I:BELØB=0:SÆSON=EJSÆSON,2015-07-01,2804.0
DST:FIKS22:BRANCHE07=I:BELØB=0:SÆSON=EJSÆSON,2015-08-01,2575.0
DST:FIKS22:BRANCHE07=I:BELØB=0:SÆSON=EJSÆSON,2015-09-01,2992.0
DST:FIKS22:BRANCHE07=I:BELØB=0:SÆSON=EJSÆSON,2015-10-01,2791.0
DST:FIKS22:BRANCHE07=I:BELØB=0:SÆSON=EJSÆSON,2015-11-01,2545.0
DST:FIKS22:BRANCHE07=I:BELØB=0:SÆSON=EJSÆSON,2015-12-01,2880.0
DST:FIKS22:BRANCHE07=I:BELØB=0:SÆSON=EJSÆSON,2016-01-01,2360.0
DST:FIKS22:BRANCHE07=I:BELØB=0:SÆSON=EJSÆSON,2016-02-01,2282.0
DST:FIKS22:BRANCHE07=I:BELØB=0:SÆSON=EJSÆSON,2016-03-01,2661.0
DST:FIKS22:BRANCHE07=I:BELØB=0:SÆSON=EJSÆSON,2016-04-01,2826.0
DST:FIKS22:BRANCHE07=I:BELØB=0:SÆSON=EJSÆSON,2016-05-01,2734.0
DST:FIKS22:BRANCHE07=I:BELØB=0:SÆSON=EJSÆSON,2016-06-01,3283.0
DST:FIKS22:BRANCHE07=I:BELØB=0:SÆSON=EJSÆSON,2016-07-01,2769.0
DST:FIKS22:BRANCHE07=I:BELØB=0:SÆSON=EJSÆSON,2016-08-01,2851.0
DST:FIKS22:BRANCHE07=I:BELØB=0:SÆSON=EJSÆSON,2016-09-01,3136.0
DST:FIKS22:BRANCHE07=I:BELØB=0:SÆSON=EJSÆSON,2016-10-01,2964.0
DST:FIKS22:BRANCHE07=I:BELØB=0:SÆSON=EJSÆSON,2016-11-01,2727.0
DST:FIKS22:BRANCHE07=I:BELØB=0:SÆSON=EJSÆSON,2016-12-01,3149.0
DST:FIKS22:BRANCHE07=I:BELØB=0:SÆSON=EJSÆSON,2017-01-01,2547.0
DST:FIKS22:BRANCHE07=I:BELØB=0:SÆSON=EJSÆSON,2017-02-01,2417.0
DST:FIKS22:BRANCHE07=I:BELØB=0:SÆSON=EJSÆSON,2017-03-01,2961.0
DST:FIKS22:BRANCHE07=I:BELØB=0:SÆSON=EJSÆSON,2017-04-01,2987.0
DST:FIKS22:BRANCHE07=I:BELØB=0:SÆSON=EJSÆSON,2017-05-01,2910.0
DST:FIKS22:BRANCHE07=I:BELØB=0:SÆSON=EJSÆSON,2017-06-01,3491.0
DST:FIKS22:BRANCHE07=I:BELØB=0:SÆSON=EJSÆSON,2017-07-01,2881.0
DST:FIKS22:BRANCHE07=I:BELØB=0:SÆSON=EJSÆSON,2017-08-01,2939.0
DST:FIKS22:BRANCHE07=I:BELØB=0:SÆSON=EJSÆSON,2017-09-01,3360.0
DST:FIKS22:BRANCHE07=I:BELØB=0:SÆSON=EJSÆSON,2017-10-01,3147.0
DST:FIKS22:BRANCHE07=I:BELØB=0:SÆSON=EJSÆSON,2017-11-01,2854.0
DST:FIKS22:BRANCHE07=I:BELØB=0:SÆSON=EJSÆSON,2017-12-01,3218.0
DST:FIKS22:BRANCHE07=I:BELØB=0:SÆSON=EJSÆSON,2018-01-01,2846.0
DST:FIKS22:BRANCHE07=I:BELØB=0:SÆSON=EJSÆSON,2018-02-01,2438.0
DST:FIKS22:BRANCHE07=I:BELØB=0:SÆSON=EJSÆSON,2018-03-01,2879.0
DST:FIKS22:BRANCHE07=I:BELØB=0:SÆSON=EJSÆSON,2018-04-01,3151.0
DST:FIKS22:BRANCHE07=I:BELØB=0:SÆSON=EJSÆSON,2018-05-01,3183.0
DST:FIKS22:BRANCHE07=I:BELØB=0:SÆSON=EJSÆSON,2018-06-01,3572.0
DST:FIKS22:BRANCHE07=I:BELØB=0:SÆSON=EJSÆSON,2018-07-01,3162.0
DST:FIKS22:BRANCHE07=I:BELØB=0:SÆSON=EJSÆSON,2018-08-01,3043.0
DST:FIKS22:BRANCHE07=I:BELØB=0:SÆSON=EJSÆSON,2018-09-01,3359.0
DST:FIKS22:BRANCHE07=I:BELØB=0:SÆSON=EJSÆSON,2018-10-01,3300.0
DST:FIKS22:BRANCHE07=I:BELØB=0:SÆSON=EJSÆSON,2018-11-01,3149.0
DST:FIKS22:BRANCHE07=I:BELØB=0:SÆSON=EJSÆSON,2018-12-01,3242.0
DST:FIKS22:BRANCHE07=I:BELØB=0:SÆSON=EJSÆSON,2019-01-01,2801.0
DST:FIKS22:BRANCHE07=I:BELØB=0:SÆSON=EJSÆSON,2019-02-01,2559.0
DST:FIKS22:BRANCHE07=I:BELØB=0:SÆSON=EJSÆSON,2019-03-01,3056.0
DST:FIKS22:BRANCHE07=I:BELØB=0:SÆSON=EJSÆSON,2019-04-01,3226.0
DST:FIKS22:BRANCHE07=I:BELØB=0:SÆSON=EJSÆSON,2019-05-01,3279.0
DST:FIKS22:BRANCHE07=I:BELØB=0:SÆSON=EJSÆSON,2019-06-01,3576.0
DST:FIKS22:BRANCHE07=I:BELØB=0:SÆSON=EJSÆSON,2019-07-01,3284.0
DST:FIKS22:BRANCHE07=I:BELØB=0:SÆSON=EJSÆSON,2019-08-01,3259.0
DST:FIKS22:BRANCHE07=I:BELØB=0:SÆSON=EJSÆSON,2019-09-01,3521.0
DST:FIKS22:BRANCHE07=I:BELØB=0:SÆSON=EJSÆSON,2019-10-01,3441.0
DST:FIKS22:BRANCHE07=I:BELØB=0:SÆSON=EJSÆSON,2019-11-01,3257.0
DST:FIKS22:BRANCHE07=I:BELØB=0:SÆSON=EJSÆSON,2019-12-01,3408.0
DST:FIKS22:BRANCHE07=I:BELØB=0:SÆSON=EJSÆSON,2020-01-01,2893.0
DST:FIKS22:BRANCHE07=I:BELØB=0:SÆSON=EJSÆSON,2020-02-01,2758.0
DST:FIKS22:BRANCHE07=I:BELØB=0:SÆSON=EJSÆSON,2020-03-01,2328.0
DST:FIKS22:BRANCHE07=I:BELØB=0:SÆSON=EJSÆSON,2020-04-01,1884.0
DST:FIKS22:BRANCHE07=I:BELØB=0:SÆSON=EJSÆSON,2020-05-01,2094.0
DST:FIKS22:BRANCHE07=I:BELØB=0:SÆSON=EJSÆSON,2020-06-01,2581.0
DST:FIKS22:BRANCHE07=I:BELØB=0:SÆSON=EJSÆSON,2020-07-01,3249.0
DST:FIKS22:BRANCHE07=I:BELØB=0:SÆSON=EJSÆSON,2020-08-01,2849.0
DST:FIKS22:BRANCHE07=I:BELØB=0:SÆSON=EJSÆSON,2020-09-01,3027.0
DST:FIKS22:BRANCHE07=I:BELØB=0:SÆSON=EJSÆSON,2020-10-01,2764.0
DST:FIKS22:BRANCHE07=I:BELØB=0:SÆSON=EJSÆSON,2020-11-01,2454.0
DST:FIKS22:BRANCHE07=I:BELØB=0:SÆSON=EJSÆSON,2020-12-01,2573.0
DST:FIKS22:BRANCHE07=I:BELØB=0:SÆSON=EJSÆSON,2021-01-01,1712.0
DST:FIKS22:BRANCHE07=I:BELØB=0:SÆSON=EJSÆSON,2021-02-01,1721.0
DST:FIKS22:BRANCHE07=I:BELØB=0:SÆSON=EJSÆSON,2021-03-01,2163.0
DST:FIKS22:BRANCHE07=I:BELØB=0:SÆSON=EJSÆSON,2021-04-01,2735.0
DST:FIKS22:BRANCHE07=I:BELØB=0:SÆSON=EJSÆSON,2021-05-01,2673.0
DST:FIKS22:BRANCHE07=I:BELØB=0:SÆSON=EJSÆSON,2021-06-01,3307.0
DST:FIKS22:BRANCHE07=I:BELØB=0:SÆSON=EJSÆSON,2021-07-01,3301.0
DST:FIKS22:BRANCHE07=I:BELØB=0:SÆSON=EJSÆSON,2021-08-01,3512.0
DST:FIKS22:BRANCHE07=I:BELØB=0:SÆSON=EJSÆSON,2021-09-01,3993.0
DST:FIKS22:BRANCHE07=I:BELØB=0:SÆSON=EJSÆSON,2021-10-01,3531.0
DST:FIKS22:BRANCHE07=I:BELØB=0:SÆSON=EJSÆSON,2021-11-01,3620.0
DST:FIKS22:BRANCHE07=I:BELØB=0:SÆSON=EJSÆSON,2021-12-01,3682.0
DST:FIKS22:BRANCHE07=I:BELØB=0:SÆSON=EJSÆSON,2022-01-01,3043.0
DST:FIKS22:BRANCHE07=I:BELØB=0:SÆSON=EJSÆSON,2022-02-01,2586.0
DST:FIKS22:BRANCHE07=I:BELØB=0:SÆSON=EJSÆSON,2022-03-01,3556.0
DST:FIKS22:BRANCHE07=I:BELØB=0:SÆSON=EJSÆSON,2022-04-01,3796.0
DST:FIKS22:BRANCHE07=I:BELØB=0:SÆSON=EJSÆSON,2022-05-01,3999.0
DST:FIKS22:BRANCHE07=I:BELØB=0:SÆSON=EJSÆSON,2022-06-01,4355.0
DST:FIKS22:BRANCHE07=I:BELØB=0:SÆSON=EJSÆSON,2022-07-01,3674.0
DST:FIKS22:BRANCHE07=I:BELØB=0:SÆSON=EJSÆSON,2022-08-01,4009.0
DST:FIKS22:BRANCHE07=I:BELØB=0:SÆSON=EJSÆSON,2022-09-01,4535.0
DST:FIKS22:BRANCHE07=I:BELØB=0:SÆSON=EJSÆSON,2022-10-01,3735.0
DST:FIKS22:BRANCHE07=I:BELØB=0:SÆSON=EJSÆSON,2022-11-01,3866.0
DST:FIKS22:BRANCHE07=I:BELØB=0:SÆSON=EJSÆSON,2022-12-01,4220.0
DST:FIKS22:BRANCHE07=I:BELØB=0:SÆSON=EJSÆSON,2023-01-01,3536.0
DST:FIKS22:BRANCHE07=I:BELØB=0:SÆSON=EJSÆSON,2023-02-01,3272.0
DST:FIKS22:BRANCHE07=I:BELØB=0:SÆSON=EJSÆSON,2023-03-01,3905.0
DST:FIKS22:BRANCHE07=I:BELØB=0:SÆSON=EJSÆSON,2023-04-01,3879.0
DST:FIKS22:BRANCHE07=I:BELØB=0:SÆSON=EJSÆSON,2023-05-01,4074.0
DST:FIKS22:BRANCHE07=I:BELØB=0:SÆSON=EJSÆSON,2023-06-01,4370.0
DST:FIKS22:BRANCHE07=I:BELØB=0:SÆSON=EJSÆSON,2023-07-01,3706.0
DST:FIKS22:BRANCHE07=I:BELØB=0:SÆSON=EJSÆSON,2023-08-01,4053.0
DST:FIKS22:BRANCHE07=I:BELØB=0:SÆSON=EJSÆSON,2023-09-01,4291.0
DST:FIKS22:BRANCHE07=I:BELØB=0:SÆSON=EJSÆSON,2023-10-01,3942.0
DST:FIKS22:BRANCHE07=I:BELØB=0:SÆSON=EJSÆSON,2023-11-01,3813.0
DST:FIKS22:BRANCHE07=I:BELØB=0:SÆSON=EJSÆSON,2023-12-01,4357.0
DST:FIKS22:BRANCHE07=I:BELØB=0:SÆSON=EJSÆSON,2024-01-01,3549.0
DST:FIKS22:BRANCHE07=I:BELØB=0:SÆSON=EJSÆSON,2024-02-01,3266.0
DST:FIKS22:BRANCHE07=I:BELØB=0:SÆSON=EJSÆSON,2024-03-01,3874.0
DST:FIKS22:BRANCHE07=I:BELØB=0:SÆSON=EJSÆSON,2024-04-01,4333.0
DST:FIKS22:BRANCHE07=I:BELØB=0:SÆSON=EJSÆSON,2024-05-01,4052.0
DST:FIKS22:BRANCHE07=I:BELØB=0:SÆSON=EJSÆSON,2024-06-01,4279.0
DST:FIKS22:BRANCHE07=I:BELØB=0:SÆSON=EJSÆSON,2024-07-01,4011.0
DST:FIKS22:BRANCHE07=I:BELØB=0:SÆSON=EJSÆSON,2024-08-01,3958.0
DST:FIKS22:BRANCHE07=I:BELØB=0:SÆSON=EJSÆSON,2024-09-01,4350.0
DST:FIKS22:BRANCHE07=I:BELØB=0:SÆSON=EJSÆSON,2024-10-01,4165.0
DST:FIKS22:BRANCHE07=I:BELØB=0:SÆSON=EJSÆSON,2024-11-01,3982.0
DST:FIKS22:BRANCHE07=I:BELØB=0:SÆSON=EJSÆSON,2024-12-01,4120.0
DST:FIKS22:BRANCHE07=I:BELØB=0:SÆSON=EJSÆSON,2025-01-01,3674.0
DST:FIKS22:BRANCHE07=I:BELØB=0:SÆSON=EJSÆSON,2025-02-01,3394.0
DST:FIKS22:BRANCHE07=I:BELØB=0:SÆSON=EJSÆSON,2025-03-01,3969.0
DST:FIKS22:BRANCHE07=I:BELØB=0:SÆSON=EJSÆSON,2025-04-01,4429.0
DST:FIKS22:BRANCHE07=I:BELØB=0:SÆSON=EJSÆSON,2025-05-01,4260.0
DST:FIKS22:BRANCHE07=I:BELØB=0:SÆSON=EJSÆSON,2025-06-01,4562.0
DST:FIKS22:BRANCHE07=I:BELØB=0:SÆSON=EJSÆSON,2025-07-01,4245.0
DST:FIKS22:BRANCHE07=I:BELØB=0:SÆSON=EJSÆSON,2025-08-01,4121.0
DST:FIKS22:BRANCHE07=I:BELØB=0:SÆSON=EJSÆSON,2025-09-01,4658.0
DST:FIKS22:BRANCHE07=I:BELØB=0:SÆSON=EJSÆSON,2025-10-01,4445.0
DST:FIKS22:BRANCHE07=I:BELØB=0:SÆSON=EJSÆSON,2025-11-01,3954.0
DST:FIKS22:BRANCHE07=I:BELØB=0:SÆSON=EJSÆSON,2025-12-01,4594.0
DST:FIKS22:BRANCHE07=I:BELØB=0:SÆSON=EJSÆSON,2026-01-01,3727.0
DST:FIKS22:BRANCHE07=I:BELØB=0:SÆSON=EJSÆSON,2026-02-01,3303.0
DST:FIKS22:BRANCHE07=I:BELØB=0:SÆSON=EJSÆSON,2026-03-01,4017.0
DST:FIKS22:BRANCHE07=I:BELØB=0:SÆSON=SÆSON,2009-01-01,2110.0
DST:FIKS22:BRANCHE07=I:BELØB=0:SÆSON=SÆSON,2009-02-01,2134.0
DST:FIKS22:BRANCHE07=I:BELØB=0:SÆSON=SÆSON,2009-03-01,2101.0
DST:FIKS22:BRANCHE07=I:BELØB=0:SÆSON=SÆSON,2009-04-01,2117.0
DST:FIKS22:BRANCHE07=I:BELØB=0:SÆSON=SÆSON,2009-05-01,2055.0
DST:FIKS22:BRANCHE07=I:BELØB=0:SÆSON=SÆSON,2009-06-01,2052.0
DST:FIKS22:BRANCHE07=I:BELØB=0:SÆSON=SÆSON,2009-07-01,2061.0
DST:FIKS22:BRANCHE07=I:BELØB=0:SÆSON=SÆSON,2009-08-01,2117.0
DST:FIKS22:BRANCHE07=I:BELØB=0:SÆSON=SÆSON,2009-09-01,1907.0
DST:FIKS22:BRANCHE07=I:BELØB=0:SÆSON=SÆSON,2009-10-01,1955.0
DST:FIKS22:BRANCHE07=I:BELØB=0:SÆSON=SÆSON,2009-11-01,1954.0
DST:FIKS22:BRANCHE07=I:BELØB=0:SÆSON=SÆSON,2009-12-01,2000.0
DST:FIKS22:BRANCHE07=I:BELØB=0:SÆSON=SÆSON,2010-01-01,1966.0
DST:FIKS22:BRANCHE07=I:BELØB=0:SÆSON=SÆSON,2010-02-01,1995.0
DST:FIKS22:BRANCHE07=I:BELØB=0:SÆSON=SÆSON,2010-03-01,2048.0
DST:FIKS22:BRANCHE07=I:BELØB=0:SÆSON=SÆSON,2010-04-01,1992.0
DST:FIKS22:BRANCHE07=I:BELØB=0:SÆSON=SÆSON,2010-05-01,2014.0
DST:FIKS22:BRANCHE07=I:BELØB=0:SÆSON=SÆSON,2010-06-01,2082.0
DST:FIKS22:BRANCHE07=I:BELØB=0:SÆSON=SÆSON,2010-07-01,2094.0
DST:FIKS22:BRANCHE07=I:BELØB=0:SÆSON=SÆSON,2010-08-01,2062.0
DST:FIKS22:BRANCHE07=I:BELØB=0:SÆSON=SÆSON,2010-09-01,2129.0
DST:FIKS22:BRANCHE07=I:BELØB=0:SÆSON=SÆSON,2010-10-01,2100.0
DST:FIKS22:BRANCHE07=I:BELØB=0:SÆSON=SÆSON,2010-11-01,2137.0
DST:FIKS22:BRANCHE07=I:BELØB=0:SÆSON=SÆSON,2010-12-01,2053.0
DST:FIKS22:BRANCHE07=I:BELØB=0:SÆSON=SÆSON,2011-01-01,2144.0
DST:FIKS22:BRANCHE07=I:BELØB=0:SÆSON=SÆSON,2011-02-01,2153.0
DST:FIKS22:BRANCHE07=I:BELØB=0:SÆSON=SÆSON,2011-03-01,2102.0
DST:FIKS22:BRANCHE07=I:BELØB=0:SÆSON=SÆSON,2011-04-01,2189.0
DST:FIKS22:BRANCHE07=I:BELØB=0:SÆSON=SÆSON,2011-05-01,2223.0
DST:FIKS22:BRANCHE07=I:BELØB=0:SÆSON=SÆSON,2011-06-01,2181.0
DST:FIKS22:BRANCHE07=I:BELØB=0:SÆSON=SÆSON,2011-07-01,2166.0
DST:FIKS22:BRANCHE07=I:BELØB=0:SÆSON=SÆSON,2011-08-01,2205.0
DST:FIKS22:BRANCHE07=I:BELØB=0:SÆSON=SÆSON,2011-09-01,2174.0
DST:FIKS22:BRANCHE07=I:BELØB=0:SÆSON=SÆSON,2011-10-01,2194.0
DST:FIKS22:BRANCHE07=I:BELØB=0:SÆSON=SÆSON,2011-11-01,2188.0
DST:FIKS22:BRANCHE07=I:BELØB=0:SÆSON=SÆSON,2011-12-01,2196.0
DST:FIKS22:BRANCHE07=I:BELØB=0:SÆSON=SÆSON,2012-01-01,2254.0
DST:FIKS22:BRANCHE07=I:BELØB=0:SÆSON=SÆSON,2012-02-01,2216.0
DST:FIKS22:BRANCHE07=I:BELØB=0:SÆSON=SÆSON,2012-03-01,2244.0
DST:FIKS22:BRANCHE07=I:BELØB=0:SÆSON=SÆSON,2012-04-01,2272.0
DST:FIKS22:BRANCHE07=I:BELØB=0:SÆSON=SÆSON,2012-05-01,2359.0
DST:FIKS22:BRANCHE07=I:BELØB=0:SÆSON=SÆSON,2012-06-01,2245.0
DST:FIKS22:BRANCHE07=I:BELØB=0:SÆSON=SÆSON,2012-07-01,2335.0
DST:FIKS22:BRANCHE07=I:BELØB=0:SÆSON=SÆSON,2012-08-01,2294.0
DST:FIKS22:BRANCHE07=I:BELØB=0:SÆSON=SÆSON,2012-09-01,2217.0
DST:FIKS22:BRANCHE07=I:BELØB=0:SÆSON=SÆSON,2012-10-01,2310.0
DST:FIKS22:BRANCHE07=I:BELØB=0:SÆSON=SÆSON,2012-11-01,2341.0
DST:FIKS22:BRANCHE07=I:BELØB=0:SÆSON=SÆSON,2012-12-01,2336.0
DST:FIKS22:BRANCHE07=I:BELØB=0:SÆSON=SÆSON,2013-01-01,2357.0
DST:FIKS22:BRANCHE07=I:BELØB=0:SÆSON=SÆSON,2013-02-01,2365.0
DST:FIKS22:BRANCHE07=I:BELØB=0:SÆSON=SÆSON,2013-03-01,2340.0
DST:FIKS22:BRANCHE07=I:BELØB=0:SÆSON=SÆSON,2013-04-01,2452.0
DST:FIKS22:BRANCHE07=I:BELØB=0:SÆSON=SÆSON,2013-05-01,2409.0
DST:FIKS22:BRANCHE07=I:BELØB=0:SÆSON=SÆSON,2013-06-01,2235.0
DST:FIKS22:BRANCHE07=I:BELØB=0:SÆSON=SÆSON,2013-07-01,2371.0
DST:FIKS22:BRANCHE07=I:BELØB=0:SÆSON=SÆSON,2013-08-01,2411.0
DST:FIKS22:BRANCHE07=I:BELØB=0:SÆSON=SÆSON,2013-09-01,2398.0
DST:FIKS22:BRANCHE07=I:BELØB=0:SÆSON=SÆSON,2013-10-01,2344.0
DST:FIKS22:BRANCHE07=I:BELØB=0:SÆSON=SÆSON,2013-11-01,2377.0
DST:FIKS22:BRANCHE07=I:BELØB=0:SÆSON=SÆSON,2013-12-01,2366.0
DST:FIKS22:BRANCHE07=I:BELØB=0:SÆSON=SÆSON,2014-01-01,2383.0
DST:FIKS22:BRANCHE07=I:BELØB=0:SÆSON=SÆSON,2014-02-01,2402.0
DST:FIKS22:BRANCHE07=I:BELØB=0:SÆSON=SÆSON,2014-03-01,2429.0
DST:FIKS22:BRANCHE07=I:BELØB=0:SÆSON=SÆSON,2014-04-01,2420.0
DST:FIKS22:BRANCHE07=I:BELØB=0:SÆSON=SÆSON,2014-05-01,2439.0
DST:FIKS22:BRANCHE07=I:BELØB=0:SÆSON=SÆSON,2014-06-01,2469.0
DST:FIKS22:BRANCHE07=I:BELØB=0:SÆSON=SÆSON,2014-07-01,2443.0
DST:FIKS22:BRANCHE07=I:BELØB=0:SÆSON=SÆSON,2014-08-01,2461.0
DST:FIKS22:BRANCHE07=I:BELØB=0:SÆSON=SÆSON,2014-09-01,2432.0
DST:FIKS22:BRANCHE07=I:BELØB=0:SÆSON=SÆSON,2014-10-01,2520.0
DST:FIKS22:BRANCHE07=I:BELØB=0:SÆSON=SÆSON,2014-11-01,2487.0
DST:FIKS22:BRANCHE07=I:BELØB=0:SÆSON=SÆSON,2014-12-01,2531.0
DST:FIKS22:BRANCHE07=I:BELØB=0:SÆSON=SÆSON,2015-01-01,2514.0
DST:FIKS22:BRANCHE07=I:BELØB=0:SÆSON=SÆSON,2015-02-01,2547.0
DST:FIKS22:BRANCHE07=I:BELØB=0:SÆSON=SÆSON,2015-03-01,2578.0
DST:FIKS22:BRANCHE07=I:BELØB=0:SÆSON=SÆSON,2015-04-01,2551.0
DST:FIKS22:BRANCHE07=I:BELØB=0:SÆSON=SÆSON,2015-05-01,2551.0
DST:FIKS22:BRANCHE07=I:BELØB=0:SÆSON=SÆSON,2015-06-01,2603.0
DST:FIKS22:BRANCHE07=I:BELØB=0:SÆSON=SÆSON,2015-07-01,2749.0
DST:FIKS22:BRANCHE07=I:BELØB=0:SÆSON=SÆSON,2015-08-01,2651.0
DST:FIKS22:BRANCHE07=I:BELØB=0:SÆSON=SÆSON,2015-09-01,2688.0
DST:FIKS22:BRANCHE07=I:BELØB=0:SÆSON=SÆSON,2015-10-01,2685.0
DST:FIKS22:BRANCHE07=I:BELØB=0:SÆSON=SÆSON,2015-11-01,2680.0
DST:FIKS22:BRANCHE07=I:BELØB=0:SÆSON=SÆSON,2015-12-01,2684.0
DST:FIKS22:BRANCHE07=I:BELØB=0:SÆSON=SÆSON,2016-01-01,2749.0
DST:FIKS22:BRANCHE07=I:BELØB=0:SÆSON=SÆSON,2016-02-01,2714.0
DST:FIKS22:BRANCHE07=I:BELØB=0:SÆSON=SÆSON,2016-03-01,2770.0
DST:FIKS22:BRANCHE07=I:BELØB=0:SÆSON=SÆSON,2016-04-01,2718.0
DST:FIKS22:BRANCHE07=I:BELØB=0:SÆSON=SÆSON,2016-05-01,2725.0
DST:FIKS22:BRANCHE07=I:BELØB=0:SÆSON=SÆSON,2016-06-01,2801.0
DST:FIKS22:BRANCHE07=I:BELØB=0:SÆSON=SÆSON,2016-07-01,2793.0
DST:FIKS22:BRANCHE07=I:BELØB=0:SÆSON=SÆSON,2016-08-01,2838.0
DST:FIKS22:BRANCHE07=I:BELØB=0:SÆSON=SÆSON,2016-09-01,2841.0
DST:FIKS22:BRANCHE07=I:BELØB=0:SÆSON=SÆSON,2016-10-01,2905.0
DST:FIKS22:BRANCHE07=I:BELØB=0:SÆSON=SÆSON,2016-11-01,2766.0
DST:FIKS22:BRANCHE07=I:BELØB=0:SÆSON=SÆSON,2016-12-01,2929.0
DST:FIKS22:BRANCHE07=I:BELØB=0:SÆSON=SÆSON,2017-01-01,2883.0
DST:FIKS22:BRANCHE07=I:BELØB=0:SÆSON=SÆSON,2017-02-01,2986.0
DST:FIKS22:BRANCHE07=I:BELØB=0:SÆSON=SÆSON,2017-03-01,2954.0
DST:FIKS22:BRANCHE07=I:BELØB=0:SÆSON=SÆSON,2017-04-01,3012.0
DST:FIKS22:BRANCHE07=I:BELØB=0:SÆSON=SÆSON,2017-05-01,2875.0
DST:FIKS22:BRANCHE07=I:BELØB=0:SÆSON=SÆSON,2017-06-01,2991.0
DST:FIKS22:BRANCHE07=I:BELØB=0:SÆSON=SÆSON,2017-07-01,2941.0
DST:FIKS22:BRANCHE07=I:BELØB=0:SÆSON=SÆSON,2017-08-01,2944.0
DST:FIKS22:BRANCHE07=I:BELØB=0:SÆSON=SÆSON,2017-09-01,3058.0
DST:FIKS22:BRANCHE07=I:BELØB=0:SÆSON=SÆSON,2017-10-01,3024.0
DST:FIKS22:BRANCHE07=I:BELØB=0:SÆSON=SÆSON,2017-11-01,2923.0
DST:FIKS22:BRANCHE07=I:BELØB=0:SÆSON=SÆSON,2017-12-01,3093.0
DST:FIKS22:BRANCHE07=I:BELØB=0:SÆSON=SÆSON,2018-01-01,3198.0
DST:FIKS22:BRANCHE07=I:BELØB=0:SÆSON=SÆSON,2018-02-01,3020.0
DST:FIKS22:BRANCHE07=I:BELØB=0:SÆSON=SÆSON,2018-03-01,3048.0
DST:FIKS22:BRANCHE07=I:BELØB=0:SÆSON=SÆSON,2018-04-01,3109.0
DST:FIKS22:BRANCHE07=I:BELØB=0:SÆSON=SÆSON,2018-05-01,3103.0
DST:FIKS22:BRANCHE07=I:BELØB=0:SÆSON=SÆSON,2018-06-01,3100.0
DST:FIKS22:BRANCHE07=I:BELØB=0:SÆSON=SÆSON,2018-07-01,3176.0
DST:FIKS22:BRANCHE07=I:BELØB=0:SÆSON=SÆSON,2018-08-01,3044.0
DST:FIKS22:BRANCHE07=I:BELØB=0:SÆSON=SÆSON,2018-09-01,3122.0
DST:FIKS22:BRANCHE07=I:BELØB=0:SÆSON=SÆSON,2018-10-01,3120.0
DST:FIKS22:BRANCHE07=I:BELØB=0:SÆSON=SÆSON,2018-11-01,3202.0
DST:FIKS22:BRANCHE07=I:BELØB=0:SÆSON=SÆSON,2018-12-01,3193.0
DST:FIKS22:BRANCHE07=I:BELØB=0:SÆSON=SÆSON,2019-01-01,3200.0
DST:FIKS22:BRANCHE07=I:BELØB=0:SÆSON=SÆSON,2019-02-01,3173.0
DST:FIKS22:BRANCHE07=I:BELØB=0:SÆSON=SÆSON,2019-03-01,3168.0
DST:FIKS22:BRANCHE07=I:BELØB=0:SÆSON=SÆSON,2019-04-01,3143.0
DST:FIKS22:BRANCHE07=I:BELØB=0:SÆSON=SÆSON,2019-05-01,3212.0
DST:FIKS22:BRANCHE07=I:BELØB=0:SÆSON=SÆSON,2019-06-01,3197.0
DST:FIKS22:BRANCHE07=I:BELØB=0:SÆSON=SÆSON,2019-07-01,3243.0
DST:FIKS22:BRANCHE07=I:BELØB=0:SÆSON=SÆSON,2019-08-01,3298.0
DST:FIKS22:BRANCHE07=I:BELØB=0:SÆSON=SÆSON,2019-09-01,3246.0
DST:FIKS22:BRANCHE07=I:BELØB=0:SÆSON=SÆSON,2019-10-01,3285.0
DST:FIKS22:BRANCHE07=I:BELØB=0:SÆSON=SÆSON,2019-11-01,3320.0
DST:FIKS22:BRANCHE07=I:BELØB=0:SÆSON=SÆSON,2019-12-01,3256.0
DST:FIKS22:BRANCHE07=I:BELØB=0:SÆSON=SÆSON,2020-01-01,3299.0
DST:FIKS22:BRANCHE07=I:BELØB=0:SÆSON=SÆSON,2020-02-01,3322.0
DST:FIKS22:BRANCHE07=I:BELØB=0:SÆSON=SÆSON,2020-03-01,2404.0
DST:FIKS22:BRANCHE07=I:BELØB=0:SÆSON=SÆSON,2020-04-01,1843.0
DST:FIKS22:BRANCHE07=I:BELØB=0:SÆSON=SÆSON,2020-05-01,2087.0
DST:FIKS22:BRANCHE07=I:BELØB=0:SÆSON=SÆSON,2020-06-01,2250.0
DST:FIKS22:BRANCHE07=I:BELØB=0:SÆSON=SÆSON,2020-07-01,3239.0
DST:FIKS22:BRANCHE07=I:BELØB=0:SÆSON=SÆSON,2020-08-01,2917.0
DST:FIKS22:BRANCHE07=I:BELØB=0:SÆSON=SÆSON,2020-09-01,2694.0
DST:FIKS22:BRANCHE07=I:BELØB=0:SÆSON=SÆSON,2020-10-01,2706.0
DST:FIKS22:BRANCHE07=I:BELØB=0:SÆSON=SÆSON,2020-11-01,2541.0
DST:FIKS22:BRANCHE07=I:BELØB=0:SÆSON=SÆSON,2020-12-01,2415.0
DST:FIKS22:BRANCHE07=I:BELØB=0:SÆSON=SÆSON,2021-01-01,2006.0
DST:FIKS22:BRANCHE07=I:BELØB=0:SÆSON=SÆSON,2021-02-01,2122.0
DST:FIKS22:BRANCHE07=I:BELØB=0:SÆSON=SÆSON,2021-03-01,2238.0
DST:FIKS22:BRANCHE07=I:BELØB=0:SÆSON=SÆSON,2021-04-01,2662.0
DST:FIKS22:BRANCHE07=I:BELØB=0:SÆSON=SÆSON,2021-05-01,2649.0
DST:FIKS22:BRANCHE07=I:BELØB=0:SÆSON=SÆSON,2021-06-01,2789.0
DST:FIKS22:BRANCHE07=I:BELØB=0:SÆSON=SÆSON,2021-07-01,3362.0
DST:FIKS22:BRANCHE07=I:BELØB=0:SÆSON=SÆSON,2021-08-01,3503.0
DST:FIKS22:BRANCHE07=I:BELØB=0:SÆSON=SÆSON,2021-09-01,3602.0
DST:FIKS22:BRANCHE07=I:BELØB=0:SÆSON=SÆSON,2021-10-01,3508.0
DST:FIKS22:BRANCHE07=I:BELØB=0:SÆSON=SÆSON,2021-11-01,3672.0
DST:FIKS22:BRANCHE07=I:BELØB=0:SÆSON=SÆSON,2021-12-01,3379.0
DST:FIKS22:BRANCHE07=I:BELØB=0:SÆSON=SÆSON,2022-01-01,3529.0
DST:FIKS22:BRANCHE07=I:BELØB=0:SÆSON=SÆSON,2022-02-01,3176.0
DST:FIKS22:BRANCHE07=I:BELØB=0:SÆSON=SÆSON,2022-03-01,3599.0
DST:FIKS22:BRANCHE07=I:BELØB=0:SÆSON=SÆSON,2022-04-01,3690.0
DST:FIKS22:BRANCHE07=I:BELØB=0:SÆSON=SÆSON,2022-05-01,3925.0
DST:FIKS22:BRANCHE07=I:BELØB=0:SÆSON=SÆSON,2022-06-01,3791.0
DST:FIKS22:BRANCHE07=I:BELØB=0:SÆSON=SÆSON,2022-07-01,3791.0
DST:FIKS22:BRANCHE07=I:BELØB=0:SÆSON=SÆSON,2022-08-01,3904.0
DST:FIKS22:BRANCHE07=I:BELØB=0:SÆSON=SÆSON,2022-09-01,4074.0
DST:FIKS22:BRANCHE07=I:BELØB=0:SÆSON=SÆSON,2022-10-01,3766.0
DST:FIKS22:BRANCHE07=I:BELØB=0:SÆSON=SÆSON,2022-11-01,3894.0
DST:FIKS22:BRANCHE07=I:BELØB=0:SÆSON=SÆSON,2022-12-01,3951.0
DST:FIKS22:BRANCHE07=I:BELØB=0:SÆSON=SÆSON,2023-01-01,3995.0
DST:FIKS22:BRANCHE07=I:BELØB=0:SÆSON=SÆSON,2023-02-01,4022.0
DST:FIKS22:BRANCHE07=I:BELØB=0:SÆSON=SÆSON,2023-03-01,3946.0
DST:FIKS22:BRANCHE07=I:BELØB=0:SÆSON=SÆSON,2023-04-01,3836.0
DST:FIKS22:BRANCHE07=I:BELØB=0:SÆSON=SÆSON,2023-05-01,3957.0
DST:FIKS22:BRANCHE07=I:BELØB=0:SÆSON=SÆSON,2023-06-01,3832.0
DST:FIKS22:BRANCHE07=I:BELØB=0:SÆSON=SÆSON,2023-07-01,3864.0
DST:FIKS22:BRANCHE07=I:BELØB=0:SÆSON=SÆSON,2023-08-01,3966.0
DST:FIKS22:BRANCHE07=I:BELØB=0:SÆSON=SÆSON,2023-09-01,3874.0
DST:FIKS22:BRANCHE07=I:BELØB=0:SÆSON=SÆSON,2023-10-01,3897.0
DST:FIKS22:BRANCHE07=I:BELØB=0:SÆSON=SÆSON,2023-11-01,3909.0
DST:FIKS22:BRANCHE07=I:BELØB=0:SÆSON=SÆSON,2023-12-01,4192.0
DST:FIKS22:BRANCHE07=I:BELØB=0:SÆSON=SÆSON,2024-01-01,3954.0
DST:FIKS22:BRANCHE07=I:BELØB=0:SÆSON=SÆSON,2024-02-01,3901.0
DST:FIKS22:BRANCHE07=I:BELØB=0:SÆSON=SÆSON,2024-03-01,4155.0
DST:FIKS22:BRANCHE07=I:BELØB=0:SÆSON=SÆSON,2024-04-01,4090.0
DST:FIKS22:BRANCHE07=I:BELØB=0:SÆSON=SÆSON,2024-05-01,3857.0
DST:FIKS22:BRANCHE07=I:BELØB=0:SÆSON=SÆSON,2024-06-01,3927.0
DST:FIKS22:BRANCHE07=I:BELØB=0:SÆSON=SÆSON,2024-07-01,4005.0
DST:FIKS22:BRANCHE07=I:BELØB=0:SÆSON=SÆSON,2024-08-01,3949.0
DST:FIKS22:BRANCHE07=I:BELØB=0:SÆSON=SÆSON,2024-09-01,4001.0
DST:FIKS22:BRANCHE07=I:BELØB=0:SÆSON=SÆSON,2024-10-01,4029.0
DST:FIKS22:BRANCHE07=I:BELØB=0:SÆSON=SÆSON,2024-11-01,4099.0
DST:FIKS22:BRANCHE07=I:BELØB=0:SÆSON=SÆSON,2024-12-01,3899.0
DST:FIKS22:BRANCHE07=I:BELØB=0:SÆSON=SÆSON,2025-01-01,4133.0
DST:FIKS22:BRANCHE07=I:BELØB=0:SÆSON=SÆSON,2025-02-01,4203.0
DST:FIKS22:BRANCHE07=I:BELØB=0:SÆSON=SÆSON,2025-03-01,4146.0
DST:FIKS22:BRANCHE07=I:BELØB=0:SÆSON=SÆSON,2025-04-01,4184.0
DST:FIKS22:BRANCHE07=I:BELØB=0:SÆSON=SÆSON,2025-05-01,4180.0
DST:FIKS22:BRANCHE07=I:BELØB=0:SÆSON=SÆSON,2025-06-01,4170.0
DST:FIKS22:BRANCHE07=I:BELØB=0:SÆSON=SÆSON,2025-07-01,4228.0
DST:FIKS22:BRANCHE07=I:BELØB=0:SÆSON=SÆSON,2025-08-01,4164.0
DST:FIKS22:BRANCHE07=I:BELØB=0:SÆSON=SÆSON,2025-09-01,4200.0
DST:FIKS22:BRANCHE07=I:BELØB=0:SÆSON=SÆSON,2025-10-01,4279.0
DST:FIKS22:BRANCHE07=I:BELØB=0:SÆSON=SÆSON,2025-11-01,4173.0
DST:FIKS22:BRANCHE07=I:BELØB=0:SÆSON=SÆSON,2025-12-01,4261.0
DST:FIKS22:BRANCHE07=I:BELØB=0:SÆSON=SÆSON,2026-01-01,4203.0
DST:FIKS22:BRANCHE07=I:BELØB=0:SÆSON=SÆSON,2026-02-01,4105.0
DST:FIKS22:BRANCHE07=I:BELØB=0:SÆSON=SÆSON,2026-03-01,4186.0
DST:FIKS22:BRANCHE07=I:BELØB=1:SÆSON=EJSÆSON,2009-01-01,2713.0
DST:FIKS22:BRANCHE07=I:BELØB=1:SÆSON=EJSÆSON,2009-02-01,2550.0
DST:FIKS22:BRANCHE07=I:BELØB=1:SÆSON=EJSÆSON,2009-03-01,2979.0
DST:FIKS22:BRANCHE07=I:BELØB=1:SÆSON=EJSÆSON,2009-04-01,3334.0
DST:FIKS22:BRANCHE07=I:BELØB=1:SÆSON=EJSÆSON,2009-05-01,3596.0
DST:FIKS22:BRANCHE07=I:BELØB=1:SÆSON=EJSÆSON,2009-06-01,3622.0
DST:FIKS22:BRANCHE07=I:BELØB=1:SÆSON=EJSÆSON,2009-07-01,3462.0
DST:FIKS22:BRANCHE07=I:BELØB=1:SÆSON=EJSÆSON,2009-08-01,3600.0
DST:FIKS22:BRANCHE07=I:BELØB=1:SÆSON=EJSÆSON,2009-09-01,3613.0
DST:FIKS22:BRANCHE07=I:BELØB=1:SÆSON=EJSÆSON,2009-10-01,3304.0
DST:FIKS22:BRANCHE07=I:BELØB=1:SÆSON=EJSÆSON,2009-11-01,3112.0
DST:FIKS22:BRANCHE07=I:BELØB=1:SÆSON=EJSÆSON,2009-12-01,3361.0
DST:FIKS22:BRANCHE07=I:BELØB=1:SÆSON=EJSÆSON,2010-01-01,2610.0
DST:FIKS22:BRANCHE07=I:BELØB=1:SÆSON=EJSÆSON,2010-02-01,2498.0
DST:FIKS22:BRANCHE07=I:BELØB=1:SÆSON=EJSÆSON,2010-03-01,3052.0
DST:FIKS22:BRANCHE07=I:BELØB=1:SÆSON=EJSÆSON,2010-04-01,3282.0
DST:FIKS22:BRANCHE07=I:BELØB=1:SÆSON=EJSÆSON,2010-05-01,3641.0
DST:FIKS22:BRANCHE07=I:BELØB=1:SÆSON=EJSÆSON,2010-06-01,3691.0
DST:FIKS22:BRANCHE07=I:BELØB=1:SÆSON=EJSÆSON,2010-07-01,3562.0
DST:FIKS22:BRANCHE07=I:BELØB=1:SÆSON=EJSÆSON,2010-08-01,3677.0
DST:FIKS22:BRANCHE07=I:BELØB=1:SÆSON=EJSÆSON,2010-09-01,3818.0
DST:FIKS22:BRANCHE07=I:BELØB=1:SÆSON=EJSÆSON,2010-10-01,3460.0
DST:FIKS22:BRANCHE07=I:BELØB=1:SÆSON=EJSÆSON,2010-11-01,3375.0
DST:FIKS22:BRANCHE07=I:BELØB=1:SÆSON=EJSÆSON,2010-12-01,3263.0
DST:FIKS22:BRANCHE07=I:BELØB=1:SÆSON=EJSÆSON,2011-01-01,2804.0
DST:FIKS22:BRANCHE07=I:BELØB=1:SÆSON=EJSÆSON,2011-02-01,2753.0
DST:FIKS22:BRANCHE07=I:BELØB=1:SÆSON=EJSÆSON,2011-03-01,3251.0
DST:FIKS22:BRANCHE07=I:BELØB=1:SÆSON=EJSÆSON,2011-04-01,3562.0
DST:FIKS22:BRANCHE07=I:BELØB=1:SÆSON=EJSÆSON,2011-05-01,4039.0
DST:FIKS22:BRANCHE07=I:BELØB=1:SÆSON=EJSÆSON,2011-06-01,3944.0
DST:FIKS22:BRANCHE07=I:BELØB=1:SÆSON=EJSÆSON,2011-07-01,3795.0
DST:FIKS22:BRANCHE07=I:BELØB=1:SÆSON=EJSÆSON,2011-08-01,3849.0
DST:FIKS22:BRANCHE07=I:BELØB=1:SÆSON=EJSÆSON,2011-09-01,4100.0
DST:FIKS22:BRANCHE07=I:BELØB=1:SÆSON=EJSÆSON,2011-10-01,3628.0
DST:FIKS22:BRANCHE07=I:BELØB=1:SÆSON=EJSÆSON,2011-11-01,3546.0
DST:FIKS22:BRANCHE07=I:BELØB=1:SÆSON=EJSÆSON,2011-12-01,3529.0
DST:FIKS22:BRANCHE07=I:BELØB=1:SÆSON=EJSÆSON,2012-01-01,2957.0
DST:FIKS22:BRANCHE07=I:BELØB=1:SÆSON=EJSÆSON,2012-02-01,2958.0
DST:FIKS22:BRANCHE07=I:BELØB=1:SÆSON=EJSÆSON,2012-03-01,3483.0
DST:FIKS22:BRANCHE07=I:BELØB=1:SÆSON=EJSÆSON,2012-04-01,3763.0
DST:FIKS22:BRANCHE07=I:BELØB=1:SÆSON=EJSÆSON,2012-05-01,4064.0
DST:FIKS22:BRANCHE07=I:BELØB=1:SÆSON=EJSÆSON,2012-06-01,4234.0
DST:FIKS22:BRANCHE07=I:BELØB=1:SÆSON=EJSÆSON,2012-07-01,3954.0
DST:FIKS22:BRANCHE07=I:BELØB=1:SÆSON=EJSÆSON,2012-08-01,4123.0
DST:FIKS22:BRANCHE07=I:BELØB=1:SÆSON=EJSÆSON,2012-09-01,4154.0
DST:FIKS22:BRANCHE07=I:BELØB=1:SÆSON=EJSÆSON,2012-10-01,3775.0
DST:FIKS22:BRANCHE07=I:BELØB=1:SÆSON=EJSÆSON,2012-11-01,3760.0
DST:FIKS22:BRANCHE07=I:BELØB=1:SÆSON=EJSÆSON,2012-12-01,3535.0
DST:FIKS22:BRANCHE07=I:BELØB=1:SÆSON=EJSÆSON,2013-01-01,3105.0
DST:FIKS22:BRANCHE07=I:BELØB=1:SÆSON=EJSÆSON,2013-02-01,2983.0
DST:FIKS22:BRANCHE07=I:BELØB=1:SÆSON=EJSÆSON,2013-03-01,3393.0
DST:FIKS22:BRANCHE07=I:BELØB=1:SÆSON=EJSÆSON,2013-04-01,3887.0
DST:FIKS22:BRANCHE07=I:BELØB=1:SÆSON=EJSÆSON,2013-05-01,4296.0
DST:FIKS22:BRANCHE07=I:BELØB=1:SÆSON=EJSÆSON,2013-06-01,4229.0
DST:FIKS22:BRANCHE07=I:BELØB=1:SÆSON=EJSÆSON,2013-07-01,4084.0
DST:FIKS22:BRANCHE07=I:BELØB=1:SÆSON=EJSÆSON,2013-08-01,4447.0
DST:FIKS22:BRANCHE07=I:BELØB=1:SÆSON=EJSÆSON,2013-09-01,4272.0
DST:FIKS22:BRANCHE07=I:BELØB=1:SÆSON=EJSÆSON,2013-10-01,3989.0
DST:FIKS22:BRANCHE07=I:BELØB=1:SÆSON=EJSÆSON,2013-11-01,3917.0
DST:FIKS22:BRANCHE07=I:BELØB=1:SÆSON=EJSÆSON,2013-12-01,3674.0
DST:FIKS22:BRANCHE07=I:BELØB=1:SÆSON=EJSÆSON,2014-01-01,3380.0
DST:FIKS22:BRANCHE07=I:BELØB=1:SÆSON=EJSÆSON,2014-02-01,3155.0
DST:FIKS22:BRANCHE07=I:BELØB=1:SÆSON=EJSÆSON,2014-03-01,3618.0
DST:FIKS22:BRANCHE07=I:BELØB=1:SÆSON=EJSÆSON,2014-04-01,4040.0
DST:FIKS22:BRANCHE07=I:BELØB=1:SÆSON=EJSÆSON,2014-05-01,4501.0
DST:FIKS22:BRANCHE07=I:BELØB=1:SÆSON=EJSÆSON,2014-06-01,4470.0
DST:FIKS22:BRANCHE07=I:BELØB=1:SÆSON=EJSÆSON,2014-07-01,4274.0
DST:FIKS22:BRANCHE07=I:BELØB=1:SÆSON=EJSÆSON,2014-08-01,4500.0
DST:FIKS22:BRANCHE07=I:BELØB=1:SÆSON=EJSÆSON,2014-09-01,4491.0
DST:FIKS22:BRANCHE07=I:BELØB=1:SÆSON=EJSÆSON,2014-10-01,4327.0
DST:FIKS22:BRANCHE07=I:BELØB=1:SÆSON=EJSÆSON,2014-11-01,4137.0
DST:FIKS22:BRANCHE07=I:BELØB=1:SÆSON=EJSÆSON,2014-12-01,4059.0
DST:FIKS22:BRANCHE07=I:BELØB=1:SÆSON=EJSÆSON,2015-01-01,3529.0
DST:FIKS22:BRANCHE07=I:BELØB=1:SÆSON=EJSÆSON,2015-02-01,3271.0
DST:FIKS22:BRANCHE07=I:BELØB=1:SÆSON=EJSÆSON,2015-03-01,3913.0
DST:FIKS22:BRANCHE07=I:BELØB=1:SÆSON=EJSÆSON,2015-04-01,4350.0
DST:FIKS22:BRANCHE07=I:BELØB=1:SÆSON=EJSÆSON,2015-05-01,4763.0
DST:FIKS22:BRANCHE07=I:BELØB=1:SÆSON=EJSÆSON,2015-06-01,4803.0
DST:FIKS22:BRANCHE07=I:BELØB=1:SÆSON=EJSÆSON,2015-07-01,4736.0
DST:FIKS22:BRANCHE07=I:BELØB=1:SÆSON=EJSÆSON,2015-08-01,4773.0
DST:FIKS22:BRANCHE07=I:BELØB=1:SÆSON=EJSÆSON,2015-09-01,4906.0
DST:FIKS22:BRANCHE07=I:BELØB=1:SÆSON=EJSÆSON,2015-10-01,4647.0
DST:FIKS22:BRANCHE07=I:BELØB=1:SÆSON=EJSÆSON,2015-11-01,4422.0
DST:FIKS22:BRANCHE07=I:BELØB=1:SÆSON=EJSÆSON,2015-12-01,4548.0
DST:FIKS22:BRANCHE07=I:BELØB=1:SÆSON=EJSÆSON,2016-01-01,3708.0
DST:FIKS22:BRANCHE07=I:BELØB=1:SÆSON=EJSÆSON,2016-02-01,3707.0
DST:FIKS22:BRANCHE07=I:BELØB=1:SÆSON=EJSÆSON,2016-03-01,4008.0
DST:FIKS22:BRANCHE07=I:BELØB=1:SÆSON=EJSÆSON,2016-04-01,4891.0
DST:FIKS22:BRANCHE07=I:BELØB=1:SÆSON=EJSÆSON,2016-05-01,5044.0
DST:FIKS22:BRANCHE07=I:BELØB=1:SÆSON=EJSÆSON,2016-06-01,5137.0
DST:FIKS22:BRANCHE07=I:BELØB=1:SÆSON=EJSÆSON,2016-07-01,5027.0
DST:FIKS22:BRANCHE07=I:BELØB=1:SÆSON=EJSÆSON,2016-08-01,5129.0
DST:FIKS22:BRANCHE07=I:BELØB=1:SÆSON=EJSÆSON,2016-09-01,5393.0
DST:FIKS22:BRANCHE07=I:BELØB=1:SÆSON=EJSÆSON,2016-10-01,4958.0
DST:FIKS22:BRANCHE07=I:BELØB=1:SÆSON=EJSÆSON,2016-11-01,4682.0
DST:FIKS22:BRANCHE07=I:BELØB=1:SÆSON=EJSÆSON,2016-12-01,4761.0
DST:FIKS22:BRANCHE07=I:BELØB=1:SÆSON=EJSÆSON,2017-01-01,3975.0
DST:FIKS22:BRANCHE07=I:BELØB=1:SÆSON=EJSÆSON,2017-02-01,3766.0
DST:FIKS22:BRANCHE07=I:BELØB=1:SÆSON=EJSÆSON,2017-03-01,4471.0
DST:FIKS22:BRANCHE07=I:BELØB=1:SÆSON=EJSÆSON,2017-04-01,4891.0
DST:FIKS22:BRANCHE07=I:BELØB=1:SÆSON=EJSÆSON,2017-05-01,5332.0
DST:FIKS22:BRANCHE07=I:BELØB=1:SÆSON=EJSÆSON,2017-06-01,5381.0
DST:FIKS22:BRANCHE07=I:BELØB=1:SÆSON=EJSÆSON,2017-07-01,5104.0
DST:FIKS22:BRANCHE07=I:BELØB=1:SÆSON=EJSÆSON,2017-08-01,5357.0
DST:FIKS22:BRANCHE07=I:BELØB=1:SÆSON=EJSÆSON,2017-09-01,5559.0
DST:FIKS22:BRANCHE07=I:BELØB=1:SÆSON=EJSÆSON,2017-10-01,5052.0
DST:FIKS22:BRANCHE07=I:BELØB=1:SÆSON=EJSÆSON,2017-11-01,4888.0
DST:FIKS22:BRANCHE07=I:BELØB=1:SÆSON=EJSÆSON,2017-12-01,4987.0
DST:FIKS22:BRANCHE07=I:BELØB=1:SÆSON=EJSÆSON,2018-01-01,4159.0
DST:FIKS22:BRANCHE07=I:BELØB=1:SÆSON=EJSÆSON,2018-02-01,3954.0
DST:FIKS22:BRANCHE07=I:BELØB=1:SÆSON=EJSÆSON,2018-03-01,4546.0
DST:FIKS22:BRANCHE07=I:BELØB=1:SÆSON=EJSÆSON,2018-04-01,5078.0
DST:FIKS22:BRANCHE07=I:BELØB=1:SÆSON=EJSÆSON,2018-05-01,5653.0
DST:FIKS22:BRANCHE07=I:BELØB=1:SÆSON=EJSÆSON,2018-06-01,5770.0
DST:FIKS22:BRANCHE07=I:BELØB=1:SÆSON=EJSÆSON,2018-07-01,5217.0
DST:FIKS22:BRANCHE07=I:BELØB=1:SÆSON=EJSÆSON,2018-08-01,5772.0
DST:FIKS22:BRANCHE07=I:BELØB=1:SÆSON=EJSÆSON,2018-09-01,5759.0
DST:FIKS22:BRANCHE07=I:BELØB=1:SÆSON=EJSÆSON,2018-10-01,5182.0
DST:FIKS22:BRANCHE07=I:BELØB=1:SÆSON=EJSÆSON,2018-11-01,5174.0
DST:FIKS22:BRANCHE07=I:BELØB=1:SÆSON=EJSÆSON,2018-12-01,5187.0
DST:FIKS22:BRANCHE07=I:BELØB=1:SÆSON=EJSÆSON,2019-01-01,4288.0
DST:FIKS22:BRANCHE07=I:BELØB=1:SÆSON=EJSÆSON,2019-02-01,4081.0
DST:FIKS22:BRANCHE07=I:BELØB=1:SÆSON=EJSÆSON,2019-03-01,4796.0
DST:FIKS22:BRANCHE07=I:BELØB=1:SÆSON=EJSÆSON,2019-04-01,5177.0
DST:FIKS22:BRANCHE07=I:BELØB=1:SÆSON=EJSÆSON,2019-05-01,5893.0
DST:FIKS22:BRANCHE07=I:BELØB=1:SÆSON=EJSÆSON,2019-06-01,5889.0
DST:FIKS22:BRANCHE07=I:BELØB=1:SÆSON=EJSÆSON,2019-07-01,5505.0
DST:FIKS22:BRANCHE07=I:BELØB=1:SÆSON=EJSÆSON,2019-08-01,5955.0
DST:FIKS22:BRANCHE07=I:BELØB=1:SÆSON=EJSÆSON,2019-09-01,5977.0
DST:FIKS22:BRANCHE07=I:BELØB=1:SÆSON=EJSÆSON,2019-10-01,5506.0
DST:FIKS22:BRANCHE07=I:BELØB=1:SÆSON=EJSÆSON,2019-11-01,5481.0
DST:FIKS22:BRANCHE07=I:BELØB=1:SÆSON=EJSÆSON,2019-12-01,5360.0
DST:FIKS22:BRANCHE07=I:BELØB=1:SÆSON=EJSÆSON,2020-01-01,4421.0
DST:FIKS22:BRANCHE07=I:BELØB=1:SÆSON=EJSÆSON,2020-02-01,4251.0
DST:FIKS22:BRANCHE07=I:BELØB=1:SÆSON=EJSÆSON,2020-03-01,2793.0
DST:FIKS22:BRANCHE07=I:BELØB=1:SÆSON=EJSÆSON,2020-04-01,2258.0
DST:FIKS22:BRANCHE07=I:BELØB=1:SÆSON=EJSÆSON,2020-05-01,2733.0
DST:FIKS22:BRANCHE07=I:BELØB=1:SÆSON=EJSÆSON,2020-06-01,3525.0
DST:FIKS22:BRANCHE07=I:BELØB=1:SÆSON=EJSÆSON,2020-07-01,5325.0
DST:FIKS22:BRANCHE07=I:BELØB=1:SÆSON=EJSÆSON,2020-08-01,5153.0
DST:FIKS22:BRANCHE07=I:BELØB=1:SÆSON=EJSÆSON,2020-09-01,4963.0
DST:FIKS22:BRANCHE07=I:BELØB=1:SÆSON=EJSÆSON,2020-10-01,4127.0
DST:FIKS22:BRANCHE07=I:BELØB=1:SÆSON=EJSÆSON,2020-11-01,3716.0
DST:FIKS22:BRANCHE07=I:BELØB=1:SÆSON=EJSÆSON,2020-12-01,3420.0
DST:FIKS22:BRANCHE07=I:BELØB=1:SÆSON=EJSÆSON,2021-01-01,2051.0
DST:FIKS22:BRANCHE07=I:BELØB=1:SÆSON=EJSÆSON,2021-02-01,1986.0
DST:FIKS22:BRANCHE07=I:BELØB=1:SÆSON=EJSÆSON,2021-03-01,2269.0
DST:FIKS22:BRANCHE07=I:BELØB=1:SÆSON=EJSÆSON,2021-04-01,3498.0
DST:FIKS22:BRANCHE07=I:BELØB=1:SÆSON=EJSÆSON,2021-05-01,4301.0
DST:FIKS22:BRANCHE07=I:BELØB=1:SÆSON=EJSÆSON,2021-06-01,5026.0
DST:FIKS22:BRANCHE07=I:BELØB=1:SÆSON=EJSÆSON,2021-07-01,5869.0
DST:FIKS22:BRANCHE07=I:BELØB=1:SÆSON=EJSÆSON,2021-08-01,6234.0
DST:FIKS22:BRANCHE07=I:BELØB=1:SÆSON=EJSÆSON,2021-09-01,6919.0
DST:FIKS22:BRANCHE07=I:BELØB=1:SÆSON=EJSÆSON,2021-10-01,6358.0
DST:FIKS22:BRANCHE07=I:BELØB=1:SÆSON=EJSÆSON,2021-11-01,6074.0
DST:FIKS22:BRANCHE07=I:BELØB=1:SÆSON=EJSÆSON,2021-12-01,5308.0
DST:FIKS22:BRANCHE07=I:BELØB=1:SÆSON=EJSÆSON,2022-01-01,4169.0
DST:FIKS22:BRANCHE07=I:BELØB=1:SÆSON=EJSÆSON,2022-02-01,4481.0
DST:FIKS22:BRANCHE07=I:BELØB=1:SÆSON=EJSÆSON,2022-03-01,5271.0
DST:FIKS22:BRANCHE07=I:BELØB=1:SÆSON=EJSÆSON,2022-04-01,6481.0
DST:FIKS22:BRANCHE07=I:BELØB=1:SÆSON=EJSÆSON,2022-05-01,6989.0
DST:FIKS22:BRANCHE07=I:BELØB=1:SÆSON=EJSÆSON,2022-06-01,7298.0
DST:FIKS22:BRANCHE07=I:BELØB=1:SÆSON=EJSÆSON,2022-07-01,6911.0
DST:FIKS22:BRANCHE07=I:BELØB=1:SÆSON=EJSÆSON,2022-08-01,7243.0
DST:FIKS22:BRANCHE07=I:BELØB=1:SÆSON=EJSÆSON,2022-09-01,7534.0
DST:FIKS22:BRANCHE07=I:BELØB=1:SÆSON=EJSÆSON,2022-10-01,6523.0
DST:FIKS22:BRANCHE07=I:BELØB=1:SÆSON=EJSÆSON,2022-11-01,6423.0
DST:FIKS22:BRANCHE07=I:BELØB=1:SÆSON=EJSÆSON,2022-12-01,6518.0
DST:FIKS22:BRANCHE07=I:BELØB=1:SÆSON=EJSÆSON,2023-01-01,5413.0
DST:FIKS22:BRANCHE07=I:BELØB=1:SÆSON=EJSÆSON,2023-02-01,5251.0
DST:FIKS22:BRANCHE07=I:BELØB=1:SÆSON=EJSÆSON,2023-03-01,6046.0
DST:FIKS22:BRANCHE07=I:BELØB=1:SÆSON=EJSÆSON,2023-04-01,6942.0
DST:FIKS22:BRANCHE07=I:BELØB=1:SÆSON=EJSÆSON,2023-05-01,7356.0
DST:FIKS22:BRANCHE07=I:BELØB=1:SÆSON=EJSÆSON,2023-06-01,7482.0
DST:FIKS22:BRANCHE07=I:BELØB=1:SÆSON=EJSÆSON,2023-07-01,7157.0
DST:FIKS22:BRANCHE07=I:BELØB=1:SÆSON=EJSÆSON,2023-08-01,7688.0
DST:FIKS22:BRANCHE07=I:BELØB=1:SÆSON=EJSÆSON,2023-09-01,7781.0
DST:FIKS22:BRANCHE07=I:BELØB=1:SÆSON=EJSÆSON,2023-10-01,6816.0
DST:FIKS22:BRANCHE07=I:BELØB=1:SÆSON=EJSÆSON,2023-11-01,6703.0
DST:FIKS22:BRANCHE07=I:BELØB=1:SÆSON=EJSÆSON,2023-12-01,6452.0
DST:FIKS22:BRANCHE07=I:BELØB=1:SÆSON=EJSÆSON,2024-01-01,5519.0
DST:FIKS22:BRANCHE07=I:BELØB=1:SÆSON=EJSÆSON,2024-02-01,5445.0
DST:FIKS22:BRANCHE07=I:BELØB=1:SÆSON=EJSÆSON,2024-03-01,6209.0
DST:FIKS22:BRANCHE07=I:BELØB=1:SÆSON=EJSÆSON,2024-04-01,7083.0
DST:FIKS22:BRANCHE07=I:BELØB=1:SÆSON=EJSÆSON,2024-05-01,7733.0
DST:FIKS22:BRANCHE07=I:BELØB=1:SÆSON=EJSÆSON,2024-06-01,7889.0
DST:FIKS22:BRANCHE07=I:BELØB=1:SÆSON=EJSÆSON,2024-07-01,7364.0
DST:FIKS22:BRANCHE07=I:BELØB=1:SÆSON=EJSÆSON,2024-08-01,8113.0
DST:FIKS22:BRANCHE07=I:BELØB=1:SÆSON=EJSÆSON,2024-09-01,7890.0
DST:FIKS22:BRANCHE07=I:BELØB=1:SÆSON=EJSÆSON,2024-10-01,7253.0
DST:FIKS22:BRANCHE07=I:BELØB=1:SÆSON=EJSÆSON,2024-11-01,7103.0
DST:FIKS22:BRANCHE07=I:BELØB=1:SÆSON=EJSÆSON,2024-12-01,6795.0
DST:FIKS22:BRANCHE07=I:BELØB=1:SÆSON=EJSÆSON,2025-01-01,5761.0
DST:FIKS22:BRANCHE07=I:BELØB=1:SÆSON=EJSÆSON,2025-02-01,5556.0
DST:FIKS22:BRANCHE07=I:BELØB=1:SÆSON=EJSÆSON,2025-03-01,6467.0
DST:FIKS22:BRANCHE07=I:BELØB=1:SÆSON=EJSÆSON,2025-04-01,7231.0
DST:FIKS22:BRANCHE07=I:BELØB=1:SÆSON=EJSÆSON,2025-05-01,8441.0
DST:FIKS22:BRANCHE07=I:BELØB=1:SÆSON=EJSÆSON,2025-06-01,8156.0
DST:FIKS22:BRANCHE07=I:BELØB=1:SÆSON=EJSÆSON,2025-07-01,7736.0
DST:FIKS22:BRANCHE07=I:BELØB=1:SÆSON=EJSÆSON,2025-08-01,8667.0
DST:FIKS22:BRANCHE07=I:BELØB=1:SÆSON=EJSÆSON,2025-09-01,8552.0
DST:FIKS22:BRANCHE07=I:BELØB=1:SÆSON=EJSÆSON,2025-10-01,7802.0
DST:FIKS22:BRANCHE07=I:BELØB=1:SÆSON=EJSÆSON,2025-11-01,7457.0
DST:FIKS22:BRANCHE07=I:BELØB=1:SÆSON=EJSÆSON,2025-12-01,7312.0
DST:FIKS22:BRANCHE07=I:BELØB=1:SÆSON=EJSÆSON,2026-01-01,6197.0
DST:FIKS22:BRANCHE07=I:BELØB=1:SÆSON=EJSÆSON,2026-02-01,5682.0
DST:FIKS22:BRANCHE07=I:BELØB=1:SÆSON=EJSÆSON,2026-03-01,6671.0
DST:FIKS22:BRANCHE07=I:BELØB=1:SÆSON=SÆSON,2009-01-01,3289.0
DST:FIKS22:BRANCHE07=I:BELØB=1:SÆSON=SÆSON,2009-02-01,3256.0
DST:FIKS22:BRANCHE07=I:BELØB=1:SÆSON=SÆSON,2009-03-01,3242.0
DST:FIKS22:BRANCHE07=I:BELØB=1:SÆSON=SÆSON,2009-04-01,3313.0
DST:FIKS22:BRANCHE07=I:BELØB=1:SÆSON=SÆSON,2009-05-01,3243.0
DST:FIKS22:BRANCHE07=I:BELØB=1:SÆSON=SÆSON,2009-06-01,3275.0
DST:FIKS22:BRANCHE07=I:BELØB=1:SÆSON=SÆSON,2009-07-01,3242.0
DST:FIKS22:BRANCHE07=I:BELØB=1:SÆSON=SÆSON,2009-08-01,3265.0
DST:FIKS22:BRANCHE07=I:BELØB=1:SÆSON=SÆSON,2009-09-01,3220.0
DST:FIKS22:BRANCHE07=I:BELØB=1:SÆSON=SÆSON,2009-10-01,3225.0
DST:FIKS22:BRANCHE07=I:BELØB=1:SÆSON=SÆSON,2009-11-01,3187.0
DST:FIKS22:BRANCHE07=I:BELØB=1:SÆSON=SÆSON,2009-12-01,3605.0
DST:FIKS22:BRANCHE07=I:BELØB=1:SÆSON=SÆSON,2010-01-01,3218.0
DST:FIKS22:BRANCHE07=I:BELØB=1:SÆSON=SÆSON,2010-02-01,3185.0
DST:FIKS22:BRANCHE07=I:BELØB=1:SÆSON=SÆSON,2010-03-01,3343.0
DST:FIKS22:BRANCHE07=I:BELØB=1:SÆSON=SÆSON,2010-04-01,3238.0
DST:FIKS22:BRANCHE07=I:BELØB=1:SÆSON=SÆSON,2010-05-01,3281.0
DST:FIKS22:BRANCHE07=I:BELØB=1:SÆSON=SÆSON,2010-06-01,3305.0
DST:FIKS22:BRANCHE07=I:BELØB=1:SÆSON=SÆSON,2010-07-01,3314.0
DST:FIKS22:BRANCHE07=I:BELØB=1:SÆSON=SÆSON,2010-08-01,3360.0
DST:FIKS22:BRANCHE07=I:BELØB=1:SÆSON=SÆSON,2010-09-01,3397.0
DST:FIKS22:BRANCHE07=I:BELØB=1:SÆSON=SÆSON,2010-10-01,3409.0
DST:FIKS22:BRANCHE07=I:BELØB=1:SÆSON=SÆSON,2010-11-01,3430.0
DST:FIKS22:BRANCHE07=I:BELØB=1:SÆSON=SÆSON,2010-12-01,3406.0
DST:FIKS22:BRANCHE07=I:BELØB=1:SÆSON=SÆSON,2011-01-01,3457.0
DST:FIKS22:BRANCHE07=I:BELØB=1:SÆSON=SÆSON,2011-02-01,3503.0
DST:FIKS22:BRANCHE07=I:BELØB=1:SÆSON=SÆSON,2011-03-01,3526.0
DST:FIKS22:BRANCHE07=I:BELØB=1:SÆSON=SÆSON,2011-04-01,3486.0
DST:FIKS22:BRANCHE07=I:BELØB=1:SÆSON=SÆSON,2011-05-01,3641.0
DST:FIKS22:BRANCHE07=I:BELØB=1:SÆSON=SÆSON,2011-06-01,3561.0
DST:FIKS22:BRANCHE07=I:BELØB=1:SÆSON=SÆSON,2011-07-01,3568.0
DST:FIKS22:BRANCHE07=I:BELØB=1:SÆSON=SÆSON,2011-08-01,3499.0
DST:FIKS22:BRANCHE07=I:BELØB=1:SÆSON=SÆSON,2011-09-01,3623.0
DST:FIKS22:BRANCHE07=I:BELØB=1:SÆSON=SÆSON,2011-10-01,3583.0
DST:FIKS22:BRANCHE07=I:BELØB=1:SÆSON=SÆSON,2011-11-01,3612.0
DST:FIKS22:BRANCHE07=I:BELØB=1:SÆSON=SÆSON,2011-12-01,3654.0
DST:FIKS22:BRANCHE07=I:BELØB=1:SÆSON=SÆSON,2012-01-01,3613.0
DST:FIKS22:BRANCHE07=I:BELØB=1:SÆSON=SÆSON,2012-02-01,3688.0
DST:FIKS22:BRANCHE07=I:BELØB=1:SÆSON=SÆSON,2012-03-01,3735.0
DST:FIKS22:BRANCHE07=I:BELØB=1:SÆSON=SÆSON,2012-04-01,3739.0
DST:FIKS22:BRANCHE07=I:BELØB=1:SÆSON=SÆSON,2012-05-01,3727.0
DST:FIKS22:BRANCHE07=I:BELØB=1:SÆSON=SÆSON,2012-06-01,3726.0
DST:FIKS22:BRANCHE07=I:BELØB=1:SÆSON=SÆSON,2012-07-01,3759.0
DST:FIKS22:BRANCHE07=I:BELØB=1:SÆSON=SÆSON,2012-08-01,3730.0
DST:FIKS22:BRANCHE07=I:BELØB=1:SÆSON=SÆSON,2012-09-01,3736.0
DST:FIKS22:BRANCHE07=I:BELØB=1:SÆSON=SÆSON,2012-10-01,3712.0
DST:FIKS22:BRANCHE07=I:BELØB=1:SÆSON=SÆSON,2012-11-01,3772.0
DST:FIKS22:BRANCHE07=I:BELØB=1:SÆSON=SÆSON,2012-12-01,3708.0
DST:FIKS22:BRANCHE07=I:BELØB=1:SÆSON=SÆSON,2013-01-01,3793.0
DST:FIKS22:BRANCHE07=I:BELØB=1:SÆSON=SÆSON,2013-02-01,3774.0
DST:FIKS22:BRANCHE07=I:BELØB=1:SÆSON=SÆSON,2013-03-01,3755.0
DST:FIKS22:BRANCHE07=I:BELØB=1:SÆSON=SÆSON,2013-04-01,3826.0
DST:FIKS22:BRANCHE07=I:BELØB=1:SÆSON=SÆSON,2013-05-01,3836.0
DST:FIKS22:BRANCHE07=I:BELØB=1:SÆSON=SÆSON,2013-06-01,3804.0
DST:FIKS22:BRANCHE07=I:BELØB=1:SÆSON=SÆSON,2013-07-01,3851.0
DST:FIKS22:BRANCHE07=I:BELØB=1:SÆSON=SÆSON,2013-08-01,4013.0
DST:FIKS22:BRANCHE07=I:BELØB=1:SÆSON=SÆSON,2013-09-01,3859.0
DST:FIKS22:BRANCHE07=I:BELØB=1:SÆSON=SÆSON,2013-10-01,3913.0
DST:FIKS22:BRANCHE07=I:BELØB=1:SÆSON=SÆSON,2013-11-01,3909.0
DST:FIKS22:BRANCHE07=I:BELØB=1:SÆSON=SÆSON,2013-12-01,3870.0
DST:FIKS22:BRANCHE07=I:BELØB=1:SÆSON=SÆSON,2014-01-01,4078.0
DST:FIKS22:BRANCHE07=I:BELØB=1:SÆSON=SÆSON,2014-02-01,3989.0
DST:FIKS22:BRANCHE07=I:BELØB=1:SÆSON=SÆSON,2014-03-01,3953.0
DST:FIKS22:BRANCHE07=I:BELØB=1:SÆSON=SÆSON,2014-04-01,4009.0
DST:FIKS22:BRANCHE07=I:BELØB=1:SÆSON=SÆSON,2014-05-01,4022.0
DST:FIKS22:BRANCHE07=I:BELØB=1:SÆSON=SÆSON,2014-06-01,4106.0
DST:FIKS22:BRANCHE07=I:BELØB=1:SÆSON=SÆSON,2014-07-01,4040.0
DST:FIKS22:BRANCHE07=I:BELØB=1:SÆSON=SÆSON,2014-08-01,4112.0
DST:FIKS22:BRANCHE07=I:BELØB=1:SÆSON=SÆSON,2014-09-01,4035.0
DST:FIKS22:BRANCHE07=I:BELØB=1:SÆSON=SÆSON,2014-10-01,4183.0
DST:FIKS22:BRANCHE07=I:BELØB=1:SÆSON=SÆSON,2014-11-01,4201.0
DST:FIKS22:BRANCHE07=I:BELØB=1:SÆSON=SÆSON,2014-12-01,4250.0
DST:FIKS22:BRANCHE07=I:BELØB=1:SÆSON=SÆSON,2015-01-01,4234.0
DST:FIKS22:BRANCHE07=I:BELØB=1:SÆSON=SÆSON,2015-02-01,4140.0
DST:FIKS22:BRANCHE07=I:BELØB=1:SÆSON=SÆSON,2015-03-01,4363.0
DST:FIKS22:BRANCHE07=I:BELØB=1:SÆSON=SÆSON,2015-04-01,4256.0
DST:FIKS22:BRANCHE07=I:BELØB=1:SÆSON=SÆSON,2015-05-01,4362.0
DST:FIKS22:BRANCHE07=I:BELØB=1:SÆSON=SÆSON,2015-06-01,4370.0
DST:FIKS22:BRANCHE07=I:BELØB=1:SÆSON=SÆSON,2015-07-01,4443.0
DST:FIKS22:BRANCHE07=I:BELØB=1:SÆSON=SÆSON,2015-08-01,4384.0
DST:FIKS22:BRANCHE07=I:BELØB=1:SÆSON=SÆSON,2015-09-01,4426.0
DST:FIKS22:BRANCHE07=I:BELØB=1:SÆSON=SÆSON,2015-10-01,4453.0
DST:FIKS22:BRANCHE07=I:BELØB=1:SÆSON=SÆSON,2015-11-01,4498.0
DST:FIKS22:BRANCHE07=I:BELØB=1:SÆSON=SÆSON,2015-12-01,4746.0
DST:FIKS22:BRANCHE07=I:BELØB=1:SÆSON=SÆSON,2016-01-01,4520.0
DST:FIKS22:BRANCHE07=I:BELØB=1:SÆSON=SÆSON,2016-02-01,4602.0
DST:FIKS22:BRANCHE07=I:BELØB=1:SÆSON=SÆSON,2016-03-01,4557.0
DST:FIKS22:BRANCHE07=I:BELØB=1:SÆSON=SÆSON,2016-04-01,4704.0
DST:FIKS22:BRANCHE07=I:BELØB=1:SÆSON=SÆSON,2016-05-01,4596.0
DST:FIKS22:BRANCHE07=I:BELØB=1:SÆSON=SÆSON,2016-06-01,4605.0
DST:FIKS22:BRANCHE07=I:BELØB=1:SÆSON=SÆSON,2016-07-01,4757.0
DST:FIKS22:BRANCHE07=I:BELØB=1:SÆSON=SÆSON,2016-08-01,4700.0
DST:FIKS22:BRANCHE07=I:BELØB=1:SÆSON=SÆSON,2016-09-01,4791.0
DST:FIKS22:BRANCHE07=I:BELØB=1:SÆSON=SÆSON,2016-10-01,4824.0
DST:FIKS22:BRANCHE07=I:BELØB=1:SÆSON=SÆSON,2016-11-01,4754.0
DST:FIKS22:BRANCHE07=I:BELØB=1:SÆSON=SÆSON,2016-12-01,4761.0
DST:FIKS22:BRANCHE07=I:BELØB=1:SÆSON=SÆSON,2017-01-01,4825.0
DST:FIKS22:BRANCHE07=I:BELØB=1:SÆSON=SÆSON,2017-02-01,4801.0
DST:FIKS22:BRANCHE07=I:BELØB=1:SÆSON=SÆSON,2017-03-01,4874.0
DST:FIKS22:BRANCHE07=I:BELØB=1:SÆSON=SÆSON,2017-04-01,4869.0
DST:FIKS22:BRANCHE07=I:BELØB=1:SÆSON=SÆSON,2017-05-01,4850.0
DST:FIKS22:BRANCHE07=I:BELØB=1:SÆSON=SÆSON,2017-06-01,4826.0
DST:FIKS22:BRANCHE07=I:BELØB=1:SÆSON=SÆSON,2017-07-01,4876.0
DST:FIKS22:BRANCHE07=I:BELØB=1:SÆSON=SÆSON,2017-08-01,4910.0
DST:FIKS22:BRANCHE07=I:BELØB=1:SÆSON=SÆSON,2017-09-01,4903.0
DST:FIKS22:BRANCHE07=I:BELØB=1:SÆSON=SÆSON,2017-10-01,4954.0
DST:FIKS22:BRANCHE07=I:BELØB=1:SÆSON=SÆSON,2017-11-01,4946.0
DST:FIKS22:BRANCHE07=I:BELØB=1:SÆSON=SÆSON,2017-12-01,5057.0
DST:FIKS22:BRANCHE07=I:BELØB=1:SÆSON=SÆSON,2018-01-01,5092.0
DST:FIKS22:BRANCHE07=I:BELØB=1:SÆSON=SÆSON,2018-02-01,5065.0
DST:FIKS22:BRANCHE07=I:BELØB=1:SÆSON=SÆSON,2018-03-01,5034.0
DST:FIKS22:BRANCHE07=I:BELØB=1:SÆSON=SÆSON,2018-04-01,5040.0
DST:FIKS22:BRANCHE07=I:BELØB=1:SÆSON=SÆSON,2018-05-01,5131.0
DST:FIKS22:BRANCHE07=I:BELØB=1:SÆSON=SÆSON,2018-06-01,5105.0
DST:FIKS22:BRANCHE07=I:BELØB=1:SÆSON=SÆSON,2018-07-01,5030.0
DST:FIKS22:BRANCHE07=I:BELØB=1:SÆSON=SÆSON,2018-08-01,5229.0
DST:FIKS22:BRANCHE07=I:BELØB=1:SÆSON=SÆSON,2018-09-01,5143.0
DST:FIKS22:BRANCHE07=I:BELØB=1:SÆSON=SÆSON,2018-10-01,5052.0
DST:FIKS22:BRANCHE07=I:BELØB=1:SÆSON=SÆSON,2018-11-01,5188.0
DST:FIKS22:BRANCHE07=I:BELØB=1:SÆSON=SÆSON,2018-12-01,5264.0
DST:FIKS22:BRANCHE07=I:BELØB=1:SÆSON=SÆSON,2019-01-01,5264.0
DST:FIKS22:BRANCHE07=I:BELØB=1:SÆSON=SÆSON,2019-02-01,5241.0
DST:FIKS22:BRANCHE07=I:BELØB=1:SÆSON=SÆSON,2019-03-01,5269.0
DST:FIKS22:BRANCHE07=I:BELØB=1:SÆSON=SÆSON,2019-04-01,5113.0
DST:FIKS22:BRANCHE07=I:BELØB=1:SÆSON=SÆSON,2019-05-01,5322.0
DST:FIKS22:BRANCHE07=I:BELØB=1:SÆSON=SÆSON,2019-06-01,5329.0
DST:FIKS22:BRANCHE07=I:BELØB=1:SÆSON=SÆSON,2019-07-01,5277.0
DST:FIKS22:BRANCHE07=I:BELØB=1:SÆSON=SÆSON,2019-08-01,5354.0
DST:FIKS22:BRANCHE07=I:BELØB=1:SÆSON=SÆSON,2019-09-01,5319.0
DST:FIKS22:BRANCHE07=I:BELØB=1:SÆSON=SÆSON,2019-10-01,5389.0
DST:FIKS22:BRANCHE07=I:BELØB=1:SÆSON=SÆSON,2019-11-01,5490.0
DST:FIKS22:BRANCHE07=I:BELØB=1:SÆSON=SÆSON,2019-12-01,5520.0
DST:FIKS22:BRANCHE07=I:BELØB=1:SÆSON=SÆSON,2020-01-01,5409.0
DST:FIKS22:BRANCHE07=I:BELØB=1:SÆSON=SÆSON,2020-02-01,5339.0
DST:FIKS22:BRANCHE07=I:BELØB=1:SÆSON=SÆSON,2020-03-01,3113.0
DST:FIKS22:BRANCHE07=I:BELØB=1:SÆSON=SÆSON,2020-04-01,2225.0
DST:FIKS22:BRANCHE07=I:BELØB=1:SÆSON=SÆSON,2020-05-01,2480.0
DST:FIKS22:BRANCHE07=I:BELØB=1:SÆSON=SÆSON,2020-06-01,3182.0
DST:FIKS22:BRANCHE07=I:BELØB=1:SÆSON=SÆSON,2020-07-01,5053.0
DST:FIKS22:BRANCHE07=I:BELØB=1:SÆSON=SÆSON,2020-08-01,4692.0
DST:FIKS22:BRANCHE07=I:BELØB=1:SÆSON=SÆSON,2020-09-01,4394.0
DST:FIKS22:BRANCHE07=I:BELØB=1:SÆSON=SÆSON,2020-10-01,3983.0
DST:FIKS22:BRANCHE07=I:BELØB=1:SÆSON=SÆSON,2020-11-01,3800.0
DST:FIKS22:BRANCHE07=I:BELØB=1:SÆSON=SÆSON,2020-12-01,3572.0
DST:FIKS22:BRANCHE07=I:BELØB=1:SÆSON=SÆSON,2021-01-01,2559.0
DST:FIKS22:BRANCHE07=I:BELØB=1:SÆSON=SÆSON,2021-02-01,2552.0
DST:FIKS22:BRANCHE07=I:BELØB=1:SÆSON=SÆSON,2021-03-01,2553.0
DST:FIKS22:BRANCHE07=I:BELØB=1:SÆSON=SÆSON,2021-04-01,3415.0
DST:FIKS22:BRANCHE07=I:BELØB=1:SÆSON=SÆSON,2021-05-01,3903.0
DST:FIKS22:BRANCHE07=I:BELØB=1:SÆSON=SÆSON,2021-06-01,4471.0
DST:FIKS22:BRANCHE07=I:BELØB=1:SÆSON=SÆSON,2021-07-01,5519.0
DST:FIKS22:BRANCHE07=I:BELØB=1:SÆSON=SÆSON,2021-08-01,5687.0
DST:FIKS22:BRANCHE07=I:BELØB=1:SÆSON=SÆSON,2021-09-01,6097.0
DST:FIKS22:BRANCHE07=I:BELØB=1:SÆSON=SÆSON,2021-10-01,6206.0
DST:FIKS22:BRANCHE07=I:BELØB=1:SÆSON=SÆSON,2021-11-01,6179.0
DST:FIKS22:BRANCHE07=I:BELØB=1:SÆSON=SÆSON,2021-12-01,5435.0
DST:FIKS22:BRANCHE07=I:BELØB=1:SÆSON=SÆSON,2022-01-01,5224.0
DST:FIKS22:BRANCHE07=I:BELØB=1:SÆSON=SÆSON,2022-02-01,5757.0
DST:FIKS22:BRANCHE07=I:BELØB=1:SÆSON=SÆSON,2022-03-01,5879.0
DST:FIKS22:BRANCHE07=I:BELØB=1:SÆSON=SÆSON,2022-04-01,6268.0
DST:FIKS22:BRANCHE07=I:BELØB=1:SÆSON=SÆSON,2022-05-01,6412.0
DST:FIKS22:BRANCHE07=I:BELØB=1:SÆSON=SÆSON,2022-06-01,6461.0
DST:FIKS22:BRANCHE07=I:BELØB=1:SÆSON=SÆSON,2022-07-01,6553.0
DST:FIKS22:BRANCHE07=I:BELØB=1:SÆSON=SÆSON,2022-08-01,6512.0
DST:FIKS22:BRANCHE07=I:BELØB=1:SÆSON=SÆSON,2022-09-01,6575.0
DST:FIKS22:BRANCHE07=I:BELØB=1:SÆSON=SÆSON,2022-10-01,6401.0
DST:FIKS22:BRANCHE07=I:BELØB=1:SÆSON=SÆSON,2022-11-01,6576.0
DST:FIKS22:BRANCHE07=I:BELØB=1:SÆSON=SÆSON,2022-12-01,6659.0
DST:FIKS22:BRANCHE07=I:BELØB=1:SÆSON=SÆSON,2023-01-01,6743.0
DST:FIKS22:BRANCHE07=I:BELØB=1:SÆSON=SÆSON,2023-02-01,6752.0
DST:FIKS22:BRANCHE07=I:BELØB=1:SÆSON=SÆSON,2023-03-01,6694.0
DST:FIKS22:BRANCHE07=I:BELØB=1:SÆSON=SÆSON,2023-04-01,6841.0
DST:FIKS22:BRANCHE07=I:BELØB=1:SÆSON=SÆSON,2023-05-01,6763.0
DST:FIKS22:BRANCHE07=I:BELØB=1:SÆSON=SÆSON,2023-06-01,6572.0
DST:FIKS22:BRANCHE07=I:BELØB=1:SÆSON=SÆSON,2023-07-01,6818.0
DST:FIKS22:BRANCHE07=I:BELØB=1:SÆSON=SÆSON,2023-08-01,6869.0
DST:FIKS22:BRANCHE07=I:BELØB=1:SÆSON=SÆSON,2023-09-01,6779.0
DST:FIKS22:BRANCHE07=I:BELØB=1:SÆSON=SÆSON,2023-10-01,6736.0
DST:FIKS22:BRANCHE07=I:BELØB=1:SÆSON=SÆSON,2023-11-01,6839.0
DST:FIKS22:BRANCHE07=I:BELØB=1:SÆSON=SÆSON,2023-12-01,6713.0
DST:FIKS22:BRANCHE07=I:BELØB=1:SÆSON=SÆSON,2024-01-01,6903.0
DST:FIKS22:BRANCHE07=I:BELØB=1:SÆSON=SÆSON,2024-02-01,6884.0
DST:FIKS22:BRANCHE07=I:BELØB=1:SÆSON=SÆSON,2024-03-01,7065.0
DST:FIKS22:BRANCHE07=I:BELØB=1:SÆSON=SÆSON,2024-04-01,6936.0
DST:FIKS22:BRANCHE07=I:BELØB=1:SÆSON=SÆSON,2024-05-01,6909.0
DST:FIKS22:BRANCHE07=I:BELØB=1:SÆSON=SÆSON,2024-06-01,7013.0
DST:FIKS22:BRANCHE07=I:BELØB=1:SÆSON=SÆSON,2024-07-01,7017.0
DST:FIKS22:BRANCHE07=I:BELØB=1:SÆSON=SÆSON,2024-08-01,7076.0
DST:FIKS22:BRANCHE07=I:BELØB=1:SÆSON=SÆSON,2024-09-01,7014.0
DST:FIKS22:BRANCHE07=I:BELØB=1:SÆSON=SÆSON,2024-10-01,7131.0
DST:FIKS22:BRANCHE07=I:BELØB=1:SÆSON=SÆSON,2024-11-01,7140.0
DST:FIKS22:BRANCHE07=I:BELØB=1:SÆSON=SÆSON,2024-12-01,7129.0
DST:FIKS22:BRANCHE07=I:BELØB=1:SÆSON=SÆSON,2025-01-01,7106.0
DST:FIKS22:BRANCHE07=I:BELØB=1:SÆSON=SÆSON,2025-02-01,7202.0
DST:FIKS22:BRANCHE07=I:BELØB=1:SÆSON=SÆSON,2025-03-01,7240.0
DST:FIKS22:BRANCHE07=I:BELØB=1:SÆSON=SÆSON,2025-04-01,7176.0
DST:FIKS22:BRANCHE07=I:BELØB=1:SÆSON=SÆSON,2025-05-01,7515.0
DST:FIKS22:BRANCHE07=I:BELØB=1:SÆSON=SÆSON,2025-06-01,7385.0
DST:FIKS22:BRANCHE07=I:BELØB=1:SÆSON=SÆSON,2025-07-01,7397.0
DST:FIKS22:BRANCHE07=I:BELØB=1:SÆSON=SÆSON,2025-08-01,7600.0
DST:FIKS22:BRANCHE07=I:BELØB=1:SÆSON=SÆSON,2025-09-01,7560.0
DST:FIKS22:BRANCHE07=I:BELØB=1:SÆSON=SÆSON,2025-10-01,7587.0
DST:FIKS22:BRANCHE07=I:BELØB=1:SÆSON=SÆSON,2025-11-01,7608.0
DST:FIKS22:BRANCHE07=I:BELØB=1:SÆSON=SÆSON,2025-12-01,7675.0
DST:FIKS22:BRANCHE07=I:BELØB=1:SÆSON=SÆSON,2026-01-01,7621.0
DST:FIKS22:BRANCHE07=I:BELØB=1:SÆSON=SÆSON,2026-02-01,7399.0
DST:FIKS22:BRANCHE07=I:BELØB=1:SÆSON=SÆSON,2026-03-01,7591.0
DST:FIKS22:BRANCHE07=I:BELØB=3:SÆSON=EJSÆSON,2009-01-01,1872.0
DST:FIKS22:BRANCHE07=I:BELØB=3:SÆSON=EJSÆSON,2009-02-01,1771.0
DST:FIKS22:BRANCHE07=I:BELØB=3:SÆSON=EJSÆSON,2009-03-01,2082.0
DST:FIKS22:BRANCHE07=I:BELØB=3:SÆSON=EJSÆSON,2009-04-01,2211.0
DST:FIKS22:BRANCHE07=I:BELØB=3:SÆSON=EJSÆSON,2009-05-01,2095.0
DST:FIKS22:BRANCHE07=I:BELØB=3:SÆSON=EJSÆSON,2009-06-01,2286.0
DST:FIKS22:BRANCHE07=I:BELØB=3:SÆSON=EJSÆSON,2009-07-01,2159.0
DST:FIKS22:BRANCHE07=I:BELØB=3:SÆSON=EJSÆSON,2009-08-01,2135.0
DST:FIKS22:BRANCHE07=I:BELØB=3:SÆSON=EJSÆSON,2009-09-01,2122.0
DST:FIKS22:BRANCHE07=I:BELØB=3:SÆSON=EJSÆSON,2009-10-01,2016.0
DST:FIKS22:BRANCHE07=I:BELØB=3:SÆSON=EJSÆSON,2009-11-01,1877.0
DST:FIKS22:BRANCHE07=I:BELØB=3:SÆSON=EJSÆSON,2009-12-01,2138.0
DST:FIKS22:BRANCHE07=I:BELØB=3:SÆSON=EJSÆSON,2010-01-01,1711.0
DST:FIKS22:BRANCHE07=I:BELØB=3:SÆSON=EJSÆSON,2010-02-01,1657.0
DST:FIKS22:BRANCHE07=I:BELØB=3:SÆSON=EJSÆSON,2010-03-01,2037.0
DST:FIKS22:BRANCHE07=I:BELØB=3:SÆSON=EJSÆSON,2010-04-01,2093.0
DST:FIKS22:BRANCHE07=I:BELØB=3:SÆSON=EJSÆSON,2010-05-01,2074.0
DST:FIKS22:BRANCHE07=I:BELØB=3:SÆSON=EJSÆSON,2010-06-01,2433.0
DST:FIKS22:BRANCHE07=I:BELØB=3:SÆSON=EJSÆSON,2010-07-01,2178.0
DST:FIKS22:BRANCHE07=I:BELØB=3:SÆSON=EJSÆSON,2010-08-01,2137.0
DST:FIKS22:BRANCHE07=I:BELØB=3:SÆSON=EJSÆSON,2010-09-01,2357.0
DST:FIKS22:BRANCHE07=I:BELØB=3:SÆSON=EJSÆSON,2010-10-01,2155.0
DST:FIKS22:BRANCHE07=I:BELØB=3:SÆSON=EJSÆSON,2010-11-01,2113.0
DST:FIKS22:BRANCHE07=I:BELØB=3:SÆSON=EJSÆSON,2010-12-01,2267.0
DST:FIKS22:BRANCHE07=I:BELØB=3:SÆSON=EJSÆSON,2011-01-01,1894.0
DST:FIKS22:BRANCHE07=I:BELØB=3:SÆSON=EJSÆSON,2011-02-01,1799.0
DST:FIKS22:BRANCHE07=I:BELØB=3:SÆSON=EJSÆSON,2011-03-01,2140.0
DST:FIKS22:BRANCHE07=I:BELØB=3:SÆSON=EJSÆSON,2011-04-01,2291.0
DST:FIKS22:BRANCHE07=I:BELØB=3:SÆSON=EJSÆSON,2011-05-01,2323.0
DST:FIKS22:BRANCHE07=I:BELØB=3:SÆSON=EJSÆSON,2011-06-01,2491.0
DST:FIKS22:BRANCHE07=I:BELØB=3:SÆSON=EJSÆSON,2011-07-01,2237.0
DST:FIKS22:BRANCHE07=I:BELØB=3:SÆSON=EJSÆSON,2011-08-01,2327.0
DST:FIKS22:BRANCHE07=I:BELØB=3:SÆSON=EJSÆSON,2011-09-01,2411.0
DST:FIKS22:BRANCHE07=I:BELØB=3:SÆSON=EJSÆSON,2011-10-01,2233.0
DST:FIKS22:BRANCHE07=I:BELØB=3:SÆSON=EJSÆSON,2011-11-01,2191.0
DST:FIKS22:BRANCHE07=I:BELØB=3:SÆSON=EJSÆSON,2011-12-01,2369.0
DST:FIKS22:BRANCHE07=I:BELØB=3:SÆSON=EJSÆSON,2012-01-01,2041.0
DST:FIKS22:BRANCHE07=I:BELØB=3:SÆSON=EJSÆSON,2012-02-01,1934.0
DST:FIKS22:BRANCHE07=I:BELØB=3:SÆSON=EJSÆSON,2012-03-01,2254.0
DST:FIKS22:BRANCHE07=I:BELØB=3:SÆSON=EJSÆSON,2012-04-01,2343.0
DST:FIKS22:BRANCHE07=I:BELØB=3:SÆSON=EJSÆSON,2012-05-01,2457.0
DST:FIKS22:BRANCHE07=I:BELØB=3:SÆSON=EJSÆSON,2012-06-01,2538.0
DST:FIKS22:BRANCHE07=I:BELØB=3:SÆSON=EJSÆSON,2012-07-01,2415.0
DST:FIKS22:BRANCHE07=I:BELØB=3:SÆSON=EJSÆSON,2012-08-01,2403.0
DST:FIKS22:BRANCHE07=I:BELØB=3:SÆSON=EJSÆSON,2012-09-01,2396.0
DST:FIKS22:BRANCHE07=I:BELØB=3:SÆSON=EJSÆSON,2012-10-01,2459.0
DST:FIKS22:BRANCHE07=I:BELØB=3:SÆSON=EJSÆSON,2012-11-01,2309.0
DST:FIKS22:BRANCHE07=I:BELØB=3:SÆSON=EJSÆSON,2012-12-01,2408.0
DST:FIKS22:BRANCHE07=I:BELØB=3:SÆSON=EJSÆSON,2013-01-01,2133.0
DST:FIKS22:BRANCHE07=I:BELØB=3:SÆSON=EJSÆSON,2013-02-01,1963.0
DST:FIKS22:BRANCHE07=I:BELØB=3:SÆSON=EJSÆSON,2013-03-01,2249.0
DST:FIKS22:BRANCHE07=I:BELØB=3:SÆSON=EJSÆSON,2013-04-01,2598.0
DST:FIKS22:BRANCHE07=I:BELØB=3:SÆSON=EJSÆSON,2013-05-01,2555.0
DST:FIKS22:BRANCHE07=I:BELØB=3:SÆSON=EJSÆSON,2013-06-01,2499.0
DST:FIKS22:BRANCHE07=I:BELØB=3:SÆSON=EJSÆSON,2013-07-01,2501.0
DST:FIKS22:BRANCHE07=I:BELØB=3:SÆSON=EJSÆSON,2013-08-01,2482.0
DST:FIKS22:BRANCHE07=I:BELØB=3:SÆSON=EJSÆSON,2013-09-01,2615.0
DST:FIKS22:BRANCHE07=I:BELØB=3:SÆSON=EJSÆSON,2013-10-01,2501.0
DST:FIKS22:BRANCHE07=I:BELØB=3:SÆSON=EJSÆSON,2013-11-01,2348.0
DST:FIKS22:BRANCHE07=I:BELØB=3:SÆSON=EJSÆSON,2013-12-01,2522.0
DST:FIKS22:BRANCHE07=I:BELØB=3:SÆSON=EJSÆSON,2014-01-01,2163.0
DST:FIKS22:BRANCHE07=I:BELØB=3:SÆSON=EJSÆSON,2014-02-01,2032.0
DST:FIKS22:BRANCHE07=I:BELØB=3:SÆSON=EJSÆSON,2014-03-01,2428.0
DST:FIKS22:BRANCHE07=I:BELØB=3:SÆSON=EJSÆSON,2014-04-01,2571.0
DST:FIKS22:BRANCHE07=I:BELØB=3:SÆSON=EJSÆSON,2014-05-01,2521.0
DST:FIKS22:BRANCHE07=I:BELØB=3:SÆSON=EJSÆSON,2014-06-01,2824.0
DST:FIKS22:BRANCHE07=I:BELØB=3:SÆSON=EJSÆSON,2014-07-01,2578.0
DST:FIKS22:BRANCHE07=I:BELØB=3:SÆSON=EJSÆSON,2014-08-01,2512.0
DST:FIKS22:BRANCHE07=I:BELØB=3:SÆSON=EJSÆSON,2014-09-01,2752.0
DST:FIKS22:BRANCHE07=I:BELØB=3:SÆSON=EJSÆSON,2014-10-01,2734.0
DST:FIKS22:BRANCHE07=I:BELØB=3:SÆSON=EJSÆSON,2014-11-01,2435.0
DST:FIKS22:BRANCHE07=I:BELØB=3:SÆSON=EJSÆSON,2014-12-01,2792.0
DST:FIKS22:BRANCHE07=I:BELØB=3:SÆSON=EJSÆSON,2015-01-01,2293.0
DST:FIKS22:BRANCHE07=I:BELØB=3:SÆSON=EJSÆSON,2015-02-01,2170.0
DST:FIKS22:BRANCHE07=I:BELØB=3:SÆSON=EJSÆSON,2015-03-01,2586.0
DST:FIKS22:BRANCHE07=I:BELØB=3:SÆSON=EJSÆSON,2015-04-01,2722.0
DST:FIKS22:BRANCHE07=I:BELØB=3:SÆSON=EJSÆSON,2015-05-01,2583.0
DST:FIKS22:BRANCHE07=I:BELØB=3:SÆSON=EJSÆSON,2015-06-01,3074.0
DST:FIKS22:BRANCHE07=I:BELØB=3:SÆSON=EJSÆSON,2015-07-01,2897.0
DST:FIKS22:BRANCHE07=I:BELØB=3:SÆSON=EJSÆSON,2015-08-01,2664.0
DST:FIKS22:BRANCHE07=I:BELØB=3:SÆSON=EJSÆSON,2015-09-01,3107.0
DST:FIKS22:BRANCHE07=I:BELØB=3:SÆSON=EJSÆSON,2015-10-01,2890.0
DST:FIKS22:BRANCHE07=I:BELØB=3:SÆSON=EJSÆSON,2015-11-01,2640.0
DST:FIKS22:BRANCHE07=I:BELØB=3:SÆSON=EJSÆSON,2015-12-01,2972.0
DST:FIKS22:BRANCHE07=I:BELØB=3:SÆSON=EJSÆSON,2016-01-01,2457.0
DST:FIKS22:BRANCHE07=I:BELØB=3:SÆSON=EJSÆSON,2016-02-01,2377.0
DST:FIKS22:BRANCHE07=I:BELØB=3:SÆSON=EJSÆSON,2016-03-01,2766.0
DST:FIKS22:BRANCHE07=I:BELØB=3:SÆSON=EJSÆSON,2016-04-01,2927.0
DST:FIKS22:BRANCHE07=I:BELØB=3:SÆSON=EJSÆSON,2016-05-01,2847.0
DST:FIKS22:BRANCHE07=I:BELØB=3:SÆSON=EJSÆSON,2016-06-01,3412.0
DST:FIKS22:BRANCHE07=I:BELØB=3:SÆSON=EJSÆSON,2016-07-01,2889.0
DST:FIKS22:BRANCHE07=I:BELØB=3:SÆSON=EJSÆSON,2016-08-01,2977.0
DST:FIKS22:BRANCHE07=I:BELØB=3:SÆSON=EJSÆSON,2016-09-01,3269.0
DST:FIKS22:BRANCHE07=I:BELØB=3:SÆSON=EJSÆSON,2016-10-01,3103.0
DST:FIKS22:BRANCHE07=I:BELØB=3:SÆSON=EJSÆSON,2016-11-01,2857.0
DST:FIKS22:BRANCHE07=I:BELØB=3:SÆSON=EJSÆSON,2016-12-01,3326.0
DST:FIKS22:BRANCHE07=I:BELØB=3:SÆSON=EJSÆSON,2017-01-01,2669.0
DST:FIKS22:BRANCHE07=I:BELØB=3:SÆSON=EJSÆSON,2017-02-01,2531.0
DST:FIKS22:BRANCHE07=I:BELØB=3:SÆSON=EJSÆSON,2017-03-01,3086.0
DST:FIKS22:BRANCHE07=I:BELØB=3:SÆSON=EJSÆSON,2017-04-01,3102.0
DST:FIKS22:BRANCHE07=I:BELØB=3:SÆSON=EJSÆSON,2017-05-01,3032.0
DST:FIKS22:BRANCHE07=I:BELØB=3:SÆSON=EJSÆSON,2017-06-01,3642.0
DST:FIKS22:BRANCHE07=I:BELØB=3:SÆSON=EJSÆSON,2017-07-01,3020.0
DST:FIKS22:BRANCHE07=I:BELØB=3:SÆSON=EJSÆSON,2017-08-01,3072.0
DST:FIKS22:BRANCHE07=I:BELØB=3:SÆSON=EJSÆSON,2017-09-01,3504.0
DST:FIKS22:BRANCHE07=I:BELØB=3:SÆSON=EJSÆSON,2017-10-01,3291.0
DST:FIKS22:BRANCHE07=I:BELØB=3:SÆSON=EJSÆSON,2017-11-01,2985.0
DST:FIKS22:BRANCHE07=I:BELØB=3:SÆSON=EJSÆSON,2017-12-01,3418.0
DST:FIKS22:BRANCHE07=I:BELØB=3:SÆSON=EJSÆSON,2018-01-01,3005.0
DST:FIKS22:BRANCHE07=I:BELØB=3:SÆSON=EJSÆSON,2018-02-01,2576.0
DST:FIKS22:BRANCHE07=I:BELØB=3:SÆSON=EJSÆSON,2018-03-01,3002.0
DST:FIKS22:BRANCHE07=I:BELØB=3:SÆSON=EJSÆSON,2018-04-01,3306.0
DST:FIKS22:BRANCHE07=I:BELØB=3:SÆSON=EJSÆSON,2018-05-01,3349.0
DST:FIKS22:BRANCHE07=I:BELØB=3:SÆSON=EJSÆSON,2018-06-01,3754.0
DST:FIKS22:BRANCHE07=I:BELØB=3:SÆSON=EJSÆSON,2018-07-01,3345.0
DST:FIKS22:BRANCHE07=I:BELØB=3:SÆSON=EJSÆSON,2018-08-01,3216.0
DST:FIKS22:BRANCHE07=I:BELØB=3:SÆSON=EJSÆSON,2018-09-01,3529.0
DST:FIKS22:BRANCHE07=I:BELØB=3:SÆSON=EJSÆSON,2018-10-01,3465.0
DST:FIKS22:BRANCHE07=I:BELØB=3:SÆSON=EJSÆSON,2018-11-01,3303.0
DST:FIKS22:BRANCHE07=I:BELØB=3:SÆSON=EJSÆSON,2018-12-01,3425.0
DST:FIKS22:BRANCHE07=I:BELØB=3:SÆSON=EJSÆSON,2019-01-01,2927.0
DST:FIKS22:BRANCHE07=I:BELØB=3:SÆSON=EJSÆSON,2019-02-01,2676.0
DST:FIKS22:BRANCHE07=I:BELØB=3:SÆSON=EJSÆSON,2019-03-01,3201.0
DST:FIKS22:BRANCHE07=I:BELØB=3:SÆSON=EJSÆSON,2019-04-01,3371.0
DST:FIKS22:BRANCHE07=I:BELØB=3:SÆSON=EJSÆSON,2019-05-01,3433.0
DST:FIKS22:BRANCHE07=I:BELØB=3:SÆSON=EJSÆSON,2019-06-01,3734.0
DST:FIKS22:BRANCHE07=I:BELØB=3:SÆSON=EJSÆSON,2019-07-01,3436.0
DST:FIKS22:BRANCHE07=I:BELØB=3:SÆSON=EJSÆSON,2019-08-01,3410.0
DST:FIKS22:BRANCHE07=I:BELØB=3:SÆSON=EJSÆSON,2019-09-01,3695.0
DST:FIKS22:BRANCHE07=I:BELØB=3:SÆSON=EJSÆSON,2019-10-01,3611.0
DST:FIKS22:BRANCHE07=I:BELØB=3:SÆSON=EJSÆSON,2019-11-01,3404.0
DST:FIKS22:BRANCHE07=I:BELØB=3:SÆSON=EJSÆSON,2019-12-01,3561.0
DST:FIKS22:BRANCHE07=I:BELØB=3:SÆSON=EJSÆSON,2020-01-01,3020.0
DST:FIKS22:BRANCHE07=I:BELØB=3:SÆSON=EJSÆSON,2020-02-01,2884.0
DST:FIKS22:BRANCHE07=I:BELØB=3:SÆSON=EJSÆSON,2020-03-01,2441.0
DST:FIKS22:BRANCHE07=I:BELØB=3:SÆSON=EJSÆSON,2020-04-01,1962.0
DST:FIKS22:BRANCHE07=I:BELØB=3:SÆSON=EJSÆSON,2020-05-01,2157.0
DST:FIKS22:BRANCHE07=I:BELØB=3:SÆSON=EJSÆSON,2020-06-01,2653.0
DST:FIKS22:BRANCHE07=I:BELØB=3:SÆSON=EJSÆSON,2020-07-01,3335.0
DST:FIKS22:BRANCHE07=I:BELØB=3:SÆSON=EJSÆSON,2020-08-01,2931.0
DST:FIKS22:BRANCHE07=I:BELØB=3:SÆSON=EJSÆSON,2020-09-01,3126.0
DST:FIKS22:BRANCHE07=I:BELØB=3:SÆSON=EJSÆSON,2020-10-01,2869.0
DST:FIKS22:BRANCHE07=I:BELØB=3:SÆSON=EJSÆSON,2020-11-01,2548.0
DST:FIKS22:BRANCHE07=I:BELØB=3:SÆSON=EJSÆSON,2020-12-01,2682.0
DST:FIKS22:BRANCHE07=I:BELØB=3:SÆSON=EJSÆSON,2021-01-01,1831.0
DST:FIKS22:BRANCHE07=I:BELØB=3:SÆSON=EJSÆSON,2021-02-01,1824.0
DST:FIKS22:BRANCHE07=I:BELØB=3:SÆSON=EJSÆSON,2021-03-01,2297.0
DST:FIKS22:BRANCHE07=I:BELØB=3:SÆSON=EJSÆSON,2021-04-01,2901.0
DST:FIKS22:BRANCHE07=I:BELØB=3:SÆSON=EJSÆSON,2021-05-01,2805.0
DST:FIKS22:BRANCHE07=I:BELØB=3:SÆSON=EJSÆSON,2021-06-01,3500.0
DST:FIKS22:BRANCHE07=I:BELØB=3:SÆSON=EJSÆSON,2021-07-01,3475.0
DST:FIKS22:BRANCHE07=I:BELØB=3:SÆSON=EJSÆSON,2021-08-01,3677.0
DST:FIKS22:BRANCHE07=I:BELØB=3:SÆSON=EJSÆSON,2021-09-01,4182.0
DST:FIKS22:BRANCHE07=I:BELØB=3:SÆSON=EJSÆSON,2021-10-01,3737.0
DST:FIKS22:BRANCHE07=I:BELØB=3:SÆSON=EJSÆSON,2021-11-01,3866.0
DST:FIKS22:BRANCHE07=I:BELØB=3:SÆSON=EJSÆSON,2021-12-01,3881.0
DST:FIKS22:BRANCHE07=I:BELØB=3:SÆSON=EJSÆSON,2022-01-01,3118.0
DST:FIKS22:BRANCHE07=I:BELØB=3:SÆSON=EJSÆSON,2022-02-01,2649.0
DST:FIKS22:BRANCHE07=I:BELØB=3:SÆSON=EJSÆSON,2022-03-01,3655.0
DST:FIKS22:BRANCHE07=I:BELØB=3:SÆSON=EJSÆSON,2022-04-01,3891.0
DST:FIKS22:BRANCHE07=I:BELØB=3:SÆSON=EJSÆSON,2022-05-01,4129.0
DST:FIKS22:BRANCHE07=I:BELØB=3:SÆSON=EJSÆSON,2022-06-01,4473.0
DST:FIKS22:BRANCHE07=I:BELØB=3:SÆSON=EJSÆSON,2022-07-01,3800.0
DST:FIKS22:BRANCHE07=I:BELØB=3:SÆSON=EJSÆSON,2022-08-01,4157.0
DST:FIKS22:BRANCHE07=I:BELØB=3:SÆSON=EJSÆSON,2022-09-01,4690.0
DST:FIKS22:BRANCHE07=I:BELØB=3:SÆSON=EJSÆSON,2022-10-01,3875.0
DST:FIKS22:BRANCHE07=I:BELØB=3:SÆSON=EJSÆSON,2022-11-01,4015.0
DST:FIKS22:BRANCHE07=I:BELØB=3:SÆSON=EJSÆSON,2022-12-01,4397.0
DST:FIKS22:BRANCHE07=I:BELØB=3:SÆSON=EJSÆSON,2023-01-01,3645.0
DST:FIKS22:BRANCHE07=I:BELØB=3:SÆSON=EJSÆSON,2023-02-01,3369.0
DST:FIKS22:BRANCHE07=I:BELØB=3:SÆSON=EJSÆSON,2023-03-01,4018.0
DST:FIKS22:BRANCHE07=I:BELØB=3:SÆSON=EJSÆSON,2023-04-01,3998.0
DST:FIKS22:BRANCHE07=I:BELØB=3:SÆSON=EJSÆSON,2023-05-01,4219.0
DST:FIKS22:BRANCHE07=I:BELØB=3:SÆSON=EJSÆSON,2023-06-01,4516.0
DST:FIKS22:BRANCHE07=I:BELØB=3:SÆSON=EJSÆSON,2023-07-01,3870.0
DST:FIKS22:BRANCHE07=I:BELØB=3:SÆSON=EJSÆSON,2023-08-01,4208.0
DST:FIKS22:BRANCHE07=I:BELØB=3:SÆSON=EJSÆSON,2023-09-01,4459.0
DST:FIKS22:BRANCHE07=I:BELØB=3:SÆSON=EJSÆSON,2023-10-01,4088.0
DST:FIKS22:BRANCHE07=I:BELØB=3:SÆSON=EJSÆSON,2023-11-01,3943.0
DST:FIKS22:BRANCHE07=I:BELØB=3:SÆSON=EJSÆSON,2023-12-01,4506.0
DST:FIKS22:BRANCHE07=I:BELØB=3:SÆSON=EJSÆSON,2024-01-01,3678.0
DST:FIKS22:BRANCHE07=I:BELØB=3:SÆSON=EJSÆSON,2024-02-01,3388.0
DST:FIKS22:BRANCHE07=I:BELØB=3:SÆSON=EJSÆSON,2024-03-01,3998.0
DST:FIKS22:BRANCHE07=I:BELØB=3:SÆSON=EJSÆSON,2024-04-01,4489.0
DST:FIKS22:BRANCHE07=I:BELØB=3:SÆSON=EJSÆSON,2024-05-01,4209.0
DST:FIKS22:BRANCHE07=I:BELØB=3:SÆSON=EJSÆSON,2024-06-01,4453.0
DST:FIKS22:BRANCHE07=I:BELØB=3:SÆSON=EJSÆSON,2024-07-01,4210.0
DST:FIKS22:BRANCHE07=I:BELØB=3:SÆSON=EJSÆSON,2024-08-01,4133.0
DST:FIKS22:BRANCHE07=I:BELØB=3:SÆSON=EJSÆSON,2024-09-01,4551.0
DST:FIKS22:BRANCHE07=I:BELØB=3:SÆSON=EJSÆSON,2024-10-01,4336.0
DST:FIKS22:BRANCHE07=I:BELØB=3:SÆSON=EJSÆSON,2024-11-01,4143.0
DST:FIKS22:BRANCHE07=I:BELØB=3:SÆSON=EJSÆSON,2024-12-01,4277.0
DST:FIKS22:BRANCHE07=I:BELØB=3:SÆSON=EJSÆSON,2025-01-01,3817.0
DST:FIKS22:BRANCHE07=I:BELØB=3:SÆSON=EJSÆSON,2025-02-01,3509.0
DST:FIKS22:BRANCHE07=I:BELØB=3:SÆSON=EJSÆSON,2025-03-01,4104.0
DST:FIKS22:BRANCHE07=I:BELØB=3:SÆSON=EJSÆSON,2025-04-01,4621.0
DST:FIKS22:BRANCHE07=I:BELØB=3:SÆSON=EJSÆSON,2025-05-01,4422.0
DST:FIKS22:BRANCHE07=I:BELØB=3:SÆSON=EJSÆSON,2025-06-01,4759.0
DST:FIKS22:BRANCHE07=I:BELØB=3:SÆSON=EJSÆSON,2025-07-01,4459.0
DST:FIKS22:BRANCHE07=I:BELØB=3:SÆSON=EJSÆSON,2025-08-01,4335.0
DST:FIKS22:BRANCHE07=I:BELØB=3:SÆSON=EJSÆSON,2025-09-01,4902.0
DST:FIKS22:BRANCHE07=I:BELØB=3:SÆSON=EJSÆSON,2025-10-01,4641.0
DST:FIKS22:BRANCHE07=I:BELØB=3:SÆSON=EJSÆSON,2025-11-01,4130.0
DST:FIKS22:BRANCHE07=I:BELØB=3:SÆSON=EJSÆSON,2025-12-01,4848.0
DST:FIKS22:BRANCHE07=I:BELØB=3:SÆSON=EJSÆSON,2026-01-01,3913.0
DST:FIKS22:BRANCHE07=I:BELØB=3:SÆSON=EJSÆSON,2026-02-01,3448.0
DST:FIKS22:BRANCHE07=I:BELØB=3:SÆSON=EJSÆSON,2026-03-01,4197.0
DST:FIKS22:BRANCHE07=I:BELØB=3:SÆSON=SÆSON,2009-01-01,2139.0
DST:FIKS22:BRANCHE07=I:BELØB=3:SÆSON=SÆSON,2009-02-01,2160.0
DST:FIKS22:BRANCHE07=I:BELØB=3:SÆSON=SÆSON,2009-03-01,2121.0
DST:FIKS22:BRANCHE07=I:BELØB=3:SÆSON=SÆSON,2009-04-01,2136.0
DST:FIKS22:BRANCHE07=I:BELØB=3:SÆSON=SÆSON,2009-05-01,2069.0
DST:FIKS22:BRANCHE07=I:BELØB=3:SÆSON=SÆSON,2009-06-01,2070.0
DST:FIKS22:BRANCHE07=I:BELØB=3:SÆSON=SÆSON,2009-07-01,2080.0
DST:FIKS22:BRANCHE07=I:BELØB=3:SÆSON=SÆSON,2009-08-01,2134.0
DST:FIKS22:BRANCHE07=I:BELØB=3:SÆSON=SÆSON,2009-09-01,1932.0
DST:FIKS22:BRANCHE07=I:BELØB=3:SÆSON=SÆSON,2009-10-01,1985.0
DST:FIKS22:BRANCHE07=I:BELØB=3:SÆSON=SÆSON,2009-11-01,1978.0
DST:FIKS22:BRANCHE07=I:BELØB=3:SÆSON=SÆSON,2009-12-01,2022.0
DST:FIKS22:BRANCHE07=I:BELØB=3:SÆSON=SÆSON,2010-01-01,1987.0
DST:FIKS22:BRANCHE07=I:BELØB=3:SÆSON=SÆSON,2010-02-01,2023.0
DST:FIKS22:BRANCHE07=I:BELØB=3:SÆSON=SÆSON,2010-03-01,2075.0
DST:FIKS22:BRANCHE07=I:BELØB=3:SÆSON=SÆSON,2010-04-01,2026.0
DST:FIKS22:BRANCHE07=I:BELØB=3:SÆSON=SÆSON,2010-05-01,2046.0
DST:FIKS22:BRANCHE07=I:BELØB=3:SÆSON=SÆSON,2010-06-01,2129.0
DST:FIKS22:BRANCHE07=I:BELØB=3:SÆSON=SÆSON,2010-07-01,2134.0
DST:FIKS22:BRANCHE07=I:BELØB=3:SÆSON=SÆSON,2010-08-01,2105.0
DST:FIKS22:BRANCHE07=I:BELØB=3:SÆSON=SÆSON,2010-09-01,2170.0
DST:FIKS22:BRANCHE07=I:BELØB=3:SÆSON=SÆSON,2010-10-01,2139.0
DST:FIKS22:BRANCHE07=I:BELØB=3:SÆSON=SÆSON,2010-11-01,2183.0
DST:FIKS22:BRANCHE07=I:BELØB=3:SÆSON=SÆSON,2010-12-01,2109.0
DST:FIKS22:BRANCHE07=I:BELØB=3:SÆSON=SÆSON,2011-01-01,2187.0
DST:FIKS22:BRANCHE07=I:BELØB=3:SÆSON=SÆSON,2011-02-01,2198.0
DST:FIKS22:BRANCHE07=I:BELØB=3:SÆSON=SÆSON,2011-03-01,2136.0
DST:FIKS22:BRANCHE07=I:BELØB=3:SÆSON=SÆSON,2011-04-01,2236.0
DST:FIKS22:BRANCHE07=I:BELØB=3:SÆSON=SÆSON,2011-05-01,2262.0
DST:FIKS22:BRANCHE07=I:BELØB=3:SÆSON=SÆSON,2011-06-01,2224.0
DST:FIKS22:BRANCHE07=I:BELØB=3:SÆSON=SÆSON,2011-07-01,2211.0
DST:FIKS22:BRANCHE07=I:BELØB=3:SÆSON=SÆSON,2011-08-01,2253.0
DST:FIKS22:BRANCHE07=I:BELØB=3:SÆSON=SÆSON,2011-09-01,2224.0
DST:FIKS22:BRANCHE07=I:BELØB=3:SÆSON=SÆSON,2011-10-01,2237.0
DST:FIKS22:BRANCHE07=I:BELØB=3:SÆSON=SÆSON,2011-11-01,2233.0
DST:FIKS22:BRANCHE07=I:BELØB=3:SÆSON=SÆSON,2011-12-01,2245.0
DST:FIKS22:BRANCHE07=I:BELØB=3:SÆSON=SÆSON,2012-01-01,2307.0
DST:FIKS22:BRANCHE07=I:BELØB=3:SÆSON=SÆSON,2012-02-01,2258.0
DST:FIKS22:BRANCHE07=I:BELØB=3:SÆSON=SÆSON,2012-03-01,2299.0
DST:FIKS22:BRANCHE07=I:BELØB=3:SÆSON=SÆSON,2012-04-01,2320.0
DST:FIKS22:BRANCHE07=I:BELØB=3:SÆSON=SÆSON,2012-05-01,2381.0
DST:FIKS22:BRANCHE07=I:BELØB=3:SÆSON=SÆSON,2012-06-01,2284.0
DST:FIKS22:BRANCHE07=I:BELØB=3:SÆSON=SÆSON,2012-07-01,2383.0
DST:FIKS22:BRANCHE07=I:BELØB=3:SÆSON=SÆSON,2012-08-01,2337.0
DST:FIKS22:BRANCHE07=I:BELØB=3:SÆSON=SÆSON,2012-09-01,2253.0
DST:FIKS22:BRANCHE07=I:BELØB=3:SÆSON=SÆSON,2012-10-01,2369.0
DST:FIKS22:BRANCHE07=I:BELØB=3:SÆSON=SÆSON,2012-11-01,2390.0
DST:FIKS22:BRANCHE07=I:BELØB=3:SÆSON=SÆSON,2012-12-01,2397.0
DST:FIKS22:BRANCHE07=I:BELØB=3:SÆSON=SÆSON,2013-01-01,2400.0
DST:FIKS22:BRANCHE07=I:BELØB=3:SÆSON=SÆSON,2013-02-01,2397.0
DST:FIKS22:BRANCHE07=I:BELØB=3:SÆSON=SÆSON,2013-03-01,2370.0
DST:FIKS22:BRANCHE07=I:BELØB=3:SÆSON=SÆSON,2013-04-01,2509.0
DST:FIKS22:BRANCHE07=I:BELØB=3:SÆSON=SÆSON,2013-05-01,2451.0
DST:FIKS22:BRANCHE07=I:BELØB=3:SÆSON=SÆSON,2013-06-01,2281.0
DST:FIKS22:BRANCHE07=I:BELØB=3:SÆSON=SÆSON,2013-07-01,2427.0
DST:FIKS22:BRANCHE07=I:BELØB=3:SÆSON=SÆSON,2013-08-01,2469.0
DST:FIKS22:BRANCHE07=I:BELØB=3:SÆSON=SÆSON,2013-09-01,2446.0
DST:FIKS22:BRANCHE07=I:BELØB=3:SÆSON=SÆSON,2013-10-01,2393.0
DST:FIKS22:BRANCHE07=I:BELØB=3:SÆSON=SÆSON,2013-11-01,2438.0
DST:FIKS22:BRANCHE07=I:BELØB=3:SÆSON=SÆSON,2013-12-01,2433.0
DST:FIKS22:BRANCHE07=I:BELØB=3:SÆSON=SÆSON,2014-01-01,2443.0
DST:FIKS22:BRANCHE07=I:BELØB=3:SÆSON=SÆSON,2014-02-01,2479.0
DST:FIKS22:BRANCHE07=I:BELØB=3:SÆSON=SÆSON,2014-03-01,2502.0
DST:FIKS22:BRANCHE07=I:BELØB=3:SÆSON=SÆSON,2014-04-01,2493.0
DST:FIKS22:BRANCHE07=I:BELØB=3:SÆSON=SÆSON,2014-05-01,2506.0
DST:FIKS22:BRANCHE07=I:BELØB=3:SÆSON=SÆSON,2014-06-01,2539.0
DST:FIKS22:BRANCHE07=I:BELØB=3:SÆSON=SÆSON,2014-07-01,2516.0
DST:FIKS22:BRANCHE07=I:BELØB=3:SÆSON=SÆSON,2014-08-01,2533.0
DST:FIKS22:BRANCHE07=I:BELØB=3:SÆSON=SÆSON,2014-09-01,2514.0
DST:FIKS22:BRANCHE07=I:BELØB=3:SÆSON=SÆSON,2014-10-01,2604.0
DST:FIKS22:BRANCHE07=I:BELØB=3:SÆSON=SÆSON,2014-11-01,2571.0
DST:FIKS22:BRANCHE07=I:BELØB=3:SÆSON=SÆSON,2014-12-01,2613.0
DST:FIKS22:BRANCHE07=I:BELØB=3:SÆSON=SÆSON,2015-01-01,2603.0
DST:FIKS22:BRANCHE07=I:BELØB=3:SÆSON=SÆSON,2015-02-01,2650.0
DST:FIKS22:BRANCHE07=I:BELØB=3:SÆSON=SÆSON,2015-03-01,2667.0
DST:FIKS22:BRANCHE07=I:BELØB=3:SÆSON=SÆSON,2015-04-01,2636.0
DST:FIKS22:BRANCHE07=I:BELØB=3:SÆSON=SÆSON,2015-05-01,2630.0
DST:FIKS22:BRANCHE07=I:BELØB=3:SÆSON=SÆSON,2015-06-01,2698.0
DST:FIKS22:BRANCHE07=I:BELØB=3:SÆSON=SÆSON,2015-07-01,2842.0
DST:FIKS22:BRANCHE07=I:BELØB=3:SÆSON=SÆSON,2015-08-01,2739.0
DST:FIKS22:BRANCHE07=I:BELØB=3:SÆSON=SÆSON,2015-09-01,2792.0
DST:FIKS22:BRANCHE07=I:BELØB=3:SÆSON=SÆSON,2015-10-01,2783.0
DST:FIKS22:BRANCHE07=I:BELØB=3:SÆSON=SÆSON,2015-11-01,2768.0
DST:FIKS22:BRANCHE07=I:BELØB=3:SÆSON=SÆSON,2015-12-01,2754.0
DST:FIKS22:BRANCHE07=I:BELØB=3:SÆSON=SÆSON,2016-01-01,2849.0
DST:FIKS22:BRANCHE07=I:BELØB=3:SÆSON=SÆSON,2016-02-01,2819.0
DST:FIKS22:BRANCHE07=I:BELØB=3:SÆSON=SÆSON,2016-03-01,2867.0
DST:FIKS22:BRANCHE07=I:BELØB=3:SÆSON=SÆSON,2016-04-01,2840.0
DST:FIKS22:BRANCHE07=I:BELØB=3:SÆSON=SÆSON,2016-05-01,2849.0
DST:FIKS22:BRANCHE07=I:BELØB=3:SÆSON=SÆSON,2016-06-01,2920.0
DST:FIKS22:BRANCHE07=I:BELØB=3:SÆSON=SÆSON,2016-07-01,2912.0
DST:FIKS22:BRANCHE07=I:BELØB=3:SÆSON=SÆSON,2016-08-01,2972.0
DST:FIKS22:BRANCHE07=I:BELØB=3:SÆSON=SÆSON,2016-09-01,2970.0
DST:FIKS22:BRANCHE07=I:BELØB=3:SÆSON=SÆSON,2016-10-01,3036.0
DST:FIKS22:BRANCHE07=I:BELØB=3:SÆSON=SÆSON,2016-11-01,2885.0
DST:FIKS22:BRANCHE07=I:BELØB=3:SÆSON=SÆSON,2016-12-01,3084.0
DST:FIKS22:BRANCHE07=I:BELØB=3:SÆSON=SÆSON,2017-01-01,3032.0
DST:FIKS22:BRANCHE07=I:BELØB=3:SÆSON=SÆSON,2017-02-01,3114.0
DST:FIKS22:BRANCHE07=I:BELØB=3:SÆSON=SÆSON,2017-03-01,3093.0
DST:FIKS22:BRANCHE07=I:BELØB=3:SÆSON=SÆSON,2017-04-01,3130.0
DST:FIKS22:BRANCHE07=I:BELØB=3:SÆSON=SÆSON,2017-05-01,3005.0
DST:FIKS22:BRANCHE07=I:BELØB=3:SÆSON=SÆSON,2017-06-01,3133.0
DST:FIKS22:BRANCHE07=I:BELØB=3:SÆSON=SÆSON,2017-07-01,3077.0
DST:FIKS22:BRANCHE07=I:BELØB=3:SÆSON=SÆSON,2017-08-01,3075.0
DST:FIKS22:BRANCHE07=I:BELØB=3:SÆSON=SÆSON,2017-09-01,3193.0
DST:FIKS22:BRANCHE07=I:BELØB=3:SÆSON=SÆSON,2017-10-01,3166.0
DST:FIKS22:BRANCHE07=I:BELØB=3:SÆSON=SÆSON,2017-11-01,3035.0
DST:FIKS22:BRANCHE07=I:BELØB=3:SÆSON=SÆSON,2017-12-01,3261.0
DST:FIKS22:BRANCHE07=I:BELØB=3:SÆSON=SÆSON,2018-01-01,3375.0
DST:FIKS22:BRANCHE07=I:BELØB=3:SÆSON=SÆSON,2018-02-01,3181.0
DST:FIKS22:BRANCHE07=I:BELØB=3:SÆSON=SÆSON,2018-03-01,3169.0
DST:FIKS22:BRANCHE07=I:BELØB=3:SÆSON=SÆSON,2018-04-01,3279.0
DST:FIKS22:BRANCHE07=I:BELØB=3:SÆSON=SÆSON,2018-05-01,3277.0
DST:FIKS22:BRANCHE07=I:BELØB=3:SÆSON=SÆSON,2018-06-01,3267.0
DST:FIKS22:BRANCHE07=I:BELØB=3:SÆSON=SÆSON,2018-07-01,3365.0
DST:FIKS22:BRANCHE07=I:BELØB=3:SÆSON=SÆSON,2018-08-01,3217.0
DST:FIKS22:BRANCHE07=I:BELØB=3:SÆSON=SÆSON,2018-09-01,3264.0
DST:FIKS22:BRANCHE07=I:BELØB=3:SÆSON=SÆSON,2018-10-01,3270.0
DST:FIKS22:BRANCHE07=I:BELØB=3:SÆSON=SÆSON,2018-11-01,3355.0
DST:FIKS22:BRANCHE07=I:BELØB=3:SÆSON=SÆSON,2018-12-01,3370.0
DST:FIKS22:BRANCHE07=I:BELØB=3:SÆSON=SÆSON,2019-01-01,3334.0
DST:FIKS22:BRANCHE07=I:BELØB=3:SÆSON=SÆSON,2019-02-01,3311.0
DST:FIKS22:BRANCHE07=I:BELØB=3:SÆSON=SÆSON,2019-03-01,3307.0
DST:FIKS22:BRANCHE07=I:BELØB=3:SÆSON=SÆSON,2019-04-01,3322.0
DST:FIKS22:BRANCHE07=I:BELØB=3:SÆSON=SÆSON,2019-05-01,3384.0
DST:FIKS22:BRANCHE07=I:BELØB=3:SÆSON=SÆSON,2019-06-01,3329.0
DST:FIKS22:BRANCHE07=I:BELØB=3:SÆSON=SÆSON,2019-07-01,3399.0
DST:FIKS22:BRANCHE07=I:BELØB=3:SÆSON=SÆSON,2019-08-01,3448.0
DST:FIKS22:BRANCHE07=I:BELØB=3:SÆSON=SÆSON,2019-09-01,3398.0
DST:FIKS22:BRANCHE07=I:BELØB=3:SÆSON=SÆSON,2019-10-01,3421.0
DST:FIKS22:BRANCHE07=I:BELØB=3:SÆSON=SÆSON,2019-11-01,3466.0
DST:FIKS22:BRANCHE07=I:BELØB=3:SÆSON=SÆSON,2019-12-01,3435.0
DST:FIKS22:BRANCHE07=I:BELØB=3:SÆSON=SÆSON,2020-01-01,3454.0
DST:FIKS22:BRANCHE07=I:BELØB=3:SÆSON=SÆSON,2020-02-01,3461.0
DST:FIKS22:BRANCHE07=I:BELØB=3:SÆSON=SÆSON,2020-03-01,2513.0
DST:FIKS22:BRANCHE07=I:BELØB=3:SÆSON=SÆSON,2020-04-01,1929.0
DST:FIKS22:BRANCHE07=I:BELØB=3:SÆSON=SÆSON,2020-05-01,2165.0
DST:FIKS22:BRANCHE07=I:BELØB=3:SÆSON=SÆSON,2020-06-01,2312.0
DST:FIKS22:BRANCHE07=I:BELØB=3:SÆSON=SÆSON,2020-07-01,3322.0
DST:FIKS22:BRANCHE07=I:BELØB=3:SÆSON=SÆSON,2020-08-01,2989.0
DST:FIKS22:BRANCHE07=I:BELØB=3:SÆSON=SÆSON,2020-09-01,2767.0
DST:FIKS22:BRANCHE07=I:BELØB=3:SÆSON=SÆSON,2020-10-01,2786.0
DST:FIKS22:BRANCHE07=I:BELØB=3:SÆSON=SÆSON,2020-11-01,2638.0
DST:FIKS22:BRANCHE07=I:BELØB=3:SÆSON=SÆSON,2020-12-01,2531.0
DST:FIKS22:BRANCHE07=I:BELØB=3:SÆSON=SÆSON,2021-01-01,2137.0
DST:FIKS22:BRANCHE07=I:BELØB=3:SÆSON=SÆSON,2021-02-01,2248.0
DST:FIKS22:BRANCHE07=I:BELØB=3:SÆSON=SÆSON,2021-03-01,2359.0
DST:FIKS22:BRANCHE07=I:BELØB=3:SÆSON=SÆSON,2021-04-01,2844.0
DST:FIKS22:BRANCHE07=I:BELØB=3:SÆSON=SÆSON,2021-05-01,2802.0
DST:FIKS22:BRANCHE07=I:BELØB=3:SÆSON=SÆSON,2021-06-01,2968.0
DST:FIKS22:BRANCHE07=I:BELØB=3:SÆSON=SÆSON,2021-07-01,3533.0
DST:FIKS22:BRANCHE07=I:BELØB=3:SÆSON=SÆSON,2021-08-01,3666.0
DST:FIKS22:BRANCHE07=I:BELØB=3:SÆSON=SÆSON,2021-09-01,3734.0
DST:FIKS22:BRANCHE07=I:BELØB=3:SÆSON=SÆSON,2021-10-01,3676.0
DST:FIKS22:BRANCHE07=I:BELØB=3:SÆSON=SÆSON,2021-11-01,3939.0
DST:FIKS22:BRANCHE07=I:BELØB=3:SÆSON=SÆSON,2021-12-01,3614.0
DST:FIKS22:BRANCHE07=I:BELØB=3:SÆSON=SÆSON,2022-01-01,3619.0
DST:FIKS22:BRANCHE07=I:BELØB=3:SÆSON=SÆSON,2022-02-01,3257.0
DST:FIKS22:BRANCHE07=I:BELØB=3:SÆSON=SÆSON,2022-03-01,3672.0
DST:FIKS22:BRANCHE07=I:BELØB=3:SÆSON=SÆSON,2022-04-01,3811.0
DST:FIKS22:BRANCHE07=I:BELØB=3:SÆSON=SÆSON,2022-05-01,4097.0
DST:FIKS22:BRANCHE07=I:BELØB=3:SÆSON=SÆSON,2022-06-01,3887.0
DST:FIKS22:BRANCHE07=I:BELØB=3:SÆSON=SÆSON,2022-07-01,3904.0
DST:FIKS22:BRANCHE07=I:BELØB=3:SÆSON=SÆSON,2022-08-01,4045.0
DST:FIKS22:BRANCHE07=I:BELØB=3:SÆSON=SÆSON,2022-09-01,4190.0
DST:FIKS22:BRANCHE07=I:BELØB=3:SÆSON=SÆSON,2022-10-01,3868.0
DST:FIKS22:BRANCHE07=I:BELØB=3:SÆSON=SÆSON,2022-11-01,4054.0
DST:FIKS22:BRANCHE07=I:BELØB=3:SÆSON=SÆSON,2022-12-01,4159.0
DST:FIKS22:BRANCHE07=I:BELØB=3:SÆSON=SÆSON,2023-01-01,4135.0
DST:FIKS22:BRANCHE07=I:BELØB=3:SÆSON=SÆSON,2023-02-01,4152.0
DST:FIKS22:BRANCHE07=I:BELØB=3:SÆSON=SÆSON,2023-03-01,4042.0
DST:FIKS22:BRANCHE07=I:BELØB=3:SÆSON=SÆSON,2023-04-01,3952.0
DST:FIKS22:BRANCHE07=I:BELØB=3:SÆSON=SÆSON,2023-05-01,4125.0
DST:FIKS22:BRANCHE07=I:BELØB=3:SÆSON=SÆSON,2023-06-01,3978.0
DST:FIKS22:BRANCHE07=I:BELØB=3:SÆSON=SÆSON,2023-07-01,4011.0
DST:FIKS22:BRANCHE07=I:BELØB=3:SÆSON=SÆSON,2023-08-01,4099.0
DST:FIKS22:BRANCHE07=I:BELØB=3:SÆSON=SÆSON,2023-09-01,3996.0
DST:FIKS22:BRANCHE07=I:BELØB=3:SÆSON=SÆSON,2023-10-01,4031.0
DST:FIKS22:BRANCHE07=I:BELØB=3:SÆSON=SÆSON,2023-11-01,4040.0
DST:FIKS22:BRANCHE07=I:BELØB=3:SÆSON=SÆSON,2023-12-01,4348.0
DST:FIKS22:BRANCHE07=I:BELØB=3:SÆSON=SÆSON,2024-01-01,4098.0
DST:FIKS22:BRANCHE07=I:BELØB=3:SÆSON=SÆSON,2024-02-01,4055.0
DST:FIKS22:BRANCHE07=I:BELØB=3:SÆSON=SÆSON,2024-03-01,4257.0
DST:FIKS22:BRANCHE07=I:BELØB=3:SÆSON=SÆSON,2024-04-01,4253.0
DST:FIKS22:BRANCHE07=I:BELØB=3:SÆSON=SÆSON,2024-05-01,4046.0
DST:FIKS22:BRANCHE07=I:BELØB=3:SÆSON=SÆSON,2024-06-01,4097.0
DST:FIKS22:BRANCHE07=I:BELØB=3:SÆSON=SÆSON,2024-07-01,4194.0
DST:FIKS22:BRANCHE07=I:BELØB=3:SÆSON=SÆSON,2024-08-01,4108.0
DST:FIKS22:BRANCHE07=I:BELØB=3:SÆSON=SÆSON,2024-09-01,4150.0
DST:FIKS22:BRANCHE07=I:BELØB=3:SÆSON=SÆSON,2024-10-01,4185.0
DST:FIKS22:BRANCHE07=I:BELØB=3:SÆSON=SÆSON,2024-11-01,4281.0
DST:FIKS22:BRANCHE07=I:BELØB=3:SÆSON=SÆSON,2024-12-01,4085.0
DST:FIKS22:BRANCHE07=I:BELØB=3:SÆSON=SÆSON,2025-01-01,4305.0
DST:FIKS22:BRANCHE07=I:BELØB=3:SÆSON=SÆSON,2025-02-01,4358.0
DST:FIKS22:BRANCHE07=I:BELØB=3:SÆSON=SÆSON,2025-03-01,4275.0
DST:FIKS22:BRANCHE07=I:BELØB=3:SÆSON=SÆSON,2025-04-01,4358.0
DST:FIKS22:BRANCHE07=I:BELØB=3:SÆSON=SÆSON,2025-05-01,4375.0
DST:FIKS22:BRANCHE07=I:BELØB=3:SÆSON=SÆSON,2025-06-01,4359.0
DST:FIKS22:BRANCHE07=I:BELØB=3:SÆSON=SÆSON,2025-07-01,4420.0
DST:FIKS22:BRANCHE07=I:BELØB=3:SÆSON=SÆSON,2025-08-01,4357.0
DST:FIKS22:BRANCHE07=I:BELØB=3:SÆSON=SÆSON,2025-09-01,4401.0
DST:FIKS22:BRANCHE07=I:BELØB=3:SÆSON=SÆSON,2025-10-01,4478.0
DST:FIKS22:BRANCHE07=I:BELØB=3:SÆSON=SÆSON,2025-11-01,4344.0
DST:FIKS22:BRANCHE07=I:BELØB=3:SÆSON=SÆSON,2025-12-01,4510.0
DST:FIKS22:BRANCHE07=I:BELØB=3:SÆSON=SÆSON,2026-01-01,4418.0
DST:FIKS22:BRANCHE07=I:BELØB=3:SÆSON=SÆSON,2026-02-01,4293.0
DST:FIKS22:BRANCHE07=I:BELØB=3:SÆSON=SÆSON,2026-03-01,4373.0
DST:FIKS22:BRANCHE07=I:BELØB=4:SÆSON=EJSÆSON,2009-01-01,2775.0
DST:FIKS22:BRANCHE07=I:BELØB=4:SÆSON=EJSÆSON,2009-02-01,2603.0
DST:FIKS22:BRANCHE07=I:BELØB=4:SÆSON=EJSÆSON,2009-03-01,3041.0
DST:FIKS22:BRANCHE07=I:BELØB=4:SÆSON=EJSÆSON,2009-04-01,3385.0
DST:FIKS22:BRANCHE07=I:BELØB=4:SÆSON=EJSÆSON,2009-05-01,3614.0
DST:FIKS22:BRANCHE07=I:BELØB=4:SÆSON=EJSÆSON,2009-06-01,3648.0
DST:FIKS22:BRANCHE07=I:BELØB=4:SÆSON=EJSÆSON,2009-07-01,3495.0
DST:FIKS22:BRANCHE07=I:BELØB=4:SÆSON=EJSÆSON,2009-08-01,3624.0
DST:FIKS22:BRANCHE07=I:BELØB=4:SÆSON=EJSÆSON,2009-09-01,3650.0
DST:FIKS22:BRANCHE07=I:BELØB=4:SÆSON=EJSÆSON,2009-10-01,3342.0
DST:FIKS22:BRANCHE07=I:BELØB=4:SÆSON=EJSÆSON,2009-11-01,3152.0
DST:FIKS22:BRANCHE07=I:BELØB=4:SÆSON=EJSÆSON,2009-12-01,3397.0
DST:FIKS22:BRANCHE07=I:BELØB=4:SÆSON=EJSÆSON,2010-01-01,2639.0
DST:FIKS22:BRANCHE07=I:BELØB=4:SÆSON=EJSÆSON,2010-02-01,2537.0
DST:FIKS22:BRANCHE07=I:BELØB=4:SÆSON=EJSÆSON,2010-03-01,3092.0
DST:FIKS22:BRANCHE07=I:BELØB=4:SÆSON=EJSÆSON,2010-04-01,3330.0
DST:FIKS22:BRANCHE07=I:BELØB=4:SÆSON=EJSÆSON,2010-05-01,3685.0
DST:FIKS22:BRANCHE07=I:BELØB=4:SÆSON=EJSÆSON,2010-06-01,3742.0
DST:FIKS22:BRANCHE07=I:BELØB=4:SÆSON=EJSÆSON,2010-07-01,3619.0
DST:FIKS22:BRANCHE07=I:BELØB=4:SÆSON=EJSÆSON,2010-08-01,3732.0
DST:FIKS22:BRANCHE07=I:BELØB=4:SÆSON=EJSÆSON,2010-09-01,3877.0
DST:FIKS22:BRANCHE07=I:BELØB=4:SÆSON=EJSÆSON,2010-10-01,3513.0
DST:FIKS22:BRANCHE07=I:BELØB=4:SÆSON=EJSÆSON,2010-11-01,3482.0
DST:FIKS22:BRANCHE07=I:BELØB=4:SÆSON=EJSÆSON,2010-12-01,3315.0
DST:FIKS22:BRANCHE07=I:BELØB=4:SÆSON=EJSÆSON,2011-01-01,2851.0
DST:FIKS22:BRANCHE07=I:BELØB=4:SÆSON=EJSÆSON,2011-02-01,2801.0
DST:FIKS22:BRANCHE07=I:BELØB=4:SÆSON=EJSÆSON,2011-03-01,3304.0
DST:FIKS22:BRANCHE07=I:BELØB=4:SÆSON=EJSÆSON,2011-04-01,3614.0
DST:FIKS22:BRANCHE07=I:BELØB=4:SÆSON=EJSÆSON,2011-05-01,4093.0
DST:FIKS22:BRANCHE07=I:BELØB=4:SÆSON=EJSÆSON,2011-06-01,4002.0
DST:FIKS22:BRANCHE07=I:BELØB=4:SÆSON=EJSÆSON,2011-07-01,3860.0
DST:FIKS22:BRANCHE07=I:BELØB=4:SÆSON=EJSÆSON,2011-08-01,3913.0
DST:FIKS22:BRANCHE07=I:BELØB=4:SÆSON=EJSÆSON,2011-09-01,4160.0
DST:FIKS22:BRANCHE07=I:BELØB=4:SÆSON=EJSÆSON,2011-10-01,3704.0
DST:FIKS22:BRANCHE07=I:BELØB=4:SÆSON=EJSÆSON,2011-11-01,3605.0
DST:FIKS22:BRANCHE07=I:BELØB=4:SÆSON=EJSÆSON,2011-12-01,3578.0
DST:FIKS22:BRANCHE07=I:BELØB=4:SÆSON=EJSÆSON,2012-01-01,3019.0
DST:FIKS22:BRANCHE07=I:BELØB=4:SÆSON=EJSÆSON,2012-02-01,3016.0
DST:FIKS22:BRANCHE07=I:BELØB=4:SÆSON=EJSÆSON,2012-03-01,3552.0
DST:FIKS22:BRANCHE07=I:BELØB=4:SÆSON=EJSÆSON,2012-04-01,3824.0
DST:FIKS22:BRANCHE07=I:BELØB=4:SÆSON=EJSÆSON,2012-05-01,4132.0
DST:FIKS22:BRANCHE07=I:BELØB=4:SÆSON=EJSÆSON,2012-06-01,4308.0
DST:FIKS22:BRANCHE07=I:BELØB=4:SÆSON=EJSÆSON,2012-07-01,4026.0
DST:FIKS22:BRANCHE07=I:BELØB=4:SÆSON=EJSÆSON,2012-08-01,4196.0
DST:FIKS22:BRANCHE07=I:BELØB=4:SÆSON=EJSÆSON,2012-09-01,4240.0
DST:FIKS22:BRANCHE07=I:BELØB=4:SÆSON=EJSÆSON,2012-10-01,3862.0
DST:FIKS22:BRANCHE07=I:BELØB=4:SÆSON=EJSÆSON,2012-11-01,3831.0
DST:FIKS22:BRANCHE07=I:BELØB=4:SÆSON=EJSÆSON,2012-12-01,3606.0
DST:FIKS22:BRANCHE07=I:BELØB=4:SÆSON=EJSÆSON,2013-01-01,3177.0
DST:FIKS22:BRANCHE07=I:BELØB=4:SÆSON=EJSÆSON,2013-02-01,3052.0
DST:FIKS22:BRANCHE07=I:BELØB=4:SÆSON=EJSÆSON,2013-03-01,3474.0
DST:FIKS22:BRANCHE07=I:BELØB=4:SÆSON=EJSÆSON,2013-04-01,3960.0
DST:FIKS22:BRANCHE07=I:BELØB=4:SÆSON=EJSÆSON,2013-05-01,4387.0
DST:FIKS22:BRANCHE07=I:BELØB=4:SÆSON=EJSÆSON,2013-06-01,4328.0
DST:FIKS22:BRANCHE07=I:BELØB=4:SÆSON=EJSÆSON,2013-07-01,4184.0
DST:FIKS22:BRANCHE07=I:BELØB=4:SÆSON=EJSÆSON,2013-08-01,4550.0
DST:FIKS22:BRANCHE07=I:BELØB=4:SÆSON=EJSÆSON,2013-09-01,4364.0
DST:FIKS22:BRANCHE07=I:BELØB=4:SÆSON=EJSÆSON,2013-10-01,4070.0
DST:FIKS22:BRANCHE07=I:BELØB=4:SÆSON=EJSÆSON,2013-11-01,3995.0
DST:FIKS22:BRANCHE07=I:BELØB=4:SÆSON=EJSÆSON,2013-12-01,3742.0
DST:FIKS22:BRANCHE07=I:BELØB=4:SÆSON=EJSÆSON,2014-01-01,3474.0
DST:FIKS22:BRANCHE07=I:BELØB=4:SÆSON=EJSÆSON,2014-02-01,3241.0
DST:FIKS22:BRANCHE07=I:BELØB=4:SÆSON=EJSÆSON,2014-03-01,3715.0
DST:FIKS22:BRANCHE07=I:BELØB=4:SÆSON=EJSÆSON,2014-04-01,4137.0
DST:FIKS22:BRANCHE07=I:BELØB=4:SÆSON=EJSÆSON,2014-05-01,4613.0
DST:FIKS22:BRANCHE07=I:BELØB=4:SÆSON=EJSÆSON,2014-06-01,4594.0
DST:FIKS22:BRANCHE07=I:BELØB=4:SÆSON=EJSÆSON,2014-07-01,4405.0
DST:FIKS22:BRANCHE07=I:BELØB=4:SÆSON=EJSÆSON,2014-08-01,4619.0
DST:FIKS22:BRANCHE07=I:BELØB=4:SÆSON=EJSÆSON,2014-09-01,4613.0
DST:FIKS22:BRANCHE07=I:BELØB=4:SÆSON=EJSÆSON,2014-10-01,4453.0
DST:FIKS22:BRANCHE07=I:BELØB=4:SÆSON=EJSÆSON,2014-11-01,4255.0
DST:FIKS22:BRANCHE07=I:BELØB=4:SÆSON=EJSÆSON,2014-12-01,4171.0
DST:FIKS22:BRANCHE07=I:BELØB=4:SÆSON=EJSÆSON,2015-01-01,3641.0
DST:FIKS22:BRANCHE07=I:BELØB=4:SÆSON=EJSÆSON,2015-02-01,3377.0
DST:FIKS22:BRANCHE07=I:BELØB=4:SÆSON=EJSÆSON,2015-03-01,4027.0
DST:FIKS22:BRANCHE07=I:BELØB=4:SÆSON=EJSÆSON,2015-04-01,4475.0
DST:FIKS22:BRANCHE07=I:BELØB=4:SÆSON=EJSÆSON,2015-05-01,4869.0
DST:FIKS22:BRANCHE07=I:BELØB=4:SÆSON=EJSÆSON,2015-06-01,4929.0
DST:FIKS22:BRANCHE07=I:BELØB=4:SÆSON=EJSÆSON,2015-07-01,4841.0
DST:FIKS22:BRANCHE07=I:BELØB=4:SÆSON=EJSÆSON,2015-08-01,4881.0
DST:FIKS22:BRANCHE07=I:BELØB=4:SÆSON=EJSÆSON,2015-09-01,4999.0
DST:FIKS22:BRANCHE07=I:BELØB=4:SÆSON=EJSÆSON,2015-10-01,4758.0
DST:FIKS22:BRANCHE07=I:BELØB=4:SÆSON=EJSÆSON,2015-11-01,4519.0
DST:FIKS22:BRANCHE07=I:BELØB=4:SÆSON=EJSÆSON,2015-12-01,4640.0
DST:FIKS22:BRANCHE07=I:BELØB=4:SÆSON=EJSÆSON,2016-01-01,3791.0
DST:FIKS22:BRANCHE07=I:BELØB=4:SÆSON=EJSÆSON,2016-02-01,3793.0
DST:FIKS22:BRANCHE07=I:BELØB=4:SÆSON=EJSÆSON,2016-03-01,4106.0
DST:FIKS22:BRANCHE07=I:BELØB=4:SÆSON=EJSÆSON,2016-04-01,4996.0
DST:FIKS22:BRANCHE07=I:BELØB=4:SÆSON=EJSÆSON,2016-05-01,5153.0
DST:FIKS22:BRANCHE07=I:BELØB=4:SÆSON=EJSÆSON,2016-06-01,5263.0
DST:FIKS22:BRANCHE07=I:BELØB=4:SÆSON=EJSÆSON,2016-07-01,5166.0
DST:FIKS22:BRANCHE07=I:BELØB=4:SÆSON=EJSÆSON,2016-08-01,5253.0
DST:FIKS22:BRANCHE07=I:BELØB=4:SÆSON=EJSÆSON,2016-09-01,5526.0
DST:FIKS22:BRANCHE07=I:BELØB=4:SÆSON=EJSÆSON,2016-10-01,5087.0
DST:FIKS22:BRANCHE07=I:BELØB=4:SÆSON=EJSÆSON,2016-11-01,4805.0
DST:FIKS22:BRANCHE07=I:BELØB=4:SÆSON=EJSÆSON,2016-12-01,4977.0
DST:FIKS22:BRANCHE07=I:BELØB=4:SÆSON=EJSÆSON,2017-01-01,4075.0
DST:FIKS22:BRANCHE07=I:BELØB=4:SÆSON=EJSÆSON,2017-02-01,3868.0
DST:FIKS22:BRANCHE07=I:BELØB=4:SÆSON=EJSÆSON,2017-03-01,4585.0
DST:FIKS22:BRANCHE07=I:BELØB=4:SÆSON=EJSÆSON,2017-04-01,5001.0
DST:FIKS22:BRANCHE07=I:BELØB=4:SÆSON=EJSÆSON,2017-05-01,5444.0
DST:FIKS22:BRANCHE07=I:BELØB=4:SÆSON=EJSÆSON,2017-06-01,5519.0
DST:FIKS22:BRANCHE07=I:BELØB=4:SÆSON=EJSÆSON,2017-07-01,5229.0
DST:FIKS22:BRANCHE07=I:BELØB=4:SÆSON=EJSÆSON,2017-08-01,5475.0
DST:FIKS22:BRANCHE07=I:BELØB=4:SÆSON=EJSÆSON,2017-09-01,5675.0
DST:FIKS22:BRANCHE07=I:BELØB=4:SÆSON=EJSÆSON,2017-10-01,5166.0
DST:FIKS22:BRANCHE07=I:BELØB=4:SÆSON=EJSÆSON,2017-11-01,4983.0
DST:FIKS22:BRANCHE07=I:BELØB=4:SÆSON=EJSÆSON,2017-12-01,5255.0
DST:FIKS22:BRANCHE07=I:BELØB=4:SÆSON=EJSÆSON,2018-01-01,4259.0
DST:FIKS22:BRANCHE07=I:BELØB=4:SÆSON=EJSÆSON,2018-02-01,4045.0
DST:FIKS22:BRANCHE07=I:BELØB=4:SÆSON=EJSÆSON,2018-03-01,4622.0
DST:FIKS22:BRANCHE07=I:BELØB=4:SÆSON=EJSÆSON,2018-04-01,5188.0
DST:FIKS22:BRANCHE07=I:BELØB=4:SÆSON=EJSÆSON,2018-05-01,5764.0
DST:FIKS22:BRANCHE07=I:BELØB=4:SÆSON=EJSÆSON,2018-06-01,5898.0
DST:FIKS22:BRANCHE07=I:BELØB=4:SÆSON=EJSÆSON,2018-07-01,5352.0
DST:FIKS22:BRANCHE07=I:BELØB=4:SÆSON=EJSÆSON,2018-08-01,5900.0
DST:FIKS22:BRANCHE07=I:BELØB=4:SÆSON=EJSÆSON,2018-09-01,5890.0
DST:FIKS22:BRANCHE07=I:BELØB=4:SÆSON=EJSÆSON,2018-10-01,5307.0
DST:FIKS22:BRANCHE07=I:BELØB=4:SÆSON=EJSÆSON,2018-11-01,5282.0
DST:FIKS22:BRANCHE07=I:BELØB=4:SÆSON=EJSÆSON,2018-12-01,5442.0
DST:FIKS22:BRANCHE07=I:BELØB=4:SÆSON=EJSÆSON,2019-01-01,4390.0
DST:FIKS22:BRANCHE07=I:BELØB=4:SÆSON=EJSÆSON,2019-02-01,4171.0
DST:FIKS22:BRANCHE07=I:BELØB=4:SÆSON=EJSÆSON,2019-03-01,4902.0
DST:FIKS22:BRANCHE07=I:BELØB=4:SÆSON=EJSÆSON,2019-04-01,5293.0
DST:FIKS22:BRANCHE07=I:BELØB=4:SÆSON=EJSÆSON,2019-05-01,6015.0
DST:FIKS22:BRANCHE07=I:BELØB=4:SÆSON=EJSÆSON,2019-06-01,6026.0
DST:FIKS22:BRANCHE07=I:BELØB=4:SÆSON=EJSÆSON,2019-07-01,5649.0
DST:FIKS22:BRANCHE07=I:BELØB=4:SÆSON=EJSÆSON,2019-08-01,6099.0
DST:FIKS22:BRANCHE07=I:BELØB=4:SÆSON=EJSÆSON,2019-09-01,6109.0
DST:FIKS22:BRANCHE07=I:BELØB=4:SÆSON=EJSÆSON,2019-10-01,5664.0
DST:FIKS22:BRANCHE07=I:BELØB=4:SÆSON=EJSÆSON,2019-11-01,5618.0
DST:FIKS22:BRANCHE07=I:BELØB=4:SÆSON=EJSÆSON,2019-12-01,5608.0
DST:FIKS22:BRANCHE07=I:BELØB=4:SÆSON=EJSÆSON,2020-01-01,4520.0
DST:FIKS22:BRANCHE07=I:BELØB=4:SÆSON=EJSÆSON,2020-02-01,4346.0
DST:FIKS22:BRANCHE07=I:BELØB=4:SÆSON=EJSÆSON,2020-03-01,2856.0
DST:FIKS22:BRANCHE07=I:BELØB=4:SÆSON=EJSÆSON,2020-04-01,2282.0
DST:FIKS22:BRANCHE07=I:BELØB=4:SÆSON=EJSÆSON,2020-05-01,2753.0
DST:FIKS22:BRANCHE07=I:BELØB=4:SÆSON=EJSÆSON,2020-06-01,3559.0
DST:FIKS22:BRANCHE07=I:BELØB=4:SÆSON=EJSÆSON,2020-07-01,5354.0
DST:FIKS22:BRANCHE07=I:BELØB=4:SÆSON=EJSÆSON,2020-08-01,5200.0
DST:FIKS22:BRANCHE07=I:BELØB=4:SÆSON=EJSÆSON,2020-09-01,5008.0
DST:FIKS22:BRANCHE07=I:BELØB=4:SÆSON=EJSÆSON,2020-10-01,4182.0
DST:FIKS22:BRANCHE07=I:BELØB=4:SÆSON=EJSÆSON,2020-11-01,3806.0
DST:FIKS22:BRANCHE07=I:BELØB=4:SÆSON=EJSÆSON,2020-12-01,3461.0
DST:FIKS22:BRANCHE07=I:BELØB=4:SÆSON=EJSÆSON,2021-01-01,2095.0
DST:FIKS22:BRANCHE07=I:BELØB=4:SÆSON=EJSÆSON,2021-02-01,2033.0
DST:FIKS22:BRANCHE07=I:BELØB=4:SÆSON=EJSÆSON,2021-03-01,2327.0
DST:FIKS22:BRANCHE07=I:BELØB=4:SÆSON=EJSÆSON,2021-04-01,3559.0
DST:FIKS22:BRANCHE07=I:BELØB=4:SÆSON=EJSÆSON,2021-05-01,4363.0
DST:FIKS22:BRANCHE07=I:BELØB=4:SÆSON=EJSÆSON,2021-06-01,5129.0
DST:FIKS22:BRANCHE07=I:BELØB=4:SÆSON=EJSÆSON,2021-07-01,5975.0
DST:FIKS22:BRANCHE07=I:BELØB=4:SÆSON=EJSÆSON,2021-08-01,6343.0
DST:FIKS22:BRANCHE07=I:BELØB=4:SÆSON=EJSÆSON,2021-09-01,7043.0
DST:FIKS22:BRANCHE07=I:BELØB=4:SÆSON=EJSÆSON,2021-10-01,6491.0
DST:FIKS22:BRANCHE07=I:BELØB=4:SÆSON=EJSÆSON,2021-11-01,6218.0
DST:FIKS22:BRANCHE07=I:BELØB=4:SÆSON=EJSÆSON,2021-12-01,6941.0
DST:FIKS22:BRANCHE07=I:BELØB=4:SÆSON=EJSÆSON,2022-01-01,4212.0
DST:FIKS22:BRANCHE07=I:BELØB=4:SÆSON=EJSÆSON,2022-02-01,4512.0
DST:FIKS22:BRANCHE07=I:BELØB=4:SÆSON=EJSÆSON,2022-03-01,5308.0
DST:FIKS22:BRANCHE07=I:BELØB=4:SÆSON=EJSÆSON,2022-04-01,6527.0
DST:FIKS22:BRANCHE07=I:BELØB=4:SÆSON=EJSÆSON,2022-05-01,7098.0
DST:FIKS22:BRANCHE07=I:BELØB=4:SÆSON=EJSÆSON,2022-06-01,7347.0
DST:FIKS22:BRANCHE07=I:BELØB=4:SÆSON=EJSÆSON,2022-07-01,6969.0
DST:FIKS22:BRANCHE07=I:BELØB=4:SÆSON=EJSÆSON,2022-08-01,7301.0
DST:FIKS22:BRANCHE07=I:BELØB=4:SÆSON=EJSÆSON,2022-09-01,7596.0
DST:FIKS22:BRANCHE07=I:BELØB=4:SÆSON=EJSÆSON,2022-10-01,6583.0
DST:FIKS22:BRANCHE07=I:BELØB=4:SÆSON=EJSÆSON,2022-11-01,6479.0
DST:FIKS22:BRANCHE07=I:BELØB=4:SÆSON=EJSÆSON,2022-12-01,6573.0
DST:FIKS22:BRANCHE07=I:BELØB=4:SÆSON=EJSÆSON,2023-01-01,5461.0
DST:FIKS22:BRANCHE07=I:BELØB=4:SÆSON=EJSÆSON,2023-02-01,5286.0
DST:FIKS22:BRANCHE07=I:BELØB=4:SÆSON=EJSÆSON,2023-03-01,6074.0
DST:FIKS22:BRANCHE07=I:BELØB=4:SÆSON=EJSÆSON,2023-04-01,6981.0
DST:FIKS22:BRANCHE07=I:BELØB=4:SÆSON=EJSÆSON,2023-05-01,7435.0
DST:FIKS22:BRANCHE07=I:BELØB=4:SÆSON=EJSÆSON,2023-06-01,7537.0
DST:FIKS22:BRANCHE07=I:BELØB=4:SÆSON=EJSÆSON,2023-07-01,7219.0
DST:FIKS22:BRANCHE07=I:BELØB=4:SÆSON=EJSÆSON,2023-08-01,7747.0
DST:FIKS22:BRANCHE07=I:BELØB=4:SÆSON=EJSÆSON,2023-09-01,7836.0
DST:FIKS22:BRANCHE07=I:BELØB=4:SÆSON=EJSÆSON,2023-10-01,6874.0
DST:FIKS22:BRANCHE07=I:BELØB=4:SÆSON=EJSÆSON,2023-11-01,6741.0
DST:FIKS22:BRANCHE07=I:BELØB=4:SÆSON=EJSÆSON,2023-12-01,6499.0
DST:FIKS22:BRANCHE07=I:BELØB=4:SÆSON=EJSÆSON,2024-01-01,5559.0
DST:FIKS22:BRANCHE07=I:BELØB=4:SÆSON=EJSÆSON,2024-02-01,5481.0
DST:FIKS22:BRANCHE07=I:BELØB=4:SÆSON=EJSÆSON,2024-03-01,6248.0
DST:FIKS22:BRANCHE07=I:BELØB=4:SÆSON=EJSÆSON,2024-04-01,7142.0
DST:FIKS22:BRANCHE07=I:BELØB=4:SÆSON=EJSÆSON,2024-05-01,7774.0
DST:FIKS22:BRANCHE07=I:BELØB=4:SÆSON=EJSÆSON,2024-06-01,7938.0
DST:FIKS22:BRANCHE07=I:BELØB=4:SÆSON=EJSÆSON,2024-07-01,7422.0
DST:FIKS22:BRANCHE07=I:BELØB=4:SÆSON=EJSÆSON,2024-08-01,8151.0
DST:FIKS22:BRANCHE07=I:BELØB=4:SÆSON=EJSÆSON,2024-09-01,7947.0
DST:FIKS22:BRANCHE07=I:BELØB=4:SÆSON=EJSÆSON,2024-10-01,7306.0
DST:FIKS22:BRANCHE07=I:BELØB=4:SÆSON=EJSÆSON,2024-11-01,7148.0
DST:FIKS22:BRANCHE07=I:BELØB=4:SÆSON=EJSÆSON,2024-12-01,6841.0
DST:FIKS22:BRANCHE07=I:BELØB=4:SÆSON=EJSÆSON,2025-01-01,5870.0
DST:FIKS22:BRANCHE07=I:BELØB=4:SÆSON=EJSÆSON,2025-02-01,5596.0
DST:FIKS22:BRANCHE07=I:BELØB=4:SÆSON=EJSÆSON,2025-03-01,6515.0
DST:FIKS22:BRANCHE07=I:BELØB=4:SÆSON=EJSÆSON,2025-04-01,7276.0
DST:FIKS22:BRANCHE07=I:BELØB=4:SÆSON=EJSÆSON,2025-05-01,8482.0
DST:FIKS22:BRANCHE07=I:BELØB=4:SÆSON=EJSÆSON,2025-06-01,8210.0
DST:FIKS22:BRANCHE07=I:BELØB=4:SÆSON=EJSÆSON,2025-07-01,7828.0
DST:FIKS22:BRANCHE07=I:BELØB=4:SÆSON=EJSÆSON,2025-08-01,8724.0
DST:FIKS22:BRANCHE07=I:BELØB=4:SÆSON=EJSÆSON,2025-09-01,8608.0
DST:FIKS22:BRANCHE07=I:BELØB=4:SÆSON=EJSÆSON,2025-10-01,7863.0
DST:FIKS22:BRANCHE07=I:BELØB=4:SÆSON=EJSÆSON,2025-11-01,7502.0
DST:FIKS22:BRANCHE07=I:BELØB=4:SÆSON=EJSÆSON,2025-12-01,7367.0
DST:FIKS22:BRANCHE07=I:BELØB=4:SÆSON=EJSÆSON,2026-01-01,6247.0
DST:FIKS22:BRANCHE07=I:BELØB=4:SÆSON=EJSÆSON,2026-02-01,5728.0
DST:FIKS22:BRANCHE07=I:BELØB=4:SÆSON=EJSÆSON,2026-03-01,6727.0
DST:FIKS22:BRANCHE07=I:BELØB=4:SÆSON=SÆSON,2009-01-01,3381.0
DST:FIKS22:BRANCHE07=I:BELØB=4:SÆSON=SÆSON,2009-02-01,3366.0
DST:FIKS22:BRANCHE07=I:BELØB=4:SÆSON=SÆSON,2009-03-01,3340.0
DST:FIKS22:BRANCHE07=I:BELØB=4:SÆSON=SÆSON,2009-04-01,3379.0
DST:FIKS22:BRANCHE07=I:BELØB=4:SÆSON=SÆSON,2009-05-01,3257.0
DST:FIKS22:BRANCHE07=I:BELØB=4:SÆSON=SÆSON,2009-06-01,3281.0
DST:FIKS22:BRANCHE07=I:BELØB=4:SÆSON=SÆSON,2009-07-01,3276.0
DST:FIKS22:BRANCHE07=I:BELØB=4:SÆSON=SÆSON,2009-08-01,3277.0
DST:FIKS22:BRANCHE07=I:BELØB=4:SÆSON=SÆSON,2009-09-01,3252.0
DST:FIKS22:BRANCHE07=I:BELØB=4:SÆSON=SÆSON,2009-10-01,3255.0
DST:FIKS22:BRANCHE07=I:BELØB=4:SÆSON=SÆSON,2009-11-01,3189.0
DST:FIKS22:BRANCHE07=I:BELØB=4:SÆSON=SÆSON,2009-12-01,3553.0
DST:FIKS22:BRANCHE07=I:BELØB=4:SÆSON=SÆSON,2010-01-01,3311.0
DST:FIKS22:BRANCHE07=I:BELØB=4:SÆSON=SÆSON,2010-02-01,3304.0
DST:FIKS22:BRANCHE07=I:BELØB=4:SÆSON=SÆSON,2010-03-01,3444.0
DST:FIKS22:BRANCHE07=I:BELØB=4:SÆSON=SÆSON,2010-04-01,3280.0
DST:FIKS22:BRANCHE07=I:BELØB=4:SÆSON=SÆSON,2010-05-01,3313.0
DST:FIKS22:BRANCHE07=I:BELØB=4:SÆSON=SÆSON,2010-06-01,3356.0
DST:FIKS22:BRANCHE07=I:BELØB=4:SÆSON=SÆSON,2010-07-01,3354.0
DST:FIKS22:BRANCHE07=I:BELØB=4:SÆSON=SÆSON,2010-08-01,3431.0
DST:FIKS22:BRANCHE07=I:BELØB=4:SÆSON=SÆSON,2010-09-01,3435.0
DST:FIKS22:BRANCHE07=I:BELØB=4:SÆSON=SÆSON,2010-10-01,3472.0
DST:FIKS22:BRANCHE07=I:BELØB=4:SÆSON=SÆSON,2010-11-01,3508.0
DST:FIKS22:BRANCHE07=I:BELØB=4:SÆSON=SÆSON,2010-12-01,3374.0
DST:FIKS22:BRANCHE07=I:BELØB=4:SÆSON=SÆSON,2011-01-01,3547.0
DST:FIKS22:BRANCHE07=I:BELØB=4:SÆSON=SÆSON,2011-02-01,3580.0
DST:FIKS22:BRANCHE07=I:BELØB=4:SÆSON=SÆSON,2011-03-01,3586.0
DST:FIKS22:BRANCHE07=I:BELØB=4:SÆSON=SÆSON,2011-04-01,3572.0
DST:FIKS22:BRANCHE07=I:BELØB=4:SÆSON=SÆSON,2011-05-01,3695.0
DST:FIKS22:BRANCHE07=I:BELØB=4:SÆSON=SÆSON,2011-06-01,3629.0
DST:FIKS22:BRANCHE07=I:BELØB=4:SÆSON=SÆSON,2011-07-01,3632.0
DST:FIKS22:BRANCHE07=I:BELØB=4:SÆSON=SÆSON,2011-08-01,3597.0
DST:FIKS22:BRANCHE07=I:BELØB=4:SÆSON=SÆSON,2011-09-01,3676.0
DST:FIKS22:BRANCHE07=I:BELØB=4:SÆSON=SÆSON,2011-10-01,3658.0
DST:FIKS22:BRANCHE07=I:BELØB=4:SÆSON=SÆSON,2011-11-01,3667.0
DST:FIKS22:BRANCHE07=I:BELØB=4:SÆSON=SÆSON,2011-12-01,3584.0
DST:FIKS22:BRANCHE07=I:BELØB=4:SÆSON=SÆSON,2012-01-01,3714.0
DST:FIKS22:BRANCHE07=I:BELØB=4:SÆSON=SÆSON,2012-02-01,3751.0
DST:FIKS22:BRANCHE07=I:BELØB=4:SÆSON=SÆSON,2012-03-01,3793.0
DST:FIKS22:BRANCHE07=I:BELØB=4:SÆSON=SÆSON,2012-04-01,3828.0
DST:FIKS22:BRANCHE07=I:BELØB=4:SÆSON=SÆSON,2012-05-01,3791.0
DST:FIKS22:BRANCHE07=I:BELØB=4:SÆSON=SÆSON,2012-06-01,3813.0
DST:FIKS22:BRANCHE07=I:BELØB=4:SÆSON=SÆSON,2012-07-01,3836.0
DST:FIKS22:BRANCHE07=I:BELØB=4:SÆSON=SÆSON,2012-08-01,3821.0
DST:FIKS22:BRANCHE07=I:BELØB=4:SÆSON=SÆSON,2012-09-01,3810.0
DST:FIKS22:BRANCHE07=I:BELØB=4:SÆSON=SÆSON,2012-10-01,3807.0
DST:FIKS22:BRANCHE07=I:BELØB=4:SÆSON=SÆSON,2012-11-01,3826.0
DST:FIKS22:BRANCHE07=I:BELØB=4:SÆSON=SÆSON,2012-12-01,3665.0
DST:FIKS22:BRANCHE07=I:BELØB=4:SÆSON=SÆSON,2013-01-01,3878.0
DST:FIKS22:BRANCHE07=I:BELØB=4:SÆSON=SÆSON,2013-02-01,3885.0
DST:FIKS22:BRANCHE07=I:BELØB=4:SÆSON=SÆSON,2013-03-01,3899.0
DST:FIKS22:BRANCHE07=I:BELØB=4:SÆSON=SÆSON,2013-04-01,3898.0
DST:FIKS22:BRANCHE07=I:BELØB=4:SÆSON=SÆSON,2013-05-01,3935.0
DST:FIKS22:BRANCHE07=I:BELØB=4:SÆSON=SÆSON,2013-06-01,3889.0
DST:FIKS22:BRANCHE07=I:BELØB=4:SÆSON=SÆSON,2013-07-01,3956.0
DST:FIKS22:BRANCHE07=I:BELØB=4:SÆSON=SÆSON,2013-08-01,4125.0
DST:FIKS22:BRANCHE07=I:BELØB=4:SÆSON=SÆSON,2013-09-01,3942.0
DST:FIKS22:BRANCHE07=I:BELØB=4:SÆSON=SÆSON,2013-10-01,3977.0
DST:FIKS22:BRANCHE07=I:BELØB=4:SÆSON=SÆSON,2013-11-01,3988.0
DST:FIKS22:BRANCHE07=I:BELØB=4:SÆSON=SÆSON,2013-12-01,3853.0
DST:FIKS22:BRANCHE07=I:BELØB=4:SÆSON=SÆSON,2014-01-01,4168.0
DST:FIKS22:BRANCHE07=I:BELØB=4:SÆSON=SÆSON,2014-02-01,4119.0
DST:FIKS22:BRANCHE07=I:BELØB=4:SÆSON=SÆSON,2014-03-01,4076.0
DST:FIKS22:BRANCHE07=I:BELØB=4:SÆSON=SÆSON,2014-04-01,4150.0
DST:FIKS22:BRANCHE07=I:BELØB=4:SÆSON=SÆSON,2014-05-01,4137.0
DST:FIKS22:BRANCHE07=I:BELØB=4:SÆSON=SÆSON,2014-06-01,4235.0
DST:FIKS22:BRANCHE07=I:BELØB=4:SÆSON=SÆSON,2014-07-01,4158.0
DST:FIKS22:BRANCHE07=I:BELØB=4:SÆSON=SÆSON,2014-08-01,4233.0
DST:FIKS22:BRANCHE07=I:BELØB=4:SÆSON=SÆSON,2014-09-01,4149.0
DST:FIKS22:BRANCHE07=I:BELØB=4:SÆSON=SÆSON,2014-10-01,4290.0
DST:FIKS22:BRANCHE07=I:BELØB=4:SÆSON=SÆSON,2014-11-01,4307.0
DST:FIKS22:BRANCHE07=I:BELØB=4:SÆSON=SÆSON,2014-12-01,4272.0
DST:FIKS22:BRANCHE07=I:BELØB=4:SÆSON=SÆSON,2015-01-01,4365.0
DST:FIKS22:BRANCHE07=I:BELØB=4:SÆSON=SÆSON,2015-02-01,4321.0
DST:FIKS22:BRANCHE07=I:BELØB=4:SÆSON=SÆSON,2015-03-01,4512.0
DST:FIKS22:BRANCHE07=I:BELØB=4:SÆSON=SÆSON,2015-04-01,4397.0
DST:FIKS22:BRANCHE07=I:BELØB=4:SÆSON=SÆSON,2015-05-01,4480.0
DST:FIKS22:BRANCHE07=I:BELØB=4:SÆSON=SÆSON,2015-06-01,4504.0
DST:FIKS22:BRANCHE07=I:BELØB=4:SÆSON=SÆSON,2015-07-01,4541.0
DST:FIKS22:BRANCHE07=I:BELØB=4:SÆSON=SÆSON,2015-08-01,4493.0
DST:FIKS22:BRANCHE07=I:BELØB=4:SÆSON=SÆSON,2015-09-01,4518.0
DST:FIKS22:BRANCHE07=I:BELØB=4:SÆSON=SÆSON,2015-10-01,4540.0
DST:FIKS22:BRANCHE07=I:BELØB=4:SÆSON=SÆSON,2015-11-01,4596.0
DST:FIKS22:BRANCHE07=I:BELØB=4:SÆSON=SÆSON,2015-12-01,4694.0
DST:FIKS22:BRANCHE07=I:BELØB=4:SÆSON=SÆSON,2016-01-01,4617.0
DST:FIKS22:BRANCHE07=I:BELØB=4:SÆSON=SÆSON,2016-02-01,4709.0
DST:FIKS22:BRANCHE07=I:BELØB=4:SÆSON=SÆSON,2016-03-01,4699.0
DST:FIKS22:BRANCHE07=I:BELØB=4:SÆSON=SÆSON,2016-04-01,4835.0
DST:FIKS22:BRANCHE07=I:BELØB=4:SÆSON=SÆSON,2016-05-01,4743.0
DST:FIKS22:BRANCHE07=I:BELØB=4:SÆSON=SÆSON,2016-06-01,4754.0
DST:FIKS22:BRANCHE07=I:BELØB=4:SÆSON=SÆSON,2016-07-01,4895.0
DST:FIKS22:BRANCHE07=I:BELØB=4:SÆSON=SÆSON,2016-08-01,4842.0
DST:FIKS22:BRANCHE07=I:BELØB=4:SÆSON=SÆSON,2016-09-01,4918.0
DST:FIKS22:BRANCHE07=I:BELØB=4:SÆSON=SÆSON,2016-10-01,4930.0
DST:FIKS22:BRANCHE07=I:BELØB=4:SÆSON=SÆSON,2016-11-01,4899.0
DST:FIKS22:BRANCHE07=I:BELØB=4:SÆSON=SÆSON,2016-12-01,4853.0
DST:FIKS22:BRANCHE07=I:BELØB=4:SÆSON=SÆSON,2017-01-01,4934.0
DST:FIKS22:BRANCHE07=I:BELØB=4:SÆSON=SÆSON,2017-02-01,4942.0
DST:FIKS22:BRANCHE07=I:BELØB=4:SÆSON=SÆSON,2017-03-01,5010.0
DST:FIKS22:BRANCHE07=I:BELØB=4:SÆSON=SÆSON,2017-04-01,5009.0
DST:FIKS22:BRANCHE07=I:BELØB=4:SÆSON=SÆSON,2017-05-01,4995.0
DST:FIKS22:BRANCHE07=I:BELØB=4:SÆSON=SÆSON,2017-06-01,4987.0
DST:FIKS22:BRANCHE07=I:BELØB=4:SÆSON=SÆSON,2017-07-01,5002.0
DST:FIKS22:BRANCHE07=I:BELØB=4:SÆSON=SÆSON,2017-08-01,4999.0
DST:FIKS22:BRANCHE07=I:BELØB=4:SÆSON=SÆSON,2017-09-01,5022.0
DST:FIKS22:BRANCHE07=I:BELØB=4:SÆSON=SÆSON,2017-10-01,5053.0
DST:FIKS22:BRANCHE07=I:BELØB=4:SÆSON=SÆSON,2017-11-01,5036.0
DST:FIKS22:BRANCHE07=I:BELØB=4:SÆSON=SÆSON,2017-12-01,5163.0
DST:FIKS22:BRANCHE07=I:BELØB=4:SÆSON=SÆSON,2018-01-01,5196.0
DST:FIKS22:BRANCHE07=I:BELØB=4:SÆSON=SÆSON,2018-02-01,5190.0
DST:FIKS22:BRANCHE07=I:BELØB=4:SÆSON=SÆSON,2018-03-01,5186.0
DST:FIKS22:BRANCHE07=I:BELØB=4:SÆSON=SÆSON,2018-04-01,5154.0
DST:FIKS22:BRANCHE07=I:BELØB=4:SÆSON=SÆSON,2018-05-01,5265.0
DST:FIKS22:BRANCHE07=I:BELØB=4:SÆSON=SÆSON,2018-06-01,5289.0
DST:FIKS22:BRANCHE07=I:BELØB=4:SÆSON=SÆSON,2018-07-01,5203.0
DST:FIKS22:BRANCHE07=I:BELØB=4:SÆSON=SÆSON,2018-08-01,5317.0
DST:FIKS22:BRANCHE07=I:BELØB=4:SÆSON=SÆSON,2018-09-01,5237.0
DST:FIKS22:BRANCHE07=I:BELØB=4:SÆSON=SÆSON,2018-10-01,5164.0
DST:FIKS22:BRANCHE07=I:BELØB=4:SÆSON=SÆSON,2018-11-01,5276.0
DST:FIKS22:BRANCHE07=I:BELØB=4:SÆSON=SÆSON,2018-12-01,5334.0
DST:FIKS22:BRANCHE07=I:BELØB=4:SÆSON=SÆSON,2019-01-01,5374.0
DST:FIKS22:BRANCHE07=I:BELØB=4:SÆSON=SÆSON,2019-02-01,5396.0
DST:FIKS22:BRANCHE07=I:BELØB=4:SÆSON=SÆSON,2019-03-01,5477.0
DST:FIKS22:BRANCHE07=I:BELØB=4:SÆSON=SÆSON,2019-04-01,5269.0
DST:FIKS22:BRANCHE07=I:BELØB=4:SÆSON=SÆSON,2019-05-01,5469.0
DST:FIKS22:BRANCHE07=I:BELØB=4:SÆSON=SÆSON,2019-06-01,5475.0
DST:FIKS22:BRANCHE07=I:BELØB=4:SÆSON=SÆSON,2019-07-01,5476.0
DST:FIKS22:BRANCHE07=I:BELØB=4:SÆSON=SÆSON,2019-08-01,5430.0
DST:FIKS22:BRANCHE07=I:BELØB=4:SÆSON=SÆSON,2019-09-01,5396.0
DST:FIKS22:BRANCHE07=I:BELØB=4:SÆSON=SÆSON,2019-10-01,5488.0
DST:FIKS22:BRANCHE07=I:BELØB=4:SÆSON=SÆSON,2019-11-01,5593.0
DST:FIKS22:BRANCHE07=I:BELØB=4:SÆSON=SÆSON,2019-12-01,5598.0
DST:FIKS22:BRANCHE07=I:BELØB=4:SÆSON=SÆSON,2020-01-01,5576.0
DST:FIKS22:BRANCHE07=I:BELØB=4:SÆSON=SÆSON,2020-02-01,5544.0
DST:FIKS22:BRANCHE07=I:BELØB=4:SÆSON=SÆSON,2020-03-01,3576.0
DST:FIKS22:BRANCHE07=I:BELØB=4:SÆSON=SÆSON,2020-04-01,2204.0
DST:FIKS22:BRANCHE07=I:BELØB=4:SÆSON=SÆSON,2020-05-01,2200.0
DST:FIKS22:BRANCHE07=I:BELØB=4:SÆSON=SÆSON,2020-06-01,2986.0
DST:FIKS22:BRANCHE07=I:BELØB=4:SÆSON=SÆSON,2020-07-01,5099.0
DST:FIKS22:BRANCHE07=I:BELØB=4:SÆSON=SÆSON,2020-08-01,4549.0
DST:FIKS22:BRANCHE07=I:BELØB=4:SÆSON=SÆSON,2020-09-01,4206.0
DST:FIKS22:BRANCHE07=I:BELØB=4:SÆSON=SÆSON,2020-10-01,3904.0
DST:FIKS22:BRANCHE07=I:BELØB=4:SÆSON=SÆSON,2020-11-01,3874.0
DST:FIKS22:BRANCHE07=I:BELØB=4:SÆSON=SÆSON,2020-12-01,3534.0
DST:FIKS22:BRANCHE07=I:BELØB=4:SÆSON=SÆSON,2021-01-01,3307.0
DST:FIKS22:BRANCHE07=I:BELØB=4:SÆSON=SÆSON,2021-02-01,3392.0
DST:FIKS22:BRANCHE07=I:BELØB=4:SÆSON=SÆSON,2021-03-01,3166.0
DST:FIKS22:BRANCHE07=I:BELØB=4:SÆSON=SÆSON,2021-04-01,3387.0
DST:FIKS22:BRANCHE07=I:BELØB=4:SÆSON=SÆSON,2021-05-01,3779.0
DST:FIKS22:BRANCHE07=I:BELØB=4:SÆSON=SÆSON,2021-06-01,4488.0
DST:FIKS22:BRANCHE07=I:BELØB=4:SÆSON=SÆSON,2021-07-01,5618.0
DST:FIKS22:BRANCHE07=I:BELØB=4:SÆSON=SÆSON,2021-08-01,5672.0
DST:FIKS22:BRANCHE07=I:BELØB=4:SÆSON=SÆSON,2021-09-01,6134.0
DST:FIKS22:BRANCHE07=I:BELØB=4:SÆSON=SÆSON,2021-10-01,6273.0
DST:FIKS22:BRANCHE07=I:BELØB=4:SÆSON=SÆSON,2021-11-01,6308.0
DST:FIKS22:BRANCHE07=I:BELØB=4:SÆSON=SÆSON,2021-12-01,6991.0
DST:FIKS22:BRANCHE07=I:BELØB=4:SÆSON=SÆSON,2022-01-01,5506.0
DST:FIKS22:BRANCHE07=I:BELØB=4:SÆSON=SÆSON,2022-02-01,5933.0
DST:FIKS22:BRANCHE07=I:BELØB=4:SÆSON=SÆSON,2022-03-01,6106.0
DST:FIKS22:BRANCHE07=I:BELØB=4:SÆSON=SÆSON,2022-04-01,6351.0
DST:FIKS22:BRANCHE07=I:BELØB=4:SÆSON=SÆSON,2022-05-01,6519.0
DST:FIKS22:BRANCHE07=I:BELØB=4:SÆSON=SÆSON,2022-06-01,6609.0
DST:FIKS22:BRANCHE07=I:BELØB=4:SÆSON=SÆSON,2022-07-01,6616.0
DST:FIKS22:BRANCHE07=I:BELØB=4:SÆSON=SÆSON,2022-08-01,6528.0
DST:FIKS22:BRANCHE07=I:BELØB=4:SÆSON=SÆSON,2022-09-01,6615.0
DST:FIKS22:BRANCHE07=I:BELØB=4:SÆSON=SÆSON,2022-10-01,6400.0
DST:FIKS22:BRANCHE07=I:BELØB=4:SÆSON=SÆSON,2022-11-01,6615.0
DST:FIKS22:BRANCHE07=I:BELØB=4:SÆSON=SÆSON,2022-12-01,6647.0
DST:FIKS22:BRANCHE07=I:BELØB=4:SÆSON=SÆSON,2023-01-01,6770.0
DST:FIKS22:BRANCHE07=I:BELØB=4:SÆSON=SÆSON,2023-02-01,6778.0
DST:FIKS22:BRANCHE07=I:BELØB=4:SÆSON=SÆSON,2023-03-01,6829.0
DST:FIKS22:BRANCHE07=I:BELØB=4:SÆSON=SÆSON,2023-04-01,6883.0
DST:FIKS22:BRANCHE07=I:BELØB=4:SÆSON=SÆSON,2023-05-01,6846.0
DST:FIKS22:BRANCHE07=I:BELØB=4:SÆSON=SÆSON,2023-06-01,6736.0
DST:FIKS22:BRANCHE07=I:BELØB=4:SÆSON=SÆSON,2023-07-01,6854.0
DST:FIKS22:BRANCHE07=I:BELØB=4:SÆSON=SÆSON,2023-08-01,6857.0
DST:FIKS22:BRANCHE07=I:BELØB=4:SÆSON=SÆSON,2023-09-01,6841.0
DST:FIKS22:BRANCHE07=I:BELØB=4:SÆSON=SÆSON,2023-10-01,6748.0
DST:FIKS22:BRANCHE07=I:BELØB=4:SÆSON=SÆSON,2023-11-01,6837.0
DST:FIKS22:BRANCHE07=I:BELØB=4:SÆSON=SÆSON,2023-12-01,6683.0
DST:FIKS22:BRANCHE07=I:BELØB=4:SÆSON=SÆSON,2024-01-01,6926.0
DST:FIKS22:BRANCHE07=I:BELØB=4:SÆSON=SÆSON,2024-02-01,6951.0
DST:FIKS22:BRANCHE07=I:BELØB=4:SÆSON=SÆSON,2024-03-01,7133.0
DST:FIKS22:BRANCHE07=I:BELØB=4:SÆSON=SÆSON,2024-04-01,7034.0
DST:FIKS22:BRANCHE07=I:BELØB=4:SÆSON=SÆSON,2024-05-01,7057.0
DST:FIKS22:BRANCHE07=I:BELØB=4:SÆSON=SÆSON,2024-06-01,7129.0
DST:FIKS22:BRANCHE07=I:BELØB=4:SÆSON=SÆSON,2024-07-01,7083.0
DST:FIKS22:BRANCHE07=I:BELØB=4:SÆSON=SÆSON,2024-08-01,7081.0
DST:FIKS22:BRANCHE07=I:BELØB=4:SÆSON=SÆSON,2024-09-01,7013.0
DST:FIKS22:BRANCHE07=I:BELØB=4:SÆSON=SÆSON,2024-10-01,7133.0
DST:FIKS22:BRANCHE07=I:BELØB=4:SÆSON=SÆSON,2024-11-01,7188.0
DST:FIKS22:BRANCHE07=I:BELØB=4:SÆSON=SÆSON,2024-12-01,7109.0
DST:FIKS22:BRANCHE07=I:BELØB=4:SÆSON=SÆSON,2025-01-01,7196.0
DST:FIKS22:BRANCHE07=I:BELØB=4:SÆSON=SÆSON,2025-02-01,7224.0
DST:FIKS22:BRANCHE07=I:BELØB=4:SÆSON=SÆSON,2025-03-01,7305.0
DST:FIKS22:BRANCHE07=I:BELØB=4:SÆSON=SÆSON,2025-04-01,7294.0
DST:FIKS22:BRANCHE07=I:BELØB=4:SÆSON=SÆSON,2025-05-01,7735.0
DST:FIKS22:BRANCHE07=I:BELØB=4:SÆSON=SÆSON,2025-06-01,7470.0
DST:FIKS22:BRANCHE07=I:BELØB=4:SÆSON=SÆSON,2025-07-01,7494.0
DST:FIKS22:BRANCHE07=I:BELØB=4:SÆSON=SÆSON,2025-08-01,7626.0
DST:FIKS22:BRANCHE07=I:BELØB=4:SÆSON=SÆSON,2025-09-01,7631.0
DST:FIKS22:BRANCHE07=I:BELØB=4:SÆSON=SÆSON,2025-10-01,7629.0
DST:FIKS22:BRANCHE07=I:BELØB=4:SÆSON=SÆSON,2025-11-01,7603.0
DST:FIKS22:BRANCHE07=I:BELØB=4:SÆSON=SÆSON,2025-12-01,7645.0
DST:FIKS22:BRANCHE07=I:BELØB=4:SÆSON=SÆSON,2026-01-01,7603.0
DST:FIKS22:BRANCHE07=I:BELØB=4:SÆSON=SÆSON,2026-02-01,7396.0
DST:FIKS22:BRANCHE07=I:BELØB=4:SÆSON=SÆSON,2026-03-01,7631.0
DST:FIKS22:BRANCHE07=J:BELØB=0:SÆSON=EJSÆSON,2009-01-01,6068.0
DST:FIKS22:BRANCHE07=J:BELØB=0:SÆSON=EJSÆSON,2009-02-01,4951.0
DST:FIKS22:BRANCHE07=J:BELØB=0:SÆSON=EJSÆSON,2009-03-01,5775.0
DST:FIKS22:BRANCHE07=J:BELØB=0:SÆSON=EJSÆSON,2009-04-01,5772.0
DST:FIKS22:BRANCHE07=J:BELØB=0:SÆSON=EJSÆSON,2009-05-01,5002.0
DST:FIKS22:BRANCHE07=J:BELØB=0:SÆSON=EJSÆSON,2009-06-01,5445.0
DST:FIKS22:BRANCHE07=J:BELØB=0:SÆSON=EJSÆSON,2009-07-01,5226.0
DST:FIKS22:BRANCHE07=J:BELØB=0:SÆSON=EJSÆSON,2009-08-01,4856.0
DST:FIKS22:BRANCHE07=J:BELØB=0:SÆSON=EJSÆSON,2009-09-01,5422.0
DST:FIKS22:BRANCHE07=J:BELØB=0:SÆSON=EJSÆSON,2009-10-01,5533.0
DST:FIKS22:BRANCHE07=J:BELØB=0:SÆSON=EJSÆSON,2009-11-01,5136.0
DST:FIKS22:BRANCHE07=J:BELØB=0:SÆSON=EJSÆSON,2009-12-01,6885.0
DST:FIKS22:BRANCHE07=J:BELØB=0:SÆSON=EJSÆSON,2010-01-01,5318.0
DST:FIKS22:BRANCHE07=J:BELØB=0:SÆSON=EJSÆSON,2010-02-01,4709.0
DST:FIKS22:BRANCHE07=J:BELØB=0:SÆSON=EJSÆSON,2010-03-01,5299.0
DST:FIKS22:BRANCHE07=J:BELØB=0:SÆSON=EJSÆSON,2010-04-01,5259.0
DST:FIKS22:BRANCHE07=J:BELØB=0:SÆSON=EJSÆSON,2010-05-01,4901.0
DST:FIKS22:BRANCHE07=J:BELØB=0:SÆSON=EJSÆSON,2010-06-01,5558.0
DST:FIKS22:BRANCHE07=J:BELØB=0:SÆSON=EJSÆSON,2010-07-01,4752.0
DST:FIKS22:BRANCHE07=J:BELØB=0:SÆSON=EJSÆSON,2010-08-01,4762.0
DST:FIKS22:BRANCHE07=J:BELØB=0:SÆSON=EJSÆSON,2010-09-01,5365.0
DST:FIKS22:BRANCHE07=J:BELØB=0:SÆSON=EJSÆSON,2010-10-01,5315.0
DST:FIKS22:BRANCHE07=J:BELØB=0:SÆSON=EJSÆSON,2010-11-01,5543.0
DST:FIKS22:BRANCHE07=J:BELØB=0:SÆSON=EJSÆSON,2010-12-01,7077.0
DST:FIKS22:BRANCHE07=J:BELØB=0:SÆSON=EJSÆSON,2011-01-01,5455.0
DST:FIKS22:BRANCHE07=J:BELØB=0:SÆSON=EJSÆSON,2011-02-01,4807.0
DST:FIKS22:BRANCHE07=J:BELØB=0:SÆSON=EJSÆSON,2011-03-01,5589.0
DST:FIKS22:BRANCHE07=J:BELØB=0:SÆSON=EJSÆSON,2011-04-01,5205.0
DST:FIKS22:BRANCHE07=J:BELØB=0:SÆSON=EJSÆSON,2011-05-01,5217.0
DST:FIKS22:BRANCHE07=J:BELØB=0:SÆSON=EJSÆSON,2011-06-01,5178.0
DST:FIKS22:BRANCHE07=J:BELØB=0:SÆSON=EJSÆSON,2011-07-01,4700.0
DST:FIKS22:BRANCHE07=J:BELØB=0:SÆSON=EJSÆSON,2011-08-01,4878.0
DST:FIKS22:BRANCHE07=J:BELØB=0:SÆSON=EJSÆSON,2011-09-01,5117.0
DST:FIKS22:BRANCHE07=J:BELØB=0:SÆSON=EJSÆSON,2011-10-01,5412.0
DST:FIKS22:BRANCHE07=J:BELØB=0:SÆSON=EJSÆSON,2011-11-01,5385.0
DST:FIKS22:BRANCHE07=J:BELØB=0:SÆSON=EJSÆSON,2011-12-01,7013.0
DST:FIKS22:BRANCHE07=J:BELØB=0:SÆSON=EJSÆSON,2012-01-01,5222.0
DST:FIKS22:BRANCHE07=J:BELØB=0:SÆSON=EJSÆSON,2012-02-01,4898.0
DST:FIKS22:BRANCHE07=J:BELØB=0:SÆSON=EJSÆSON,2012-03-01,5248.0
DST:FIKS22:BRANCHE07=J:BELØB=0:SÆSON=EJSÆSON,2012-04-01,6935.0
DST:FIKS22:BRANCHE07=J:BELØB=0:SÆSON=EJSÆSON,2012-05-01,4943.0
DST:FIKS22:BRANCHE07=J:BELØB=0:SÆSON=EJSÆSON,2012-06-01,5557.0
DST:FIKS22:BRANCHE07=J:BELØB=0:SÆSON=EJSÆSON,2012-07-01,4786.0
DST:FIKS22:BRANCHE07=J:BELØB=0:SÆSON=EJSÆSON,2012-08-01,4501.0
DST:FIKS22:BRANCHE07=J:BELØB=0:SÆSON=EJSÆSON,2012-09-01,5024.0
DST:FIKS22:BRANCHE07=J:BELØB=0:SÆSON=EJSÆSON,2012-10-01,5434.0
DST:FIKS22:BRANCHE07=J:BELØB=0:SÆSON=EJSÆSON,2012-11-01,5212.0
DST:FIKS22:BRANCHE07=J:BELØB=0:SÆSON=EJSÆSON,2012-12-01,6526.0
DST:FIKS22:BRANCHE07=J:BELØB=0:SÆSON=EJSÆSON,2013-01-01,5067.0
DST:FIKS22:BRANCHE07=J:BELØB=0:SÆSON=EJSÆSON,2013-02-01,4168.0
DST:FIKS22:BRANCHE07=J:BELØB=0:SÆSON=EJSÆSON,2013-03-01,4725.0
DST:FIKS22:BRANCHE07=J:BELØB=0:SÆSON=EJSÆSON,2013-04-01,4789.0
DST:FIKS22:BRANCHE07=J:BELØB=0:SÆSON=EJSÆSON,2013-05-01,4630.0
DST:FIKS22:BRANCHE07=J:BELØB=0:SÆSON=EJSÆSON,2013-06-01,5006.0
DST:FIKS22:BRANCHE07=J:BELØB=0:SÆSON=EJSÆSON,2013-07-01,4365.0
DST:FIKS22:BRANCHE07=J:BELØB=0:SÆSON=EJSÆSON,2013-08-01,4013.0
DST:FIKS22:BRANCHE07=J:BELØB=0:SÆSON=EJSÆSON,2013-09-01,4878.0
DST:FIKS22:BRANCHE07=J:BELØB=0:SÆSON=EJSÆSON,2013-10-01,4952.0
DST:FIKS22:BRANCHE07=J:BELØB=0:SÆSON=EJSÆSON,2013-11-01,4702.0
DST:FIKS22:BRANCHE07=J:BELØB=0:SÆSON=EJSÆSON,2013-12-01,6271.0
DST:FIKS22:BRANCHE07=J:BELØB=0:SÆSON=EJSÆSON,2014-01-01,4934.0
DST:FIKS22:BRANCHE07=J:BELØB=0:SÆSON=EJSÆSON,2014-02-01,4474.0
DST:FIKS22:BRANCHE07=J:BELØB=0:SÆSON=EJSÆSON,2014-03-01,5067.0
DST:FIKS22:BRANCHE07=J:BELØB=0:SÆSON=EJSÆSON,2014-04-01,4652.0
DST:FIKS22:BRANCHE07=J:BELØB=0:SÆSON=EJSÆSON,2014-05-01,4519.0
DST:FIKS22:BRANCHE07=J:BELØB=0:SÆSON=EJSÆSON,2014-06-01,5048.0
DST:FIKS22:BRANCHE07=J:BELØB=0:SÆSON=EJSÆSON,2014-07-01,4439.0
DST:FIKS22:BRANCHE07=J:BELØB=0:SÆSON=EJSÆSON,2014-08-01,4103.0
DST:FIKS22:BRANCHE07=J:BELØB=0:SÆSON=EJSÆSON,2014-09-01,5112.0
DST:FIKS22:BRANCHE07=J:BELØB=0:SÆSON=EJSÆSON,2014-10-01,5585.0
DST:FIKS22:BRANCHE07=J:BELØB=0:SÆSON=EJSÆSON,2014-11-01,4736.0
DST:FIKS22:BRANCHE07=J:BELØB=0:SÆSON=EJSÆSON,2014-12-01,6928.0
DST:FIKS22:BRANCHE07=J:BELØB=0:SÆSON=EJSÆSON,2015-01-01,4990.0
DST:FIKS22:BRANCHE07=J:BELØB=0:SÆSON=EJSÆSON,2015-02-01,4486.0
DST:FIKS22:BRANCHE07=J:BELØB=0:SÆSON=EJSÆSON,2015-03-01,5487.0
DST:FIKS22:BRANCHE07=J:BELØB=0:SÆSON=EJSÆSON,2015-04-01,5053.0
DST:FIKS22:BRANCHE07=J:BELØB=0:SÆSON=EJSÆSON,2015-05-01,4826.0
DST:FIKS22:BRANCHE07=J:BELØB=0:SÆSON=EJSÆSON,2015-06-01,5236.0
DST:FIKS22:BRANCHE07=J:BELØB=0:SÆSON=EJSÆSON,2015-07-01,4461.0
DST:FIKS22:BRANCHE07=J:BELØB=0:SÆSON=EJSÆSON,2015-08-01,4252.0
DST:FIKS22:BRANCHE07=J:BELØB=0:SÆSON=EJSÆSON,2015-09-01,5149.0
DST:FIKS22:BRANCHE07=J:BELØB=0:SÆSON=EJSÆSON,2015-10-01,5210.0
DST:FIKS22:BRANCHE07=J:BELØB=0:SÆSON=EJSÆSON,2015-11-01,4952.0
DST:FIKS22:BRANCHE07=J:BELØB=0:SÆSON=EJSÆSON,2015-12-01,7531.0
DST:FIKS22:BRANCHE07=J:BELØB=0:SÆSON=EJSÆSON,2016-01-01,4923.0
DST:FIKS22:BRANCHE07=J:BELØB=0:SÆSON=EJSÆSON,2016-02-01,4597.0
DST:FIKS22:BRANCHE07=J:BELØB=0:SÆSON=EJSÆSON,2016-03-01,5336.0
DST:FIKS22:BRANCHE07=J:BELØB=0:SÆSON=EJSÆSON,2016-04-01,5132.0
DST:FIKS22:BRANCHE07=J:BELØB=0:SÆSON=EJSÆSON,2016-05-01,4785.0
DST:FIKS22:BRANCHE07=J:BELØB=0:SÆSON=EJSÆSON,2016-06-01,5315.0
DST:FIKS22:BRANCHE07=J:BELØB=0:SÆSON=EJSÆSON,2016-07-01,4194.0
DST:FIKS22:BRANCHE07=J:BELØB=0:SÆSON=EJSÆSON,2016-08-01,4723.0
DST:FIKS22:BRANCHE07=J:BELØB=0:SÆSON=EJSÆSON,2016-09-01,5168.0
DST:FIKS22:BRANCHE07=J:BELØB=0:SÆSON=EJSÆSON,2016-10-01,5526.0
DST:FIKS22:BRANCHE07=J:BELØB=0:SÆSON=EJSÆSON,2016-11-01,5535.0
DST:FIKS22:BRANCHE07=J:BELØB=0:SÆSON=EJSÆSON,2016-12-01,7143.0
DST:FIKS22:BRANCHE07=J:BELØB=0:SÆSON=EJSÆSON,2017-01-01,5441.0
DST:FIKS22:BRANCHE07=J:BELØB=0:SÆSON=EJSÆSON,2017-02-01,4609.0
DST:FIKS22:BRANCHE07=J:BELØB=0:SÆSON=EJSÆSON,2017-03-01,5463.0
DST:FIKS22:BRANCHE07=J:BELØB=0:SÆSON=EJSÆSON,2017-04-01,4908.0
DST:FIKS22:BRANCHE07=J:BELØB=0:SÆSON=EJSÆSON,2017-05-01,5308.0
DST:FIKS22:BRANCHE07=J:BELØB=0:SÆSON=EJSÆSON,2017-06-01,5756.0
DST:FIKS22:BRANCHE07=J:BELØB=0:SÆSON=EJSÆSON,2017-07-01,4747.0
DST:FIKS22:BRANCHE07=J:BELØB=0:SÆSON=EJSÆSON,2017-08-01,4786.0
DST:FIKS22:BRANCHE07=J:BELØB=0:SÆSON=EJSÆSON,2017-09-01,5550.0
DST:FIKS22:BRANCHE07=J:BELØB=0:SÆSON=EJSÆSON,2017-10-01,6097.0
DST:FIKS22:BRANCHE07=J:BELØB=0:SÆSON=EJSÆSON,2017-11-01,5975.0
DST:FIKS22:BRANCHE07=J:BELØB=0:SÆSON=EJSÆSON,2017-12-01,7809.0
DST:FIKS22:BRANCHE07=J:BELØB=0:SÆSON=EJSÆSON,2018-01-01,5391.0
DST:FIKS22:BRANCHE07=J:BELØB=0:SÆSON=EJSÆSON,2018-02-01,5258.0
DST:FIKS22:BRANCHE07=J:BELØB=0:SÆSON=EJSÆSON,2018-03-01,5897.0
DST:FIKS22:BRANCHE07=J:BELØB=0:SÆSON=EJSÆSON,2018-04-01,5401.0
DST:FIKS22:BRANCHE07=J:BELØB=0:SÆSON=EJSÆSON,2018-05-01,5380.0
DST:FIKS22:BRANCHE07=J:BELØB=0:SÆSON=EJSÆSON,2018-06-01,6370.0
DST:FIKS22:BRANCHE07=J:BELØB=0:SÆSON=EJSÆSON,2018-07-01,5074.0
DST:FIKS22:BRANCHE07=J:BELØB=0:SÆSON=EJSÆSON,2018-08-01,5114.0
DST:FIKS22:BRANCHE07=J:BELØB=0:SÆSON=EJSÆSON,2018-09-01,5560.0
DST:FIKS22:BRANCHE07=J:BELØB=0:SÆSON=EJSÆSON,2018-10-01,6364.0
DST:FIKS22:BRANCHE07=J:BELØB=0:SÆSON=EJSÆSON,2018-11-01,5735.0
DST:FIKS22:BRANCHE07=J:BELØB=0:SÆSON=EJSÆSON,2018-12-01,7611.0
DST:FIKS22:BRANCHE07=J:BELØB=0:SÆSON=EJSÆSON,2019-01-01,5940.0
DST:FIKS22:BRANCHE07=J:BELØB=0:SÆSON=EJSÆSON,2019-02-01,4956.0
DST:FIKS22:BRANCHE07=J:BELØB=0:SÆSON=EJSÆSON,2019-03-01,6117.0
DST:FIKS22:BRANCHE07=J:BELØB=0:SÆSON=EJSÆSON,2019-04-01,5956.0
DST:FIKS22:BRANCHE07=J:BELØB=0:SÆSON=EJSÆSON,2019-05-01,5897.0
DST:FIKS22:BRANCHE07=J:BELØB=0:SÆSON=EJSÆSON,2019-06-01,6167.0
DST:FIKS22:BRANCHE07=J:BELØB=0:SÆSON=EJSÆSON,2019-07-01,5266.0
DST:FIKS22:BRANCHE07=J:BELØB=0:SÆSON=EJSÆSON,2019-08-01,5240.0
DST:FIKS22:BRANCHE07=J:BELØB=0:SÆSON=EJSÆSON,2019-09-01,6004.0
DST:FIKS22:BRANCHE07=J:BELØB=0:SÆSON=EJSÆSON,2019-10-01,6446.0
DST:FIKS22:BRANCHE07=J:BELØB=0:SÆSON=EJSÆSON,2019-11-01,5852.0
DST:FIKS22:BRANCHE07=J:BELØB=0:SÆSON=EJSÆSON,2019-12-01,8353.0
DST:FIKS22:BRANCHE07=J:BELØB=0:SÆSON=EJSÆSON,2020-01-01,5923.0
DST:FIKS22:BRANCHE07=J:BELØB=0:SÆSON=EJSÆSON,2020-02-01,4905.0
DST:FIKS22:BRANCHE07=J:BELØB=0:SÆSON=EJSÆSON,2020-03-01,6851.0
DST:FIKS22:BRANCHE07=J:BELØB=0:SÆSON=EJSÆSON,2020-04-01,5412.0
DST:FIKS22:BRANCHE07=J:BELØB=0:SÆSON=EJSÆSON,2020-05-01,4874.0
DST:FIKS22:BRANCHE07=J:BELØB=0:SÆSON=EJSÆSON,2020-06-01,5705.0
DST:FIKS22:BRANCHE07=J:BELØB=0:SÆSON=EJSÆSON,2020-07-01,5587.0
DST:FIKS22:BRANCHE07=J:BELØB=0:SÆSON=EJSÆSON,2020-08-01,4878.0
DST:FIKS22:BRANCHE07=J:BELØB=0:SÆSON=EJSÆSON,2020-09-01,6096.0
DST:FIKS22:BRANCHE07=J:BELØB=0:SÆSON=EJSÆSON,2020-10-01,6330.0
DST:FIKS22:BRANCHE07=J:BELØB=0:SÆSON=EJSÆSON,2020-11-01,6007.0
DST:FIKS22:BRANCHE07=J:BELØB=0:SÆSON=EJSÆSON,2020-12-01,8179.0
DST:FIKS22:BRANCHE07=J:BELØB=0:SÆSON=EJSÆSON,2021-01-01,6335.0
DST:FIKS22:BRANCHE07=J:BELØB=0:SÆSON=EJSÆSON,2021-02-01,5016.0
DST:FIKS22:BRANCHE07=J:BELØB=0:SÆSON=EJSÆSON,2021-03-01,6178.0
DST:FIKS22:BRANCHE07=J:BELØB=0:SÆSON=EJSÆSON,2021-04-01,5878.0
DST:FIKS22:BRANCHE07=J:BELØB=0:SÆSON=EJSÆSON,2021-05-01,5740.0
DST:FIKS22:BRANCHE07=J:BELØB=0:SÆSON=EJSÆSON,2021-06-01,6822.0
DST:FIKS22:BRANCHE07=J:BELØB=0:SÆSON=EJSÆSON,2021-07-01,5491.0
DST:FIKS22:BRANCHE07=J:BELØB=0:SÆSON=EJSÆSON,2021-08-01,5412.0
DST:FIKS22:BRANCHE07=J:BELØB=0:SÆSON=EJSÆSON,2021-09-01,7019.0
DST:FIKS22:BRANCHE07=J:BELØB=0:SÆSON=EJSÆSON,2021-10-01,6749.0
DST:FIKS22:BRANCHE07=J:BELØB=0:SÆSON=EJSÆSON,2021-11-01,6768.0
DST:FIKS22:BRANCHE07=J:BELØB=0:SÆSON=EJSÆSON,2021-12-01,8890.0
DST:FIKS22:BRANCHE07=J:BELØB=0:SÆSON=EJSÆSON,2022-01-01,6511.0
DST:FIKS22:BRANCHE07=J:BELØB=0:SÆSON=EJSÆSON,2022-02-01,5733.0
DST:FIKS22:BRANCHE07=J:BELØB=0:SÆSON=EJSÆSON,2022-03-01,7152.0
DST:FIKS22:BRANCHE07=J:BELØB=0:SÆSON=EJSÆSON,2022-04-01,6270.0
DST:FIKS22:BRANCHE07=J:BELØB=0:SÆSON=EJSÆSON,2022-05-01,6280.0
DST:FIKS22:BRANCHE07=J:BELØB=0:SÆSON=EJSÆSON,2022-06-01,7244.0
DST:FIKS22:BRANCHE07=J:BELØB=0:SÆSON=EJSÆSON,2022-07-01,6247.0
DST:FIKS22:BRANCHE07=J:BELØB=0:SÆSON=EJSÆSON,2022-08-01,6232.0
DST:FIKS22:BRANCHE07=J:BELØB=0:SÆSON=EJSÆSON,2022-09-01,7849.0
DST:FIKS22:BRANCHE07=J:BELØB=0:SÆSON=EJSÆSON,2022-10-01,7696.0
DST:FIKS22:BRANCHE07=J:BELØB=0:SÆSON=EJSÆSON,2022-11-01,7051.0
DST:FIKS22:BRANCHE07=J:BELØB=0:SÆSON=EJSÆSON,2022-12-01,9271.0
DST:FIKS22:BRANCHE07=J:BELØB=0:SÆSON=EJSÆSON,2023-01-01,7839.0
DST:FIKS22:BRANCHE07=J:BELØB=0:SÆSON=EJSÆSON,2023-02-01,6877.0
DST:FIKS22:BRANCHE07=J:BELØB=0:SÆSON=EJSÆSON,2023-03-01,8044.0
DST:FIKS22:BRANCHE07=J:BELØB=0:SÆSON=EJSÆSON,2023-04-01,8471.0
DST:FIKS22:BRANCHE07=J:BELØB=0:SÆSON=EJSÆSON,2023-05-01,7467.0
DST:FIKS22:BRANCHE07=J:BELØB=0:SÆSON=EJSÆSON,2023-06-01,7693.0
DST:FIKS22:BRANCHE07=J:BELØB=0:SÆSON=EJSÆSON,2023-07-01,6466.0
DST:FIKS22:BRANCHE07=J:BELØB=0:SÆSON=EJSÆSON,2023-08-01,6927.0
DST:FIKS22:BRANCHE07=J:BELØB=0:SÆSON=EJSÆSON,2023-09-01,7141.0
DST:FIKS22:BRANCHE07=J:BELØB=0:SÆSON=EJSÆSON,2023-10-01,8054.0
DST:FIKS22:BRANCHE07=J:BELØB=0:SÆSON=EJSÆSON,2023-11-01,7570.0
DST:FIKS22:BRANCHE07=J:BELØB=0:SÆSON=EJSÆSON,2023-12-01,9742.0
DST:FIKS22:BRANCHE07=J:BELØB=0:SÆSON=EJSÆSON,2024-01-01,7849.0
DST:FIKS22:BRANCHE07=J:BELØB=0:SÆSON=EJSÆSON,2024-02-01,6507.0
DST:FIKS22:BRANCHE07=J:BELØB=0:SÆSON=EJSÆSON,2024-03-01,8293.0
DST:FIKS22:BRANCHE07=J:BELØB=0:SÆSON=EJSÆSON,2024-04-01,8035.0
DST:FIKS22:BRANCHE07=J:BELØB=0:SÆSON=EJSÆSON,2024-05-01,7225.0
DST:FIKS22:BRANCHE07=J:BELØB=0:SÆSON=EJSÆSON,2024-06-01,7448.0
DST:FIKS22:BRANCHE07=J:BELØB=0:SÆSON=EJSÆSON,2024-07-01,7299.0
DST:FIKS22:BRANCHE07=J:BELØB=0:SÆSON=EJSÆSON,2024-08-01,6701.0
DST:FIKS22:BRANCHE07=J:BELØB=0:SÆSON=EJSÆSON,2024-09-01,8559.0
DST:FIKS22:BRANCHE07=J:BELØB=0:SÆSON=EJSÆSON,2024-10-01,8526.0
DST:FIKS22:BRANCHE07=J:BELØB=0:SÆSON=EJSÆSON,2024-11-01,7708.0
DST:FIKS22:BRANCHE07=J:BELØB=0:SÆSON=EJSÆSON,2024-12-01,9664.0
DST:FIKS22:BRANCHE07=J:BELØB=0:SÆSON=EJSÆSON,2025-01-01,9838.0
DST:FIKS22:BRANCHE07=J:BELØB=0:SÆSON=EJSÆSON,2025-02-01,9162.0
DST:FIKS22:BRANCHE07=J:BELØB=0:SÆSON=EJSÆSON,2025-03-01,9915.0
DST:FIKS22:BRANCHE07=J:BELØB=0:SÆSON=EJSÆSON,2025-04-01,8445.0
DST:FIKS22:BRANCHE07=J:BELØB=0:SÆSON=EJSÆSON,2025-05-01,7881.0
DST:FIKS22:BRANCHE07=J:BELØB=0:SÆSON=EJSÆSON,2025-06-01,9167.0
DST:FIKS22:BRANCHE07=J:BELØB=0:SÆSON=EJSÆSON,2025-07-01,8194.0
DST:FIKS22:BRANCHE07=J:BELØB=0:SÆSON=EJSÆSON,2025-08-01,7890.0
DST:FIKS22:BRANCHE07=J:BELØB=0:SÆSON=EJSÆSON,2025-09-01,8592.0
DST:FIKS22:BRANCHE07=J:BELØB=0:SÆSON=EJSÆSON,2025-10-01,9636.0
DST:FIKS22:BRANCHE07=J:BELØB=0:SÆSON=EJSÆSON,2025-11-01,10150.0
DST:FIKS22:BRANCHE07=J:BELØB=0:SÆSON=EJSÆSON,2025-12-01,11984.0
DST:FIKS22:BRANCHE07=J:BELØB=0:SÆSON=EJSÆSON,2026-01-01,9241.0
DST:FIKS22:BRANCHE07=J:BELØB=0:SÆSON=EJSÆSON,2026-02-01,7452.0
DST:FIKS22:BRANCHE07=J:BELØB=0:SÆSON=EJSÆSON,2026-03-01,9253.0
DST:FIKS22:BRANCHE07=J:BELØB=0:SÆSON=SÆSON,2009-01-01,6109.0
DST:FIKS22:BRANCHE07=J:BELØB=0:SÆSON=SÆSON,2009-02-01,5602.0
DST:FIKS22:BRANCHE07=J:BELØB=0:SÆSON=SÆSON,2009-03-01,5696.0
DST:FIKS22:BRANCHE07=J:BELØB=0:SÆSON=SÆSON,2009-04-01,5706.0
DST:FIKS22:BRANCHE07=J:BELØB=0:SÆSON=SÆSON,2009-05-01,5387.0
DST:FIKS22:BRANCHE07=J:BELØB=0:SÆSON=SÆSON,2009-06-01,5326.0
DST:FIKS22:BRANCHE07=J:BELØB=0:SÆSON=SÆSON,2009-07-01,5607.0
DST:FIKS22:BRANCHE07=J:BELØB=0:SÆSON=SÆSON,2009-08-01,5556.0
DST:FIKS22:BRANCHE07=J:BELØB=0:SÆSON=SÆSON,2009-09-01,5472.0
DST:FIKS22:BRANCHE07=J:BELØB=0:SÆSON=SÆSON,2009-10-01,5446.0
DST:FIKS22:BRANCHE07=J:BELØB=0:SÆSON=SÆSON,2009-11-01,4987.0
DST:FIKS22:BRANCHE07=J:BELØB=0:SÆSON=SÆSON,2009-12-01,5194.0
DST:FIKS22:BRANCHE07=J:BELØB=0:SÆSON=SÆSON,2010-01-01,5357.0
DST:FIKS22:BRANCHE07=J:BELØB=0:SÆSON=SÆSON,2010-02-01,5337.0
DST:FIKS22:BRANCHE07=J:BELØB=0:SÆSON=SÆSON,2010-03-01,5155.0
DST:FIKS22:BRANCHE07=J:BELØB=0:SÆSON=SÆSON,2010-04-01,5280.0
DST:FIKS22:BRANCHE07=J:BELØB=0:SÆSON=SÆSON,2010-05-01,5275.0
DST:FIKS22:BRANCHE07=J:BELØB=0:SÆSON=SÆSON,2010-06-01,5256.0
DST:FIKS22:BRANCHE07=J:BELØB=0:SÆSON=SÆSON,2010-07-01,5262.0
DST:FIKS22:BRANCHE07=J:BELØB=0:SÆSON=SÆSON,2010-08-01,5419.0
DST:FIKS22:BRANCHE07=J:BELØB=0:SÆSON=SÆSON,2010-09-01,5353.0
DST:FIKS22:BRANCHE07=J:BELØB=0:SÆSON=SÆSON,2010-10-01,5250.0
DST:FIKS22:BRANCHE07=J:BELØB=0:SÆSON=SÆSON,2010-11-01,5418.0
DST:FIKS22:BRANCHE07=J:BELØB=0:SÆSON=SÆSON,2010-12-01,5296.0
DST:FIKS22:BRANCHE07=J:BELØB=0:SÆSON=SÆSON,2011-01-01,5366.0
DST:FIKS22:BRANCHE07=J:BELØB=0:SÆSON=SÆSON,2011-02-01,5453.0
DST:FIKS22:BRANCHE07=J:BELØB=0:SÆSON=SÆSON,2011-03-01,5460.0
DST:FIKS22:BRANCHE07=J:BELØB=0:SÆSON=SÆSON,2011-04-01,5359.0
DST:FIKS22:BRANCHE07=J:BELØB=0:SÆSON=SÆSON,2011-05-01,5473.0
DST:FIKS22:BRANCHE07=J:BELØB=0:SÆSON=SÆSON,2011-06-01,4958.0
DST:FIKS22:BRANCHE07=J:BELØB=0:SÆSON=SÆSON,2011-07-01,5257.0
DST:FIKS22:BRANCHE07=J:BELØB=0:SÆSON=SÆSON,2011-08-01,5522.0
DST:FIKS22:BRANCHE07=J:BELØB=0:SÆSON=SÆSON,2011-09-01,5163.0
DST:FIKS22:BRANCHE07=J:BELØB=0:SÆSON=SÆSON,2011-10-01,5279.0
DST:FIKS22:BRANCHE07=J:BELØB=0:SÆSON=SÆSON,2011-11-01,5251.0
DST:FIKS22:BRANCHE07=J:BELØB=0:SÆSON=SÆSON,2011-12-01,5502.0
DST:FIKS22:BRANCHE07=J:BELØB=0:SÆSON=SÆSON,2012-01-01,5175.0
DST:FIKS22:BRANCHE07=J:BELØB=0:SÆSON=SÆSON,2012-02-01,5309.0
DST:FIKS22:BRANCHE07=J:BELØB=0:SÆSON=SÆSON,2012-03-01,5223.0
DST:FIKS22:BRANCHE07=J:BELØB=0:SÆSON=SÆSON,2012-04-01,7013.0
DST:FIKS22:BRANCHE07=J:BELØB=0:SÆSON=SÆSON,2012-05-01,5199.0
DST:FIKS22:BRANCHE07=J:BELØB=0:SÆSON=SÆSON,2012-06-01,5378.0
DST:FIKS22:BRANCHE07=J:BELØB=0:SÆSON=SÆSON,2012-07-01,5298.0
DST:FIKS22:BRANCHE07=J:BELØB=0:SÆSON=SÆSON,2012-08-01,5154.0
DST:FIKS22:BRANCHE07=J:BELØB=0:SÆSON=SÆSON,2012-09-01,5139.0
DST:FIKS22:BRANCHE07=J:BELØB=0:SÆSON=SÆSON,2012-10-01,5152.0
DST:FIKS22:BRANCHE07=J:BELØB=0:SÆSON=SÆSON,2012-11-01,5135.0
DST:FIKS22:BRANCHE07=J:BELØB=0:SÆSON=SÆSON,2012-12-01,5033.0
DST:FIKS22:BRANCHE07=J:BELØB=0:SÆSON=SÆSON,2013-01-01,4963.0
DST:FIKS22:BRANCHE07=J:BELØB=0:SÆSON=SÆSON,2013-02-01,4750.0
DST:FIKS22:BRANCHE07=J:BELØB=0:SÆSON=SÆSON,2013-03-01,4680.0
DST:FIKS22:BRANCHE07=J:BELØB=0:SÆSON=SÆSON,2013-04-01,4907.0
DST:FIKS22:BRANCHE07=J:BELØB=0:SÆSON=SÆSON,2013-05-01,4842.0
DST:FIKS22:BRANCHE07=J:BELØB=0:SÆSON=SÆSON,2013-06-01,4936.0
DST:FIKS22:BRANCHE07=J:BELØB=0:SÆSON=SÆSON,2013-07-01,4827.0
DST:FIKS22:BRANCHE07=J:BELØB=0:SÆSON=SÆSON,2013-08-01,4770.0
DST:FIKS22:BRANCHE07=J:BELØB=0:SÆSON=SÆSON,2013-09-01,4846.0
DST:FIKS22:BRANCHE07=J:BELØB=0:SÆSON=SÆSON,2013-10-01,4694.0
DST:FIKS22:BRANCHE07=J:BELØB=0:SÆSON=SÆSON,2013-11-01,4734.0
DST:FIKS22:BRANCHE07=J:BELØB=0:SÆSON=SÆSON,2013-12-01,4783.0
DST:FIKS22:BRANCHE07=J:BELØB=0:SÆSON=SÆSON,2014-01-01,4905.0
DST:FIKS22:BRANCHE07=J:BELØB=0:SÆSON=SÆSON,2014-02-01,5122.0
DST:FIKS22:BRANCHE07=J:BELØB=0:SÆSON=SÆSON,2014-03-01,4938.0
DST:FIKS22:BRANCHE07=J:BELØB=0:SÆSON=SÆSON,2014-04-01,4779.0
DST:FIKS22:BRANCHE07=J:BELØB=0:SÆSON=SÆSON,2014-05-01,4811.0
DST:FIKS22:BRANCHE07=J:BELØB=0:SÆSON=SÆSON,2014-06-01,4864.0
DST:FIKS22:BRANCHE07=J:BELØB=0:SÆSON=SÆSON,2014-07-01,5002.0
DST:FIKS22:BRANCHE07=J:BELØB=0:SÆSON=SÆSON,2014-08-01,4913.0
DST:FIKS22:BRANCHE07=J:BELØB=0:SÆSON=SÆSON,2014-09-01,5089.0
DST:FIKS22:BRANCHE07=J:BELØB=0:SÆSON=SÆSON,2014-10-01,5237.0
DST:FIKS22:BRANCHE07=J:BELØB=0:SÆSON=SÆSON,2014-11-01,4777.0
DST:FIKS22:BRANCHE07=J:BELØB=0:SÆSON=SÆSON,2014-12-01,5086.0
DST:FIKS22:BRANCHE07=J:BELØB=0:SÆSON=SÆSON,2015-01-01,5050.0
DST:FIKS22:BRANCHE07=J:BELØB=0:SÆSON=SÆSON,2015-02-01,5152.0
DST:FIKS22:BRANCHE07=J:BELØB=0:SÆSON=SÆSON,2015-03-01,5276.0
DST:FIKS22:BRANCHE07=J:BELØB=0:SÆSON=SÆSON,2015-04-01,5184.0
DST:FIKS22:BRANCHE07=J:BELØB=0:SÆSON=SÆSON,2015-05-01,5217.0
DST:FIKS22:BRANCHE07=J:BELØB=0:SÆSON=SÆSON,2015-06-01,5011.0
DST:FIKS22:BRANCHE07=J:BELØB=0:SÆSON=SÆSON,2015-07-01,5055.0
DST:FIKS22:BRANCHE07=J:BELØB=0:SÆSON=SÆSON,2015-08-01,5029.0
DST:FIKS22:BRANCHE07=J:BELØB=0:SÆSON=SÆSON,2015-09-01,5103.0
DST:FIKS22:BRANCHE07=J:BELØB=0:SÆSON=SÆSON,2015-10-01,4996.0
DST:FIKS22:BRANCHE07=J:BELØB=0:SÆSON=SÆSON,2015-11-01,4866.0
DST:FIKS22:BRANCHE07=J:BELØB=0:SÆSON=SÆSON,2015-12-01,5423.0
DST:FIKS22:BRANCHE07=J:BELØB=0:SÆSON=SÆSON,2016-01-01,4979.0
DST:FIKS22:BRANCHE07=J:BELØB=0:SÆSON=SÆSON,2016-02-01,5081.0
DST:FIKS22:BRANCHE07=J:BELØB=0:SÆSON=SÆSON,2016-03-01,5135.0
DST:FIKS22:BRANCHE07=J:BELØB=0:SÆSON=SÆSON,2016-04-01,5422.0
DST:FIKS22:BRANCHE07=J:BELØB=0:SÆSON=SÆSON,2016-05-01,5072.0
DST:FIKS22:BRANCHE07=J:BELØB=0:SÆSON=SÆSON,2016-06-01,5020.0
DST:FIKS22:BRANCHE07=J:BELØB=0:SÆSON=SÆSON,2016-07-01,4952.0
DST:FIKS22:BRANCHE07=J:BELØB=0:SÆSON=SÆSON,2016-08-01,5428.0
DST:FIKS22:BRANCHE07=J:BELØB=0:SÆSON=SÆSON,2016-09-01,5159.0
DST:FIKS22:BRANCHE07=J:BELØB=0:SÆSON=SÆSON,2016-10-01,5235.0
DST:FIKS22:BRANCHE07=J:BELØB=0:SÆSON=SÆSON,2016-11-01,5447.0
DST:FIKS22:BRANCHE07=J:BELØB=0:SÆSON=SÆSON,2016-12-01,5364.0
DST:FIKS22:BRANCHE07=J:BELØB=0:SÆSON=SÆSON,2017-01-01,5401.0
DST:FIKS22:BRANCHE07=J:BELØB=0:SÆSON=SÆSON,2017-02-01,5363.0
DST:FIKS22:BRANCHE07=J:BELØB=0:SÆSON=SÆSON,2017-03-01,5180.0
DST:FIKS22:BRANCHE07=J:BELØB=0:SÆSON=SÆSON,2017-04-01,5261.0
DST:FIKS22:BRANCHE07=J:BELØB=0:SÆSON=SÆSON,2017-05-01,5509.0
DST:FIKS22:BRANCHE07=J:BELØB=0:SÆSON=SÆSON,2017-06-01,5566.0
DST:FIKS22:BRANCHE07=J:BELØB=0:SÆSON=SÆSON,2017-07-01,5567.0
DST:FIKS22:BRANCHE07=J:BELØB=0:SÆSON=SÆSON,2017-08-01,5500.0
DST:FIKS22:BRANCHE07=J:BELØB=0:SÆSON=SÆSON,2017-09-01,5655.0
DST:FIKS22:BRANCHE07=J:BELØB=0:SÆSON=SÆSON,2017-10-01,5684.0
DST:FIKS22:BRANCHE07=J:BELØB=0:SÆSON=SÆSON,2017-11-01,5818.0
DST:FIKS22:BRANCHE07=J:BELØB=0:SÆSON=SÆSON,2017-12-01,5834.0
DST:FIKS22:BRANCHE07=J:BELØB=0:SÆSON=SÆSON,2018-01-01,5326.0
DST:FIKS22:BRANCHE07=J:BELØB=0:SÆSON=SÆSON,2018-02-01,6178.0
DST:FIKS22:BRANCHE07=J:BELØB=0:SÆSON=SÆSON,2018-03-01,5790.0
DST:FIKS22:BRANCHE07=J:BELØB=0:SÆSON=SÆSON,2018-04-01,5653.0
DST:FIKS22:BRANCHE07=J:BELØB=0:SÆSON=SÆSON,2018-05-01,5687.0
DST:FIKS22:BRANCHE07=J:BELØB=0:SÆSON=SÆSON,2018-06-01,6165.0
DST:FIKS22:BRANCHE07=J:BELØB=0:SÆSON=SÆSON,2018-07-01,5883.0
DST:FIKS22:BRANCHE07=J:BELØB=0:SÆSON=SÆSON,2018-08-01,5837.0
DST:FIKS22:BRANCHE07=J:BELØB=0:SÆSON=SÆSON,2018-09-01,5632.0
DST:FIKS22:BRANCHE07=J:BELØB=0:SÆSON=SÆSON,2018-10-01,5839.0
DST:FIKS22:BRANCHE07=J:BELØB=0:SÆSON=SÆSON,2018-11-01,5662.0
DST:FIKS22:BRANCHE07=J:BELØB=0:SÆSON=SÆSON,2018-12-01,5656.0
DST:FIKS22:BRANCHE07=J:BELØB=0:SÆSON=SÆSON,2019-01-01,5818.0
DST:FIKS22:BRANCHE07=J:BELØB=0:SÆSON=SÆSON,2019-02-01,5862.0
DST:FIKS22:BRANCHE07=J:BELØB=0:SÆSON=SÆSON,2019-03-01,6035.0
DST:FIKS22:BRANCHE07=J:BELØB=0:SÆSON=SÆSON,2019-04-01,6283.0
DST:FIKS22:BRANCHE07=J:BELØB=0:SÆSON=SÆSON,2019-05-01,6175.0
DST:FIKS22:BRANCHE07=J:BELØB=0:SÆSON=SÆSON,2019-06-01,6138.0
DST:FIKS22:BRANCHE07=J:BELØB=0:SÆSON=SÆSON,2019-07-01,5973.0
DST:FIKS22:BRANCHE07=J:BELØB=0:SÆSON=SÆSON,2019-08-01,6163.0
DST:FIKS22:BRANCHE07=J:BELØB=0:SÆSON=SÆSON,2019-09-01,5856.0
DST:FIKS22:BRANCHE07=J:BELØB=0:SÆSON=SÆSON,2019-10-01,5938.0
DST:FIKS22:BRANCHE07=J:BELØB=0:SÆSON=SÆSON,2019-11-01,5912.0
DST:FIKS22:BRANCHE07=J:BELØB=0:SÆSON=SÆSON,2019-12-01,6268.0
DST:FIKS22:BRANCHE07=J:BELØB=0:SÆSON=SÆSON,2020-01-01,5888.0
DST:FIKS22:BRANCHE07=J:BELØB=0:SÆSON=SÆSON,2020-02-01,5692.0
DST:FIKS22:BRANCHE07=J:BELØB=0:SÆSON=SÆSON,2020-03-01,6634.0
DST:FIKS22:BRANCHE07=J:BELØB=0:SÆSON=SÆSON,2020-04-01,5604.0
DST:FIKS22:BRANCHE07=J:BELØB=0:SÆSON=SÆSON,2020-05-01,5285.0
DST:FIKS22:BRANCHE07=J:BELØB=0:SÆSON=SÆSON,2020-06-01,5502.0
DST:FIKS22:BRANCHE07=J:BELØB=0:SÆSON=SÆSON,2020-07-01,6306.0
DST:FIKS22:BRANCHE07=J:BELØB=0:SÆSON=SÆSON,2020-08-01,5693.0
DST:FIKS22:BRANCHE07=J:BELØB=0:SÆSON=SÆSON,2020-09-01,5874.0
DST:FIKS22:BRANCHE07=J:BELØB=0:SÆSON=SÆSON,2020-10-01,5987.0
DST:FIKS22:BRANCHE07=J:BELØB=0:SÆSON=SÆSON,2020-11-01,5957.0
DST:FIKS22:BRANCHE07=J:BELØB=0:SÆSON=SÆSON,2020-12-01,5952.0
DST:FIKS22:BRANCHE07=J:BELØB=0:SÆSON=SÆSON,2021-01-01,6421.0
DST:FIKS22:BRANCHE07=J:BELØB=0:SÆSON=SÆSON,2021-02-01,5922.0
DST:FIKS22:BRANCHE07=J:BELØB=0:SÆSON=SÆSON,2021-03-01,5867.0
DST:FIKS22:BRANCHE07=J:BELØB=0:SÆSON=SÆSON,2021-04-01,6119.0
DST:FIKS22:BRANCHE07=J:BELØB=0:SÆSON=SÆSON,2021-05-01,6245.0
DST:FIKS22:BRANCHE07=J:BELØB=0:SÆSON=SÆSON,2021-06-01,6451.0
DST:FIKS22:BRANCHE07=J:BELØB=0:SÆSON=SÆSON,2021-07-01,6338.0
DST:FIKS22:BRANCHE07=J:BELØB=0:SÆSON=SÆSON,2021-08-01,6236.0
DST:FIKS22:BRANCHE07=J:BELØB=0:SÆSON=SÆSON,2021-09-01,6608.0
DST:FIKS22:BRANCHE07=J:BELØB=0:SÆSON=SÆSON,2021-10-01,6418.0
DST:FIKS22:BRANCHE07=J:BELØB=0:SÆSON=SÆSON,2021-11-01,6792.0
DST:FIKS22:BRANCHE07=J:BELØB=0:SÆSON=SÆSON,2021-12-01,6543.0
DST:FIKS22:BRANCHE07=J:BELØB=0:SÆSON=SÆSON,2022-01-01,6435.0
DST:FIKS22:BRANCHE07=J:BELØB=0:SÆSON=SÆSON,2022-02-01,6748.0
DST:FIKS22:BRANCHE07=J:BELØB=0:SÆSON=SÆSON,2022-03-01,6795.0
DST:FIKS22:BRANCHE07=J:BELØB=0:SÆSON=SÆSON,2022-04-01,6586.0
DST:FIKS22:BRANCHE07=J:BELØB=0:SÆSON=SÆSON,2022-05-01,6714.0
DST:FIKS22:BRANCHE07=J:BELØB=0:SÆSON=SÆSON,2022-06-01,7003.0
DST:FIKS22:BRANCHE07=J:BELØB=0:SÆSON=SÆSON,2022-07-01,7195.0
DST:FIKS22:BRANCHE07=J:BELØB=0:SÆSON=SÆSON,2022-08-01,7049.0
DST:FIKS22:BRANCHE07=J:BELØB=0:SÆSON=SÆSON,2022-09-01,7443.0
DST:FIKS22:BRANCHE07=J:BELØB=0:SÆSON=SÆSON,2022-10-01,7279.0
DST:FIKS22:BRANCHE07=J:BELØB=0:SÆSON=SÆSON,2022-11-01,7061.0
DST:FIKS22:BRANCHE07=J:BELØB=0:SÆSON=SÆSON,2022-12-01,7295.0
DST:FIKS22:BRANCHE07=J:BELØB=0:SÆSON=SÆSON,2023-01-01,7789.0
DST:FIKS22:BRANCHE07=J:BELØB=0:SÆSON=SÆSON,2023-02-01,8102.0
DST:FIKS22:BRANCHE07=J:BELØB=0:SÆSON=SÆSON,2023-03-01,7547.0
DST:FIKS22:BRANCHE07=J:BELØB=0:SÆSON=SÆSON,2023-04-01,8826.0
DST:FIKS22:BRANCHE07=J:BELØB=0:SÆSON=SÆSON,2023-05-01,7982.0
DST:FIKS22:BRANCHE07=J:BELØB=0:SÆSON=SÆSON,2023-06-01,7578.0
DST:FIKS22:BRANCHE07=J:BELØB=0:SÆSON=SÆSON,2023-07-01,7305.0
DST:FIKS22:BRANCHE07=J:BELØB=0:SÆSON=SÆSON,2023-08-01,7844.0
DST:FIKS22:BRANCHE07=J:BELØB=0:SÆSON=SÆSON,2023-09-01,6888.0
DST:FIKS22:BRANCHE07=J:BELØB=0:SÆSON=SÆSON,2023-10-01,7560.0
DST:FIKS22:BRANCHE07=J:BELØB=0:SÆSON=SÆSON,2023-11-01,7530.0
DST:FIKS22:BRANCHE07=J:BELØB=0:SÆSON=SÆSON,2023-12-01,7736.0
DST:FIKS22:BRANCHE07=J:BELØB=0:SÆSON=SÆSON,2024-01-01,7761.0
DST:FIKS22:BRANCHE07=J:BELØB=0:SÆSON=SÆSON,2024-02-01,7382.0
DST:FIKS22:BRANCHE07=J:BELØB=0:SÆSON=SÆSON,2024-03-01,8028.0
DST:FIKS22:BRANCHE07=J:BELØB=0:SÆSON=SÆSON,2024-04-01,8145.0
DST:FIKS22:BRANCHE07=J:BELØB=0:SÆSON=SÆSON,2024-05-01,7739.0
DST:FIKS22:BRANCHE07=J:BELØB=0:SÆSON=SÆSON,2024-06-01,7515.0
DST:FIKS22:BRANCHE07=J:BELØB=0:SÆSON=SÆSON,2024-07-01,8021.0
DST:FIKS22:BRANCHE07=J:BELØB=0:SÆSON=SÆSON,2024-08-01,7711.0
DST:FIKS22:BRANCHE07=J:BELØB=0:SÆSON=SÆSON,2024-09-01,8102.0
DST:FIKS22:BRANCHE07=J:BELØB=0:SÆSON=SÆSON,2024-10-01,7957.0
DST:FIKS22:BRANCHE07=J:BELØB=0:SÆSON=SÆSON,2024-11-01,7926.0
DST:FIKS22:BRANCHE07=J:BELØB=0:SÆSON=SÆSON,2024-12-01,7636.0
DST:FIKS22:BRANCHE07=J:BELØB=0:SÆSON=SÆSON,2025-01-01,9770.0
DST:FIKS22:BRANCHE07=J:BELØB=0:SÆSON=SÆSON,2025-02-01,10867.0
DST:FIKS22:BRANCHE07=J:BELØB=0:SÆSON=SÆSON,2025-03-01,9492.0
DST:FIKS22:BRANCHE07=J:BELØB=0:SÆSON=SÆSON,2025-04-01,8482.0
DST:FIKS22:BRANCHE07=J:BELØB=0:SÆSON=SÆSON,2025-05-01,8612.0
DST:FIKS22:BRANCHE07=J:BELØB=0:SÆSON=SÆSON,2025-06-01,9033.0
DST:FIKS22:BRANCHE07=J:BELØB=0:SÆSON=SÆSON,2025-07-01,9019.0
DST:FIKS22:BRANCHE07=J:BELØB=0:SÆSON=SÆSON,2025-08-01,9082.0
DST:FIKS22:BRANCHE07=J:BELØB=0:SÆSON=SÆSON,2025-09-01,8219.0
DST:FIKS22:BRANCHE07=J:BELØB=0:SÆSON=SÆSON,2025-10-01,8947.0
DST:FIKS22:BRANCHE07=J:BELØB=0:SÆSON=SÆSON,2025-11-01,10416.0
DST:FIKS22:BRANCHE07=J:BELØB=0:SÆSON=SÆSON,2025-12-01,9196.0
DST:FIKS22:BRANCHE07=J:BELØB=0:SÆSON=SÆSON,2026-01-01,9365.0
DST:FIKS22:BRANCHE07=J:BELØB=0:SÆSON=SÆSON,2026-02-01,8870.0
DST:FIKS22:BRANCHE07=J:BELØB=0:SÆSON=SÆSON,2026-03-01,8785.0
DST:FIKS22:BRANCHE07=J:BELØB=1:SÆSON=EJSÆSON,2009-01-01,10727.0
DST:FIKS22:BRANCHE07=J:BELØB=1:SÆSON=EJSÆSON,2009-02-01,8563.0
DST:FIKS22:BRANCHE07=J:BELØB=1:SÆSON=EJSÆSON,2009-03-01,11592.0
DST:FIKS22:BRANCHE07=J:BELØB=1:SÆSON=EJSÆSON,2009-04-01,10197.0
DST:FIKS22:BRANCHE07=J:BELØB=1:SÆSON=EJSÆSON,2009-05-01,8910.0
DST:FIKS22:BRANCHE07=J:BELØB=1:SÆSON=EJSÆSON,2009-06-01,11426.0
DST:FIKS22:BRANCHE07=J:BELØB=1:SÆSON=EJSÆSON,2009-07-01,9989.0
DST:FIKS22:BRANCHE07=J:BELØB=1:SÆSON=EJSÆSON,2009-08-01,8414.0
DST:FIKS22:BRANCHE07=J:BELØB=1:SÆSON=EJSÆSON,2009-09-01,11313.0
DST:FIKS22:BRANCHE07=J:BELØB=1:SÆSON=EJSÆSON,2009-10-01,10811.0
DST:FIKS22:BRANCHE07=J:BELØB=1:SÆSON=EJSÆSON,2009-11-01,9716.0
DST:FIKS22:BRANCHE07=J:BELØB=1:SÆSON=EJSÆSON,2009-12-01,14352.0
DST:FIKS22:BRANCHE07=J:BELØB=1:SÆSON=EJSÆSON,2010-01-01,11230.0
DST:FIKS22:BRANCHE07=J:BELØB=1:SÆSON=EJSÆSON,2010-02-01,9022.0
DST:FIKS22:BRANCHE07=J:BELØB=1:SÆSON=EJSÆSON,2010-03-01,11733.0
DST:FIKS22:BRANCHE07=J:BELØB=1:SÆSON=EJSÆSON,2010-04-01,10057.0
DST:FIKS22:BRANCHE07=J:BELØB=1:SÆSON=EJSÆSON,2010-05-01,9503.0
DST:FIKS22:BRANCHE07=J:BELØB=1:SÆSON=EJSÆSON,2010-06-01,11969.0
DST:FIKS22:BRANCHE07=J:BELØB=1:SÆSON=EJSÆSON,2010-07-01,10114.0
DST:FIKS22:BRANCHE07=J:BELØB=1:SÆSON=EJSÆSON,2010-08-01,9241.0
DST:FIKS22:BRANCHE07=J:BELØB=1:SÆSON=EJSÆSON,2010-09-01,11659.0
DST:FIKS22:BRANCHE07=J:BELØB=1:SÆSON=EJSÆSON,2010-10-01,10984.0
DST:FIKS22:BRANCHE07=J:BELØB=1:SÆSON=EJSÆSON,2010-11-01,11287.0
DST:FIKS22:BRANCHE07=J:BELØB=1:SÆSON=EJSÆSON,2010-12-01,14057.0
DST:FIKS22:BRANCHE07=J:BELØB=1:SÆSON=EJSÆSON,2011-01-01,11968.0
DST:FIKS22:BRANCHE07=J:BELØB=1:SÆSON=EJSÆSON,2011-02-01,9705.0
DST:FIKS22:BRANCHE07=J:BELØB=1:SÆSON=EJSÆSON,2011-03-01,11742.0
DST:FIKS22:BRANCHE07=J:BELØB=1:SÆSON=EJSÆSON,2011-04-01,10447.0
DST:FIKS22:BRANCHE07=J:BELØB=1:SÆSON=EJSÆSON,2011-05-01,10317.0
DST:FIKS22:BRANCHE07=J:BELØB=1:SÆSON=EJSÆSON,2011-06-01,11536.0
DST:FIKS22:BRANCHE07=J:BELØB=1:SÆSON=EJSÆSON,2011-07-01,10502.0
DST:FIKS22:BRANCHE07=J:BELØB=1:SÆSON=EJSÆSON,2011-08-01,9747.0
DST:FIKS22:BRANCHE07=J:BELØB=1:SÆSON=EJSÆSON,2011-09-01,11089.0
DST:FIKS22:BRANCHE07=J:BELØB=1:SÆSON=EJSÆSON,2011-10-01,11038.0
DST:FIKS22:BRANCHE07=J:BELØB=1:SÆSON=EJSÆSON,2011-11-01,11180.0
DST:FIKS22:BRANCHE07=J:BELØB=1:SÆSON=EJSÆSON,2011-12-01,14412.0
DST:FIKS22:BRANCHE07=J:BELØB=1:SÆSON=EJSÆSON,2012-01-01,12115.0
DST:FIKS22:BRANCHE07=J:BELØB=1:SÆSON=EJSÆSON,2012-02-01,9894.0
DST:FIKS22:BRANCHE07=J:BELØB=1:SÆSON=EJSÆSON,2012-03-01,11497.0
DST:FIKS22:BRANCHE07=J:BELØB=1:SÆSON=EJSÆSON,2012-04-01,11979.0
DST:FIKS22:BRANCHE07=J:BELØB=1:SÆSON=EJSÆSON,2012-05-01,10037.0
DST:FIKS22:BRANCHE07=J:BELØB=1:SÆSON=EJSÆSON,2012-06-01,11495.0
DST:FIKS22:BRANCHE07=J:BELØB=1:SÆSON=EJSÆSON,2012-07-01,10485.0
DST:FIKS22:BRANCHE07=J:BELØB=1:SÆSON=EJSÆSON,2012-08-01,9144.0
DST:FIKS22:BRANCHE07=J:BELØB=1:SÆSON=EJSÆSON,2012-09-01,11327.0
DST:FIKS22:BRANCHE07=J:BELØB=1:SÆSON=EJSÆSON,2012-10-01,11285.0
DST:FIKS22:BRANCHE07=J:BELØB=1:SÆSON=EJSÆSON,2012-11-01,10900.0
DST:FIKS22:BRANCHE07=J:BELØB=1:SÆSON=EJSÆSON,2012-12-01,14344.0
DST:FIKS22:BRANCHE07=J:BELØB=1:SÆSON=EJSÆSON,2013-01-01,12093.0
DST:FIKS22:BRANCHE07=J:BELØB=1:SÆSON=EJSÆSON,2013-02-01,9032.0
DST:FIKS22:BRANCHE07=J:BELØB=1:SÆSON=EJSÆSON,2013-03-01,10750.0
DST:FIKS22:BRANCHE07=J:BELØB=1:SÆSON=EJSÆSON,2013-04-01,9963.0
DST:FIKS22:BRANCHE07=J:BELØB=1:SÆSON=EJSÆSON,2013-05-01,9528.0
DST:FIKS22:BRANCHE07=J:BELØB=1:SÆSON=EJSÆSON,2013-06-01,11337.0
DST:FIKS22:BRANCHE07=J:BELØB=1:SÆSON=EJSÆSON,2013-07-01,10280.0
DST:FIKS22:BRANCHE07=J:BELØB=1:SÆSON=EJSÆSON,2013-08-01,8848.0
DST:FIKS22:BRANCHE07=J:BELØB=1:SÆSON=EJSÆSON,2013-09-01,10668.0
DST:FIKS22:BRANCHE07=J:BELØB=1:SÆSON=EJSÆSON,2013-10-01,10707.0
DST:FIKS22:BRANCHE07=J:BELØB=1:SÆSON=EJSÆSON,2013-11-01,10724.0
DST:FIKS22:BRANCHE07=J:BELØB=1:SÆSON=EJSÆSON,2013-12-01,14354.0
DST:FIKS22:BRANCHE07=J:BELØB=1:SÆSON=EJSÆSON,2014-01-01,11182.0
DST:FIKS22:BRANCHE07=J:BELØB=1:SÆSON=EJSÆSON,2014-02-01,9517.0
DST:FIKS22:BRANCHE07=J:BELØB=1:SÆSON=EJSÆSON,2014-03-01,11115.0
DST:FIKS22:BRANCHE07=J:BELØB=1:SÆSON=EJSÆSON,2014-04-01,10026.0
DST:FIKS22:BRANCHE07=J:BELØB=1:SÆSON=EJSÆSON,2014-05-01,9778.0
DST:FIKS22:BRANCHE07=J:BELØB=1:SÆSON=EJSÆSON,2014-06-01,11265.0
DST:FIKS22:BRANCHE07=J:BELØB=1:SÆSON=EJSÆSON,2014-07-01,10108.0
DST:FIKS22:BRANCHE07=J:BELØB=1:SÆSON=EJSÆSON,2014-08-01,9143.0
DST:FIKS22:BRANCHE07=J:BELØB=1:SÆSON=EJSÆSON,2014-09-01,11575.0
DST:FIKS22:BRANCHE07=J:BELØB=1:SÆSON=EJSÆSON,2014-10-01,11238.0
DST:FIKS22:BRANCHE07=J:BELØB=1:SÆSON=EJSÆSON,2014-11-01,11380.0
DST:FIKS22:BRANCHE07=J:BELØB=1:SÆSON=EJSÆSON,2014-12-01,14395.0
DST:FIKS22:BRANCHE07=J:BELØB=1:SÆSON=EJSÆSON,2015-01-01,11943.0
DST:FIKS22:BRANCHE07=J:BELØB=1:SÆSON=EJSÆSON,2015-02-01,9721.0
DST:FIKS22:BRANCHE07=J:BELØB=1:SÆSON=EJSÆSON,2015-03-01,11463.0
DST:FIKS22:BRANCHE07=J:BELØB=1:SÆSON=EJSÆSON,2015-04-01,10394.0
DST:FIKS22:BRANCHE07=J:BELØB=1:SÆSON=EJSÆSON,2015-05-01,10307.0
DST:FIKS22:BRANCHE07=J:BELØB=1:SÆSON=EJSÆSON,2015-06-01,11633.0
DST:FIKS22:BRANCHE07=J:BELØB=1:SÆSON=EJSÆSON,2015-07-01,10052.0
DST:FIKS22:BRANCHE07=J:BELØB=1:SÆSON=EJSÆSON,2015-08-01,10406.0
DST:FIKS22:BRANCHE07=J:BELØB=1:SÆSON=EJSÆSON,2015-09-01,11005.0
DST:FIKS22:BRANCHE07=J:BELØB=1:SÆSON=EJSÆSON,2015-10-01,11192.0
DST:FIKS22:BRANCHE07=J:BELØB=1:SÆSON=EJSÆSON,2015-11-01,11768.0
DST:FIKS22:BRANCHE07=J:BELØB=1:SÆSON=EJSÆSON,2015-12-01,14856.0
DST:FIKS22:BRANCHE07=J:BELØB=1:SÆSON=EJSÆSON,2016-01-01,11794.0
DST:FIKS22:BRANCHE07=J:BELØB=1:SÆSON=EJSÆSON,2016-02-01,10396.0
DST:FIKS22:BRANCHE07=J:BELØB=1:SÆSON=EJSÆSON,2016-03-01,11791.0
DST:FIKS22:BRANCHE07=J:BELØB=1:SÆSON=EJSÆSON,2016-04-01,10462.0
DST:FIKS22:BRANCHE07=J:BELØB=1:SÆSON=EJSÆSON,2016-05-01,10658.0
DST:FIKS22:BRANCHE07=J:BELØB=1:SÆSON=EJSÆSON,2016-06-01,12197.0
DST:FIKS22:BRANCHE07=J:BELØB=1:SÆSON=EJSÆSON,2016-07-01,10117.0
DST:FIKS22:BRANCHE07=J:BELØB=1:SÆSON=EJSÆSON,2016-08-01,10265.0
DST:FIKS22:BRANCHE07=J:BELØB=1:SÆSON=EJSÆSON,2016-09-01,11870.0
DST:FIKS22:BRANCHE07=J:BELØB=1:SÆSON=EJSÆSON,2016-10-01,11309.0
DST:FIKS22:BRANCHE07=J:BELØB=1:SÆSON=EJSÆSON,2016-11-01,12113.0
DST:FIKS22:BRANCHE07=J:BELØB=1:SÆSON=EJSÆSON,2016-12-01,15314.0
DST:FIKS22:BRANCHE07=J:BELØB=1:SÆSON=EJSÆSON,2017-01-01,12450.0
DST:FIKS22:BRANCHE07=J:BELØB=1:SÆSON=EJSÆSON,2017-02-01,10271.0
DST:FIKS22:BRANCHE07=J:BELØB=1:SÆSON=EJSÆSON,2017-03-01,12254.0
DST:FIKS22:BRANCHE07=J:BELØB=1:SÆSON=EJSÆSON,2017-04-01,10366.0
DST:FIKS22:BRANCHE07=J:BELØB=1:SÆSON=EJSÆSON,2017-05-01,11262.0
DST:FIKS22:BRANCHE07=J:BELØB=1:SÆSON=EJSÆSON,2017-06-01,12078.0
DST:FIKS22:BRANCHE07=J:BELØB=1:SÆSON=EJSÆSON,2017-07-01,10435.0
DST:FIKS22:BRANCHE07=J:BELØB=1:SÆSON=EJSÆSON,2017-08-01,10103.0
DST:FIKS22:BRANCHE07=J:BELØB=1:SÆSON=EJSÆSON,2017-09-01,11739.0
DST:FIKS22:BRANCHE07=J:BELØB=1:SÆSON=EJSÆSON,2017-10-01,11857.0
DST:FIKS22:BRANCHE07=J:BELØB=1:SÆSON=EJSÆSON,2017-11-01,12476.0
DST:FIKS22:BRANCHE07=J:BELØB=1:SÆSON=EJSÆSON,2017-12-01,14851.0
DST:FIKS22:BRANCHE07=J:BELØB=1:SÆSON=EJSÆSON,2018-01-01,12913.0
DST:FIKS22:BRANCHE07=J:BELØB=1:SÆSON=EJSÆSON,2018-02-01,10275.0
DST:FIKS22:BRANCHE07=J:BELØB=1:SÆSON=EJSÆSON,2018-03-01,11613.0
DST:FIKS22:BRANCHE07=J:BELØB=1:SÆSON=EJSÆSON,2018-04-01,10980.0
DST:FIKS22:BRANCHE07=J:BELØB=1:SÆSON=EJSÆSON,2018-05-01,11348.0
DST:FIKS22:BRANCHE07=J:BELØB=1:SÆSON=EJSÆSON,2018-06-01,12281.0
DST:FIKS22:BRANCHE07=J:BELØB=1:SÆSON=EJSÆSON,2018-07-01,10851.0
DST:FIKS22:BRANCHE07=J:BELØB=1:SÆSON=EJSÆSON,2018-08-01,10619.0
DST:FIKS22:BRANCHE07=J:BELØB=1:SÆSON=EJSÆSON,2018-09-01,11802.0
DST:FIKS22:BRANCHE07=J:BELØB=1:SÆSON=EJSÆSON,2018-10-01,12475.0
DST:FIKS22:BRANCHE07=J:BELØB=1:SÆSON=EJSÆSON,2018-11-01,12569.0
DST:FIKS22:BRANCHE07=J:BELØB=1:SÆSON=EJSÆSON,2018-12-01,14242.0
DST:FIKS22:BRANCHE07=J:BELØB=1:SÆSON=EJSÆSON,2019-01-01,13039.0
DST:FIKS22:BRANCHE07=J:BELØB=1:SÆSON=EJSÆSON,2019-02-01,10591.0
DST:FIKS22:BRANCHE07=J:BELØB=1:SÆSON=EJSÆSON,2019-03-01,12406.0
DST:FIKS22:BRANCHE07=J:BELØB=1:SÆSON=EJSÆSON,2019-04-01,10859.0
DST:FIKS22:BRANCHE07=J:BELØB=1:SÆSON=EJSÆSON,2019-05-01,11382.0
DST:FIKS22:BRANCHE07=J:BELØB=1:SÆSON=EJSÆSON,2019-06-01,12367.0
DST:FIKS22:BRANCHE07=J:BELØB=1:SÆSON=EJSÆSON,2019-07-01,11159.0
DST:FIKS22:BRANCHE07=J:BELØB=1:SÆSON=EJSÆSON,2019-08-01,10615.0
DST:FIKS22:BRANCHE07=J:BELØB=1:SÆSON=EJSÆSON,2019-09-01,12137.0
DST:FIKS22:BRANCHE07=J:BELØB=1:SÆSON=EJSÆSON,2019-10-01,12838.0
DST:FIKS22:BRANCHE07=J:BELØB=1:SÆSON=EJSÆSON,2019-11-01,12243.0
DST:FIKS22:BRANCHE07=J:BELØB=1:SÆSON=EJSÆSON,2019-12-01,15148.0
DST:FIKS22:BRANCHE07=J:BELØB=1:SÆSON=EJSÆSON,2020-01-01,13153.0
DST:FIKS22:BRANCHE07=J:BELØB=1:SÆSON=EJSÆSON,2020-02-01,10909.0
DST:FIKS22:BRANCHE07=J:BELØB=1:SÆSON=EJSÆSON,2020-03-01,12336.0
DST:FIKS22:BRANCHE07=J:BELØB=1:SÆSON=EJSÆSON,2020-04-01,10810.0
DST:FIKS22:BRANCHE07=J:BELØB=1:SÆSON=EJSÆSON,2020-05-01,10191.0
DST:FIKS22:BRANCHE07=J:BELØB=1:SÆSON=EJSÆSON,2020-06-01,11579.0
DST:FIKS22:BRANCHE07=J:BELØB=1:SÆSON=EJSÆSON,2020-07-01,11386.0
DST:FIKS22:BRANCHE07=J:BELØB=1:SÆSON=EJSÆSON,2020-08-01,10260.0
DST:FIKS22:BRANCHE07=J:BELØB=1:SÆSON=EJSÆSON,2020-09-01,12460.0
DST:FIKS22:BRANCHE07=J:BELØB=1:SÆSON=EJSÆSON,2020-10-01,12260.0
DST:FIKS22:BRANCHE07=J:BELØB=1:SÆSON=EJSÆSON,2020-11-01,12657.0
DST:FIKS22:BRANCHE07=J:BELØB=1:SÆSON=EJSÆSON,2020-12-01,15507.0
DST:FIKS22:BRANCHE07=J:BELØB=1:SÆSON=EJSÆSON,2021-01-01,13350.0
DST:FIKS22:BRANCHE07=J:BELØB=1:SÆSON=EJSÆSON,2021-02-01,11323.0
DST:FIKS22:BRANCHE07=J:BELØB=1:SÆSON=EJSÆSON,2021-03-01,12456.0
DST:FIKS22:BRANCHE07=J:BELØB=1:SÆSON=EJSÆSON,2021-04-01,11150.0
DST:FIKS22:BRANCHE07=J:BELØB=1:SÆSON=EJSÆSON,2021-05-01,11650.0
DST:FIKS22:BRANCHE07=J:BELØB=1:SÆSON=EJSÆSON,2021-06-01,13342.0
DST:FIKS22:BRANCHE07=J:BELØB=1:SÆSON=EJSÆSON,2021-07-01,11028.0
DST:FIKS22:BRANCHE07=J:BELØB=1:SÆSON=EJSÆSON,2021-08-01,11302.0
DST:FIKS22:BRANCHE07=J:BELØB=1:SÆSON=EJSÆSON,2021-09-01,13348.0
DST:FIKS22:BRANCHE07=J:BELØB=1:SÆSON=EJSÆSON,2021-10-01,13103.0
DST:FIKS22:BRANCHE07=J:BELØB=1:SÆSON=EJSÆSON,2021-11-01,13911.0
DST:FIKS22:BRANCHE07=J:BELØB=1:SÆSON=EJSÆSON,2021-12-01,16464.0
DST:FIKS22:BRANCHE07=J:BELØB=1:SÆSON=EJSÆSON,2022-01-01,13781.0
DST:FIKS22:BRANCHE07=J:BELØB=1:SÆSON=EJSÆSON,2022-02-01,11998.0
DST:FIKS22:BRANCHE07=J:BELØB=1:SÆSON=EJSÆSON,2022-03-01,13750.0
DST:FIKS22:BRANCHE07=J:BELØB=1:SÆSON=EJSÆSON,2022-04-01,12350.0
DST:FIKS22:BRANCHE07=J:BELØB=1:SÆSON=EJSÆSON,2022-05-01,12295.0
DST:FIKS22:BRANCHE07=J:BELØB=1:SÆSON=EJSÆSON,2022-06-01,13682.0
DST:FIKS22:BRANCHE07=J:BELØB=1:SÆSON=EJSÆSON,2022-07-01,11549.0
DST:FIKS22:BRANCHE07=J:BELØB=1:SÆSON=EJSÆSON,2022-08-01,11891.0
DST:FIKS22:BRANCHE07=J:BELØB=1:SÆSON=EJSÆSON,2022-09-01,14114.0
DST:FIKS22:BRANCHE07=J:BELØB=1:SÆSON=EJSÆSON,2022-10-01,14172.0
DST:FIKS22:BRANCHE07=J:BELØB=1:SÆSON=EJSÆSON,2022-11-01,13736.0
DST:FIKS22:BRANCHE07=J:BELØB=1:SÆSON=EJSÆSON,2022-12-01,17225.0
DST:FIKS22:BRANCHE07=J:BELØB=1:SÆSON=EJSÆSON,2023-01-01,16359.0
DST:FIKS22:BRANCHE07=J:BELØB=1:SÆSON=EJSÆSON,2023-02-01,12131.0
DST:FIKS22:BRANCHE07=J:BELØB=1:SÆSON=EJSÆSON,2023-03-01,14805.0
DST:FIKS22:BRANCHE07=J:BELØB=1:SÆSON=EJSÆSON,2023-04-01,14886.0
DST:FIKS22:BRANCHE07=J:BELØB=1:SÆSON=EJSÆSON,2023-05-01,12547.0
DST:FIKS22:BRANCHE07=J:BELØB=1:SÆSON=EJSÆSON,2023-06-01,14317.0
DST:FIKS22:BRANCHE07=J:BELØB=1:SÆSON=EJSÆSON,2023-07-01,13549.0
DST:FIKS22:BRANCHE07=J:BELØB=1:SÆSON=EJSÆSON,2023-08-01,12549.0
DST:FIKS22:BRANCHE07=J:BELØB=1:SÆSON=EJSÆSON,2023-09-01,14618.0
DST:FIKS22:BRANCHE07=J:BELØB=1:SÆSON=EJSÆSON,2023-10-01,15999.0
DST:FIKS22:BRANCHE07=J:BELØB=1:SÆSON=EJSÆSON,2023-11-01,14469.0
DST:FIKS22:BRANCHE07=J:BELØB=1:SÆSON=EJSÆSON,2023-12-01,18243.0
DST:FIKS22:BRANCHE07=J:BELØB=1:SÆSON=EJSÆSON,2024-01-01,16366.0
DST:FIKS22:BRANCHE07=J:BELØB=1:SÆSON=EJSÆSON,2024-02-01,13579.0
DST:FIKS22:BRANCHE07=J:BELØB=1:SÆSON=EJSÆSON,2024-03-01,15359.0
DST:FIKS22:BRANCHE07=J:BELØB=1:SÆSON=EJSÆSON,2024-04-01,14892.0
DST:FIKS22:BRANCHE07=J:BELØB=1:SÆSON=EJSÆSON,2024-05-01,13503.0
DST:FIKS22:BRANCHE07=J:BELØB=1:SÆSON=EJSÆSON,2024-06-01,14693.0
DST:FIKS22:BRANCHE07=J:BELØB=1:SÆSON=EJSÆSON,2024-07-01,13702.0
DST:FIKS22:BRANCHE07=J:BELØB=1:SÆSON=EJSÆSON,2024-08-01,12823.0
DST:FIKS22:BRANCHE07=J:BELØB=1:SÆSON=EJSÆSON,2024-09-01,16204.0
DST:FIKS22:BRANCHE07=J:BELØB=1:SÆSON=EJSÆSON,2024-10-01,15847.0
DST:FIKS22:BRANCHE07=J:BELØB=1:SÆSON=EJSÆSON,2024-11-01,15352.0
DST:FIKS22:BRANCHE07=J:BELØB=1:SÆSON=EJSÆSON,2024-12-01,19703.0
DST:FIKS22:BRANCHE07=J:BELØB=1:SÆSON=EJSÆSON,2025-01-01,18311.0
DST:FIKS22:BRANCHE07=J:BELØB=1:SÆSON=EJSÆSON,2025-02-01,14398.0
DST:FIKS22:BRANCHE07=J:BELØB=1:SÆSON=EJSÆSON,2025-03-01,15546.0
DST:FIKS22:BRANCHE07=J:BELØB=1:SÆSON=EJSÆSON,2025-04-01,14740.0
DST:FIKS22:BRANCHE07=J:BELØB=1:SÆSON=EJSÆSON,2025-05-01,13939.0
DST:FIKS22:BRANCHE07=J:BELØB=1:SÆSON=EJSÆSON,2025-06-01,15750.0
DST:FIKS22:BRANCHE07=J:BELØB=1:SÆSON=EJSÆSON,2025-07-01,14661.0
DST:FIKS22:BRANCHE07=J:BELØB=1:SÆSON=EJSÆSON,2025-08-01,13938.0
DST:FIKS22:BRANCHE07=J:BELØB=1:SÆSON=EJSÆSON,2025-09-01,16396.0
DST:FIKS22:BRANCHE07=J:BELØB=1:SÆSON=EJSÆSON,2025-10-01,17623.0
DST:FIKS22:BRANCHE07=J:BELØB=1:SÆSON=EJSÆSON,2025-11-01,15946.0
DST:FIKS22:BRANCHE07=J:BELØB=1:SÆSON=EJSÆSON,2025-12-01,20368.0
DST:FIKS22:BRANCHE07=J:BELØB=1:SÆSON=EJSÆSON,2026-01-01,18258.0
DST:FIKS22:BRANCHE07=J:BELØB=1:SÆSON=EJSÆSON,2026-02-01,14812.0
DST:FIKS22:BRANCHE07=J:BELØB=1:SÆSON=EJSÆSON,2026-03-01,15716.0
DST:FIKS22:BRANCHE07=J:BELØB=1:SÆSON=SÆSON,2009-01-01,10135.0
DST:FIKS22:BRANCHE07=J:BELØB=1:SÆSON=SÆSON,2009-02-01,10112.0
DST:FIKS22:BRANCHE07=J:BELØB=1:SÆSON=SÆSON,2009-03-01,10896.0
DST:FIKS22:BRANCHE07=J:BELØB=1:SÆSON=SÆSON,2009-04-01,10762.0
DST:FIKS22:BRANCHE07=J:BELØB=1:SÆSON=SÆSON,2009-05-01,10007.0
DST:FIKS22:BRANCHE07=J:BELØB=1:SÆSON=SÆSON,2009-06-01,10745.0
DST:FIKS22:BRANCHE07=J:BELØB=1:SÆSON=SÆSON,2009-07-01,10601.0
DST:FIKS22:BRANCHE07=J:BELØB=1:SÆSON=SÆSON,2009-08-01,10226.0
DST:FIKS22:BRANCHE07=J:BELØB=1:SÆSON=SÆSON,2009-09-01,10760.0
DST:FIKS22:BRANCHE07=J:BELØB=1:SÆSON=SÆSON,2009-10-01,10855.0
DST:FIKS22:BRANCHE07=J:BELØB=1:SÆSON=SÆSON,2009-11-01,9865.0
DST:FIKS22:BRANCHE07=J:BELØB=1:SÆSON=SÆSON,2009-12-01,10720.0
DST:FIKS22:BRANCHE07=J:BELØB=1:SÆSON=SÆSON,2010-01-01,10650.0
DST:FIKS22:BRANCHE07=J:BELØB=1:SÆSON=SÆSON,2010-02-01,10637.0
DST:FIKS22:BRANCHE07=J:BELØB=1:SÆSON=SÆSON,2010-03-01,11021.0
DST:FIKS22:BRANCHE07=J:BELØB=1:SÆSON=SÆSON,2010-04-01,10649.0
DST:FIKS22:BRANCHE07=J:BELØB=1:SÆSON=SÆSON,2010-05-01,10672.0
DST:FIKS22:BRANCHE07=J:BELØB=1:SÆSON=SÆSON,2010-06-01,11056.0
DST:FIKS22:BRANCHE07=J:BELØB=1:SÆSON=SÆSON,2010-07-01,10855.0
DST:FIKS22:BRANCHE07=J:BELØB=1:SÆSON=SÆSON,2010-08-01,11071.0
DST:FIKS22:BRANCHE07=J:BELØB=1:SÆSON=SÆSON,2010-09-01,11298.0
DST:FIKS22:BRANCHE07=J:BELØB=1:SÆSON=SÆSON,2010-10-01,11052.0
DST:FIKS22:BRANCHE07=J:BELØB=1:SÆSON=SÆSON,2010-11-01,11255.0
DST:FIKS22:BRANCHE07=J:BELØB=1:SÆSON=SÆSON,2010-12-01,10542.0
DST:FIKS22:BRANCHE07=J:BELØB=1:SÆSON=SÆSON,2011-01-01,11277.0
DST:FIKS22:BRANCHE07=J:BELØB=1:SÆSON=SÆSON,2011-02-01,11371.0
DST:FIKS22:BRANCHE07=J:BELØB=1:SÆSON=SÆSON,2011-03-01,10909.0
DST:FIKS22:BRANCHE07=J:BELØB=1:SÆSON=SÆSON,2011-04-01,11250.0
DST:FIKS22:BRANCHE07=J:BELØB=1:SÆSON=SÆSON,2011-05-01,11401.0
DST:FIKS22:BRANCHE07=J:BELØB=1:SÆSON=SÆSON,2011-06-01,10900.0
DST:FIKS22:BRANCHE07=J:BELØB=1:SÆSON=SÆSON,2011-07-01,11290.0
DST:FIKS22:BRANCHE07=J:BELØB=1:SÆSON=SÆSON,2011-08-01,11480.0
DST:FIKS22:BRANCHE07=J:BELØB=1:SÆSON=SÆSON,2011-09-01,10856.0
DST:FIKS22:BRANCHE07=J:BELØB=1:SÆSON=SÆSON,2011-10-01,11123.0
DST:FIKS22:BRANCHE07=J:BELØB=1:SÆSON=SÆSON,2011-11-01,11011.0
DST:FIKS22:BRANCHE07=J:BELØB=1:SÆSON=SÆSON,2011-12-01,10972.0
DST:FIKS22:BRANCHE07=J:BELØB=1:SÆSON=SÆSON,2012-01-01,11193.0
DST:FIKS22:BRANCHE07=J:BELØB=1:SÆSON=SÆSON,2012-02-01,11021.0
DST:FIKS22:BRANCHE07=J:BELØB=1:SÆSON=SÆSON,2012-03-01,11134.0
DST:FIKS22:BRANCHE07=J:BELØB=1:SÆSON=SÆSON,2012-04-01,12841.0
DST:FIKS22:BRANCHE07=J:BELØB=1:SÆSON=SÆSON,2012-05-01,11015.0
DST:FIKS22:BRANCHE07=J:BELØB=1:SÆSON=SÆSON,2012-06-01,11091.0
DST:FIKS22:BRANCHE07=J:BELØB=1:SÆSON=SÆSON,2012-07-01,11147.0
DST:FIKS22:BRANCHE07=J:BELØB=1:SÆSON=SÆSON,2012-08-01,10896.0
DST:FIKS22:BRANCHE07=J:BELØB=1:SÆSON=SÆSON,2012-09-01,11171.0
DST:FIKS22:BRANCHE07=J:BELØB=1:SÆSON=SÆSON,2012-10-01,11058.0
DST:FIKS22:BRANCHE07=J:BELØB=1:SÆSON=SÆSON,2012-11-01,10923.0
DST:FIKS22:BRANCHE07=J:BELØB=1:SÆSON=SÆSON,2012-12-01,11218.0
DST:FIKS22:BRANCHE07=J:BELØB=1:SÆSON=SÆSON,2013-01-01,11266.0
DST:FIKS22:BRANCHE07=J:BELØB=1:SÆSON=SÆSON,2013-02-01,10411.0
DST:FIKS22:BRANCHE07=J:BELØB=1:SÆSON=SÆSON,2013-03-01,10574.0
DST:FIKS22:BRANCHE07=J:BELØB=1:SÆSON=SÆSON,2013-04-01,10518.0
DST:FIKS22:BRANCHE07=J:BELØB=1:SÆSON=SÆSON,2013-05-01,10452.0
DST:FIKS22:BRANCHE07=J:BELØB=1:SÆSON=SÆSON,2013-06-01,11008.0
DST:FIKS22:BRANCHE07=J:BELØB=1:SÆSON=SÆSON,2013-07-01,10867.0
DST:FIKS22:BRANCHE07=J:BELØB=1:SÆSON=SÆSON,2013-08-01,10601.0
DST:FIKS22:BRANCHE07=J:BELØB=1:SÆSON=SÆSON,2013-09-01,10480.0
DST:FIKS22:BRANCHE07=J:BELØB=1:SÆSON=SÆSON,2013-10-01,10560.0
DST:FIKS22:BRANCHE07=J:BELØB=1:SÆSON=SÆSON,2013-11-01,10627.0
DST:FIKS22:BRANCHE07=J:BELØB=1:SÆSON=SÆSON,2013-12-01,10906.0
DST:FIKS22:BRANCHE07=J:BELØB=1:SÆSON=SÆSON,2014-01-01,10527.0
DST:FIKS22:BRANCHE07=J:BELØB=1:SÆSON=SÆSON,2014-02-01,10909.0
DST:FIKS22:BRANCHE07=J:BELØB=1:SÆSON=SÆSON,2014-03-01,10700.0
DST:FIKS22:BRANCHE07=J:BELØB=1:SÆSON=SÆSON,2014-04-01,10757.0
DST:FIKS22:BRANCHE07=J:BELØB=1:SÆSON=SÆSON,2014-05-01,10765.0
DST:FIKS22:BRANCHE07=J:BELØB=1:SÆSON=SÆSON,2014-06-01,10836.0
DST:FIKS22:BRANCHE07=J:BELØB=1:SÆSON=SÆSON,2014-07-01,10852.0
DST:FIKS22:BRANCHE07=J:BELØB=1:SÆSON=SÆSON,2014-08-01,10895.0
DST:FIKS22:BRANCHE07=J:BELØB=1:SÆSON=SÆSON,2014-09-01,11190.0
DST:FIKS22:BRANCHE07=J:BELØB=1:SÆSON=SÆSON,2014-10-01,11207.0
DST:FIKS22:BRANCHE07=J:BELØB=1:SÆSON=SÆSON,2014-11-01,11224.0
DST:FIKS22:BRANCHE07=J:BELØB=1:SÆSON=SÆSON,2014-12-01,10724.0
DST:FIKS22:BRANCHE07=J:BELØB=1:SÆSON=SÆSON,2015-01-01,11255.0
DST:FIKS22:BRANCHE07=J:BELØB=1:SÆSON=SÆSON,2015-02-01,11094.0
DST:FIKS22:BRANCHE07=J:BELØB=1:SÆSON=SÆSON,2015-03-01,11095.0
DST:FIKS22:BRANCHE07=J:BELØB=1:SÆSON=SÆSON,2015-04-01,11203.0
DST:FIKS22:BRANCHE07=J:BELØB=1:SÆSON=SÆSON,2015-05-01,11343.0
DST:FIKS22:BRANCHE07=J:BELØB=1:SÆSON=SÆSON,2015-06-01,11002.0
DST:FIKS22:BRANCHE07=J:BELØB=1:SÆSON=SÆSON,2015-07-01,11033.0
DST:FIKS22:BRANCHE07=J:BELØB=1:SÆSON=SÆSON,2015-08-01,12309.0
DST:FIKS22:BRANCHE07=J:BELØB=1:SÆSON=SÆSON,2015-09-01,10557.0
DST:FIKS22:BRANCHE07=J:BELØB=1:SÆSON=SÆSON,2015-10-01,11276.0
DST:FIKS22:BRANCHE07=J:BELØB=1:SÆSON=SÆSON,2015-11-01,11452.0
DST:FIKS22:BRANCHE07=J:BELØB=1:SÆSON=SÆSON,2015-12-01,11219.0
DST:FIKS22:BRANCHE07=J:BELØB=1:SÆSON=SÆSON,2016-01-01,11184.0
DST:FIKS22:BRANCHE07=J:BELØB=1:SÆSON=SÆSON,2016-02-01,11442.0
DST:FIKS22:BRANCHE07=J:BELØB=1:SÆSON=SÆSON,2016-03-01,11506.0
DST:FIKS22:BRANCHE07=J:BELØB=1:SÆSON=SÆSON,2016-04-01,11322.0
DST:FIKS22:BRANCHE07=J:BELØB=1:SÆSON=SÆSON,2016-05-01,11396.0
DST:FIKS22:BRANCHE07=J:BELØB=1:SÆSON=SÆSON,2016-06-01,11586.0
DST:FIKS22:BRANCHE07=J:BELØB=1:SÆSON=SÆSON,2016-07-01,11318.0
DST:FIKS22:BRANCHE07=J:BELØB=1:SÆSON=SÆSON,2016-08-01,11689.0
DST:FIKS22:BRANCHE07=J:BELØB=1:SÆSON=SÆSON,2016-09-01,11728.0
DST:FIKS22:BRANCHE07=J:BELØB=1:SÆSON=SÆSON,2016-10-01,11344.0
DST:FIKS22:BRANCHE07=J:BELØB=1:SÆSON=SÆSON,2016-11-01,11419.0
DST:FIKS22:BRANCHE07=J:BELØB=1:SÆSON=SÆSON,2016-12-01,11898.0
DST:FIKS22:BRANCHE07=J:BELØB=1:SÆSON=SÆSON,2017-01-01,11531.0
DST:FIKS22:BRANCHE07=J:BELØB=1:SÆSON=SÆSON,2017-02-01,11694.0
DST:FIKS22:BRANCHE07=J:BELØB=1:SÆSON=SÆSON,2017-03-01,11777.0
DST:FIKS22:BRANCHE07=J:BELØB=1:SÆSON=SÆSON,2017-04-01,11579.0
DST:FIKS22:BRANCHE07=J:BELØB=1:SÆSON=SÆSON,2017-05-01,11832.0
DST:FIKS22:BRANCHE07=J:BELØB=1:SÆSON=SÆSON,2017-06-01,11646.0
DST:FIKS22:BRANCHE07=J:BELØB=1:SÆSON=SÆSON,2017-07-01,11718.0
DST:FIKS22:BRANCHE07=J:BELØB=1:SÆSON=SÆSON,2017-08-01,11479.0
DST:FIKS22:BRANCHE07=J:BELØB=1:SÆSON=SÆSON,2017-09-01,11611.0
DST:FIKS22:BRANCHE07=J:BELØB=1:SÆSON=SÆSON,2017-10-01,11660.0
DST:FIKS22:BRANCHE07=J:BELØB=1:SÆSON=SÆSON,2017-11-01,11943.0
DST:FIKS22:BRANCHE07=J:BELØB=1:SÆSON=SÆSON,2017-12-01,11845.0
DST:FIKS22:BRANCHE07=J:BELØB=1:SÆSON=SÆSON,2018-01-01,11792.0
DST:FIKS22:BRANCHE07=J:BELØB=1:SÆSON=SÆSON,2018-02-01,11673.0
DST:FIKS22:BRANCHE07=J:BELØB=1:SÆSON=SÆSON,2018-03-01,11621.0
DST:FIKS22:BRANCHE07=J:BELØB=1:SÆSON=SÆSON,2018-04-01,12001.0
DST:FIKS22:BRANCHE07=J:BELØB=1:SÆSON=SÆSON,2018-05-01,11984.0
DST:FIKS22:BRANCHE07=J:BELØB=1:SÆSON=SÆSON,2018-06-01,11957.0
DST:FIKS22:BRANCHE07=J:BELØB=1:SÆSON=SÆSON,2018-07-01,12028.0
DST:FIKS22:BRANCHE07=J:BELØB=1:SÆSON=SÆSON,2018-08-01,12142.0
DST:FIKS22:BRANCHE07=J:BELØB=1:SÆSON=SÆSON,2018-09-01,11769.0
DST:FIKS22:BRANCHE07=J:BELØB=1:SÆSON=SÆSON,2018-10-01,12022.0
DST:FIKS22:BRANCHE07=J:BELØB=1:SÆSON=SÆSON,2018-11-01,12134.0
DST:FIKS22:BRANCHE07=J:BELØB=1:SÆSON=SÆSON,2018-12-01,11541.0
DST:FIKS22:BRANCHE07=J:BELØB=1:SÆSON=SÆSON,2019-01-01,12055.0
DST:FIKS22:BRANCHE07=J:BELØB=1:SÆSON=SÆSON,2019-02-01,11965.0
DST:FIKS22:BRANCHE07=J:BELØB=1:SÆSON=SÆSON,2019-03-01,12187.0
DST:FIKS22:BRANCHE07=J:BELØB=1:SÆSON=SÆSON,2019-04-01,11831.0
DST:FIKS22:BRANCHE07=J:BELØB=1:SÆSON=SÆSON,2019-05-01,12190.0
DST:FIKS22:BRANCHE07=J:BELØB=1:SÆSON=SÆSON,2019-06-01,12180.0
DST:FIKS22:BRANCHE07=J:BELØB=1:SÆSON=SÆSON,2019-07-01,12233.0
DST:FIKS22:BRANCHE07=J:BELØB=1:SÆSON=SÆSON,2019-08-01,12251.0
DST:FIKS22:BRANCHE07=J:BELØB=1:SÆSON=SÆSON,2019-09-01,12034.0
DST:FIKS22:BRANCHE07=J:BELØB=1:SÆSON=SÆSON,2019-10-01,12367.0
DST:FIKS22:BRANCHE07=J:BELØB=1:SÆSON=SÆSON,2019-11-01,11840.0
DST:FIKS22:BRANCHE07=J:BELØB=1:SÆSON=SÆSON,2019-12-01,11983.0
DST:FIKS22:BRANCHE07=J:BELØB=1:SÆSON=SÆSON,2020-01-01,12195.0
DST:FIKS22:BRANCHE07=J:BELØB=1:SÆSON=SÆSON,2020-02-01,11860.0
DST:FIKS22:BRANCHE07=J:BELØB=1:SÆSON=SÆSON,2020-03-01,12059.0
DST:FIKS22:BRANCHE07=J:BELØB=1:SÆSON=SÆSON,2020-04-01,11734.0
DST:FIKS22:BRANCHE07=J:BELØB=1:SÆSON=SÆSON,2020-05-01,11085.0
DST:FIKS22:BRANCHE07=J:BELØB=1:SÆSON=SÆSON,2020-06-01,11144.0
DST:FIKS22:BRANCHE07=J:BELØB=1:SÆSON=SÆSON,2020-07-01,12738.0
DST:FIKS22:BRANCHE07=J:BELØB=1:SÆSON=SÆSON,2020-08-01,11857.0
DST:FIKS22:BRANCHE07=J:BELØB=1:SÆSON=SÆSON,2020-09-01,12001.0
DST:FIKS22:BRANCHE07=J:BELØB=1:SÆSON=SÆSON,2020-10-01,11971.0
DST:FIKS22:BRANCHE07=J:BELØB=1:SÆSON=SÆSON,2020-11-01,12370.0
DST:FIKS22:BRANCHE07=J:BELØB=1:SÆSON=SÆSON,2020-12-01,12140.0
DST:FIKS22:BRANCHE07=J:BELØB=1:SÆSON=SÆSON,2021-01-01,12385.0
DST:FIKS22:BRANCHE07=J:BELØB=1:SÆSON=SÆSON,2021-02-01,12625.0
DST:FIKS22:BRANCHE07=J:BELØB=1:SÆSON=SÆSON,2021-03-01,12152.0
DST:FIKS22:BRANCHE07=J:BELØB=1:SÆSON=SÆSON,2021-04-01,11992.0
DST:FIKS22:BRANCHE07=J:BELØB=1:SÆSON=SÆSON,2021-05-01,12751.0
DST:FIKS22:BRANCHE07=J:BELØB=1:SÆSON=SÆSON,2021-06-01,12712.0
DST:FIKS22:BRANCHE07=J:BELØB=1:SÆSON=SÆSON,2021-07-01,12520.0
DST:FIKS22:BRANCHE07=J:BELØB=1:SÆSON=SÆSON,2021-08-01,12920.0
DST:FIKS22:BRANCHE07=J:BELØB=1:SÆSON=SÆSON,2021-09-01,13015.0
DST:FIKS22:BRANCHE07=J:BELØB=1:SÆSON=SÆSON,2021-10-01,12715.0
DST:FIKS22:BRANCHE07=J:BELØB=1:SÆSON=SÆSON,2021-11-01,13493.0
DST:FIKS22:BRANCHE07=J:BELØB=1:SÆSON=SÆSON,2021-12-01,12952.0
DST:FIKS22:BRANCHE07=J:BELØB=1:SÆSON=SÆSON,2022-01-01,12721.0
DST:FIKS22:BRANCHE07=J:BELØB=1:SÆSON=SÆSON,2022-02-01,13280.0
DST:FIKS22:BRANCHE07=J:BELØB=1:SÆSON=SÆSON,2022-03-01,13221.0
DST:FIKS22:BRANCHE07=J:BELØB=1:SÆSON=SÆSON,2022-04-01,13325.0
DST:FIKS22:BRANCHE07=J:BELØB=1:SÆSON=SÆSON,2022-05-01,13339.0
DST:FIKS22:BRANCHE07=J:BELØB=1:SÆSON=SÆSON,2022-06-01,13422.0
DST:FIKS22:BRANCHE07=J:BELØB=1:SÆSON=SÆSON,2022-07-01,13113.0
DST:FIKS22:BRANCHE07=J:BELØB=1:SÆSON=SÆSON,2022-08-01,13452.0
DST:FIKS22:BRANCHE07=J:BELØB=1:SÆSON=SÆSON,2022-09-01,13855.0
DST:FIKS22:BRANCHE07=J:BELØB=1:SÆSON=SÆSON,2022-10-01,13637.0
DST:FIKS22:BRANCHE07=J:BELØB=1:SÆSON=SÆSON,2022-11-01,13321.0
DST:FIKS22:BRANCHE07=J:BELØB=1:SÆSON=SÆSON,2022-12-01,13748.0
DST:FIKS22:BRANCHE07=J:BELØB=1:SÆSON=SÆSON,2023-01-01,14836.0
DST:FIKS22:BRANCHE07=J:BELØB=1:SÆSON=SÆSON,2023-02-01,13372.0
DST:FIKS22:BRANCHE07=J:BELØB=1:SÆSON=SÆSON,2023-03-01,14569.0
DST:FIKS22:BRANCHE07=J:BELØB=1:SÆSON=SÆSON,2023-04-01,15810.0
DST:FIKS22:BRANCHE07=J:BELØB=1:SÆSON=SÆSON,2023-05-01,13580.0
DST:FIKS22:BRANCHE07=J:BELØB=1:SÆSON=SÆSON,2023-06-01,14291.0
DST:FIKS22:BRANCHE07=J:BELØB=1:SÆSON=SÆSON,2023-07-01,15341.0
DST:FIKS22:BRANCHE07=J:BELØB=1:SÆSON=SÆSON,2023-08-01,14302.0
DST:FIKS22:BRANCHE07=J:BELØB=1:SÆSON=SÆSON,2023-09-01,14327.0
DST:FIKS22:BRANCHE07=J:BELØB=1:SÆSON=SÆSON,2023-10-01,15078.0
DST:FIKS22:BRANCHE07=J:BELØB=1:SÆSON=SÆSON,2023-11-01,14357.0
DST:FIKS22:BRANCHE07=J:BELØB=1:SÆSON=SÆSON,2023-12-01,14807.0
DST:FIKS22:BRANCHE07=J:BELØB=1:SÆSON=SÆSON,2024-01-01,14681.0
DST:FIKS22:BRANCHE07=J:BELØB=1:SÆSON=SÆSON,2024-02-01,14500.0
DST:FIKS22:BRANCHE07=J:BELØB=1:SÆSON=SÆSON,2024-03-01,15540.0
DST:FIKS22:BRANCHE07=J:BELØB=1:SÆSON=SÆSON,2024-04-01,15298.0
DST:FIKS22:BRANCHE07=J:BELØB=1:SÆSON=SÆSON,2024-05-01,14844.0
DST:FIKS22:BRANCHE07=J:BELØB=1:SÆSON=SÆSON,2024-06-01,14961.0
DST:FIKS22:BRANCHE07=J:BELØB=1:SÆSON=SÆSON,2024-07-01,14981.0
DST:FIKS22:BRANCHE07=J:BELØB=1:SÆSON=SÆSON,2024-08-01,14943.0
DST:FIKS22:BRANCHE07=J:BELØB=1:SÆSON=SÆSON,2024-09-01,15977.0
DST:FIKS22:BRANCHE07=J:BELØB=1:SÆSON=SÆSON,2024-10-01,14687.0
DST:FIKS22:BRANCHE07=J:BELØB=1:SÆSON=SÆSON,2024-11-01,15405.0
DST:FIKS22:BRANCHE07=J:BELØB=1:SÆSON=SÆSON,2024-12-01,15645.0
DST:FIKS22:BRANCHE07=J:BELØB=1:SÆSON=SÆSON,2025-01-01,16796.0
DST:FIKS22:BRANCHE07=J:BELØB=1:SÆSON=SÆSON,2025-02-01,15833.0
DST:FIKS22:BRANCHE07=J:BELØB=1:SÆSON=SÆSON,2025-03-01,15389.0
DST:FIKS22:BRANCHE07=J:BELØB=1:SÆSON=SÆSON,2025-04-01,15199.0
DST:FIKS22:BRANCHE07=J:BELØB=1:SÆSON=SÆSON,2025-05-01,15561.0
DST:FIKS22:BRANCHE07=J:BELØB=1:SÆSON=SÆSON,2025-06-01,15945.0
DST:FIKS22:BRANCHE07=J:BELØB=1:SÆSON=SÆSON,2025-07-01,16040.0
DST:FIKS22:BRANCHE07=J:BELØB=1:SÆSON=SÆSON,2025-08-01,16232.0
DST:FIKS22:BRANCHE07=J:BELØB=1:SÆSON=SÆSON,2025-09-01,15932.0
DST:FIKS22:BRANCHE07=J:BELØB=1:SÆSON=SÆSON,2025-10-01,16471.0
DST:FIKS22:BRANCHE07=J:BELØB=1:SÆSON=SÆSON,2025-11-01,16105.0
DST:FIKS22:BRANCHE07=J:BELØB=1:SÆSON=SÆSON,2025-12-01,15820.0
DST:FIKS22:BRANCHE07=J:BELØB=1:SÆSON=SÆSON,2026-01-01,16684.0
DST:FIKS22:BRANCHE07=J:BELØB=1:SÆSON=SÆSON,2026-02-01,16259.0
DST:FIKS22:BRANCHE07=J:BELØB=1:SÆSON=SÆSON,2026-03-01,15675.0
DST:FIKS22:BRANCHE07=J:BELØB=3:SÆSON=EJSÆSON,2009-01-01,7080.0
DST:FIKS22:BRANCHE07=J:BELØB=3:SÆSON=EJSÆSON,2009-02-01,6004.0
DST:FIKS22:BRANCHE07=J:BELØB=3:SÆSON=EJSÆSON,2009-03-01,7145.0
DST:FIKS22:BRANCHE07=J:BELØB=3:SÆSON=EJSÆSON,2009-04-01,7057.0
DST:FIKS22:BRANCHE07=J:BELØB=3:SÆSON=EJSÆSON,2009-05-01,6195.0
DST:FIKS22:BRANCHE07=J:BELØB=3:SÆSON=EJSÆSON,2009-06-01,6880.0
DST:FIKS22:BRANCHE07=J:BELØB=3:SÆSON=EJSÆSON,2009-07-01,6276.0
DST:FIKS22:BRANCHE07=J:BELØB=3:SÆSON=EJSÆSON,2009-08-01,6045.0
DST:FIKS22:BRANCHE07=J:BELØB=3:SÆSON=EJSÆSON,2009-09-01,6766.0
DST:FIKS22:BRANCHE07=J:BELØB=3:SÆSON=EJSÆSON,2009-10-01,6847.0
DST:FIKS22:BRANCHE07=J:BELØB=3:SÆSON=EJSÆSON,2009-11-01,6440.0
DST:FIKS22:BRANCHE07=J:BELØB=3:SÆSON=EJSÆSON,2009-12-01,8539.0
DST:FIKS22:BRANCHE07=J:BELØB=3:SÆSON=EJSÆSON,2010-01-01,6648.0
DST:FIKS22:BRANCHE07=J:BELØB=3:SÆSON=EJSÆSON,2010-02-01,6192.0
DST:FIKS22:BRANCHE07=J:BELØB=3:SÆSON=EJSÆSON,2010-03-01,6830.0
DST:FIKS22:BRANCHE07=J:BELØB=3:SÆSON=EJSÆSON,2010-04-01,6748.0
DST:FIKS22:BRANCHE07=J:BELØB=3:SÆSON=EJSÆSON,2010-05-01,6405.0
DST:FIKS22:BRANCHE07=J:BELØB=3:SÆSON=EJSÆSON,2010-06-01,7460.0
DST:FIKS22:BRANCHE07=J:BELØB=3:SÆSON=EJSÆSON,2010-07-01,6175.0
DST:FIKS22:BRANCHE07=J:BELØB=3:SÆSON=EJSÆSON,2010-08-01,6213.0
DST:FIKS22:BRANCHE07=J:BELØB=3:SÆSON=EJSÆSON,2010-09-01,7306.0
DST:FIKS22:BRANCHE07=J:BELØB=3:SÆSON=EJSÆSON,2010-10-01,7075.0
DST:FIKS22:BRANCHE07=J:BELØB=3:SÆSON=EJSÆSON,2010-11-01,7307.0
DST:FIKS22:BRANCHE07=J:BELØB=3:SÆSON=EJSÆSON,2010-12-01,9560.0
DST:FIKS22:BRANCHE07=J:BELØB=3:SÆSON=EJSÆSON,2011-01-01,7234.0
DST:FIKS22:BRANCHE07=J:BELØB=3:SÆSON=EJSÆSON,2011-02-01,6583.0
DST:FIKS22:BRANCHE07=J:BELØB=3:SÆSON=EJSÆSON,2011-03-01,7612.0
DST:FIKS22:BRANCHE07=J:BELØB=3:SÆSON=EJSÆSON,2011-04-01,6997.0
DST:FIKS22:BRANCHE07=J:BELØB=3:SÆSON=EJSÆSON,2011-05-01,7137.0
DST:FIKS22:BRANCHE07=J:BELØB=3:SÆSON=EJSÆSON,2011-06-01,7233.0
DST:FIKS22:BRANCHE07=J:BELØB=3:SÆSON=EJSÆSON,2011-07-01,6405.0
DST:FIKS22:BRANCHE07=J:BELØB=3:SÆSON=EJSÆSON,2011-08-01,6663.0
DST:FIKS22:BRANCHE07=J:BELØB=3:SÆSON=EJSÆSON,2011-09-01,7099.0
DST:FIKS22:BRANCHE07=J:BELØB=3:SÆSON=EJSÆSON,2011-10-01,7396.0
DST:FIKS22:BRANCHE07=J:BELØB=3:SÆSON=EJSÆSON,2011-11-01,7523.0
DST:FIKS22:BRANCHE07=J:BELØB=3:SÆSON=EJSÆSON,2011-12-01,10059.0
DST:FIKS22:BRANCHE07=J:BELØB=3:SÆSON=EJSÆSON,2012-01-01,7166.0
DST:FIKS22:BRANCHE07=J:BELØB=3:SÆSON=EJSÆSON,2012-02-01,6971.0
DST:FIKS22:BRANCHE07=J:BELØB=3:SÆSON=EJSÆSON,2012-03-01,7530.0
DST:FIKS22:BRANCHE07=J:BELØB=3:SÆSON=EJSÆSON,2012-04-01,8862.0
DST:FIKS22:BRANCHE07=J:BELØB=3:SÆSON=EJSÆSON,2012-05-01,7015.0
DST:FIKS22:BRANCHE07=J:BELØB=3:SÆSON=EJSÆSON,2012-06-01,7910.0
DST:FIKS22:BRANCHE07=J:BELØB=3:SÆSON=EJSÆSON,2012-07-01,6823.0
DST:FIKS22:BRANCHE07=J:BELØB=3:SÆSON=EJSÆSON,2012-08-01,6282.0
DST:FIKS22:BRANCHE07=J:BELØB=3:SÆSON=EJSÆSON,2012-09-01,7022.0
DST:FIKS22:BRANCHE07=J:BELØB=3:SÆSON=EJSÆSON,2012-10-01,7715.0
DST:FIKS22:BRANCHE07=J:BELØB=3:SÆSON=EJSÆSON,2012-11-01,7654.0
DST:FIKS22:BRANCHE07=J:BELØB=3:SÆSON=EJSÆSON,2012-12-01,9797.0
DST:FIKS22:BRANCHE07=J:BELØB=3:SÆSON=EJSÆSON,2013-01-01,7456.0
DST:FIKS22:BRANCHE07=J:BELØB=3:SÆSON=EJSÆSON,2013-02-01,6089.0
DST:FIKS22:BRANCHE07=J:BELØB=3:SÆSON=EJSÆSON,2013-03-01,6864.0
DST:FIKS22:BRANCHE07=J:BELØB=3:SÆSON=EJSÆSON,2013-04-01,6848.0
DST:FIKS22:BRANCHE07=J:BELØB=3:SÆSON=EJSÆSON,2013-05-01,6631.0
DST:FIKS22:BRANCHE07=J:BELØB=3:SÆSON=EJSÆSON,2013-06-01,7225.0
DST:FIKS22:BRANCHE07=J:BELØB=3:SÆSON=EJSÆSON,2013-07-01,6608.0
DST:FIKS22:BRANCHE07=J:BELØB=3:SÆSON=EJSÆSON,2013-08-01,5863.0
DST:FIKS22:BRANCHE07=J:BELØB=3:SÆSON=EJSÆSON,2013-09-01,6877.0
DST:FIKS22:BRANCHE07=J:BELØB=3:SÆSON=EJSÆSON,2013-10-01,7237.0
DST:FIKS22:BRANCHE07=J:BELØB=3:SÆSON=EJSÆSON,2013-11-01,7079.0
DST:FIKS22:BRANCHE07=J:BELØB=3:SÆSON=EJSÆSON,2013-12-01,9639.0
DST:FIKS22:BRANCHE07=J:BELØB=3:SÆSON=EJSÆSON,2014-01-01,7473.0
DST:FIKS22:BRANCHE07=J:BELØB=3:SÆSON=EJSÆSON,2014-02-01,6476.0
DST:FIKS22:BRANCHE07=J:BELØB=3:SÆSON=EJSÆSON,2014-03-01,7338.0
DST:FIKS22:BRANCHE07=J:BELØB=3:SÆSON=EJSÆSON,2014-04-01,6829.0
DST:FIKS22:BRANCHE07=J:BELØB=3:SÆSON=EJSÆSON,2014-05-01,6728.0
DST:FIKS22:BRANCHE07=J:BELØB=3:SÆSON=EJSÆSON,2014-06-01,7314.0
DST:FIKS22:BRANCHE07=J:BELØB=3:SÆSON=EJSÆSON,2014-07-01,6455.0
DST:FIKS22:BRANCHE07=J:BELØB=3:SÆSON=EJSÆSON,2014-08-01,5957.0
DST:FIKS22:BRANCHE07=J:BELØB=3:SÆSON=EJSÆSON,2014-09-01,7646.0
DST:FIKS22:BRANCHE07=J:BELØB=3:SÆSON=EJSÆSON,2014-10-01,8388.0
DST:FIKS22:BRANCHE07=J:BELØB=3:SÆSON=EJSÆSON,2014-11-01,7222.0
DST:FIKS22:BRANCHE07=J:BELØB=3:SÆSON=EJSÆSON,2014-12-01,10416.0
DST:FIKS22:BRANCHE07=J:BELØB=3:SÆSON=EJSÆSON,2015-01-01,7544.0
DST:FIKS22:BRANCHE07=J:BELØB=3:SÆSON=EJSÆSON,2015-02-01,6841.0
DST:FIKS22:BRANCHE07=J:BELØB=3:SÆSON=EJSÆSON,2015-03-01,8317.0
DST:FIKS22:BRANCHE07=J:BELØB=3:SÆSON=EJSÆSON,2015-04-01,7624.0
DST:FIKS22:BRANCHE07=J:BELØB=3:SÆSON=EJSÆSON,2015-05-01,7120.0
DST:FIKS22:BRANCHE07=J:BELØB=3:SÆSON=EJSÆSON,2015-06-01,8055.0
DST:FIKS22:BRANCHE07=J:BELØB=3:SÆSON=EJSÆSON,2015-07-01,6923.0
DST:FIKS22:BRANCHE07=J:BELØB=3:SÆSON=EJSÆSON,2015-08-01,6352.0
DST:FIKS22:BRANCHE07=J:BELØB=3:SÆSON=EJSÆSON,2015-09-01,7596.0
DST:FIKS22:BRANCHE07=J:BELØB=3:SÆSON=EJSÆSON,2015-10-01,7920.0
DST:FIKS22:BRANCHE07=J:BELØB=3:SÆSON=EJSÆSON,2015-11-01,7813.0
DST:FIKS22:BRANCHE07=J:BELØB=3:SÆSON=EJSÆSON,2015-12-01,11645.0
DST:FIKS22:BRANCHE07=J:BELØB=3:SÆSON=EJSÆSON,2016-01-01,7519.0
DST:FIKS22:BRANCHE07=J:BELØB=3:SÆSON=EJSÆSON,2016-02-01,7065.0
DST:FIKS22:BRANCHE07=J:BELØB=3:SÆSON=EJSÆSON,2016-03-01,8463.0
DST:FIKS22:BRANCHE07=J:BELØB=3:SÆSON=EJSÆSON,2016-04-01,7939.0
DST:FIKS22:BRANCHE07=J:BELØB=3:SÆSON=EJSÆSON,2016-05-01,7362.0
DST:FIKS22:BRANCHE07=J:BELØB=3:SÆSON=EJSÆSON,2016-06-01,8241.0
DST:FIKS22:BRANCHE07=J:BELØB=3:SÆSON=EJSÆSON,2016-07-01,6674.0
DST:FIKS22:BRANCHE07=J:BELØB=3:SÆSON=EJSÆSON,2016-08-01,7144.0
DST:FIKS22:BRANCHE07=J:BELØB=3:SÆSON=EJSÆSON,2016-09-01,7735.0
DST:FIKS22:BRANCHE07=J:BELØB=3:SÆSON=EJSÆSON,2016-10-01,8402.0
DST:FIKS22:BRANCHE07=J:BELØB=3:SÆSON=EJSÆSON,2016-11-01,8489.0
DST:FIKS22:BRANCHE07=J:BELØB=3:SÆSON=EJSÆSON,2016-12-01,11304.0
DST:FIKS22:BRANCHE07=J:BELØB=3:SÆSON=EJSÆSON,2017-01-01,8407.0
DST:FIKS22:BRANCHE07=J:BELØB=3:SÆSON=EJSÆSON,2017-02-01,7236.0
DST:FIKS22:BRANCHE07=J:BELØB=3:SÆSON=EJSÆSON,2017-03-01,8531.0
DST:FIKS22:BRANCHE07=J:BELØB=3:SÆSON=EJSÆSON,2017-04-01,7640.0
DST:FIKS22:BRANCHE07=J:BELØB=3:SÆSON=EJSÆSON,2017-05-01,8100.0
DST:FIKS22:BRANCHE07=J:BELØB=3:SÆSON=EJSÆSON,2017-06-01,8866.0
DST:FIKS22:BRANCHE07=J:BELØB=3:SÆSON=EJSÆSON,2017-07-01,7189.0
DST:FIKS22:BRANCHE07=J:BELØB=3:SÆSON=EJSÆSON,2017-08-01,7560.0
DST:FIKS22:BRANCHE07=J:BELØB=3:SÆSON=EJSÆSON,2017-09-01,8551.0
DST:FIKS22:BRANCHE07=J:BELØB=3:SÆSON=EJSÆSON,2017-10-01,9304.0
DST:FIKS22:BRANCHE07=J:BELØB=3:SÆSON=EJSÆSON,2017-11-01,9061.0
DST:FIKS22:BRANCHE07=J:BELØB=3:SÆSON=EJSÆSON,2017-12-01,12658.0
DST:FIKS22:BRANCHE07=J:BELØB=3:SÆSON=EJSÆSON,2018-01-01,7994.0
DST:FIKS22:BRANCHE07=J:BELØB=3:SÆSON=EJSÆSON,2018-02-01,7839.0
DST:FIKS22:BRANCHE07=J:BELØB=3:SÆSON=EJSÆSON,2018-03-01,9034.0
DST:FIKS22:BRANCHE07=J:BELØB=3:SÆSON=EJSÆSON,2018-04-01,8558.0
DST:FIKS22:BRANCHE07=J:BELØB=3:SÆSON=EJSÆSON,2018-05-01,8174.0
DST:FIKS22:BRANCHE07=J:BELØB=3:SÆSON=EJSÆSON,2018-06-01,9944.0
DST:FIKS22:BRANCHE07=J:BELØB=3:SÆSON=EJSÆSON,2018-07-01,7996.0
DST:FIKS22:BRANCHE07=J:BELØB=3:SÆSON=EJSÆSON,2018-08-01,7825.0
DST:FIKS22:BRANCHE07=J:BELØB=3:SÆSON=EJSÆSON,2018-09-01,8925.0
DST:FIKS22:BRANCHE07=J:BELØB=3:SÆSON=EJSÆSON,2018-10-01,9864.0
DST:FIKS22:BRANCHE07=J:BELØB=3:SÆSON=EJSÆSON,2018-11-01,8634.0
DST:FIKS22:BRANCHE07=J:BELØB=3:SÆSON=EJSÆSON,2018-12-01,13138.0
DST:FIKS22:BRANCHE07=J:BELØB=3:SÆSON=EJSÆSON,2019-01-01,9170.0
DST:FIKS22:BRANCHE07=J:BELØB=3:SÆSON=EJSÆSON,2019-02-01,7339.0
DST:FIKS22:BRANCHE07=J:BELØB=3:SÆSON=EJSÆSON,2019-03-01,9995.0
DST:FIKS22:BRANCHE07=J:BELØB=3:SÆSON=EJSÆSON,2019-04-01,9205.0
DST:FIKS22:BRANCHE07=J:BELØB=3:SÆSON=EJSÆSON,2019-05-01,8928.0
DST:FIKS22:BRANCHE07=J:BELØB=3:SÆSON=EJSÆSON,2019-06-01,10188.0
DST:FIKS22:BRANCHE07=J:BELØB=3:SÆSON=EJSÆSON,2019-07-01,8589.0
DST:FIKS22:BRANCHE07=J:BELØB=3:SÆSON=EJSÆSON,2019-08-01,8330.0
DST:FIKS22:BRANCHE07=J:BELØB=3:SÆSON=EJSÆSON,2019-09-01,9692.0
DST:FIKS22:BRANCHE07=J:BELØB=3:SÆSON=EJSÆSON,2019-10-01,10258.0
DST:FIKS22:BRANCHE07=J:BELØB=3:SÆSON=EJSÆSON,2019-11-01,9192.0
DST:FIKS22:BRANCHE07=J:BELØB=3:SÆSON=EJSÆSON,2019-12-01,13678.0
DST:FIKS22:BRANCHE07=J:BELØB=3:SÆSON=EJSÆSON,2020-01-01,9496.0
DST:FIKS22:BRANCHE07=J:BELØB=3:SÆSON=EJSÆSON,2020-02-01,7862.0
DST:FIKS22:BRANCHE07=J:BELØB=3:SÆSON=EJSÆSON,2020-03-01,11050.0
DST:FIKS22:BRANCHE07=J:BELØB=3:SÆSON=EJSÆSON,2020-04-01,8620.0
DST:FIKS22:BRANCHE07=J:BELØB=3:SÆSON=EJSÆSON,2020-05-01,8156.0
DST:FIKS22:BRANCHE07=J:BELØB=3:SÆSON=EJSÆSON,2020-06-01,10223.0
DST:FIKS22:BRANCHE07=J:BELØB=3:SÆSON=EJSÆSON,2020-07-01,9536.0
DST:FIKS22:BRANCHE07=J:BELØB=3:SÆSON=EJSÆSON,2020-08-01,8269.0
DST:FIKS22:BRANCHE07=J:BELØB=3:SÆSON=EJSÆSON,2020-09-01,9985.0
DST:FIKS22:BRANCHE07=J:BELØB=3:SÆSON=EJSÆSON,2020-10-01,10026.0
DST:FIKS22:BRANCHE07=J:BELØB=3:SÆSON=EJSÆSON,2020-11-01,9814.0
DST:FIKS22:BRANCHE07=J:BELØB=3:SÆSON=EJSÆSON,2020-12-01,14000.0
DST:FIKS22:BRANCHE07=J:BELØB=3:SÆSON=EJSÆSON,2021-01-01,9802.0
DST:FIKS22:BRANCHE07=J:BELØB=3:SÆSON=EJSÆSON,2021-02-01,8061.0
DST:FIKS22:BRANCHE07=J:BELØB=3:SÆSON=EJSÆSON,2021-03-01,10687.0
DST:FIKS22:BRANCHE07=J:BELØB=3:SÆSON=EJSÆSON,2021-04-01,9090.0
DST:FIKS22:BRANCHE07=J:BELØB=3:SÆSON=EJSÆSON,2021-05-01,8876.0
DST:FIKS22:BRANCHE07=J:BELØB=3:SÆSON=EJSÆSON,2021-06-01,11789.0
DST:FIKS22:BRANCHE07=J:BELØB=3:SÆSON=EJSÆSON,2021-07-01,8883.0
DST:FIKS22:BRANCHE07=J:BELØB=3:SÆSON=EJSÆSON,2021-08-01,8418.0
DST:FIKS22:BRANCHE07=J:BELØB=3:SÆSON=EJSÆSON,2021-09-01,11457.0
DST:FIKS22:BRANCHE07=J:BELØB=3:SÆSON=EJSÆSON,2021-10-01,10544.0
DST:FIKS22:BRANCHE07=J:BELØB=3:SÆSON=EJSÆSON,2021-11-01,10439.0
DST:FIKS22:BRANCHE07=J:BELØB=3:SÆSON=EJSÆSON,2021-12-01,15454.0
DST:FIKS22:BRANCHE07=J:BELØB=3:SÆSON=EJSÆSON,2022-01-01,10919.0
DST:FIKS22:BRANCHE07=J:BELØB=3:SÆSON=EJSÆSON,2022-02-01,9076.0
DST:FIKS22:BRANCHE07=J:BELØB=3:SÆSON=EJSÆSON,2022-03-01,12903.0
DST:FIKS22:BRANCHE07=J:BELØB=3:SÆSON=EJSÆSON,2022-04-01,9986.0
DST:FIKS22:BRANCHE07=J:BELØB=3:SÆSON=EJSÆSON,2022-05-01,9799.0
DST:FIKS22:BRANCHE07=J:BELØB=3:SÆSON=EJSÆSON,2022-06-01,12864.0
DST:FIKS22:BRANCHE07=J:BELØB=3:SÆSON=EJSÆSON,2022-07-01,10108.0
DST:FIKS22:BRANCHE07=J:BELØB=3:SÆSON=EJSÆSON,2022-08-01,10106.0
DST:FIKS22:BRANCHE07=J:BELØB=3:SÆSON=EJSÆSON,2022-09-01,13830.0
DST:FIKS22:BRANCHE07=J:BELØB=3:SÆSON=EJSÆSON,2022-10-01,12270.0
DST:FIKS22:BRANCHE07=J:BELØB=3:SÆSON=EJSÆSON,2022-11-01,11194.0
DST:FIKS22:BRANCHE07=J:BELØB=3:SÆSON=EJSÆSON,2022-12-01,16659.0
DST:FIKS22:BRANCHE07=J:BELØB=3:SÆSON=EJSÆSON,2023-01-01,12482.0
DST:FIKS22:BRANCHE07=J:BELØB=3:SÆSON=EJSÆSON,2023-02-01,10879.0
DST:FIKS22:BRANCHE07=J:BELØB=3:SÆSON=EJSÆSON,2023-03-01,12712.0
DST:FIKS22:BRANCHE07=J:BELØB=3:SÆSON=EJSÆSON,2023-04-01,12872.0
DST:FIKS22:BRANCHE07=J:BELØB=3:SÆSON=EJSÆSON,2023-05-01,11406.0
DST:FIKS22:BRANCHE07=J:BELØB=3:SÆSON=EJSÆSON,2023-06-01,12141.0
DST:FIKS22:BRANCHE07=J:BELØB=3:SÆSON=EJSÆSON,2023-07-01,10662.0
DST:FIKS22:BRANCHE07=J:BELØB=3:SÆSON=EJSÆSON,2023-08-01,10712.0
DST:FIKS22:BRANCHE07=J:BELØB=3:SÆSON=EJSÆSON,2023-09-01,11578.0
DST:FIKS22:BRANCHE07=J:BELØB=3:SÆSON=EJSÆSON,2023-10-01,13220.0
DST:FIKS22:BRANCHE07=J:BELØB=3:SÆSON=EJSÆSON,2023-11-01,12059.0
DST:FIKS22:BRANCHE07=J:BELØB=3:SÆSON=EJSÆSON,2023-12-01,15777.0
DST:FIKS22:BRANCHE07=J:BELØB=3:SÆSON=EJSÆSON,2024-01-01,12354.0
DST:FIKS22:BRANCHE07=J:BELØB=3:SÆSON=EJSÆSON,2024-02-01,10536.0
DST:FIKS22:BRANCHE07=J:BELØB=3:SÆSON=EJSÆSON,2024-03-01,12787.0
DST:FIKS22:BRANCHE07=J:BELØB=3:SÆSON=EJSÆSON,2024-04-01,12957.0
DST:FIKS22:BRANCHE07=J:BELØB=3:SÆSON=EJSÆSON,2024-05-01,11554.0
DST:FIKS22:BRANCHE07=J:BELØB=3:SÆSON=EJSÆSON,2024-06-01,12276.0
DST:FIKS22:BRANCHE07=J:BELØB=3:SÆSON=EJSÆSON,2024-07-01,12166.0
DST:FIKS22:BRANCHE07=J:BELØB=3:SÆSON=EJSÆSON,2024-08-01,11585.0
DST:FIKS22:BRANCHE07=J:BELØB=3:SÆSON=EJSÆSON,2024-09-01,13982.0
DST:FIKS22:BRANCHE07=J:BELØB=3:SÆSON=EJSÆSON,2024-10-01,13946.0
DST:FIKS22:BRANCHE07=J:BELØB=3:SÆSON=EJSÆSON,2024-11-01,12725.0
DST:FIKS22:BRANCHE07=J:BELØB=3:SÆSON=EJSÆSON,2024-12-01,16402.0
DST:FIKS22:BRANCHE07=J:BELØB=3:SÆSON=EJSÆSON,2025-01-01,15526.0
DST:FIKS22:BRANCHE07=J:BELØB=3:SÆSON=EJSÆSON,2025-02-01,13526.0
DST:FIKS22:BRANCHE07=J:BELØB=3:SÆSON=EJSÆSON,2025-03-01,15353.0
DST:FIKS22:BRANCHE07=J:BELØB=3:SÆSON=EJSÆSON,2025-04-01,13530.0
DST:FIKS22:BRANCHE07=J:BELØB=3:SÆSON=EJSÆSON,2025-05-01,12451.0
DST:FIKS22:BRANCHE07=J:BELØB=3:SÆSON=EJSÆSON,2025-06-01,14702.0
DST:FIKS22:BRANCHE07=J:BELØB=3:SÆSON=EJSÆSON,2025-07-01,13244.0
DST:FIKS22:BRANCHE07=J:BELØB=3:SÆSON=EJSÆSON,2025-08-01,12229.0
DST:FIKS22:BRANCHE07=J:BELØB=3:SÆSON=EJSÆSON,2025-09-01,14409.0
DST:FIKS22:BRANCHE07=J:BELØB=3:SÆSON=EJSÆSON,2025-10-01,14956.0
DST:FIKS22:BRANCHE07=J:BELØB=3:SÆSON=EJSÆSON,2025-11-01,14969.0
DST:FIKS22:BRANCHE07=J:BELØB=3:SÆSON=EJSÆSON,2025-12-01,19130.0
DST:FIKS22:BRANCHE07=J:BELØB=3:SÆSON=EJSÆSON,2026-01-01,14839.0
DST:FIKS22:BRANCHE07=J:BELØB=3:SÆSON=EJSÆSON,2026-02-01,11866.0
DST:FIKS22:BRANCHE07=J:BELØB=3:SÆSON=EJSÆSON,2026-03-01,15160.0
DST:FIKS22:BRANCHE07=J:BELØB=3:SÆSON=SÆSON,2009-01-01,7142.0
DST:FIKS22:BRANCHE07=J:BELØB=3:SÆSON=SÆSON,2009-02-01,6685.0
DST:FIKS22:BRANCHE07=J:BELØB=3:SÆSON=SÆSON,2009-03-01,7010.0
DST:FIKS22:BRANCHE07=J:BELØB=3:SÆSON=SÆSON,2009-04-01,7075.0
DST:FIKS22:BRANCHE07=J:BELØB=3:SÆSON=SÆSON,2009-05-01,6704.0
DST:FIKS22:BRANCHE07=J:BELØB=3:SÆSON=SÆSON,2009-06-01,6696.0
DST:FIKS22:BRANCHE07=J:BELØB=3:SÆSON=SÆSON,2009-07-01,6860.0
DST:FIKS22:BRANCHE07=J:BELØB=3:SÆSON=SÆSON,2009-08-01,7035.0
DST:FIKS22:BRANCHE07=J:BELØB=3:SÆSON=SÆSON,2009-09-01,6831.0
DST:FIKS22:BRANCHE07=J:BELØB=3:SÆSON=SÆSON,2009-10-01,6796.0
DST:FIKS22:BRANCHE07=J:BELØB=3:SÆSON=SÆSON,2009-11-01,6346.0
DST:FIKS22:BRANCHE07=J:BELØB=3:SÆSON=SÆSON,2009-12-01,6195.0
DST:FIKS22:BRANCHE07=J:BELØB=3:SÆSON=SÆSON,2010-01-01,6734.0
DST:FIKS22:BRANCHE07=J:BELØB=3:SÆSON=SÆSON,2010-02-01,6908.0
DST:FIKS22:BRANCHE07=J:BELØB=3:SÆSON=SÆSON,2010-03-01,6707.0
DST:FIKS22:BRANCHE07=J:BELØB=3:SÆSON=SÆSON,2010-04-01,6772.0
DST:FIKS22:BRANCHE07=J:BELØB=3:SÆSON=SÆSON,2010-05-01,6934.0
DST:FIKS22:BRANCHE07=J:BELØB=3:SÆSON=SÆSON,2010-06-01,7016.0
DST:FIKS22:BRANCHE07=J:BELØB=3:SÆSON=SÆSON,2010-07-01,6914.0
DST:FIKS22:BRANCHE07=J:BELØB=3:SÆSON=SÆSON,2010-08-01,7184.0
DST:FIKS22:BRANCHE07=J:BELØB=3:SÆSON=SÆSON,2010-09-01,7314.0
DST:FIKS22:BRANCHE07=J:BELØB=3:SÆSON=SÆSON,2010-10-01,7117.0
DST:FIKS22:BRANCHE07=J:BELØB=3:SÆSON=SÆSON,2010-11-01,7169.0
DST:FIKS22:BRANCHE07=J:BELØB=3:SÆSON=SÆSON,2010-12-01,6859.0
DST:FIKS22:BRANCHE07=J:BELØB=3:SÆSON=SÆSON,2011-01-01,7127.0
DST:FIKS22:BRANCHE07=J:BELØB=3:SÆSON=SÆSON,2011-02-01,7347.0
DST:FIKS22:BRANCHE07=J:BELØB=3:SÆSON=SÆSON,2011-03-01,7284.0
DST:FIKS22:BRANCHE07=J:BELØB=3:SÆSON=SÆSON,2011-04-01,7398.0
DST:FIKS22:BRANCHE07=J:BELØB=3:SÆSON=SÆSON,2011-05-01,7445.0
DST:FIKS22:BRANCHE07=J:BELØB=3:SÆSON=SÆSON,2011-06-01,6971.0
DST:FIKS22:BRANCHE07=J:BELØB=3:SÆSON=SÆSON,2011-07-01,7271.0
DST:FIKS22:BRANCHE07=J:BELØB=3:SÆSON=SÆSON,2011-08-01,7647.0
DST:FIKS22:BRANCHE07=J:BELØB=3:SÆSON=SÆSON,2011-09-01,7199.0
DST:FIKS22:BRANCHE07=J:BELØB=3:SÆSON=SÆSON,2011-10-01,7348.0
DST:FIKS22:BRANCHE07=J:BELØB=3:SÆSON=SÆSON,2011-11-01,7368.0
DST:FIKS22:BRANCHE07=J:BELØB=3:SÆSON=SÆSON,2011-12-01,7559.0
DST:FIKS22:BRANCHE07=J:BELØB=3:SÆSON=SÆSON,2012-01-01,7024.0
DST:FIKS22:BRANCHE07=J:BELØB=3:SÆSON=SÆSON,2012-02-01,7445.0
DST:FIKS22:BRANCHE07=J:BELØB=3:SÆSON=SÆSON,2012-03-01,7490.0
DST:FIKS22:BRANCHE07=J:BELØB=3:SÆSON=SÆSON,2012-04-01,9069.0
DST:FIKS22:BRANCHE07=J:BELØB=3:SÆSON=SÆSON,2012-05-01,7431.0
DST:FIKS22:BRANCHE07=J:BELØB=3:SÆSON=SÆSON,2012-06-01,7670.0
DST:FIKS22:BRANCHE07=J:BELØB=3:SÆSON=SÆSON,2012-07-01,7584.0
DST:FIKS22:BRANCHE07=J:BELØB=3:SÆSON=SÆSON,2012-08-01,7295.0
DST:FIKS22:BRANCHE07=J:BELØB=3:SÆSON=SÆSON,2012-09-01,7332.0
DST:FIKS22:BRANCHE07=J:BELØB=3:SÆSON=SÆSON,2012-10-01,7436.0
DST:FIKS22:BRANCHE07=J:BELØB=3:SÆSON=SÆSON,2012-11-01,7512.0
DST:FIKS22:BRANCHE07=J:BELØB=3:SÆSON=SÆSON,2012-12-01,7316.0
DST:FIKS22:BRANCHE07=J:BELØB=3:SÆSON=SÆSON,2013-01-01,7228.0
DST:FIKS22:BRANCHE07=J:BELØB=3:SÆSON=SÆSON,2013-02-01,6829.0
DST:FIKS22:BRANCHE07=J:BELØB=3:SÆSON=SÆSON,2013-03-01,6989.0
DST:FIKS22:BRANCHE07=J:BELØB=3:SÆSON=SÆSON,2013-04-01,6945.0
DST:FIKS22:BRANCHE07=J:BELØB=3:SÆSON=SÆSON,2013-05-01,6974.0
DST:FIKS22:BRANCHE07=J:BELØB=3:SÆSON=SÆSON,2013-06-01,7154.0
DST:FIKS22:BRANCHE07=J:BELØB=3:SÆSON=SÆSON,2013-07-01,7269.0
DST:FIKS22:BRANCHE07=J:BELØB=3:SÆSON=SÆSON,2013-08-01,7040.0
DST:FIKS22:BRANCHE07=J:BELØB=3:SÆSON=SÆSON,2013-09-01,7012.0
DST:FIKS22:BRANCHE07=J:BELØB=3:SÆSON=SÆSON,2013-10-01,6971.0
DST:FIKS22:BRANCHE07=J:BELØB=3:SÆSON=SÆSON,2013-11-01,7099.0
DST:FIKS22:BRANCHE07=J:BELØB=3:SÆSON=SÆSON,2013-12-01,7116.0
DST:FIKS22:BRANCHE07=J:BELØB=3:SÆSON=SÆSON,2014-01-01,7336.0
DST:FIKS22:BRANCHE07=J:BELØB=3:SÆSON=SÆSON,2014-02-01,7312.0
DST:FIKS22:BRANCHE07=J:BELØB=3:SÆSON=SÆSON,2014-03-01,7069.0
DST:FIKS22:BRANCHE07=J:BELØB=3:SÆSON=SÆSON,2014-04-01,7158.0
DST:FIKS22:BRANCHE07=J:BELØB=3:SÆSON=SÆSON,2014-05-01,7193.0
DST:FIKS22:BRANCHE07=J:BELØB=3:SÆSON=SÆSON,2014-06-01,7177.0
DST:FIKS22:BRANCHE07=J:BELØB=3:SÆSON=SÆSON,2014-07-01,7192.0
DST:FIKS22:BRANCHE07=J:BELØB=3:SÆSON=SÆSON,2014-08-01,7251.0
DST:FIKS22:BRANCHE07=J:BELØB=3:SÆSON=SÆSON,2014-09-01,7787.0
DST:FIKS22:BRANCHE07=J:BELØB=3:SÆSON=SÆSON,2014-10-01,8022.0
DST:FIKS22:BRANCHE07=J:BELØB=3:SÆSON=SÆSON,2014-11-01,7296.0
DST:FIKS22:BRANCHE07=J:BELØB=3:SÆSON=SÆSON,2014-12-01,7384.0
DST:FIKS22:BRANCHE07=J:BELØB=3:SÆSON=SÆSON,2015-01-01,7598.0
DST:FIKS22:BRANCHE07=J:BELØB=3:SÆSON=SÆSON,2015-02-01,7766.0
DST:FIKS22:BRANCHE07=J:BELØB=3:SÆSON=SÆSON,2015-03-01,8086.0
DST:FIKS22:BRANCHE07=J:BELØB=3:SÆSON=SÆSON,2015-04-01,7727.0
DST:FIKS22:BRANCHE07=J:BELØB=3:SÆSON=SÆSON,2015-05-01,7880.0
DST:FIKS22:BRANCHE07=J:BELØB=3:SÆSON=SÆSON,2015-06-01,7684.0
DST:FIKS22:BRANCHE07=J:BELØB=3:SÆSON=SÆSON,2015-07-01,7783.0
DST:FIKS22:BRANCHE07=J:BELØB=3:SÆSON=SÆSON,2015-08-01,7612.0
DST:FIKS22:BRANCHE07=J:BELØB=3:SÆSON=SÆSON,2015-09-01,7708.0
DST:FIKS22:BRANCHE07=J:BELØB=3:SÆSON=SÆSON,2015-10-01,7717.0
DST:FIKS22:BRANCHE07=J:BELØB=3:SÆSON=SÆSON,2015-11-01,7735.0
DST:FIKS22:BRANCHE07=J:BELØB=3:SÆSON=SÆSON,2015-12-01,8032.0
DST:FIKS22:BRANCHE07=J:BELØB=3:SÆSON=SÆSON,2016-01-01,7665.0
DST:FIKS22:BRANCHE07=J:BELØB=3:SÆSON=SÆSON,2016-02-01,7723.0
DST:FIKS22:BRANCHE07=J:BELØB=3:SÆSON=SÆSON,2016-03-01,8298.0
DST:FIKS22:BRANCHE07=J:BELØB=3:SÆSON=SÆSON,2016-04-01,8174.0
DST:FIKS22:BRANCHE07=J:BELØB=3:SÆSON=SÆSON,2016-05-01,7965.0
DST:FIKS22:BRANCHE07=J:BELØB=3:SÆSON=SÆSON,2016-06-01,7694.0
DST:FIKS22:BRANCHE07=J:BELØB=3:SÆSON=SÆSON,2016-07-01,7875.0
DST:FIKS22:BRANCHE07=J:BELØB=3:SÆSON=SÆSON,2016-08-01,8271.0
DST:FIKS22:BRANCHE07=J:BELØB=3:SÆSON=SÆSON,2016-09-01,7833.0
DST:FIKS22:BRANCHE07=J:BELØB=3:SÆSON=SÆSON,2016-10-01,8150.0
DST:FIKS22:BRANCHE07=J:BELØB=3:SÆSON=SÆSON,2016-11-01,8450.0
DST:FIKS22:BRANCHE07=J:BELØB=3:SÆSON=SÆSON,2016-12-01,8047.0
DST:FIKS22:BRANCHE07=J:BELØB=3:SÆSON=SÆSON,2017-01-01,8397.0
DST:FIKS22:BRANCHE07=J:BELØB=3:SÆSON=SÆSON,2017-02-01,8375.0
DST:FIKS22:BRANCHE07=J:BELØB=3:SÆSON=SÆSON,2017-03-01,7881.0
DST:FIKS22:BRANCHE07=J:BELØB=3:SÆSON=SÆSON,2017-04-01,8336.0
DST:FIKS22:BRANCHE07=J:BELØB=3:SÆSON=SÆSON,2017-05-01,8610.0
DST:FIKS22:BRANCHE07=J:BELØB=3:SÆSON=SÆSON,2017-06-01,8424.0
DST:FIKS22:BRANCHE07=J:BELØB=3:SÆSON=SÆSON,2017-07-01,8413.0
DST:FIKS22:BRANCHE07=J:BELØB=3:SÆSON=SÆSON,2017-08-01,8728.0
DST:FIKS22:BRANCHE07=J:BELØB=3:SÆSON=SÆSON,2017-09-01,8810.0
DST:FIKS22:BRANCHE07=J:BELØB=3:SÆSON=SÆSON,2017-10-01,8878.0
DST:FIKS22:BRANCHE07=J:BELØB=3:SÆSON=SÆSON,2017-11-01,8983.0
DST:FIKS22:BRANCHE07=J:BELØB=3:SÆSON=SÆSON,2017-12-01,9107.0
DST:FIKS22:BRANCHE07=J:BELØB=3:SÆSON=SÆSON,2018-01-01,8007.0
DST:FIKS22:BRANCHE07=J:BELØB=3:SÆSON=SÆSON,2018-02-01,9209.0
DST:FIKS22:BRANCHE07=J:BELØB=3:SÆSON=SÆSON,2018-03-01,8837.0
DST:FIKS22:BRANCHE07=J:BELØB=3:SÆSON=SÆSON,2018-04-01,8912.0
DST:FIKS22:BRANCHE07=J:BELØB=3:SÆSON=SÆSON,2018-05-01,8914.0
DST:FIKS22:BRANCHE07=J:BELØB=3:SÆSON=SÆSON,2018-06-01,9377.0
DST:FIKS22:BRANCHE07=J:BELØB=3:SÆSON=SÆSON,2018-07-01,9236.0
DST:FIKS22:BRANCHE07=J:BELØB=3:SÆSON=SÆSON,2018-08-01,8997.0
DST:FIKS22:BRANCHE07=J:BELØB=3:SÆSON=SÆSON,2018-09-01,9144.0
DST:FIKS22:BRANCHE07=J:BELØB=3:SÆSON=SÆSON,2018-10-01,9260.0
DST:FIKS22:BRANCHE07=J:BELØB=3:SÆSON=SÆSON,2018-11-01,8714.0
DST:FIKS22:BRANCHE07=J:BELØB=3:SÆSON=SÆSON,2018-12-01,9341.0
DST:FIKS22:BRANCHE07=J:BELØB=3:SÆSON=SÆSON,2019-01-01,9085.0
DST:FIKS22:BRANCHE07=J:BELØB=3:SÆSON=SÆSON,2019-02-01,8733.0
DST:FIKS22:BRANCHE07=J:BELØB=3:SÆSON=SÆSON,2019-03-01,9487.0
DST:FIKS22:BRANCHE07=J:BELØB=3:SÆSON=SÆSON,2019-04-01,9971.0
DST:FIKS22:BRANCHE07=J:BELØB=3:SÆSON=SÆSON,2019-05-01,9727.0
DST:FIKS22:BRANCHE07=J:BELØB=3:SÆSON=SÆSON,2019-06-01,9808.0
DST:FIKS22:BRANCHE07=J:BELØB=3:SÆSON=SÆSON,2019-07-01,9694.0
DST:FIKS22:BRANCHE07=J:BELØB=3:SÆSON=SÆSON,2019-08-01,9848.0
DST:FIKS22:BRANCHE07=J:BELØB=3:SÆSON=SÆSON,2019-09-01,9535.0
DST:FIKS22:BRANCHE07=J:BELØB=3:SÆSON=SÆSON,2019-10-01,9684.0
DST:FIKS22:BRANCHE07=J:BELØB=3:SÆSON=SÆSON,2019-11-01,9554.0
DST:FIKS22:BRANCHE07=J:BELØB=3:SÆSON=SÆSON,2019-12-01,9788.0
DST:FIKS22:BRANCHE07=J:BELØB=3:SÆSON=SÆSON,2020-01-01,9495.0
DST:FIKS22:BRANCHE07=J:BELØB=3:SÆSON=SÆSON,2020-02-01,9242.0
DST:FIKS22:BRANCHE07=J:BELØB=3:SÆSON=SÆSON,2020-03-01,10250.0
DST:FIKS22:BRANCHE07=J:BELØB=3:SÆSON=SÆSON,2020-04-01,9209.0
DST:FIKS22:BRANCHE07=J:BELØB=3:SÆSON=SÆSON,2020-05-01,9302.0
DST:FIKS22:BRANCHE07=J:BELØB=3:SÆSON=SÆSON,2020-06-01,9388.0
DST:FIKS22:BRANCHE07=J:BELØB=3:SÆSON=SÆSON,2020-07-01,10703.0
DST:FIKS22:BRANCHE07=J:BELØB=3:SÆSON=SÆSON,2020-08-01,9813.0
DST:FIKS22:BRANCHE07=J:BELØB=3:SÆSON=SÆSON,2020-09-01,9687.0
DST:FIKS22:BRANCHE07=J:BELØB=3:SÆSON=SÆSON,2020-10-01,9701.0
DST:FIKS22:BRANCHE07=J:BELØB=3:SÆSON=SÆSON,2020-11-01,10042.0
DST:FIKS22:BRANCHE07=J:BELØB=3:SÆSON=SÆSON,2020-12-01,9654.0
DST:FIKS22:BRANCHE07=J:BELØB=3:SÆSON=SÆSON,2021-01-01,10053.0
DST:FIKS22:BRANCHE07=J:BELØB=3:SÆSON=SÆSON,2021-02-01,9712.0
DST:FIKS22:BRANCHE07=J:BELØB=3:SÆSON=SÆSON,2021-03-01,9841.0
DST:FIKS22:BRANCHE07=J:BELØB=3:SÆSON=SÆSON,2021-04-01,9671.0
DST:FIKS22:BRANCHE07=J:BELØB=3:SÆSON=SÆSON,2021-05-01,10173.0
DST:FIKS22:BRANCHE07=J:BELØB=3:SÆSON=SÆSON,2021-06-01,10528.0
DST:FIKS22:BRANCHE07=J:BELØB=3:SÆSON=SÆSON,2021-07-01,10146.0
DST:FIKS22:BRANCHE07=J:BELØB=3:SÆSON=SÆSON,2021-08-01,9839.0
DST:FIKS22:BRANCHE07=J:BELØB=3:SÆSON=SÆSON,2021-09-01,10928.0
DST:FIKS22:BRANCHE07=J:BELØB=3:SÆSON=SÆSON,2021-10-01,10333.0
DST:FIKS22:BRANCHE07=J:BELØB=3:SÆSON=SÆSON,2021-11-01,10644.0
DST:FIKS22:BRANCHE07=J:BELØB=3:SÆSON=SÆSON,2021-12-01,10766.0
DST:FIKS22:BRANCHE07=J:BELØB=3:SÆSON=SÆSON,2022-01-01,10879.0
DST:FIKS22:BRANCHE07=J:BELØB=3:SÆSON=SÆSON,2022-02-01,10934.0
DST:FIKS22:BRANCHE07=J:BELØB=3:SÆSON=SÆSON,2022-03-01,11550.0
DST:FIKS22:BRANCHE07=J:BELØB=3:SÆSON=SÆSON,2022-04-01,11026.0
DST:FIKS22:BRANCHE07=J:BELØB=3:SÆSON=SÆSON,2022-05-01,10956.0
DST:FIKS22:BRANCHE07=J:BELØB=3:SÆSON=SÆSON,2022-06-01,11771.0
DST:FIKS22:BRANCHE07=J:BELØB=3:SÆSON=SÆSON,2022-07-01,11605.0
DST:FIKS22:BRANCHE07=J:BELØB=3:SÆSON=SÆSON,2022-08-01,11545.0
DST:FIKS22:BRANCHE07=J:BELØB=3:SÆSON=SÆSON,2022-09-01,13314.0
DST:FIKS22:BRANCHE07=J:BELØB=3:SÆSON=SÆSON,2022-10-01,11879.0
DST:FIKS22:BRANCHE07=J:BELØB=3:SÆSON=SÆSON,2022-11-01,11348.0
DST:FIKS22:BRANCHE07=J:BELØB=3:SÆSON=SÆSON,2022-12-01,12445.0
DST:FIKS22:BRANCHE07=J:BELØB=3:SÆSON=SÆSON,2023-01-01,12360.0
DST:FIKS22:BRANCHE07=J:BELØB=3:SÆSON=SÆSON,2023-02-01,13108.0
DST:FIKS22:BRANCHE07=J:BELØB=3:SÆSON=SÆSON,2023-03-01,11563.0
DST:FIKS22:BRANCHE07=J:BELØB=3:SÆSON=SÆSON,2023-04-01,13888.0
DST:FIKS22:BRANCHE07=J:BELØB=3:SÆSON=SÆSON,2023-05-01,12748.0
DST:FIKS22:BRANCHE07=J:BELØB=3:SÆSON=SÆSON,2023-06-01,11346.0
DST:FIKS22:BRANCHE07=J:BELØB=3:SÆSON=SÆSON,2023-07-01,11982.0
DST:FIKS22:BRANCHE07=J:BELØB=3:SÆSON=SÆSON,2023-08-01,12186.0
DST:FIKS22:BRANCHE07=J:BELØB=3:SÆSON=SÆSON,2023-09-01,11390.0
DST:FIKS22:BRANCHE07=J:BELØB=3:SÆSON=SÆSON,2023-10-01,12633.0
DST:FIKS22:BRANCHE07=J:BELØB=3:SÆSON=SÆSON,2023-11-01,12038.0
DST:FIKS22:BRANCHE07=J:BELØB=3:SÆSON=SÆSON,2023-12-01,12162.0
DST:FIKS22:BRANCHE07=J:BELØB=3:SÆSON=SÆSON,2024-01-01,12216.0
DST:FIKS22:BRANCHE07=J:BELØB=3:SÆSON=SÆSON,2024-02-01,12161.0
DST:FIKS22:BRANCHE07=J:BELØB=3:SÆSON=SÆSON,2024-03-01,12425.0
DST:FIKS22:BRANCHE07=J:BELØB=3:SÆSON=SÆSON,2024-04-01,13229.0
DST:FIKS22:BRANCHE07=J:BELØB=3:SÆSON=SÆSON,2024-05-01,12812.0
DST:FIKS22:BRANCHE07=J:BELØB=3:SÆSON=SÆSON,2024-06-01,11916.0
DST:FIKS22:BRANCHE07=J:BELØB=3:SÆSON=SÆSON,2024-07-01,13179.0
DST:FIKS22:BRANCHE07=J:BELØB=3:SÆSON=SÆSON,2024-08-01,13372.0
DST:FIKS22:BRANCHE07=J:BELØB=3:SÆSON=SÆSON,2024-09-01,13533.0
DST:FIKS22:BRANCHE07=J:BELØB=3:SÆSON=SÆSON,2024-10-01,13118.0
DST:FIKS22:BRANCHE07=J:BELØB=3:SÆSON=SÆSON,2024-11-01,13054.0
DST:FIKS22:BRANCHE07=J:BELØB=3:SÆSON=SÆSON,2024-12-01,12614.0
DST:FIKS22:BRANCHE07=J:BELØB=3:SÆSON=SÆSON,2025-01-01,15345.0
DST:FIKS22:BRANCHE07=J:BELØB=3:SÆSON=SÆSON,2025-02-01,16328.0
DST:FIKS22:BRANCHE07=J:BELØB=3:SÆSON=SÆSON,2025-03-01,14353.0
DST:FIKS22:BRANCHE07=J:BELØB=3:SÆSON=SÆSON,2025-04-01,14091.0
DST:FIKS22:BRANCHE07=J:BELØB=3:SÆSON=SÆSON,2025-05-01,13979.0
DST:FIKS22:BRANCHE07=J:BELØB=3:SÆSON=SÆSON,2025-06-01,14193.0
DST:FIKS22:BRANCHE07=J:BELØB=3:SÆSON=SÆSON,2025-07-01,14309.0
DST:FIKS22:BRANCHE07=J:BELØB=3:SÆSON=SÆSON,2025-08-01,14190.0
DST:FIKS22:BRANCHE07=J:BELØB=3:SÆSON=SÆSON,2025-09-01,13929.0
DST:FIKS22:BRANCHE07=J:BELØB=3:SÆSON=SÆSON,2025-10-01,14025.0
DST:FIKS22:BRANCHE07=J:BELØB=3:SÆSON=SÆSON,2025-11-01,15345.0
DST:FIKS22:BRANCHE07=J:BELØB=3:SÆSON=SÆSON,2025-12-01,14400.0
DST:FIKS22:BRANCHE07=J:BELØB=3:SÆSON=SÆSON,2026-01-01,14975.0
DST:FIKS22:BRANCHE07=J:BELØB=3:SÆSON=SÆSON,2026-02-01,14353.0
DST:FIKS22:BRANCHE07=J:BELØB=3:SÆSON=SÆSON,2026-03-01,14487.0
DST:FIKS22:BRANCHE07=J:BELØB=4:SÆSON=EJSÆSON,2009-01-01,12436.0
DST:FIKS22:BRANCHE07=J:BELØB=4:SÆSON=EJSÆSON,2009-02-01,10021.0
DST:FIKS22:BRANCHE07=J:BELØB=4:SÆSON=EJSÆSON,2009-03-01,13326.0
DST:FIKS22:BRANCHE07=J:BELØB=4:SÆSON=EJSÆSON,2009-04-01,11700.0
DST:FIKS22:BRANCHE07=J:BELØB=4:SÆSON=EJSÆSON,2009-05-01,10497.0
DST:FIKS22:BRANCHE07=J:BELØB=4:SÆSON=EJSÆSON,2009-06-01,13154.0
DST:FIKS22:BRANCHE07=J:BELØB=4:SÆSON=EJSÆSON,2009-07-01,11341.0
DST:FIKS22:BRANCHE07=J:BELØB=4:SÆSON=EJSÆSON,2009-08-01,9912.0
DST:FIKS22:BRANCHE07=J:BELØB=4:SÆSON=EJSÆSON,2009-09-01,12992.0
DST:FIKS22:BRANCHE07=J:BELØB=4:SÆSON=EJSÆSON,2009-10-01,12590.0
DST:FIKS22:BRANCHE07=J:BELØB=4:SÆSON=EJSÆSON,2009-11-01,11401.0
DST:FIKS22:BRANCHE07=J:BELØB=4:SÆSON=EJSÆSON,2009-12-01,16392.0
DST:FIKS22:BRANCHE07=J:BELØB=4:SÆSON=EJSÆSON,2010-01-01,12858.0
DST:FIKS22:BRANCHE07=J:BELØB=4:SÆSON=EJSÆSON,2010-02-01,10825.0
DST:FIKS22:BRANCHE07=J:BELØB=4:SÆSON=EJSÆSON,2010-03-01,13898.0
DST:FIKS22:BRANCHE07=J:BELØB=4:SÆSON=EJSÆSON,2010-04-01,12301.0
DST:FIKS22:BRANCHE07=J:BELØB=4:SÆSON=EJSÆSON,2010-05-01,11517.0
DST:FIKS22:BRANCHE07=J:BELØB=4:SÆSON=EJSÆSON,2010-06-01,14764.0
DST:FIKS22:BRANCHE07=J:BELØB=4:SÆSON=EJSÆSON,2010-07-01,11818.0
DST:FIKS22:BRANCHE07=J:BELØB=4:SÆSON=EJSÆSON,2010-08-01,11119.0
DST:FIKS22:BRANCHE07=J:BELØB=4:SÆSON=EJSÆSON,2010-09-01,13847.0
DST:FIKS22:BRANCHE07=J:BELØB=4:SÆSON=EJSÆSON,2010-10-01,12934.0
DST:FIKS22:BRANCHE07=J:BELØB=4:SÆSON=EJSÆSON,2010-11-01,13495.0
DST:FIKS22:BRANCHE07=J:BELØB=4:SÆSON=EJSÆSON,2010-12-01,17162.0
DST:FIKS22:BRANCHE07=J:BELØB=4:SÆSON=EJSÆSON,2011-01-01,13936.0
DST:FIKS22:BRANCHE07=J:BELØB=4:SÆSON=EJSÆSON,2011-02-01,11658.0
DST:FIKS22:BRANCHE07=J:BELØB=4:SÆSON=EJSÆSON,2011-03-01,14126.0
DST:FIKS22:BRANCHE07=J:BELØB=4:SÆSON=EJSÆSON,2011-04-01,12424.0
DST:FIKS22:BRANCHE07=J:BELØB=4:SÆSON=EJSÆSON,2011-05-01,12256.0
DST:FIKS22:BRANCHE07=J:BELØB=4:SÆSON=EJSÆSON,2011-06-01,14341.0
DST:FIKS22:BRANCHE07=J:BELØB=4:SÆSON=EJSÆSON,2011-07-01,12264.0
DST:FIKS22:BRANCHE07=J:BELØB=4:SÆSON=EJSÆSON,2011-08-01,11495.0
DST:FIKS22:BRANCHE07=J:BELØB=4:SÆSON=EJSÆSON,2011-09-01,13576.0
DST:FIKS22:BRANCHE07=J:BELØB=4:SÆSON=EJSÆSON,2011-10-01,13064.0
DST:FIKS22:BRANCHE07=J:BELØB=4:SÆSON=EJSÆSON,2011-11-01,13287.0
DST:FIKS22:BRANCHE07=J:BELØB=4:SÆSON=EJSÆSON,2011-12-01,17922.0
DST:FIKS22:BRANCHE07=J:BELØB=4:SÆSON=EJSÆSON,2012-01-01,13994.0
DST:FIKS22:BRANCHE07=J:BELØB=4:SÆSON=EJSÆSON,2012-02-01,11779.0
DST:FIKS22:BRANCHE07=J:BELØB=4:SÆSON=EJSÆSON,2012-03-01,13823.0
DST:FIKS22:BRANCHE07=J:BELØB=4:SÆSON=EJSÆSON,2012-04-01,13920.0
DST:FIKS22:BRANCHE07=J:BELØB=4:SÆSON=EJSÆSON,2012-05-01,12127.0
DST:FIKS22:BRANCHE07=J:BELØB=4:SÆSON=EJSÆSON,2012-06-01,14180.0
DST:FIKS22:BRANCHE07=J:BELØB=4:SÆSON=EJSÆSON,2012-07-01,12530.0
DST:FIKS22:BRANCHE07=J:BELØB=4:SÆSON=EJSÆSON,2012-08-01,11097.0
DST:FIKS22:BRANCHE07=J:BELØB=4:SÆSON=EJSÆSON,2012-09-01,13754.0
DST:FIKS22:BRANCHE07=J:BELØB=4:SÆSON=EJSÆSON,2012-10-01,13433.0
DST:FIKS22:BRANCHE07=J:BELØB=4:SÆSON=EJSÆSON,2012-11-01,13277.0
DST:FIKS22:BRANCHE07=J:BELØB=4:SÆSON=EJSÆSON,2012-12-01,17376.0
DST:FIKS22:BRANCHE07=J:BELØB=4:SÆSON=EJSÆSON,2013-01-01,14191.0
DST:FIKS22:BRANCHE07=J:BELØB=4:SÆSON=EJSÆSON,2013-02-01,11041.0
DST:FIKS22:BRANCHE07=J:BELØB=4:SÆSON=EJSÆSON,2013-03-01,13233.0
DST:FIKS22:BRANCHE07=J:BELØB=4:SÆSON=EJSÆSON,2013-04-01,12079.0
DST:FIKS22:BRANCHE07=J:BELØB=4:SÆSON=EJSÆSON,2013-05-01,11601.0
DST:FIKS22:BRANCHE07=J:BELØB=4:SÆSON=EJSÆSON,2013-06-01,13850.0
DST:FIKS22:BRANCHE07=J:BELØB=4:SÆSON=EJSÆSON,2013-07-01,12306.0
DST:FIKS22:BRANCHE07=J:BELØB=4:SÆSON=EJSÆSON,2013-08-01,10833.0
DST:FIKS22:BRANCHE07=J:BELØB=4:SÆSON=EJSÆSON,2013-09-01,13094.0
DST:FIKS22:BRANCHE07=J:BELØB=4:SÆSON=EJSÆSON,2013-10-01,12896.0
DST:FIKS22:BRANCHE07=J:BELØB=4:SÆSON=EJSÆSON,2013-11-01,12932.0
DST:FIKS22:BRANCHE07=J:BELØB=4:SÆSON=EJSÆSON,2013-12-01,17541.0
DST:FIKS22:BRANCHE07=J:BELØB=4:SÆSON=EJSÆSON,2014-01-01,13389.0
DST:FIKS22:BRANCHE07=J:BELØB=4:SÆSON=EJSÆSON,2014-02-01,11571.0
DST:FIKS22:BRANCHE07=J:BELØB=4:SÆSON=EJSÆSON,2014-03-01,13797.0
DST:FIKS22:BRANCHE07=J:BELØB=4:SÆSON=EJSÆSON,2014-04-01,12032.0
DST:FIKS22:BRANCHE07=J:BELØB=4:SÆSON=EJSÆSON,2014-05-01,11682.0
DST:FIKS22:BRANCHE07=J:BELØB=4:SÆSON=EJSÆSON,2014-06-01,13832.0
DST:FIKS22:BRANCHE07=J:BELØB=4:SÆSON=EJSÆSON,2014-07-01,12245.0
DST:FIKS22:BRANCHE07=J:BELØB=4:SÆSON=EJSÆSON,2014-08-01,11107.0
DST:FIKS22:BRANCHE07=J:BELØB=4:SÆSON=EJSÆSON,2014-09-01,14224.0
DST:FIKS22:BRANCHE07=J:BELØB=4:SÆSON=EJSÆSON,2014-10-01,13681.0
DST:FIKS22:BRANCHE07=J:BELØB=4:SÆSON=EJSÆSON,2014-11-01,13820.0
DST:FIKS22:BRANCHE07=J:BELØB=4:SÆSON=EJSÆSON,2014-12-01,17881.0
DST:FIKS22:BRANCHE07=J:BELØB=4:SÆSON=EJSÆSON,2015-01-01,14454.0
DST:FIKS22:BRANCHE07=J:BELØB=4:SÆSON=EJSÆSON,2015-02-01,12070.0
DST:FIKS22:BRANCHE07=J:BELØB=4:SÆSON=EJSÆSON,2015-03-01,14605.0
DST:FIKS22:BRANCHE07=J:BELØB=4:SÆSON=EJSÆSON,2015-04-01,12976.0
DST:FIKS22:BRANCHE07=J:BELØB=4:SÆSON=EJSÆSON,2015-05-01,12665.0
DST:FIKS22:BRANCHE07=J:BELØB=4:SÆSON=EJSÆSON,2015-06-01,14756.0
DST:FIKS22:BRANCHE07=J:BELØB=4:SÆSON=EJSÆSON,2015-07-01,12341.0
DST:FIKS22:BRANCHE07=J:BELØB=4:SÆSON=EJSÆSON,2015-08-01,12591.0
DST:FIKS22:BRANCHE07=J:BELØB=4:SÆSON=EJSÆSON,2015-09-01,13913.0
DST:FIKS22:BRANCHE07=J:BELØB=4:SÆSON=EJSÆSON,2015-10-01,13981.0
DST:FIKS22:BRANCHE07=J:BELØB=4:SÆSON=EJSÆSON,2015-11-01,14517.0
DST:FIKS22:BRANCHE07=J:BELØB=4:SÆSON=EJSÆSON,2015-12-01,18954.0
DST:FIKS22:BRANCHE07=J:BELØB=4:SÆSON=EJSÆSON,2016-01-01,14259.0
DST:FIKS22:BRANCHE07=J:BELØB=4:SÆSON=EJSÆSON,2016-02-01,12745.0
DST:FIKS22:BRANCHE07=J:BELØB=4:SÆSON=EJSÆSON,2016-03-01,14652.0
DST:FIKS22:BRANCHE07=J:BELØB=4:SÆSON=EJSÆSON,2016-04-01,13115.0
DST:FIKS22:BRANCHE07=J:BELØB=4:SÆSON=EJSÆSON,2016-05-01,13021.0
DST:FIKS22:BRANCHE07=J:BELØB=4:SÆSON=EJSÆSON,2016-06-01,15280.0
DST:FIKS22:BRANCHE07=J:BELØB=4:SÆSON=EJSÆSON,2016-07-01,12334.0
DST:FIKS22:BRANCHE07=J:BELØB=4:SÆSON=EJSÆSON,2016-08-01,12688.0
DST:FIKS22:BRANCHE07=J:BELØB=4:SÆSON=EJSÆSON,2016-09-01,15157.0
DST:FIKS22:BRANCHE07=J:BELØB=4:SÆSON=EJSÆSON,2016-10-01,14108.0
DST:FIKS22:BRANCHE07=J:BELØB=4:SÆSON=EJSÆSON,2016-11-01,14750.0
DST:FIKS22:BRANCHE07=J:BELØB=4:SÆSON=EJSÆSON,2016-12-01,19928.0
DST:FIKS22:BRANCHE07=J:BELØB=4:SÆSON=EJSÆSON,2017-01-01,15265.0
DST:FIKS22:BRANCHE07=J:BELØB=4:SÆSON=EJSÆSON,2017-02-01,12639.0
DST:FIKS22:BRANCHE07=J:BELØB=4:SÆSON=EJSÆSON,2017-03-01,15659.0
DST:FIKS22:BRANCHE07=J:BELØB=4:SÆSON=EJSÆSON,2017-04-01,12942.0
DST:FIKS22:BRANCHE07=J:BELØB=4:SÆSON=EJSÆSON,2017-05-01,13902.0
DST:FIKS22:BRANCHE07=J:BELØB=4:SÆSON=EJSÆSON,2017-06-01,15566.0
DST:FIKS22:BRANCHE07=J:BELØB=4:SÆSON=EJSÆSON,2017-07-01,13001.0
DST:FIKS22:BRANCHE07=J:BELØB=4:SÆSON=EJSÆSON,2017-08-01,12802.0
DST:FIKS22:BRANCHE07=J:BELØB=4:SÆSON=EJSÆSON,2017-09-01,15175.0
DST:FIKS22:BRANCHE07=J:BELØB=4:SÆSON=EJSÆSON,2017-10-01,14654.0
DST:FIKS22:BRANCHE07=J:BELØB=4:SÆSON=EJSÆSON,2017-11-01,15638.0
DST:FIKS22:BRANCHE07=J:BELØB=4:SÆSON=EJSÆSON,2017-12-01,19882.0
DST:FIKS22:BRANCHE07=J:BELØB=4:SÆSON=EJSÆSON,2018-01-01,15813.0
DST:FIKS22:BRANCHE07=J:BELØB=4:SÆSON=EJSÆSON,2018-02-01,12622.0
DST:FIKS22:BRANCHE07=J:BELØB=4:SÆSON=EJSÆSON,2018-03-01,15140.0
DST:FIKS22:BRANCHE07=J:BELØB=4:SÆSON=EJSÆSON,2018-04-01,13960.0
DST:FIKS22:BRANCHE07=J:BELØB=4:SÆSON=EJSÆSON,2018-05-01,14117.0
DST:FIKS22:BRANCHE07=J:BELØB=4:SÆSON=EJSÆSON,2018-06-01,15685.0
DST:FIKS22:BRANCHE07=J:BELØB=4:SÆSON=EJSÆSON,2018-07-01,13556.0
DST:FIKS22:BRANCHE07=J:BELØB=4:SÆSON=EJSÆSON,2018-08-01,13264.0
DST:FIKS22:BRANCHE07=J:BELØB=4:SÆSON=EJSÆSON,2018-09-01,14890.0
DST:FIKS22:BRANCHE07=J:BELØB=4:SÆSON=EJSÆSON,2018-10-01,15996.0
DST:FIKS22:BRANCHE07=J:BELØB=4:SÆSON=EJSÆSON,2018-11-01,16042.0
DST:FIKS22:BRANCHE07=J:BELØB=4:SÆSON=EJSÆSON,2018-12-01,19303.0
DST:FIKS22:BRANCHE07=J:BELØB=4:SÆSON=EJSÆSON,2019-01-01,16562.0
DST:FIKS22:BRANCHE07=J:BELØB=4:SÆSON=EJSÆSON,2019-02-01,13293.0
DST:FIKS22:BRANCHE07=J:BELØB=4:SÆSON=EJSÆSON,2019-03-01,16037.0
DST:FIKS22:BRANCHE07=J:BELØB=4:SÆSON=EJSÆSON,2019-04-01,14056.0
DST:FIKS22:BRANCHE07=J:BELØB=4:SÆSON=EJSÆSON,2019-05-01,14544.0
DST:FIKS22:BRANCHE07=J:BELØB=4:SÆSON=EJSÆSON,2019-06-01,16292.0
DST:FIKS22:BRANCHE07=J:BELØB=4:SÆSON=EJSÆSON,2019-07-01,14519.0
DST:FIKS22:BRANCHE07=J:BELØB=4:SÆSON=EJSÆSON,2019-08-01,13986.0
DST:FIKS22:BRANCHE07=J:BELØB=4:SÆSON=EJSÆSON,2019-09-01,15895.0
DST:FIKS22:BRANCHE07=J:BELØB=4:SÆSON=EJSÆSON,2019-10-01,16810.0
DST:FIKS22:BRANCHE07=J:BELØB=4:SÆSON=EJSÆSON,2019-11-01,15809.0
DST:FIKS22:BRANCHE07=J:BELØB=4:SÆSON=EJSÆSON,2019-12-01,20501.0
DST:FIKS22:BRANCHE07=J:BELØB=4:SÆSON=EJSÆSON,2020-01-01,17230.0
DST:FIKS22:BRANCHE07=J:BELØB=4:SÆSON=EJSÆSON,2020-02-01,14396.0
DST:FIKS22:BRANCHE07=J:BELØB=4:SÆSON=EJSÆSON,2020-03-01,17103.0
DST:FIKS22:BRANCHE07=J:BELØB=4:SÆSON=EJSÆSON,2020-04-01,14567.0
DST:FIKS22:BRANCHE07=J:BELØB=4:SÆSON=EJSÆSON,2020-05-01,13340.0
DST:FIKS22:BRANCHE07=J:BELØB=4:SÆSON=EJSÆSON,2020-06-01,15904.0
DST:FIKS22:BRANCHE07=J:BELØB=4:SÆSON=EJSÆSON,2020-07-01,15140.0
DST:FIKS22:BRANCHE07=J:BELØB=4:SÆSON=EJSÆSON,2020-08-01,13595.0
DST:FIKS22:BRANCHE07=J:BELØB=4:SÆSON=EJSÆSON,2020-09-01,16926.0
DST:FIKS22:BRANCHE07=J:BELØB=4:SÆSON=EJSÆSON,2020-10-01,16425.0
DST:FIKS22:BRANCHE07=J:BELØB=4:SÆSON=EJSÆSON,2020-11-01,16834.0
DST:FIKS22:BRANCHE07=J:BELØB=4:SÆSON=EJSÆSON,2020-12-01,21208.0
DST:FIKS22:BRANCHE07=J:BELØB=4:SÆSON=EJSÆSON,2021-01-01,17368.0
DST:FIKS22:BRANCHE07=J:BELØB=4:SÆSON=EJSÆSON,2021-02-01,15025.0
DST:FIKS22:BRANCHE07=J:BELØB=4:SÆSON=EJSÆSON,2021-03-01,17294.0
DST:FIKS22:BRANCHE07=J:BELØB=4:SÆSON=EJSÆSON,2021-04-01,15530.0
DST:FIKS22:BRANCHE07=J:BELØB=4:SÆSON=EJSÆSON,2021-05-01,15209.0
DST:FIKS22:BRANCHE07=J:BELØB=4:SÆSON=EJSÆSON,2021-06-01,18033.0
DST:FIKS22:BRANCHE07=J:BELØB=4:SÆSON=EJSÆSON,2021-07-01,15073.0
DST:FIKS22:BRANCHE07=J:BELØB=4:SÆSON=EJSÆSON,2021-08-01,15096.0
DST:FIKS22:BRANCHE07=J:BELØB=4:SÆSON=EJSÆSON,2021-09-01,18269.0
DST:FIKS22:BRANCHE07=J:BELØB=4:SÆSON=EJSÆSON,2021-10-01,18400.0
DST:FIKS22:BRANCHE07=J:BELØB=4:SÆSON=EJSÆSON,2021-11-01,18625.0
DST:FIKS22:BRANCHE07=J:BELØB=4:SÆSON=EJSÆSON,2021-12-01,23508.0
DST:FIKS22:BRANCHE07=J:BELØB=4:SÆSON=EJSÆSON,2022-01-01,18996.0
DST:FIKS22:BRANCHE07=J:BELØB=4:SÆSON=EJSÆSON,2022-02-01,16367.0
DST:FIKS22:BRANCHE07=J:BELØB=4:SÆSON=EJSÆSON,2022-03-01,19161.0
DST:FIKS22:BRANCHE07=J:BELØB=4:SÆSON=EJSÆSON,2022-04-01,17449.0
DST:FIKS22:BRANCHE07=J:BELØB=4:SÆSON=EJSÆSON,2022-05-01,16758.0
DST:FIKS22:BRANCHE07=J:BELØB=4:SÆSON=EJSÆSON,2022-06-01,19652.0
DST:FIKS22:BRANCHE07=J:BELØB=4:SÆSON=EJSÆSON,2022-07-01,16476.0
DST:FIKS22:BRANCHE07=J:BELØB=4:SÆSON=EJSÆSON,2022-08-01,16523.0
DST:FIKS22:BRANCHE07=J:BELØB=4:SÆSON=EJSÆSON,2022-09-01,20657.0
DST:FIKS22:BRANCHE07=J:BELØB=4:SÆSON=EJSÆSON,2022-10-01,19658.0
DST:FIKS22:BRANCHE07=J:BELØB=4:SÆSON=EJSÆSON,2022-11-01,19427.0
DST:FIKS22:BRANCHE07=J:BELØB=4:SÆSON=EJSÆSON,2022-12-01,24587.0
DST:FIKS22:BRANCHE07=J:BELØB=4:SÆSON=EJSÆSON,2023-01-01,22329.0
DST:FIKS22:BRANCHE07=J:BELØB=4:SÆSON=EJSÆSON,2023-02-01,16489.0
DST:FIKS22:BRANCHE07=J:BELØB=4:SÆSON=EJSÆSON,2023-03-01,20916.0
DST:FIKS22:BRANCHE07=J:BELØB=4:SÆSON=EJSÆSON,2023-04-01,20035.0
DST:FIKS22:BRANCHE07=J:BELØB=4:SÆSON=EJSÆSON,2023-05-01,17460.0
DST:FIKS22:BRANCHE07=J:BELØB=4:SÆSON=EJSÆSON,2023-06-01,20003.0
DST:FIKS22:BRANCHE07=J:BELØB=4:SÆSON=EJSÆSON,2023-07-01,18780.0
DST:FIKS22:BRANCHE07=J:BELØB=4:SÆSON=EJSÆSON,2023-08-01,17329.0
DST:FIKS22:BRANCHE07=J:BELØB=4:SÆSON=EJSÆSON,2023-09-01,20059.0
DST:FIKS22:BRANCHE07=J:BELØB=4:SÆSON=EJSÆSON,2023-10-01,21505.0
DST:FIKS22:BRANCHE07=J:BELØB=4:SÆSON=EJSÆSON,2023-11-01,19868.0
DST:FIKS22:BRANCHE07=J:BELØB=4:SÆSON=EJSÆSON,2023-12-01,25985.0
DST:FIKS22:BRANCHE07=J:BELØB=4:SÆSON=EJSÆSON,2024-01-01,22734.0
DST:FIKS22:BRANCHE07=J:BELØB=4:SÆSON=EJSÆSON,2024-02-01,18976.0
DST:FIKS22:BRANCHE07=J:BELØB=4:SÆSON=EJSÆSON,2024-03-01,22013.0
DST:FIKS22:BRANCHE07=J:BELØB=4:SÆSON=EJSÆSON,2024-04-01,21291.0
DST:FIKS22:BRANCHE07=J:BELØB=4:SÆSON=EJSÆSON,2024-05-01,19136.0
DST:FIKS22:BRANCHE07=J:BELØB=4:SÆSON=EJSÆSON,2024-06-01,22162.0
DST:FIKS22:BRANCHE07=J:BELØB=4:SÆSON=EJSÆSON,2024-07-01,19840.0
DST:FIKS22:BRANCHE07=J:BELØB=4:SÆSON=EJSÆSON,2024-08-01,18687.0
DST:FIKS22:BRANCHE07=J:BELØB=4:SÆSON=EJSÆSON,2024-09-01,23919.0
DST:FIKS22:BRANCHE07=J:BELØB=4:SÆSON=EJSÆSON,2024-10-01,22983.0
DST:FIKS22:BRANCHE07=J:BELØB=4:SÆSON=EJSÆSON,2024-11-01,21999.0
DST:FIKS22:BRANCHE07=J:BELØB=4:SÆSON=EJSÆSON,2024-12-01,29029.0
DST:FIKS22:BRANCHE07=J:BELØB=4:SÆSON=EJSÆSON,2025-01-01,26160.0
DST:FIKS22:BRANCHE07=J:BELØB=4:SÆSON=EJSÆSON,2025-02-01,21311.0
DST:FIKS22:BRANCHE07=J:BELØB=4:SÆSON=EJSÆSON,2025-03-01,23745.0
DST:FIKS22:BRANCHE07=J:BELØB=4:SÆSON=EJSÆSON,2025-04-01,21131.0
DST:FIKS22:BRANCHE07=J:BELØB=4:SÆSON=EJSÆSON,2025-05-01,19907.0
DST:FIKS22:BRANCHE07=J:BELØB=4:SÆSON=EJSÆSON,2025-06-01,23277.0
DST:FIKS22:BRANCHE07=J:BELØB=4:SÆSON=EJSÆSON,2025-07-01,21660.0
DST:FIKS22:BRANCHE07=J:BELØB=4:SÆSON=EJSÆSON,2025-08-01,20551.0
DST:FIKS22:BRANCHE07=J:BELØB=4:SÆSON=EJSÆSON,2025-09-01,23968.0
DST:FIKS22:BRANCHE07=J:BELØB=4:SÆSON=EJSÆSON,2025-10-01,25561.0
DST:FIKS22:BRANCHE07=J:BELØB=4:SÆSON=EJSÆSON,2025-11-01,22611.0
DST:FIKS22:BRANCHE07=J:BELØB=4:SÆSON=EJSÆSON,2025-12-01,30902.0
DST:FIKS22:BRANCHE07=J:BELØB=4:SÆSON=EJSÆSON,2026-01-01,25706.0
DST:FIKS22:BRANCHE07=J:BELØB=4:SÆSON=EJSÆSON,2026-02-01,20922.0
DST:FIKS22:BRANCHE07=J:BELØB=4:SÆSON=EJSÆSON,2026-03-01,24674.0
DST:FIKS22:BRANCHE07=J:BELØB=4:SÆSON=SÆSON,2009-01-01,12027.0
DST:FIKS22:BRANCHE07=J:BELØB=4:SÆSON=SÆSON,2009-02-01,11798.0
DST:FIKS22:BRANCHE07=J:BELØB=4:SÆSON=SÆSON,2009-03-01,12377.0
DST:FIKS22:BRANCHE07=J:BELØB=4:SÆSON=SÆSON,2009-04-01,12313.0
DST:FIKS22:BRANCHE07=J:BELØB=4:SÆSON=SÆSON,2009-05-01,11864.0
DST:FIKS22:BRANCHE07=J:BELØB=4:SÆSON=SÆSON,2009-06-01,12166.0
DST:FIKS22:BRANCHE07=J:BELØB=4:SÆSON=SÆSON,2009-07-01,12202.0
DST:FIKS22:BRANCHE07=J:BELØB=4:SÆSON=SÆSON,2009-08-01,12027.0
DST:FIKS22:BRANCHE07=J:BELØB=4:SÆSON=SÆSON,2009-09-01,12445.0
DST:FIKS22:BRANCHE07=J:BELØB=4:SÆSON=SÆSON,2009-10-01,12815.0
DST:FIKS22:BRANCHE07=J:BELØB=4:SÆSON=SÆSON,2009-11-01,11442.0
DST:FIKS22:BRANCHE07=J:BELØB=4:SÆSON=SÆSON,2009-12-01,12153.0
DST:FIKS22:BRANCHE07=J:BELØB=4:SÆSON=SÆSON,2010-01-01,12575.0
DST:FIKS22:BRANCHE07=J:BELØB=4:SÆSON=SÆSON,2010-02-01,12737.0
DST:FIKS22:BRANCHE07=J:BELØB=4:SÆSON=SÆSON,2010-03-01,13033.0
DST:FIKS22:BRANCHE07=J:BELØB=4:SÆSON=SÆSON,2010-04-01,12868.0
DST:FIKS22:BRANCHE07=J:BELØB=4:SÆSON=SÆSON,2010-05-01,13010.0
DST:FIKS22:BRANCHE07=J:BELØB=4:SÆSON=SÆSON,2010-06-01,13292.0
DST:FIKS22:BRANCHE07=J:BELØB=4:SÆSON=SÆSON,2010-07-01,12896.0
DST:FIKS22:BRANCHE07=J:BELØB=4:SÆSON=SÆSON,2010-08-01,13259.0
DST:FIKS22:BRANCHE07=J:BELØB=4:SÆSON=SÆSON,2010-09-01,13323.0
DST:FIKS22:BRANCHE07=J:BELØB=4:SÆSON=SÆSON,2010-10-01,13221.0
DST:FIKS22:BRANCHE07=J:BELØB=4:SÆSON=SÆSON,2010-11-01,13411.0
DST:FIKS22:BRANCHE07=J:BELØB=4:SÆSON=SÆSON,2010-12-01,12513.0
DST:FIKS22:BRANCHE07=J:BELØB=4:SÆSON=SÆSON,2011-01-01,13370.0
DST:FIKS22:BRANCHE07=J:BELØB=4:SÆSON=SÆSON,2011-02-01,13654.0
DST:FIKS22:BRANCHE07=J:BELØB=4:SÆSON=SÆSON,2011-03-01,13072.0
DST:FIKS22:BRANCHE07=J:BELØB=4:SÆSON=SÆSON,2011-04-01,13400.0
DST:FIKS22:BRANCHE07=J:BELØB=4:SÆSON=SÆSON,2011-05-01,13516.0
DST:FIKS22:BRANCHE07=J:BELØB=4:SÆSON=SÆSON,2011-06-01,13320.0
DST:FIKS22:BRANCHE07=J:BELØB=4:SÆSON=SÆSON,2011-07-01,13435.0
DST:FIKS22:BRANCHE07=J:BELØB=4:SÆSON=SÆSON,2011-08-01,13595.0
DST:FIKS22:BRANCHE07=J:BELØB=4:SÆSON=SÆSON,2011-09-01,13025.0
DST:FIKS22:BRANCHE07=J:BELØB=4:SÆSON=SÆSON,2011-10-01,13346.0
DST:FIKS22:BRANCHE07=J:BELØB=4:SÆSON=SÆSON,2011-11-01,13211.0
DST:FIKS22:BRANCHE07=J:BELØB=4:SÆSON=SÆSON,2011-12-01,13519.0
DST:FIKS22:BRANCHE07=J:BELØB=4:SÆSON=SÆSON,2012-01-01,13312.0
DST:FIKS22:BRANCHE07=J:BELØB=4:SÆSON=SÆSON,2012-02-01,13215.0
DST:FIKS22:BRANCHE07=J:BELØB=4:SÆSON=SÆSON,2012-03-01,13217.0
DST:FIKS22:BRANCHE07=J:BELØB=4:SÆSON=SÆSON,2012-04-01,14768.0
DST:FIKS22:BRANCHE07=J:BELØB=4:SÆSON=SÆSON,2012-05-01,13528.0
DST:FIKS22:BRANCHE07=J:BELØB=4:SÆSON=SÆSON,2012-06-01,13262.0
DST:FIKS22:BRANCHE07=J:BELØB=4:SÆSON=SÆSON,2012-07-01,13505.0
DST:FIKS22:BRANCHE07=J:BELØB=4:SÆSON=SÆSON,2012-08-01,13110.0
DST:FIKS22:BRANCHE07=J:BELØB=4:SÆSON=SÆSON,2012-09-01,13582.0
DST:FIKS22:BRANCHE07=J:BELØB=4:SÆSON=SÆSON,2012-10-01,13358.0
DST:FIKS22:BRANCHE07=J:BELØB=4:SÆSON=SÆSON,2012-11-01,13114.0
DST:FIKS22:BRANCHE07=J:BELØB=4:SÆSON=SÆSON,2012-12-01,13233.0
DST:FIKS22:BRANCHE07=J:BELØB=4:SÆSON=SÆSON,2013-01-01,13611.0
DST:FIKS22:BRANCHE07=J:BELØB=4:SÆSON=SÆSON,2013-02-01,12779.0
DST:FIKS22:BRANCHE07=J:BELØB=4:SÆSON=SÆSON,2013-03-01,12923.0
DST:FIKS22:BRANCHE07=J:BELØB=4:SÆSON=SÆSON,2013-04-01,12773.0
DST:FIKS22:BRANCHE07=J:BELØB=4:SÆSON=SÆSON,2013-05-01,12698.0
DST:FIKS22:BRANCHE07=J:BELØB=4:SÆSON=SÆSON,2013-06-01,13166.0
DST:FIKS22:BRANCHE07=J:BELØB=4:SÆSON=SÆSON,2013-07-01,13244.0
DST:FIKS22:BRANCHE07=J:BELØB=4:SÆSON=SÆSON,2013-08-01,12944.0
DST:FIKS22:BRANCHE07=J:BELØB=4:SÆSON=SÆSON,2013-09-01,12659.0
DST:FIKS22:BRANCHE07=J:BELØB=4:SÆSON=SÆSON,2013-10-01,12870.0
DST:FIKS22:BRANCHE07=J:BELØB=4:SÆSON=SÆSON,2013-11-01,12876.0
DST:FIKS22:BRANCHE07=J:BELØB=4:SÆSON=SÆSON,2013-12-01,13103.0
DST:FIKS22:BRANCHE07=J:BELØB=4:SÆSON=SÆSON,2014-01-01,12778.0
DST:FIKS22:BRANCHE07=J:BELØB=4:SÆSON=SÆSON,2014-02-01,13351.0
DST:FIKS22:BRANCHE07=J:BELØB=4:SÆSON=SÆSON,2014-03-01,13109.0
DST:FIKS22:BRANCHE07=J:BELØB=4:SÆSON=SÆSON,2014-04-01,13070.0
DST:FIKS22:BRANCHE07=J:BELØB=4:SÆSON=SÆSON,2014-05-01,12944.0
DST:FIKS22:BRANCHE07=J:BELØB=4:SÆSON=SÆSON,2014-06-01,13077.0
DST:FIKS22:BRANCHE07=J:BELØB=4:SÆSON=SÆSON,2014-07-01,13359.0
DST:FIKS22:BRANCHE07=J:BELØB=4:SÆSON=SÆSON,2014-08-01,13256.0
DST:FIKS22:BRANCHE07=J:BELØB=4:SÆSON=SÆSON,2014-09-01,13624.0
DST:FIKS22:BRANCHE07=J:BELØB=4:SÆSON=SÆSON,2014-10-01,13592.0
DST:FIKS22:BRANCHE07=J:BELØB=4:SÆSON=SÆSON,2014-11-01,13822.0
DST:FIKS22:BRANCHE07=J:BELØB=4:SÆSON=SÆSON,2014-12-01,13374.0
DST:FIKS22:BRANCHE07=J:BELØB=4:SÆSON=SÆSON,2015-01-01,13989.0
DST:FIKS22:BRANCHE07=J:BELØB=4:SÆSON=SÆSON,2015-02-01,13891.0
DST:FIKS22:BRANCHE07=J:BELØB=4:SÆSON=SÆSON,2015-03-01,13916.0
DST:FIKS22:BRANCHE07=J:BELØB=4:SÆSON=SÆSON,2015-04-01,13913.0
DST:FIKS22:BRANCHE07=J:BELØB=4:SÆSON=SÆSON,2015-05-01,14189.0
DST:FIKS22:BRANCHE07=J:BELØB=4:SÆSON=SÆSON,2015-06-01,13831.0
DST:FIKS22:BRANCHE07=J:BELØB=4:SÆSON=SÆSON,2015-07-01,13556.0
DST:FIKS22:BRANCHE07=J:BELØB=4:SÆSON=SÆSON,2015-08-01,14936.0
DST:FIKS22:BRANCHE07=J:BELØB=4:SÆSON=SÆSON,2015-09-01,13371.0
DST:FIKS22:BRANCHE07=J:BELØB=4:SÆSON=SÆSON,2015-10-01,14072.0
DST:FIKS22:BRANCHE07=J:BELØB=4:SÆSON=SÆSON,2015-11-01,14128.0
DST:FIKS22:BRANCHE07=J:BELØB=4:SÆSON=SÆSON,2015-12-01,14154.0
DST:FIKS22:BRANCHE07=J:BELØB=4:SÆSON=SÆSON,2016-01-01,13905.0
DST:FIKS22:BRANCHE07=J:BELØB=4:SÆSON=SÆSON,2016-02-01,14067.0
DST:FIKS22:BRANCHE07=J:BELØB=4:SÆSON=SÆSON,2016-03-01,14233.0
DST:FIKS22:BRANCHE07=J:BELØB=4:SÆSON=SÆSON,2016-04-01,14155.0
DST:FIKS22:BRANCHE07=J:BELØB=4:SÆSON=SÆSON,2016-05-01,14087.0
DST:FIKS22:BRANCHE07=J:BELØB=4:SÆSON=SÆSON,2016-06-01,14306.0
DST:FIKS22:BRANCHE07=J:BELØB=4:SÆSON=SÆSON,2016-07-01,13945.0
DST:FIKS22:BRANCHE07=J:BELØB=4:SÆSON=SÆSON,2016-08-01,14566.0
DST:FIKS22:BRANCHE07=J:BELØB=4:SÆSON=SÆSON,2016-09-01,14612.0
DST:FIKS22:BRANCHE07=J:BELØB=4:SÆSON=SÆSON,2016-10-01,14202.0
DST:FIKS22:BRANCHE07=J:BELØB=4:SÆSON=SÆSON,2016-11-01,14233.0
DST:FIKS22:BRANCHE07=J:BELØB=4:SÆSON=SÆSON,2016-12-01,15291.0
DST:FIKS22:BRANCHE07=J:BELØB=4:SÆSON=SÆSON,2017-01-01,14388.0
DST:FIKS22:BRANCHE07=J:BELØB=4:SÆSON=SÆSON,2017-02-01,14523.0
DST:FIKS22:BRANCHE07=J:BELØB=4:SÆSON=SÆSON,2017-03-01,14617.0
DST:FIKS22:BRANCHE07=J:BELØB=4:SÆSON=SÆSON,2017-04-01,14548.0
DST:FIKS22:BRANCHE07=J:BELØB=4:SÆSON=SÆSON,2017-05-01,14900.0
DST:FIKS22:BRANCHE07=J:BELØB=4:SÆSON=SÆSON,2017-06-01,14734.0
DST:FIKS22:BRANCHE07=J:BELØB=4:SÆSON=SÆSON,2017-07-01,14773.0
DST:FIKS22:BRANCHE07=J:BELØB=4:SÆSON=SÆSON,2017-08-01,14695.0
DST:FIKS22:BRANCHE07=J:BELØB=4:SÆSON=SÆSON,2017-09-01,14874.0
DST:FIKS22:BRANCHE07=J:BELØB=4:SÆSON=SÆSON,2017-10-01,14392.0
DST:FIKS22:BRANCHE07=J:BELØB=4:SÆSON=SÆSON,2017-11-01,15134.0
DST:FIKS22:BRANCHE07=J:BELØB=4:SÆSON=SÆSON,2017-12-01,15576.0
DST:FIKS22:BRANCHE07=J:BELØB=4:SÆSON=SÆSON,2018-01-01,14851.0
DST:FIKS22:BRANCHE07=J:BELØB=4:SÆSON=SÆSON,2018-02-01,14466.0
DST:FIKS22:BRANCHE07=J:BELØB=4:SÆSON=SÆSON,2018-03-01,14818.0
DST:FIKS22:BRANCHE07=J:BELØB=4:SÆSON=SÆSON,2018-04-01,15148.0
DST:FIKS22:BRANCHE07=J:BELØB=4:SÆSON=SÆSON,2018-05-01,15207.0
DST:FIKS22:BRANCHE07=J:BELØB=4:SÆSON=SÆSON,2018-06-01,15084.0
DST:FIKS22:BRANCHE07=J:BELØB=4:SÆSON=SÆSON,2018-07-01,15143.0
DST:FIKS22:BRANCHE07=J:BELØB=4:SÆSON=SÆSON,2018-08-01,15135.0
DST:FIKS22:BRANCHE07=J:BELØB=4:SÆSON=SÆSON,2018-09-01,14802.0
DST:FIKS22:BRANCHE07=J:BELØB=4:SÆSON=SÆSON,2018-10-01,15482.0
DST:FIKS22:BRANCHE07=J:BELØB=4:SÆSON=SÆSON,2018-11-01,15472.0
DST:FIKS22:BRANCHE07=J:BELØB=4:SÆSON=SÆSON,2018-12-01,15170.0
DST:FIKS22:BRANCHE07=J:BELØB=4:SÆSON=SÆSON,2019-01-01,15521.0
DST:FIKS22:BRANCHE07=J:BELØB=4:SÆSON=SÆSON,2019-02-01,15136.0
DST:FIKS22:BRANCHE07=J:BELØB=4:SÆSON=SÆSON,2019-03-01,15389.0
DST:FIKS22:BRANCHE07=J:BELØB=4:SÆSON=SÆSON,2019-04-01,15322.0
DST:FIKS22:BRANCHE07=J:BELØB=4:SÆSON=SÆSON,2019-05-01,15705.0
DST:FIKS22:BRANCHE07=J:BELØB=4:SÆSON=SÆSON,2019-06-01,16076.0
DST:FIKS22:BRANCHE07=J:BELØB=4:SÆSON=SÆSON,2019-07-01,16111.0
DST:FIKS22:BRANCHE07=J:BELØB=4:SÆSON=SÆSON,2019-08-01,16230.0
DST:FIKS22:BRANCHE07=J:BELØB=4:SÆSON=SÆSON,2019-09-01,15456.0
DST:FIKS22:BRANCHE07=J:BELØB=4:SÆSON=SÆSON,2019-10-01,16256.0
DST:FIKS22:BRANCHE07=J:BELØB=4:SÆSON=SÆSON,2019-11-01,15516.0
DST:FIKS22:BRANCHE07=J:BELØB=4:SÆSON=SÆSON,2019-12-01,15901.0
DST:FIKS22:BRANCHE07=J:BELØB=4:SÆSON=SÆSON,2020-01-01,15939.0
DST:FIKS22:BRANCHE07=J:BELØB=4:SÆSON=SÆSON,2020-02-01,15937.0
DST:FIKS22:BRANCHE07=J:BELØB=4:SÆSON=SÆSON,2020-03-01,16300.0
DST:FIKS22:BRANCHE07=J:BELØB=4:SÆSON=SÆSON,2020-04-01,15786.0
DST:FIKS22:BRANCHE07=J:BELØB=4:SÆSON=SÆSON,2020-05-01,14818.0
DST:FIKS22:BRANCHE07=J:BELØB=4:SÆSON=SÆSON,2020-06-01,15405.0
DST:FIKS22:BRANCHE07=J:BELØB=4:SÆSON=SÆSON,2020-07-01,16849.0
DST:FIKS22:BRANCHE07=J:BELØB=4:SÆSON=SÆSON,2020-08-01,15904.0
DST:FIKS22:BRANCHE07=J:BELØB=4:SÆSON=SÆSON,2020-09-01,16325.0
DST:FIKS22:BRANCHE07=J:BELØB=4:SÆSON=SÆSON,2020-10-01,15983.0
DST:FIKS22:BRANCHE07=J:BELØB=4:SÆSON=SÆSON,2020-11-01,16512.0
DST:FIKS22:BRANCHE07=J:BELØB=4:SÆSON=SÆSON,2020-12-01,16346.0
DST:FIKS22:BRANCHE07=J:BELØB=4:SÆSON=SÆSON,2021-01-01,16386.0
DST:FIKS22:BRANCHE07=J:BELØB=4:SÆSON=SÆSON,2021-02-01,16915.0
DST:FIKS22:BRANCHE07=J:BELØB=4:SÆSON=SÆSON,2021-03-01,16607.0
DST:FIKS22:BRANCHE07=J:BELØB=4:SÆSON=SÆSON,2021-04-01,16523.0
DST:FIKS22:BRANCHE07=J:BELØB=4:SÆSON=SÆSON,2021-05-01,17069.0
DST:FIKS22:BRANCHE07=J:BELØB=4:SÆSON=SÆSON,2021-06-01,17079.0
DST:FIKS22:BRANCHE07=J:BELØB=4:SÆSON=SÆSON,2021-07-01,17065.0
DST:FIKS22:BRANCHE07=J:BELØB=4:SÆSON=SÆSON,2021-08-01,17412.0
DST:FIKS22:BRANCHE07=J:BELØB=4:SÆSON=SÆSON,2021-09-01,17538.0
DST:FIKS22:BRANCHE07=J:BELØB=4:SÆSON=SÆSON,2021-10-01,17963.0
DST:FIKS22:BRANCHE07=J:BELØB=4:SÆSON=SÆSON,2021-11-01,18285.0
DST:FIKS22:BRANCHE07=J:BELØB=4:SÆSON=SÆSON,2021-12-01,17897.0
DST:FIKS22:BRANCHE07=J:BELØB=4:SÆSON=SÆSON,2022-01-01,17421.0
DST:FIKS22:BRANCHE07=J:BELØB=4:SÆSON=SÆSON,2022-02-01,18389.0
DST:FIKS22:BRANCHE07=J:BELØB=4:SÆSON=SÆSON,2022-03-01,18059.0
DST:FIKS22:BRANCHE07=J:BELØB=4:SÆSON=SÆSON,2022-04-01,18901.0
DST:FIKS22:BRANCHE07=J:BELØB=4:SÆSON=SÆSON,2022-05-01,18682.0
DST:FIKS22:BRANCHE07=J:BELØB=4:SÆSON=SÆSON,2022-06-01,19150.0
DST:FIKS22:BRANCHE07=J:BELØB=4:SÆSON=SÆSON,2022-07-01,18720.0
DST:FIKS22:BRANCHE07=J:BELØB=4:SÆSON=SÆSON,2022-08-01,18955.0
DST:FIKS22:BRANCHE07=J:BELØB=4:SÆSON=SÆSON,2022-09-01,19645.0
DST:FIKS22:BRANCHE07=J:BELØB=4:SÆSON=SÆSON,2022-10-01,19152.0
DST:FIKS22:BRANCHE07=J:BELØB=4:SÆSON=SÆSON,2022-11-01,19333.0
DST:FIKS22:BRANCHE07=J:BELØB=4:SÆSON=SÆSON,2022-12-01,19382.0
DST:FIKS22:BRANCHE07=J:BELØB=4:SÆSON=SÆSON,2023-01-01,20191.0
DST:FIKS22:BRANCHE07=J:BELØB=4:SÆSON=SÆSON,2023-02-01,18558.0
DST:FIKS22:BRANCHE07=J:BELØB=4:SÆSON=SÆSON,2023-03-01,19899.0
DST:FIKS22:BRANCHE07=J:BELØB=4:SÆSON=SÆSON,2023-04-01,21528.0
DST:FIKS22:BRANCHE07=J:BELØB=4:SÆSON=SÆSON,2023-05-01,19697.0
DST:FIKS22:BRANCHE07=J:BELØB=4:SÆSON=SÆSON,2023-06-01,19478.0
DST:FIKS22:BRANCHE07=J:BELØB=4:SÆSON=SÆSON,2023-07-01,21262.0
DST:FIKS22:BRANCHE07=J:BELØB=4:SÆSON=SÆSON,2023-08-01,20016.0
DST:FIKS22:BRANCHE07=J:BELØB=4:SÆSON=SÆSON,2023-09-01,19292.0
DST:FIKS22:BRANCHE07=J:BELØB=4:SÆSON=SÆSON,2023-10-01,20563.0
DST:FIKS22:BRANCHE07=J:BELØB=4:SÆSON=SÆSON,2023-11-01,19996.0
DST:FIKS22:BRANCHE07=J:BELØB=4:SÆSON=SÆSON,2023-12-01,20748.0
DST:FIKS22:BRANCHE07=J:BELØB=4:SÆSON=SÆSON,2024-01-01,20496.0
DST:FIKS22:BRANCHE07=J:BELØB=4:SÆSON=SÆSON,2024-02-01,20684.0
DST:FIKS22:BRANCHE07=J:BELØB=4:SÆSON=SÆSON,2024-03-01,21708.0
DST:FIKS22:BRANCHE07=J:BELØB=4:SÆSON=SÆSON,2024-04-01,22133.0
DST:FIKS22:BRANCHE07=J:BELØB=4:SÆSON=SÆSON,2024-05-01,21510.0
DST:FIKS22:BRANCHE07=J:BELØB=4:SÆSON=SÆSON,2024-06-01,22150.0
DST:FIKS22:BRANCHE07=J:BELØB=4:SÆSON=SÆSON,2024-07-01,21755.0
DST:FIKS22:BRANCHE07=J:BELØB=4:SÆSON=SÆSON,2024-08-01,21818.0
DST:FIKS22:BRANCHE07=J:BELØB=4:SÆSON=SÆSON,2024-09-01,22863.0
DST:FIKS22:BRANCHE07=J:BELØB=4:SÆSON=SÆSON,2024-10-01,21862.0
DST:FIKS22:BRANCHE07=J:BELØB=4:SÆSON=SÆSON,2024-11-01,22520.0
DST:FIKS22:BRANCHE07=J:BELØB=4:SÆSON=SÆSON,2024-12-01,22563.0
DST:FIKS22:BRANCHE07=J:BELØB=4:SÆSON=SÆSON,2025-01-01,23502.0
DST:FIKS22:BRANCHE07=J:BELØB=4:SÆSON=SÆSON,2025-02-01,24162.0
DST:FIKS22:BRANCHE07=J:BELØB=4:SÆSON=SÆSON,2025-03-01,22751.0
DST:FIKS22:BRANCHE07=J:BELØB=4:SÆSON=SÆSON,2025-04-01,22419.0
DST:FIKS22:BRANCHE07=J:BELØB=4:SÆSON=SÆSON,2025-05-01,22821.0
DST:FIKS22:BRANCHE07=J:BELØB=4:SÆSON=SÆSON,2025-06-01,23084.0
DST:FIKS22:BRANCHE07=J:BELØB=4:SÆSON=SÆSON,2025-07-01,23742.0
DST:FIKS22:BRANCHE07=J:BELØB=4:SÆSON=SÆSON,2025-08-01,24096.0
DST:FIKS22:BRANCHE07=J:BELØB=4:SÆSON=SÆSON,2025-09-01,22721.0
DST:FIKS22:BRANCHE07=J:BELØB=4:SÆSON=SÆSON,2025-10-01,24235.0
DST:FIKS22:BRANCHE07=J:BELØB=4:SÆSON=SÆSON,2025-11-01,23492.0
DST:FIKS22:BRANCHE07=J:BELØB=4:SÆSON=SÆSON,2025-12-01,23932.0
DST:FIKS22:BRANCHE07=J:BELØB=4:SÆSON=SÆSON,2026-01-01,23381.0
DST:FIKS22:BRANCHE07=J:BELØB=4:SÆSON=SÆSON,2026-02-01,23751.0
DST:FIKS22:BRANCHE07=J:BELØB=4:SÆSON=SÆSON,2026-03-01,23718.0
DST:FIKS22:BRANCHE07=K:BELØB=0:SÆSON=EJSÆSON,2009-01-01,2842.0
DST:FIKS22:BRANCHE07=K:BELØB=0:SÆSON=EJSÆSON,2009-02-01,2260.0
DST:FIKS22:BRANCHE07=K:BELØB=0:SÆSON=EJSÆSON,2009-03-01,2707.0
DST:FIKS22:BRANCHE07=K:BELØB=0:SÆSON=EJSÆSON,2009-04-01,2550.0
DST:FIKS22:BRANCHE07=K:BELØB=0:SÆSON=EJSÆSON,2009-05-01,2588.0
DST:FIKS22:BRANCHE07=K:BELØB=0:SÆSON=EJSÆSON,2009-06-01,2682.0
DST:FIKS22:BRANCHE07=K:BELØB=0:SÆSON=EJSÆSON,2009-07-01,2522.0
DST:FIKS22:BRANCHE07=K:BELØB=0:SÆSON=EJSÆSON,2009-08-01,2255.0
DST:FIKS22:BRANCHE07=K:BELØB=0:SÆSON=EJSÆSON,2009-09-01,2548.0
DST:FIKS22:BRANCHE07=K:BELØB=0:SÆSON=EJSÆSON,2009-10-01,2591.0
DST:FIKS22:BRANCHE07=K:BELØB=0:SÆSON=EJSÆSON,2009-11-01,2454.0
DST:FIKS22:BRANCHE07=K:BELØB=0:SÆSON=EJSÆSON,2009-12-01,3340.0
DST:FIKS22:BRANCHE07=K:BELØB=0:SÆSON=EJSÆSON,2010-01-01,2809.0
DST:FIKS22:BRANCHE07=K:BELØB=0:SÆSON=EJSÆSON,2010-02-01,2137.0
DST:FIKS22:BRANCHE07=K:BELØB=0:SÆSON=EJSÆSON,2010-03-01,3172.0
DST:FIKS22:BRANCHE07=K:BELØB=0:SÆSON=EJSÆSON,2010-04-01,2535.0
DST:FIKS22:BRANCHE07=K:BELØB=0:SÆSON=EJSÆSON,2010-05-01,2449.0
DST:FIKS22:BRANCHE07=K:BELØB=0:SÆSON=EJSÆSON,2010-06-01,2991.0
DST:FIKS22:BRANCHE07=K:BELØB=0:SÆSON=EJSÆSON,2010-07-01,2682.0
DST:FIKS22:BRANCHE07=K:BELØB=0:SÆSON=EJSÆSON,2010-08-01,2505.0
DST:FIKS22:BRANCHE07=K:BELØB=0:SÆSON=EJSÆSON,2010-09-01,3101.0
DST:FIKS22:BRANCHE07=K:BELØB=0:SÆSON=EJSÆSON,2010-10-01,3242.0
DST:FIKS22:BRANCHE07=K:BELØB=0:SÆSON=EJSÆSON,2010-11-01,2951.0
DST:FIKS22:BRANCHE07=K:BELØB=0:SÆSON=EJSÆSON,2010-12-01,4376.0
DST:FIKS22:BRANCHE07=K:BELØB=0:SÆSON=EJSÆSON,2011-01-01,2752.0
DST:FIKS22:BRANCHE07=K:BELØB=0:SÆSON=EJSÆSON,2011-02-01,2384.0
DST:FIKS22:BRANCHE07=K:BELØB=0:SÆSON=EJSÆSON,2011-03-01,3174.0
DST:FIKS22:BRANCHE07=K:BELØB=0:SÆSON=EJSÆSON,2011-04-01,2602.0
DST:FIKS22:BRANCHE07=K:BELØB=0:SÆSON=EJSÆSON,2011-05-01,3157.0
DST:FIKS22:BRANCHE07=K:BELØB=0:SÆSON=EJSÆSON,2011-06-01,3385.0
DST:FIKS22:BRANCHE07=K:BELØB=0:SÆSON=EJSÆSON,2011-07-01,3012.0
DST:FIKS22:BRANCHE07=K:BELØB=0:SÆSON=EJSÆSON,2011-08-01,2506.0
DST:FIKS22:BRANCHE07=K:BELØB=0:SÆSON=EJSÆSON,2011-09-01,3077.0
DST:FIKS22:BRANCHE07=K:BELØB=0:SÆSON=EJSÆSON,2011-10-01,3238.0
DST:FIKS22:BRANCHE07=K:BELØB=0:SÆSON=EJSÆSON,2011-11-01,3088.0
DST:FIKS22:BRANCHE07=K:BELØB=0:SÆSON=EJSÆSON,2011-12-01,4134.0
DST:FIKS22:BRANCHE07=K:BELØB=0:SÆSON=EJSÆSON,2012-01-01,3296.0
DST:FIKS22:BRANCHE07=K:BELØB=0:SÆSON=EJSÆSON,2012-02-01,2490.0
DST:FIKS22:BRANCHE07=K:BELØB=0:SÆSON=EJSÆSON,2012-03-01,3390.0
DST:FIKS22:BRANCHE07=K:BELØB=0:SÆSON=EJSÆSON,2012-04-01,2780.0
DST:FIKS22:BRANCHE07=K:BELØB=0:SÆSON=EJSÆSON,2012-05-01,2736.0
DST:FIKS22:BRANCHE07=K:BELØB=0:SÆSON=EJSÆSON,2012-06-01,2928.0
DST:FIKS22:BRANCHE07=K:BELØB=0:SÆSON=EJSÆSON,2012-07-01,3050.0
DST:FIKS22:BRANCHE07=K:BELØB=0:SÆSON=EJSÆSON,2012-08-01,2248.0
DST:FIKS22:BRANCHE07=K:BELØB=0:SÆSON=EJSÆSON,2012-09-01,2217.0
DST:FIKS22:BRANCHE07=K:BELØB=0:SÆSON=EJSÆSON,2012-10-01,3042.0
DST:FIKS22:BRANCHE07=K:BELØB=0:SÆSON=EJSÆSON,2012-11-01,2575.0
DST:FIKS22:BRANCHE07=K:BELØB=0:SÆSON=EJSÆSON,2012-12-01,3370.0
DST:FIKS22:BRANCHE07=K:BELØB=0:SÆSON=EJSÆSON,2013-01-01,2790.0
DST:FIKS22:BRANCHE07=K:BELØB=0:SÆSON=EJSÆSON,2013-02-01,2117.0
DST:FIKS22:BRANCHE07=K:BELØB=0:SÆSON=EJSÆSON,2013-03-01,2490.0
DST:FIKS22:BRANCHE07=K:BELØB=0:SÆSON=EJSÆSON,2013-04-01,2757.0
DST:FIKS22:BRANCHE07=K:BELØB=0:SÆSON=EJSÆSON,2013-05-01,2852.0
DST:FIKS22:BRANCHE07=K:BELØB=0:SÆSON=EJSÆSON,2013-06-01,2804.0
DST:FIKS22:BRANCHE07=K:BELØB=0:SÆSON=EJSÆSON,2013-07-01,2874.0
DST:FIKS22:BRANCHE07=K:BELØB=0:SÆSON=EJSÆSON,2013-08-01,2452.0
DST:FIKS22:BRANCHE07=K:BELØB=0:SÆSON=EJSÆSON,2013-09-01,2555.0
DST:FIKS22:BRANCHE07=K:BELØB=0:SÆSON=EJSÆSON,2013-10-01,3153.0
DST:FIKS22:BRANCHE07=K:BELØB=0:SÆSON=EJSÆSON,2013-11-01,2909.0
DST:FIKS22:BRANCHE07=K:BELØB=0:SÆSON=EJSÆSON,2013-12-01,3785.0
DST:FIKS22:BRANCHE07=K:BELØB=0:SÆSON=EJSÆSON,2014-01-01,2879.0
DST:FIKS22:BRANCHE07=K:BELØB=0:SÆSON=EJSÆSON,2014-02-01,2314.0
DST:FIKS22:BRANCHE07=K:BELØB=0:SÆSON=EJSÆSON,2014-03-01,2858.0
DST:FIKS22:BRANCHE07=K:BELØB=0:SÆSON=EJSÆSON,2014-04-01,3035.0
DST:FIKS22:BRANCHE07=K:BELØB=0:SÆSON=EJSÆSON,2014-05-01,2811.0
DST:FIKS22:BRANCHE07=K:BELØB=0:SÆSON=EJSÆSON,2014-06-01,3552.0
DST:FIKS22:BRANCHE07=K:BELØB=0:SÆSON=EJSÆSON,2014-07-01,3303.0
DST:FIKS22:BRANCHE07=K:BELØB=0:SÆSON=EJSÆSON,2014-08-01,2797.0
DST:FIKS22:BRANCHE07=K:BELØB=0:SÆSON=EJSÆSON,2014-09-01,3109.0
DST:FIKS22:BRANCHE07=K:BELØB=0:SÆSON=EJSÆSON,2014-10-01,3725.0
DST:FIKS22:BRANCHE07=K:BELØB=0:SÆSON=EJSÆSON,2014-11-01,3326.0
DST:FIKS22:BRANCHE07=K:BELØB=0:SÆSON=EJSÆSON,2014-12-01,3835.0
DST:FIKS22:BRANCHE07=K:BELØB=0:SÆSON=EJSÆSON,2015-01-01,3378.0
DST:FIKS22:BRANCHE07=K:BELØB=0:SÆSON=EJSÆSON,2015-02-01,2854.0
DST:FIKS22:BRANCHE07=K:BELØB=0:SÆSON=EJSÆSON,2015-03-01,3731.0
DST:FIKS22:BRANCHE07=K:BELØB=0:SÆSON=EJSÆSON,2015-04-01,3498.0
DST:FIKS22:BRANCHE07=K:BELØB=0:SÆSON=EJSÆSON,2015-05-01,3239.0
DST:FIKS22:BRANCHE07=K:BELØB=0:SÆSON=EJSÆSON,2015-06-01,4123.0
DST:FIKS22:BRANCHE07=K:BELØB=0:SÆSON=EJSÆSON,2015-07-01,3373.0
DST:FIKS22:BRANCHE07=K:BELØB=0:SÆSON=EJSÆSON,2015-08-01,2758.0
DST:FIKS22:BRANCHE07=K:BELØB=0:SÆSON=EJSÆSON,2015-09-01,3960.0
DST:FIKS22:BRANCHE07=K:BELØB=0:SÆSON=EJSÆSON,2015-10-01,3745.0
DST:FIKS22:BRANCHE07=K:BELØB=0:SÆSON=EJSÆSON,2015-11-01,3654.0
DST:FIKS22:BRANCHE07=K:BELØB=0:SÆSON=EJSÆSON,2015-12-01,5130.0
DST:FIKS22:BRANCHE07=K:BELØB=0:SÆSON=EJSÆSON,2016-01-01,3903.0
DST:FIKS22:BRANCHE07=K:BELØB=0:SÆSON=EJSÆSON,2016-02-01,3757.0
DST:FIKS22:BRANCHE07=K:BELØB=0:SÆSON=EJSÆSON,2016-03-01,4296.0
DST:FIKS22:BRANCHE07=K:BELØB=0:SÆSON=EJSÆSON,2016-04-01,4155.0
DST:FIKS22:BRANCHE07=K:BELØB=0:SÆSON=EJSÆSON,2016-05-01,4265.0
DST:FIKS22:BRANCHE07=K:BELØB=0:SÆSON=EJSÆSON,2016-06-01,5032.0
DST:FIKS22:BRANCHE07=K:BELØB=0:SÆSON=EJSÆSON,2016-07-01,3764.0
DST:FIKS22:BRANCHE07=K:BELØB=0:SÆSON=EJSÆSON,2016-08-01,3363.0
DST:FIKS22:BRANCHE07=K:BELØB=0:SÆSON=EJSÆSON,2016-09-01,3830.0
DST:FIKS22:BRANCHE07=K:BELØB=0:SÆSON=EJSÆSON,2016-10-01,4468.0
DST:FIKS22:BRANCHE07=K:BELØB=0:SÆSON=EJSÆSON,2016-11-01,4189.0
DST:FIKS22:BRANCHE07=K:BELØB=0:SÆSON=EJSÆSON,2016-12-01,5176.0
DST:FIKS22:BRANCHE07=K:BELØB=0:SÆSON=EJSÆSON,2017-01-01,3782.0
DST:FIKS22:BRANCHE07=K:BELØB=0:SÆSON=EJSÆSON,2017-02-01,3324.0
DST:FIKS22:BRANCHE07=K:BELØB=0:SÆSON=EJSÆSON,2017-03-01,4554.0
DST:FIKS22:BRANCHE07=K:BELØB=0:SÆSON=EJSÆSON,2017-04-01,3794.0
DST:FIKS22:BRANCHE07=K:BELØB=0:SÆSON=EJSÆSON,2017-05-01,4585.0
DST:FIKS22:BRANCHE07=K:BELØB=0:SÆSON=EJSÆSON,2017-06-01,5203.0
DST:FIKS22:BRANCHE07=K:BELØB=0:SÆSON=EJSÆSON,2017-07-01,4329.0
DST:FIKS22:BRANCHE07=K:BELØB=0:SÆSON=EJSÆSON,2017-08-01,3924.0
DST:FIKS22:BRANCHE07=K:BELØB=0:SÆSON=EJSÆSON,2017-09-01,3988.0
DST:FIKS22:BRANCHE07=K:BELØB=0:SÆSON=EJSÆSON,2017-10-01,4199.0
DST:FIKS22:BRANCHE07=K:BELØB=0:SÆSON=EJSÆSON,2017-11-01,4438.0
DST:FIKS22:BRANCHE07=K:BELØB=0:SÆSON=EJSÆSON,2017-12-01,5230.0
DST:FIKS22:BRANCHE07=K:BELØB=0:SÆSON=EJSÆSON,2018-01-01,4100.0
DST:FIKS22:BRANCHE07=K:BELØB=0:SÆSON=EJSÆSON,2018-02-01,4100.0
DST:FIKS22:BRANCHE07=K:BELØB=0:SÆSON=EJSÆSON,2018-03-01,4318.0
DST:FIKS22:BRANCHE07=K:BELØB=0:SÆSON=EJSÆSON,2018-04-01,4286.0
DST:FIKS22:BRANCHE07=K:BELØB=0:SÆSON=EJSÆSON,2018-05-01,4591.0
DST:FIKS22:BRANCHE07=K:BELØB=0:SÆSON=EJSÆSON,2018-06-01,4737.0
DST:FIKS22:BRANCHE07=K:BELØB=0:SÆSON=EJSÆSON,2018-07-01,4235.0
DST:FIKS22:BRANCHE07=K:BELØB=0:SÆSON=EJSÆSON,2018-08-01,4009.0
DST:FIKS22:BRANCHE07=K:BELØB=0:SÆSON=EJSÆSON,2018-09-01,3727.0
DST:FIKS22:BRANCHE07=K:BELØB=0:SÆSON=EJSÆSON,2018-10-01,5011.0
DST:FIKS22:BRANCHE07=K:BELØB=0:SÆSON=EJSÆSON,2018-11-01,4753.0
DST:FIKS22:BRANCHE07=K:BELØB=0:SÆSON=EJSÆSON,2018-12-01,5603.0
DST:FIKS22:BRANCHE07=K:BELØB=0:SÆSON=EJSÆSON,2019-01-01,4272.0
DST:FIKS22:BRANCHE07=K:BELØB=0:SÆSON=EJSÆSON,2019-02-01,4152.0
DST:FIKS22:BRANCHE07=K:BELØB=0:SÆSON=EJSÆSON,2019-03-01,5065.0
DST:FIKS22:BRANCHE07=K:BELØB=0:SÆSON=EJSÆSON,2019-04-01,4849.0
DST:FIKS22:BRANCHE07=K:BELØB=0:SÆSON=EJSÆSON,2019-05-01,4913.0
DST:FIKS22:BRANCHE07=K:BELØB=0:SÆSON=EJSÆSON,2019-06-01,4910.0
DST:FIKS22:BRANCHE07=K:BELØB=0:SÆSON=EJSÆSON,2019-07-01,4645.0
DST:FIKS22:BRANCHE07=K:BELØB=0:SÆSON=EJSÆSON,2019-08-01,3947.0
DST:FIKS22:BRANCHE07=K:BELØB=0:SÆSON=EJSÆSON,2019-09-01,4435.0
DST:FIKS22:BRANCHE07=K:BELØB=0:SÆSON=EJSÆSON,2019-10-01,4959.0
DST:FIKS22:BRANCHE07=K:BELØB=0:SÆSON=EJSÆSON,2019-11-01,5509.0
DST:FIKS22:BRANCHE07=K:BELØB=0:SÆSON=EJSÆSON,2019-12-01,5776.0
DST:FIKS22:BRANCHE07=K:BELØB=0:SÆSON=EJSÆSON,2020-01-01,4427.0
DST:FIKS22:BRANCHE07=K:BELØB=0:SÆSON=EJSÆSON,2020-02-01,4267.0
DST:FIKS22:BRANCHE07=K:BELØB=0:SÆSON=EJSÆSON,2020-03-01,4643.0
DST:FIKS22:BRANCHE07=K:BELØB=0:SÆSON=EJSÆSON,2020-04-01,3717.0
DST:FIKS22:BRANCHE07=K:BELØB=0:SÆSON=EJSÆSON,2020-05-01,3446.0
DST:FIKS22:BRANCHE07=K:BELØB=0:SÆSON=EJSÆSON,2020-06-01,4267.0
DST:FIKS22:BRANCHE07=K:BELØB=0:SÆSON=EJSÆSON,2020-07-01,4181.0
DST:FIKS22:BRANCHE07=K:BELØB=0:SÆSON=EJSÆSON,2020-08-01,3742.0
DST:FIKS22:BRANCHE07=K:BELØB=0:SÆSON=EJSÆSON,2020-09-01,4519.0
DST:FIKS22:BRANCHE07=K:BELØB=0:SÆSON=EJSÆSON,2020-10-01,4481.0
DST:FIKS22:BRANCHE07=K:BELØB=0:SÆSON=EJSÆSON,2020-11-01,4302.0
DST:FIKS22:BRANCHE07=K:BELØB=0:SÆSON=EJSÆSON,2020-12-01,5771.0
DST:FIKS22:BRANCHE07=K:BELØB=0:SÆSON=EJSÆSON,2021-01-01,4851.0
DST:FIKS22:BRANCHE07=K:BELØB=0:SÆSON=EJSÆSON,2021-02-01,5232.0
DST:FIKS22:BRANCHE07=K:BELØB=0:SÆSON=EJSÆSON,2021-03-01,7876.0
DST:FIKS22:BRANCHE07=K:BELØB=0:SÆSON=EJSÆSON,2021-04-01,5762.0
DST:FIKS22:BRANCHE07=K:BELØB=0:SÆSON=EJSÆSON,2021-05-01,5702.0
DST:FIKS22:BRANCHE07=K:BELØB=0:SÆSON=EJSÆSON,2021-06-01,6607.0
DST:FIKS22:BRANCHE07=K:BELØB=0:SÆSON=EJSÆSON,2021-07-01,6364.0
DST:FIKS22:BRANCHE07=K:BELØB=0:SÆSON=EJSÆSON,2021-08-01,5014.0
DST:FIKS22:BRANCHE07=K:BELØB=0:SÆSON=EJSÆSON,2021-09-01,5740.0
DST:FIKS22:BRANCHE07=K:BELØB=0:SÆSON=EJSÆSON,2021-10-01,5292.0
DST:FIKS22:BRANCHE07=K:BELØB=0:SÆSON=EJSÆSON,2021-11-01,5800.0
DST:FIKS22:BRANCHE07=K:BELØB=0:SÆSON=EJSÆSON,2021-12-01,6999.0
DST:FIKS22:BRANCHE07=K:BELØB=0:SÆSON=EJSÆSON,2022-01-01,5404.0
DST:FIKS22:BRANCHE07=K:BELØB=0:SÆSON=EJSÆSON,2022-02-01,4996.0
DST:FIKS22:BRANCHE07=K:BELØB=0:SÆSON=EJSÆSON,2022-03-01,6528.0
DST:FIKS22:BRANCHE07=K:BELØB=0:SÆSON=EJSÆSON,2022-04-01,5528.0
DST:FIKS22:BRANCHE07=K:BELØB=0:SÆSON=EJSÆSON,2022-05-01,6092.0
DST:FIKS22:BRANCHE07=K:BELØB=0:SÆSON=EJSÆSON,2022-06-01,7003.0
DST:FIKS22:BRANCHE07=K:BELØB=0:SÆSON=EJSÆSON,2022-07-01,5919.0
DST:FIKS22:BRANCHE07=K:BELØB=0:SÆSON=EJSÆSON,2022-08-01,5444.0
DST:FIKS22:BRANCHE07=K:BELØB=0:SÆSON=EJSÆSON,2022-09-01,6813.0
DST:FIKS22:BRANCHE07=K:BELØB=0:SÆSON=EJSÆSON,2022-10-01,6193.0
DST:FIKS22:BRANCHE07=K:BELØB=0:SÆSON=EJSÆSON,2022-11-01,7266.0
DST:FIKS22:BRANCHE07=K:BELØB=0:SÆSON=EJSÆSON,2022-12-01,9391.0
DST:FIKS22:BRANCHE07=K:BELØB=0:SÆSON=EJSÆSON,2023-01-01,5967.0
DST:FIKS22:BRANCHE07=K:BELØB=0:SÆSON=EJSÆSON,2023-02-01,6009.0
DST:FIKS22:BRANCHE07=K:BELØB=0:SÆSON=EJSÆSON,2023-03-01,8381.0
DST:FIKS22:BRANCHE07=K:BELØB=0:SÆSON=EJSÆSON,2023-04-01,6645.0
DST:FIKS22:BRANCHE07=K:BELØB=0:SÆSON=EJSÆSON,2023-05-01,7412.0
DST:FIKS22:BRANCHE07=K:BELØB=0:SÆSON=EJSÆSON,2023-06-01,9023.0
DST:FIKS22:BRANCHE07=K:BELØB=0:SÆSON=EJSÆSON,2023-07-01,6489.0
DST:FIKS22:BRANCHE07=K:BELØB=0:SÆSON=EJSÆSON,2023-08-01,6610.0
DST:FIKS22:BRANCHE07=K:BELØB=0:SÆSON=EJSÆSON,2023-09-01,6802.0
DST:FIKS22:BRANCHE07=K:BELØB=0:SÆSON=EJSÆSON,2023-10-01,7746.0
DST:FIKS22:BRANCHE07=K:BELØB=0:SÆSON=EJSÆSON,2023-11-01,7870.0
DST:FIKS22:BRANCHE07=K:BELØB=0:SÆSON=EJSÆSON,2023-12-01,8788.0
DST:FIKS22:BRANCHE07=K:BELØB=0:SÆSON=EJSÆSON,2024-01-01,5656.0
DST:FIKS22:BRANCHE07=K:BELØB=0:SÆSON=EJSÆSON,2024-02-01,5684.0
DST:FIKS22:BRANCHE07=K:BELØB=0:SÆSON=EJSÆSON,2024-03-01,7690.0
DST:FIKS22:BRANCHE07=K:BELØB=0:SÆSON=EJSÆSON,2024-04-01,7770.0
DST:FIKS22:BRANCHE07=K:BELØB=0:SÆSON=EJSÆSON,2024-05-01,8036.0
DST:FIKS22:BRANCHE07=K:BELØB=0:SÆSON=EJSÆSON,2024-06-01,8918.0
DST:FIKS22:BRANCHE07=K:BELØB=0:SÆSON=EJSÆSON,2024-07-01,7327.0
DST:FIKS22:BRANCHE07=K:BELØB=0:SÆSON=EJSÆSON,2024-08-01,6505.0
DST:FIKS22:BRANCHE07=K:BELØB=0:SÆSON=EJSÆSON,2024-09-01,8028.0
DST:FIKS22:BRANCHE07=K:BELØB=0:SÆSON=EJSÆSON,2024-10-01,8881.0
DST:FIKS22:BRANCHE07=K:BELØB=0:SÆSON=EJSÆSON,2024-11-01,8289.0
DST:FIKS22:BRANCHE07=K:BELØB=0:SÆSON=EJSÆSON,2024-12-01,8728.0
DST:FIKS22:BRANCHE07=K:BELØB=0:SÆSON=EJSÆSON,2025-01-01,7730.0
DST:FIKS22:BRANCHE07=K:BELØB=0:SÆSON=EJSÆSON,2025-02-01,7172.0
DST:FIKS22:BRANCHE07=K:BELØB=0:SÆSON=EJSÆSON,2025-03-01,8594.0
DST:FIKS22:BRANCHE07=K:BELØB=0:SÆSON=EJSÆSON,2025-04-01,8686.0
DST:FIKS22:BRANCHE07=K:BELØB=0:SÆSON=EJSÆSON,2025-05-01,9372.0
DST:FIKS22:BRANCHE07=K:BELØB=0:SÆSON=EJSÆSON,2025-06-01,10252.0
DST:FIKS22:BRANCHE07=K:BELØB=0:SÆSON=EJSÆSON,2025-07-01,8363.0
DST:FIKS22:BRANCHE07=K:BELØB=0:SÆSON=EJSÆSON,2025-08-01,7127.0
DST:FIKS22:BRANCHE07=K:BELØB=0:SÆSON=EJSÆSON,2025-09-01,9843.0
DST:FIKS22:BRANCHE07=K:BELØB=0:SÆSON=EJSÆSON,2025-10-01,10236.0
DST:FIKS22:BRANCHE07=K:BELØB=0:SÆSON=EJSÆSON,2025-11-01,8888.0
DST:FIKS22:BRANCHE07=K:BELØB=0:SÆSON=EJSÆSON,2025-12-01,10809.0
DST:FIKS22:BRANCHE07=K:BELØB=0:SÆSON=EJSÆSON,2026-01-01,6741.0
DST:FIKS22:BRANCHE07=K:BELØB=0:SÆSON=EJSÆSON,2026-02-01,7337.0
DST:FIKS22:BRANCHE07=K:BELØB=0:SÆSON=EJSÆSON,2026-03-01,8588.0
DST:FIKS22:BRANCHE07=K:BELØB=0:SÆSON=SÆSON,2009-01-01,2769.0
DST:FIKS22:BRANCHE07=K:BELØB=0:SÆSON=SÆSON,2009-02-01,2810.0
DST:FIKS22:BRANCHE07=K:BELØB=0:SÆSON=SÆSON,2009-03-01,2558.0
DST:FIKS22:BRANCHE07=K:BELØB=0:SÆSON=SÆSON,2009-04-01,2685.0
DST:FIKS22:BRANCHE07=K:BELØB=0:SÆSON=SÆSON,2009-05-01,2747.0
DST:FIKS22:BRANCHE07=K:BELØB=0:SÆSON=SÆSON,2009-06-01,2584.0
DST:FIKS22:BRANCHE07=K:BELØB=0:SÆSON=SÆSON,2009-07-01,2540.0
DST:FIKS22:BRANCHE07=K:BELØB=0:SÆSON=SÆSON,2009-08-01,2810.0
DST:FIKS22:BRANCHE07=K:BELØB=0:SÆSON=SÆSON,2009-09-01,2546.0
DST:FIKS22:BRANCHE07=K:BELØB=0:SÆSON=SÆSON,2009-10-01,2383.0
DST:FIKS22:BRANCHE07=K:BELØB=0:SÆSON=SÆSON,2009-11-01,2581.0
DST:FIKS22:BRANCHE07=K:BELØB=0:SÆSON=SÆSON,2009-12-01,2466.0
DST:FIKS22:BRANCHE07=K:BELØB=0:SÆSON=SÆSON,2010-01-01,2847.0
DST:FIKS22:BRANCHE07=K:BELØB=0:SÆSON=SÆSON,2010-02-01,2667.0
DST:FIKS22:BRANCHE07=K:BELØB=0:SÆSON=SÆSON,2010-03-01,2904.0
DST:FIKS22:BRANCHE07=K:BELØB=0:SÆSON=SÆSON,2010-04-01,2746.0
DST:FIKS22:BRANCHE07=K:BELØB=0:SÆSON=SÆSON,2010-05-01,2597.0
DST:FIKS22:BRANCHE07=K:BELØB=0:SÆSON=SÆSON,2010-06-01,2694.0
DST:FIKS22:BRANCHE07=K:BELØB=0:SÆSON=SÆSON,2010-07-01,2767.0
DST:FIKS22:BRANCHE07=K:BELØB=0:SÆSON=SÆSON,2010-08-01,3012.0
DST:FIKS22:BRANCHE07=K:BELØB=0:SÆSON=SÆSON,2010-09-01,3138.0
DST:FIKS22:BRANCHE07=K:BELØB=0:SÆSON=SÆSON,2010-10-01,3083.0
DST:FIKS22:BRANCHE07=K:BELØB=0:SÆSON=SÆSON,2010-11-01,2983.0
DST:FIKS22:BRANCHE07=K:BELØB=0:SÆSON=SÆSON,2010-12-01,3094.0
DST:FIKS22:BRANCHE07=K:BELØB=0:SÆSON=SÆSON,2011-01-01,2737.0
DST:FIKS22:BRANCHE07=K:BELØB=0:SÆSON=SÆSON,2011-02-01,2995.0
DST:FIKS22:BRANCHE07=K:BELØB=0:SÆSON=SÆSON,2011-03-01,2890.0
DST:FIKS22:BRANCHE07=K:BELØB=0:SÆSON=SÆSON,2011-04-01,2776.0
DST:FIKS22:BRANCHE07=K:BELØB=0:SÆSON=SÆSON,2011-05-01,3169.0
DST:FIKS22:BRANCHE07=K:BELØB=0:SÆSON=SÆSON,2011-06-01,3218.0
DST:FIKS22:BRANCHE07=K:BELØB=0:SÆSON=SÆSON,2011-07-01,3202.0
DST:FIKS22:BRANCHE07=K:BELØB=0:SÆSON=SÆSON,2011-08-01,2915.0
DST:FIKS22:BRANCHE07=K:BELØB=0:SÆSON=SÆSON,2011-09-01,3141.0
DST:FIKS22:BRANCHE07=K:BELØB=0:SÆSON=SÆSON,2011-10-01,3109.0
DST:FIKS22:BRANCHE07=K:BELØB=0:SÆSON=SÆSON,2011-11-01,3098.0
DST:FIKS22:BRANCHE07=K:BELØB=0:SÆSON=SÆSON,2011-12-01,3063.0
DST:FIKS22:BRANCHE07=K:BELØB=0:SÆSON=SÆSON,2012-01-01,3194.0
DST:FIKS22:BRANCHE07=K:BELØB=0:SÆSON=SÆSON,2012-02-01,3007.0
DST:FIKS22:BRANCHE07=K:BELØB=0:SÆSON=SÆSON,2012-03-01,3193.0
DST:FIKS22:BRANCHE07=K:BELØB=0:SÆSON=SÆSON,2012-04-01,2990.0
DST:FIKS22:BRANCHE07=K:BELØB=0:SÆSON=SÆSON,2012-05-01,2800.0
DST:FIKS22:BRANCHE07=K:BELØB=0:SÆSON=SÆSON,2012-06-01,2737.0
DST:FIKS22:BRANCHE07=K:BELØB=0:SÆSON=SÆSON,2012-07-01,3155.0
DST:FIKS22:BRANCHE07=K:BELØB=0:SÆSON=SÆSON,2012-08-01,2597.0
DST:FIKS22:BRANCHE07=K:BELØB=0:SÆSON=SÆSON,2012-09-01,2470.0
DST:FIKS22:BRANCHE07=K:BELØB=0:SÆSON=SÆSON,2012-10-01,2750.0
DST:FIKS22:BRANCHE07=K:BELØB=0:SÆSON=SÆSON,2012-11-01,2562.0
DST:FIKS22:BRANCHE07=K:BELØB=0:SÆSON=SÆSON,2012-12-01,2734.0
DST:FIKS22:BRANCHE07=K:BELØB=0:SÆSON=SÆSON,2013-01-01,2731.0
DST:FIKS22:BRANCHE07=K:BELØB=0:SÆSON=SÆSON,2013-02-01,2656.0
DST:FIKS22:BRANCHE07=K:BELØB=0:SÆSON=SÆSON,2013-03-01,2622.0
DST:FIKS22:BRANCHE07=K:BELØB=0:SÆSON=SÆSON,2013-04-01,2728.0
DST:FIKS22:BRANCHE07=K:BELØB=0:SÆSON=SÆSON,2013-05-01,2795.0
DST:FIKS22:BRANCHE07=K:BELØB=0:SÆSON=SÆSON,2013-06-01,2653.0
DST:FIKS22:BRANCHE07=K:BELØB=0:SÆSON=SÆSON,2013-07-01,2882.0
DST:FIKS22:BRANCHE07=K:BELØB=0:SÆSON=SÆSON,2013-08-01,2920.0
DST:FIKS22:BRANCHE07=K:BELØB=0:SÆSON=SÆSON,2013-09-01,2829.0
DST:FIKS22:BRANCHE07=K:BELØB=0:SÆSON=SÆSON,2013-10-01,2848.0
DST:FIKS22:BRANCHE07=K:BELØB=0:SÆSON=SÆSON,2013-11-01,2967.0
DST:FIKS22:BRANCHE07=K:BELØB=0:SÆSON=SÆSON,2013-12-01,2973.0
DST:FIKS22:BRANCHE07=K:BELØB=0:SÆSON=SÆSON,2014-01-01,2834.0
DST:FIKS22:BRANCHE07=K:BELØB=0:SÆSON=SÆSON,2014-02-01,2872.0
DST:FIKS22:BRANCHE07=K:BELØB=0:SÆSON=SÆSON,2014-03-01,2824.0
DST:FIKS22:BRANCHE07=K:BELØB=0:SÆSON=SÆSON,2014-04-01,3097.0
DST:FIKS22:BRANCHE07=K:BELØB=0:SÆSON=SÆSON,2014-05-01,2833.0
DST:FIKS22:BRANCHE07=K:BELØB=0:SÆSON=SÆSON,2014-06-01,3323.0
DST:FIKS22:BRANCHE07=K:BELØB=0:SÆSON=SÆSON,2014-07-01,3291.0
DST:FIKS22:BRANCHE07=K:BELØB=0:SÆSON=SÆSON,2014-08-01,3450.0
DST:FIKS22:BRANCHE07=K:BELØB=0:SÆSON=SÆSON,2014-09-01,3350.0
DST:FIKS22:BRANCHE07=K:BELØB=0:SÆSON=SÆSON,2014-10-01,3407.0
DST:FIKS22:BRANCHE07=K:BELØB=0:SÆSON=SÆSON,2014-11-01,3503.0
DST:FIKS22:BRANCHE07=K:BELØB=0:SÆSON=SÆSON,2014-12-01,2973.0
DST:FIKS22:BRANCHE07=K:BELØB=0:SÆSON=SÆSON,2015-01-01,3470.0
DST:FIKS22:BRANCHE07=K:BELØB=0:SÆSON=SÆSON,2015-02-01,3474.0
DST:FIKS22:BRANCHE07=K:BELØB=0:SÆSON=SÆSON,2015-03-01,3548.0
DST:FIKS22:BRANCHE07=K:BELØB=0:SÆSON=SÆSON,2015-04-01,3582.0
DST:FIKS22:BRANCHE07=K:BELØB=0:SÆSON=SÆSON,2015-05-01,3447.0
DST:FIKS22:BRANCHE07=K:BELØB=0:SÆSON=SÆSON,2015-06-01,3595.0
DST:FIKS22:BRANCHE07=K:BELØB=0:SÆSON=SÆSON,2015-07-01,3372.0
DST:FIKS22:BRANCHE07=K:BELØB=0:SÆSON=SÆSON,2015-08-01,3435.0
DST:FIKS22:BRANCHE07=K:BELØB=0:SÆSON=SÆSON,2015-09-01,4257.0
DST:FIKS22:BRANCHE07=K:BELØB=0:SÆSON=SÆSON,2015-10-01,3551.0
DST:FIKS22:BRANCHE07=K:BELØB=0:SÆSON=SÆSON,2015-11-01,3738.0
DST:FIKS22:BRANCHE07=K:BELØB=0:SÆSON=SÆSON,2015-12-01,3871.0
DST:FIKS22:BRANCHE07=K:BELØB=0:SÆSON=SÆSON,2016-01-01,4251.0
DST:FIKS22:BRANCHE07=K:BELØB=0:SÆSON=SÆSON,2016-02-01,4312.0
DST:FIKS22:BRANCHE07=K:BELØB=0:SÆSON=SÆSON,2016-03-01,4341.0
DST:FIKS22:BRANCHE07=K:BELØB=0:SÆSON=SÆSON,2016-04-01,4081.0
DST:FIKS22:BRANCHE07=K:BELØB=0:SÆSON=SÆSON,2016-05-01,4239.0
DST:FIKS22:BRANCHE07=K:BELØB=0:SÆSON=SÆSON,2016-06-01,4208.0
DST:FIKS22:BRANCHE07=K:BELØB=0:SÆSON=SÆSON,2016-07-01,4012.0
DST:FIKS22:BRANCHE07=K:BELØB=0:SÆSON=SÆSON,2016-08-01,3919.0
DST:FIKS22:BRANCHE07=K:BELØB=0:SÆSON=SÆSON,2016-09-01,4082.0
DST:FIKS22:BRANCHE07=K:BELØB=0:SÆSON=SÆSON,2016-10-01,4470.0
DST:FIKS22:BRANCHE07=K:BELØB=0:SÆSON=SÆSON,2016-11-01,4092.0
DST:FIKS22:BRANCHE07=K:BELØB=0:SÆSON=SÆSON,2016-12-01,3983.0
DST:FIKS22:BRANCHE07=K:BELØB=0:SÆSON=SÆSON,2017-01-01,3930.0
DST:FIKS22:BRANCHE07=K:BELØB=0:SÆSON=SÆSON,2017-02-01,3863.0
DST:FIKS22:BRANCHE07=K:BELØB=0:SÆSON=SÆSON,2017-03-01,4110.0
DST:FIKS22:BRANCHE07=K:BELØB=0:SÆSON=SÆSON,2017-04-01,4165.0
DST:FIKS22:BRANCHE07=K:BELØB=0:SÆSON=SÆSON,2017-05-01,4466.0
DST:FIKS22:BRANCHE07=K:BELØB=0:SÆSON=SÆSON,2017-06-01,4484.0
DST:FIKS22:BRANCHE07=K:BELØB=0:SÆSON=SÆSON,2017-07-01,4683.0
DST:FIKS22:BRANCHE07=K:BELØB=0:SÆSON=SÆSON,2017-08-01,4519.0
DST:FIKS22:BRANCHE07=K:BELØB=0:SÆSON=SÆSON,2017-09-01,4323.0
DST:FIKS22:BRANCHE07=K:BELØB=0:SÆSON=SÆSON,2017-10-01,4065.0
DST:FIKS22:BRANCHE07=K:BELØB=0:SÆSON=SÆSON,2017-11-01,4341.0
DST:FIKS22:BRANCHE07=K:BELØB=0:SÆSON=SÆSON,2017-12-01,4335.0
DST:FIKS22:BRANCHE07=K:BELØB=0:SÆSON=SÆSON,2018-01-01,4318.0
DST:FIKS22:BRANCHE07=K:BELØB=0:SÆSON=SÆSON,2018-02-01,4688.0
DST:FIKS22:BRANCHE07=K:BELØB=0:SÆSON=SÆSON,2018-03-01,4303.0
DST:FIKS22:BRANCHE07=K:BELØB=0:SÆSON=SÆSON,2018-04-01,4441.0
DST:FIKS22:BRANCHE07=K:BELØB=0:SÆSON=SÆSON,2018-05-01,4403.0
DST:FIKS22:BRANCHE07=K:BELØB=0:SÆSON=SÆSON,2018-06-01,4329.0
DST:FIKS22:BRANCHE07=K:BELØB=0:SÆSON=SÆSON,2018-07-01,4420.0
DST:FIKS22:BRANCHE07=K:BELØB=0:SÆSON=SÆSON,2018-08-01,4561.0
DST:FIKS22:BRANCHE07=K:BELØB=0:SÆSON=SÆSON,2018-09-01,4125.0
DST:FIKS22:BRANCHE07=K:BELØB=0:SÆSON=SÆSON,2018-10-01,4727.0
DST:FIKS22:BRANCHE07=K:BELØB=0:SÆSON=SÆSON,2018-11-01,4593.0
DST:FIKS22:BRANCHE07=K:BELØB=0:SÆSON=SÆSON,2018-12-01,4718.0
DST:FIKS22:BRANCHE07=K:BELØB=0:SÆSON=SÆSON,2019-01-01,4600.0
DST:FIKS22:BRANCHE07=K:BELØB=0:SÆSON=SÆSON,2019-02-01,4682.0
DST:FIKS22:BRANCHE07=K:BELØB=0:SÆSON=SÆSON,2019-03-01,4827.0
DST:FIKS22:BRANCHE07=K:BELØB=0:SÆSON=SÆSON,2019-04-01,5044.0
DST:FIKS22:BRANCHE07=K:BELØB=0:SÆSON=SÆSON,2019-05-01,4784.0
DST:FIKS22:BRANCHE07=K:BELØB=0:SÆSON=SÆSON,2019-06-01,4840.0
DST:FIKS22:BRANCHE07=K:BELØB=0:SÆSON=SÆSON,2019-07-01,4693.0
DST:FIKS22:BRANCHE07=K:BELØB=0:SÆSON=SÆSON,2019-08-01,4561.0
DST:FIKS22:BRANCHE07=K:BELØB=0:SÆSON=SÆSON,2019-09-01,4689.0
DST:FIKS22:BRANCHE07=K:BELØB=0:SÆSON=SÆSON,2019-10-01,4685.0
DST:FIKS22:BRANCHE07=K:BELØB=0:SÆSON=SÆSON,2019-11-01,5452.0
DST:FIKS22:BRANCHE07=K:BELØB=0:SÆSON=SÆSON,2019-12-01,4668.0
DST:FIKS22:BRANCHE07=K:BELØB=0:SÆSON=SÆSON,2020-01-01,4848.0
DST:FIKS22:BRANCHE07=K:BELØB=0:SÆSON=SÆSON,2020-02-01,4751.0
DST:FIKS22:BRANCHE07=K:BELØB=0:SÆSON=SÆSON,2020-03-01,4308.0
DST:FIKS22:BRANCHE07=K:BELØB=0:SÆSON=SÆSON,2020-04-01,3859.0
DST:FIKS22:BRANCHE07=K:BELØB=0:SÆSON=SÆSON,2020-05-01,3582.0
DST:FIKS22:BRANCHE07=K:BELØB=0:SÆSON=SÆSON,2020-06-01,3990.0
DST:FIKS22:BRANCHE07=K:BELØB=0:SÆSON=SÆSON,2020-07-01,4208.0
DST:FIKS22:BRANCHE07=K:BELØB=0:SÆSON=SÆSON,2020-08-01,4502.0
DST:FIKS22:BRANCHE07=K:BELØB=0:SÆSON=SÆSON,2020-09-01,4481.0
DST:FIKS22:BRANCHE07=K:BELØB=0:SÆSON=SÆSON,2020-10-01,4389.0
DST:FIKS22:BRANCHE07=K:BELØB=0:SÆSON=SÆSON,2020-11-01,4291.0
DST:FIKS22:BRANCHE07=K:BELØB=0:SÆSON=SÆSON,2020-12-01,4385.0
DST:FIKS22:BRANCHE07=K:BELØB=0:SÆSON=SÆSON,2021-01-01,5826.0
DST:FIKS22:BRANCHE07=K:BELØB=0:SÆSON=SÆSON,2021-02-01,5939.0
DST:FIKS22:BRANCHE07=K:BELØB=0:SÆSON=SÆSON,2021-03-01,7064.0
DST:FIKS22:BRANCHE07=K:BELØB=0:SÆSON=SÆSON,2021-04-01,6189.0
DST:FIKS22:BRANCHE07=K:BELØB=0:SÆSON=SÆSON,2021-05-01,5922.0
DST:FIKS22:BRANCHE07=K:BELØB=0:SÆSON=SÆSON,2021-06-01,5714.0
DST:FIKS22:BRANCHE07=K:BELØB=0:SÆSON=SÆSON,2021-07-01,6639.0
DST:FIKS22:BRANCHE07=K:BELØB=0:SÆSON=SÆSON,2021-08-01,5837.0
DST:FIKS22:BRANCHE07=K:BELØB=0:SÆSON=SÆSON,2021-09-01,5600.0
DST:FIKS22:BRANCHE07=K:BELØB=0:SÆSON=SÆSON,2021-10-01,5367.0
DST:FIKS22:BRANCHE07=K:BELØB=0:SÆSON=SÆSON,2021-11-01,5536.0
DST:FIKS22:BRANCHE07=K:BELØB=0:SÆSON=SÆSON,2021-12-01,5110.0
DST:FIKS22:BRANCHE07=K:BELØB=0:SÆSON=SÆSON,2022-01-01,6519.0
DST:FIKS22:BRANCHE07=K:BELØB=0:SÆSON=SÆSON,2022-02-01,5768.0
DST:FIKS22:BRANCHE07=K:BELØB=0:SÆSON=SÆSON,2022-03-01,5827.0
DST:FIKS22:BRANCHE07=K:BELØB=0:SÆSON=SÆSON,2022-04-01,5863.0
DST:FIKS22:BRANCHE07=K:BELØB=0:SÆSON=SÆSON,2022-05-01,6145.0
DST:FIKS22:BRANCHE07=K:BELØB=0:SÆSON=SÆSON,2022-06-01,6093.0
DST:FIKS22:BRANCHE07=K:BELØB=0:SÆSON=SÆSON,2022-07-01,6453.0
DST:FIKS22:BRANCHE07=K:BELØB=0:SÆSON=SÆSON,2022-08-01,6190.0
DST:FIKS22:BRANCHE07=K:BELØB=0:SÆSON=SÆSON,2022-09-01,6505.0
DST:FIKS22:BRANCHE07=K:BELØB=0:SÆSON=SÆSON,2022-10-01,6303.0
DST:FIKS22:BRANCHE07=K:BELØB=0:SÆSON=SÆSON,2022-11-01,6872.0
DST:FIKS22:BRANCHE07=K:BELØB=0:SÆSON=SÆSON,2022-12-01,7254.0
DST:FIKS22:BRANCHE07=K:BELØB=0:SÆSON=SÆSON,2023-01-01,7114.0
DST:FIKS22:BRANCHE07=K:BELØB=0:SÆSON=SÆSON,2023-02-01,7023.0
DST:FIKS22:BRANCHE07=K:BELØB=0:SÆSON=SÆSON,2023-03-01,7551.0
DST:FIKS22:BRANCHE07=K:BELØB=0:SÆSON=SÆSON,2023-04-01,7298.0
DST:FIKS22:BRANCHE07=K:BELØB=0:SÆSON=SÆSON,2023-05-01,7376.0
DST:FIKS22:BRANCHE07=K:BELØB=0:SÆSON=SÆSON,2023-06-01,7621.0
DST:FIKS22:BRANCHE07=K:BELØB=0:SÆSON=SÆSON,2023-07-01,7213.0
DST:FIKS22:BRANCHE07=K:BELØB=0:SÆSON=SÆSON,2023-08-01,7547.0
DST:FIKS22:BRANCHE07=K:BELØB=0:SÆSON=SÆSON,2023-09-01,6631.0
DST:FIKS22:BRANCHE07=K:BELØB=0:SÆSON=SÆSON,2023-10-01,7513.0
DST:FIKS22:BRANCHE07=K:BELØB=0:SÆSON=SÆSON,2023-11-01,7457.0
DST:FIKS22:BRANCHE07=K:BELØB=0:SÆSON=SÆSON,2023-12-01,7337.0
DST:FIKS22:BRANCHE07=K:BELØB=0:SÆSON=SÆSON,2024-01-01,6845.0
DST:FIKS22:BRANCHE07=K:BELØB=0:SÆSON=SÆSON,2024-02-01,6448.0
DST:FIKS22:BRANCHE07=K:BELØB=0:SÆSON=SÆSON,2024-03-01,8058.0
DST:FIKS22:BRANCHE07=K:BELØB=0:SÆSON=SÆSON,2024-04-01,7676.0
DST:FIKS22:BRANCHE07=K:BELØB=0:SÆSON=SÆSON,2024-05-01,7574.0
DST:FIKS22:BRANCHE07=K:BELØB=0:SÆSON=SÆSON,2024-06-01,7945.0
DST:FIKS22:BRANCHE07=K:BELØB=0:SÆSON=SÆSON,2024-07-01,7693.0
DST:FIKS22:BRANCHE07=K:BELØB=0:SÆSON=SÆSON,2024-08-01,7707.0
DST:FIKS22:BRANCHE07=K:BELØB=0:SÆSON=SÆSON,2024-09-01,7907.0
DST:FIKS22:BRANCHE07=K:BELØB=0:SÆSON=SÆSON,2024-10-01,8152.0
DST:FIKS22:BRANCHE07=K:BELØB=0:SÆSON=SÆSON,2024-11-01,8016.0
DST:FIKS22:BRANCHE07=K:BELØB=0:SÆSON=SÆSON,2024-12-01,7184.0
DST:FIKS22:BRANCHE07=K:BELØB=0:SÆSON=SÆSON,2025-01-01,9416.0
DST:FIKS22:BRANCHE07=K:BELØB=0:SÆSON=SÆSON,2025-02-01,8559.0
DST:FIKS22:BRANCHE07=K:BELØB=0:SÆSON=SÆSON,2025-03-01,8548.0
DST:FIKS22:BRANCHE07=K:BELØB=0:SÆSON=SÆSON,2025-04-01,8856.0
DST:FIKS22:BRANCHE07=K:BELØB=0:SÆSON=SÆSON,2025-05-01,9151.0
DST:FIKS22:BRANCHE07=K:BELØB=0:SÆSON=SÆSON,2025-06-01,9083.0
DST:FIKS22:BRANCHE07=K:BELØB=0:SÆSON=SÆSON,2025-07-01,8756.0
DST:FIKS22:BRANCHE07=K:BELØB=0:SÆSON=SÆSON,2025-08-01,8771.0
DST:FIKS22:BRANCHE07=K:BELØB=0:SÆSON=SÆSON,2025-09-01,9304.0
DST:FIKS22:BRANCHE07=K:BELØB=0:SÆSON=SÆSON,2025-10-01,9269.0
DST:FIKS22:BRANCHE07=K:BELØB=0:SÆSON=SÆSON,2025-11-01,8941.0
DST:FIKS22:BRANCHE07=K:BELØB=0:SÆSON=SÆSON,2025-12-01,8741.0
DST:FIKS22:BRANCHE07=K:BELØB=0:SÆSON=SÆSON,2026-01-01,8479.0
DST:FIKS22:BRANCHE07=K:BELØB=0:SÆSON=SÆSON,2026-02-01,8794.0
DST:FIKS22:BRANCHE07=K:BELØB=0:SÆSON=SÆSON,2026-03-01,8334.0
DST:FIKS22:BRANCHE07=K:BELØB=1:SÆSON=EJSÆSON,2009-01-01,4853.0
DST:FIKS22:BRANCHE07=K:BELØB=1:SÆSON=EJSÆSON,2009-02-01,3269.0
DST:FIKS22:BRANCHE07=K:BELØB=1:SÆSON=EJSÆSON,2009-03-01,3728.0
DST:FIKS22:BRANCHE07=K:BELØB=1:SÆSON=EJSÆSON,2009-04-01,4037.0
DST:FIKS22:BRANCHE07=K:BELØB=1:SÆSON=EJSÆSON,2009-05-01,3776.0
DST:FIKS22:BRANCHE07=K:BELØB=1:SÆSON=EJSÆSON,2009-06-01,4051.0
DST:FIKS22:BRANCHE07=K:BELØB=1:SÆSON=EJSÆSON,2009-07-01,4032.0
DST:FIKS22:BRANCHE07=K:BELØB=1:SÆSON=EJSÆSON,2009-08-01,3219.0
DST:FIKS22:BRANCHE07=K:BELØB=1:SÆSON=EJSÆSON,2009-09-01,3870.0
DST:FIKS22:BRANCHE07=K:BELØB=1:SÆSON=EJSÆSON,2009-10-01,4242.0
DST:FIKS22:BRANCHE07=K:BELØB=1:SÆSON=EJSÆSON,2009-11-01,3134.0
DST:FIKS22:BRANCHE07=K:BELØB=1:SÆSON=EJSÆSON,2009-12-01,4740.0
DST:FIKS22:BRANCHE07=K:BELØB=1:SÆSON=EJSÆSON,2010-01-01,4659.0
DST:FIKS22:BRANCHE07=K:BELØB=1:SÆSON=EJSÆSON,2010-02-01,3050.0
DST:FIKS22:BRANCHE07=K:BELØB=1:SÆSON=EJSÆSON,2010-03-01,4098.0
DST:FIKS22:BRANCHE07=K:BELØB=1:SÆSON=EJSÆSON,2010-04-01,4053.0
DST:FIKS22:BRANCHE07=K:BELØB=1:SÆSON=EJSÆSON,2010-05-01,3415.0
DST:FIKS22:BRANCHE07=K:BELØB=1:SÆSON=EJSÆSON,2010-06-01,3971.0
DST:FIKS22:BRANCHE07=K:BELØB=1:SÆSON=EJSÆSON,2010-07-01,4132.0
DST:FIKS22:BRANCHE07=K:BELØB=1:SÆSON=EJSÆSON,2010-08-01,3173.0
DST:FIKS22:BRANCHE07=K:BELØB=1:SÆSON=EJSÆSON,2010-09-01,4091.0
DST:FIKS22:BRANCHE07=K:BELØB=1:SÆSON=EJSÆSON,2010-10-01,4376.0
DST:FIKS22:BRANCHE07=K:BELØB=1:SÆSON=EJSÆSON,2010-11-01,3956.0
DST:FIKS22:BRANCHE07=K:BELØB=1:SÆSON=EJSÆSON,2010-12-01,4926.0
DST:FIKS22:BRANCHE07=K:BELØB=1:SÆSON=EJSÆSON,2011-01-01,4921.0
DST:FIKS22:BRANCHE07=K:BELØB=1:SÆSON=EJSÆSON,2011-02-01,3302.0
DST:FIKS22:BRANCHE07=K:BELØB=1:SÆSON=EJSÆSON,2011-03-01,4206.0
DST:FIKS22:BRANCHE07=K:BELØB=1:SÆSON=EJSÆSON,2011-04-01,4367.0
DST:FIKS22:BRANCHE07=K:BELØB=1:SÆSON=EJSÆSON,2011-05-01,4046.0
DST:FIKS22:BRANCHE07=K:BELØB=1:SÆSON=EJSÆSON,2011-06-01,4173.0
DST:FIKS22:BRANCHE07=K:BELØB=1:SÆSON=EJSÆSON,2011-07-01,4377.0
DST:FIKS22:BRANCHE07=K:BELØB=1:SÆSON=EJSÆSON,2011-08-01,3227.0
DST:FIKS22:BRANCHE07=K:BELØB=1:SÆSON=EJSÆSON,2011-09-01,4144.0
DST:FIKS22:BRANCHE07=K:BELØB=1:SÆSON=EJSÆSON,2011-10-01,4506.0
DST:FIKS22:BRANCHE07=K:BELØB=1:SÆSON=EJSÆSON,2011-11-01,3637.0
DST:FIKS22:BRANCHE07=K:BELØB=1:SÆSON=EJSÆSON,2011-12-01,4782.0
DST:FIKS22:BRANCHE07=K:BELØB=1:SÆSON=EJSÆSON,2012-01-01,4830.0
DST:FIKS22:BRANCHE07=K:BELØB=1:SÆSON=EJSÆSON,2012-02-01,3361.0
DST:FIKS22:BRANCHE07=K:BELØB=1:SÆSON=EJSÆSON,2012-03-01,4047.0
DST:FIKS22:BRANCHE07=K:BELØB=1:SÆSON=EJSÆSON,2012-04-01,4170.0
DST:FIKS22:BRANCHE07=K:BELØB=1:SÆSON=EJSÆSON,2012-05-01,3464.0
DST:FIKS22:BRANCHE07=K:BELØB=1:SÆSON=EJSÆSON,2012-06-01,4204.0
DST:FIKS22:BRANCHE07=K:BELØB=1:SÆSON=EJSÆSON,2012-07-01,4087.0
DST:FIKS22:BRANCHE07=K:BELØB=1:SÆSON=EJSÆSON,2012-08-01,3128.0
DST:FIKS22:BRANCHE07=K:BELØB=1:SÆSON=EJSÆSON,2012-09-01,3690.0
DST:FIKS22:BRANCHE07=K:BELØB=1:SÆSON=EJSÆSON,2012-10-01,4287.0
DST:FIKS22:BRANCHE07=K:BELØB=1:SÆSON=EJSÆSON,2012-11-01,3317.0
DST:FIKS22:BRANCHE07=K:BELØB=1:SÆSON=EJSÆSON,2012-12-01,4552.0
DST:FIKS22:BRANCHE07=K:BELØB=1:SÆSON=EJSÆSON,2013-01-01,4509.0
DST:FIKS22:BRANCHE07=K:BELØB=1:SÆSON=EJSÆSON,2013-02-01,3006.0
DST:FIKS22:BRANCHE07=K:BELØB=1:SÆSON=EJSÆSON,2013-03-01,3520.0
DST:FIKS22:BRANCHE07=K:BELØB=1:SÆSON=EJSÆSON,2013-04-01,4384.0
DST:FIKS22:BRANCHE07=K:BELØB=1:SÆSON=EJSÆSON,2013-05-01,3390.0
DST:FIKS22:BRANCHE07=K:BELØB=1:SÆSON=EJSÆSON,2013-06-01,4010.0
DST:FIKS22:BRANCHE07=K:BELØB=1:SÆSON=EJSÆSON,2013-07-01,4128.0
DST:FIKS22:BRANCHE07=K:BELØB=1:SÆSON=EJSÆSON,2013-08-01,3019.0
DST:FIKS22:BRANCHE07=K:BELØB=1:SÆSON=EJSÆSON,2013-09-01,3843.0
DST:FIKS22:BRANCHE07=K:BELØB=1:SÆSON=EJSÆSON,2013-10-01,4461.0
DST:FIKS22:BRANCHE07=K:BELØB=1:SÆSON=EJSÆSON,2013-11-01,3374.0
DST:FIKS22:BRANCHE07=K:BELØB=1:SÆSON=EJSÆSON,2013-12-01,4773.0
DST:FIKS22:BRANCHE07=K:BELØB=1:SÆSON=EJSÆSON,2014-01-01,4962.0
DST:FIKS22:BRANCHE07=K:BELØB=1:SÆSON=EJSÆSON,2014-02-01,3255.0
DST:FIKS22:BRANCHE07=K:BELØB=1:SÆSON=EJSÆSON,2014-03-01,3748.0
DST:FIKS22:BRANCHE07=K:BELØB=1:SÆSON=EJSÆSON,2014-04-01,4621.0
DST:FIKS22:BRANCHE07=K:BELØB=1:SÆSON=EJSÆSON,2014-05-01,3451.0
DST:FIKS22:BRANCHE07=K:BELØB=1:SÆSON=EJSÆSON,2014-06-01,4124.0
DST:FIKS22:BRANCHE07=K:BELØB=1:SÆSON=EJSÆSON,2014-07-01,4678.0
DST:FIKS22:BRANCHE07=K:BELØB=1:SÆSON=EJSÆSON,2014-08-01,3483.0
DST:FIKS22:BRANCHE07=K:BELØB=1:SÆSON=EJSÆSON,2014-09-01,4124.0
DST:FIKS22:BRANCHE07=K:BELØB=1:SÆSON=EJSÆSON,2014-10-01,4714.0
DST:FIKS22:BRANCHE07=K:BELØB=1:SÆSON=EJSÆSON,2014-11-01,3869.0
DST:FIKS22:BRANCHE07=K:BELØB=1:SÆSON=EJSÆSON,2014-12-01,4936.0
DST:FIKS22:BRANCHE07=K:BELØB=1:SÆSON=EJSÆSON,2015-01-01,5141.0
DST:FIKS22:BRANCHE07=K:BELØB=1:SÆSON=EJSÆSON,2015-02-01,3547.0
DST:FIKS22:BRANCHE07=K:BELØB=1:SÆSON=EJSÆSON,2015-03-01,4300.0
DST:FIKS22:BRANCHE07=K:BELØB=1:SÆSON=EJSÆSON,2015-04-01,5100.0
DST:FIKS22:BRANCHE07=K:BELØB=1:SÆSON=EJSÆSON,2015-05-01,3675.0
DST:FIKS22:BRANCHE07=K:BELØB=1:SÆSON=EJSÆSON,2015-06-01,4856.0
DST:FIKS22:BRANCHE07=K:BELØB=1:SÆSON=EJSÆSON,2015-07-01,4864.0
DST:FIKS22:BRANCHE07=K:BELØB=1:SÆSON=EJSÆSON,2015-08-01,3643.0
DST:FIKS22:BRANCHE07=K:BELØB=1:SÆSON=EJSÆSON,2015-09-01,4491.0
DST:FIKS22:BRANCHE07=K:BELØB=1:SÆSON=EJSÆSON,2015-10-01,5021.0
DST:FIKS22:BRANCHE07=K:BELØB=1:SÆSON=EJSÆSON,2015-11-01,4232.0
DST:FIKS22:BRANCHE07=K:BELØB=1:SÆSON=EJSÆSON,2015-12-01,5630.0
DST:FIKS22:BRANCHE07=K:BELØB=1:SÆSON=EJSÆSON,2016-01-01,5763.0
DST:FIKS22:BRANCHE07=K:BELØB=1:SÆSON=EJSÆSON,2016-02-01,4205.0
DST:FIKS22:BRANCHE07=K:BELØB=1:SÆSON=EJSÆSON,2016-03-01,4440.0
DST:FIKS22:BRANCHE07=K:BELØB=1:SÆSON=EJSÆSON,2016-04-01,5381.0
DST:FIKS22:BRANCHE07=K:BELØB=1:SÆSON=EJSÆSON,2016-05-01,4003.0
DST:FIKS22:BRANCHE07=K:BELØB=1:SÆSON=EJSÆSON,2016-06-01,5006.0
DST:FIKS22:BRANCHE07=K:BELØB=1:SÆSON=EJSÆSON,2016-07-01,5160.0
DST:FIKS22:BRANCHE07=K:BELØB=1:SÆSON=EJSÆSON,2016-08-01,3788.0
DST:FIKS22:BRANCHE07=K:BELØB=1:SÆSON=EJSÆSON,2016-09-01,4309.0
DST:FIKS22:BRANCHE07=K:BELØB=1:SÆSON=EJSÆSON,2016-10-01,5900.0
DST:FIKS22:BRANCHE07=K:BELØB=1:SÆSON=EJSÆSON,2016-11-01,4632.0
DST:FIKS22:BRANCHE07=K:BELØB=1:SÆSON=EJSÆSON,2016-12-01,5442.0
DST:FIKS22:BRANCHE07=K:BELØB=1:SÆSON=EJSÆSON,2017-01-01,5736.0
DST:FIKS22:BRANCHE07=K:BELØB=1:SÆSON=EJSÆSON,2017-02-01,3949.0
DST:FIKS22:BRANCHE07=K:BELØB=1:SÆSON=EJSÆSON,2017-03-01,4620.0
DST:FIKS22:BRANCHE07=K:BELØB=1:SÆSON=EJSÆSON,2017-04-01,5037.0
DST:FIKS22:BRANCHE07=K:BELØB=1:SÆSON=EJSÆSON,2017-05-01,4492.0
DST:FIKS22:BRANCHE07=K:BELØB=1:SÆSON=EJSÆSON,2017-06-01,5520.0
DST:FIKS22:BRANCHE07=K:BELØB=1:SÆSON=EJSÆSON,2017-07-01,5584.0
DST:FIKS22:BRANCHE07=K:BELØB=1:SÆSON=EJSÆSON,2017-08-01,4123.0
DST:FIKS22:BRANCHE07=K:BELØB=1:SÆSON=EJSÆSON,2017-09-01,4921.0
DST:FIKS22:BRANCHE07=K:BELØB=1:SÆSON=EJSÆSON,2017-10-01,6188.0
DST:FIKS22:BRANCHE07=K:BELØB=1:SÆSON=EJSÆSON,2017-11-01,5541.0
DST:FIKS22:BRANCHE07=K:BELØB=1:SÆSON=EJSÆSON,2017-12-01,6311.0
DST:FIKS22:BRANCHE07=K:BELØB=1:SÆSON=EJSÆSON,2018-01-01,6373.0
DST:FIKS22:BRANCHE07=K:BELØB=1:SÆSON=EJSÆSON,2018-02-01,5112.0
DST:FIKS22:BRANCHE07=K:BELØB=1:SÆSON=EJSÆSON,2018-03-01,4878.0
DST:FIKS22:BRANCHE07=K:BELØB=1:SÆSON=EJSÆSON,2018-04-01,5923.0
DST:FIKS22:BRANCHE07=K:BELØB=1:SÆSON=EJSÆSON,2018-05-01,4705.0
DST:FIKS22:BRANCHE07=K:BELØB=1:SÆSON=EJSÆSON,2018-06-01,4936.0
DST:FIKS22:BRANCHE07=K:BELØB=1:SÆSON=EJSÆSON,2018-07-01,5806.0
DST:FIKS22:BRANCHE07=K:BELØB=1:SÆSON=EJSÆSON,2018-08-01,4583.0
DST:FIKS22:BRANCHE07=K:BELØB=1:SÆSON=EJSÆSON,2018-09-01,5381.0
DST:FIKS22:BRANCHE07=K:BELØB=1:SÆSON=EJSÆSON,2018-10-01,6585.0
DST:FIKS22:BRANCHE07=K:BELØB=1:SÆSON=EJSÆSON,2018-11-01,6054.0
DST:FIKS22:BRANCHE07=K:BELØB=1:SÆSON=EJSÆSON,2018-12-01,6072.0
DST:FIKS22:BRANCHE07=K:BELØB=1:SÆSON=EJSÆSON,2019-01-01,6577.0
DST:FIKS22:BRANCHE07=K:BELØB=1:SÆSON=EJSÆSON,2019-02-01,4911.0
DST:FIKS22:BRANCHE07=K:BELØB=1:SÆSON=EJSÆSON,2019-03-01,5406.0
DST:FIKS22:BRANCHE07=K:BELØB=1:SÆSON=EJSÆSON,2019-04-01,6211.0
DST:FIKS22:BRANCHE07=K:BELØB=1:SÆSON=EJSÆSON,2019-05-01,5055.0
DST:FIKS22:BRANCHE07=K:BELØB=1:SÆSON=EJSÆSON,2019-06-01,5589.0
DST:FIKS22:BRANCHE07=K:BELØB=1:SÆSON=EJSÆSON,2019-07-01,6678.0
DST:FIKS22:BRANCHE07=K:BELØB=1:SÆSON=EJSÆSON,2019-08-01,4713.0
DST:FIKS22:BRANCHE07=K:BELØB=1:SÆSON=EJSÆSON,2019-09-01,5519.0
DST:FIKS22:BRANCHE07=K:BELØB=1:SÆSON=EJSÆSON,2019-10-01,6713.0
DST:FIKS22:BRANCHE07=K:BELØB=1:SÆSON=EJSÆSON,2019-11-01,6295.0
DST:FIKS22:BRANCHE07=K:BELØB=1:SÆSON=EJSÆSON,2019-12-01,6780.0
DST:FIKS22:BRANCHE07=K:BELØB=1:SÆSON=EJSÆSON,2020-01-01,7195.0
DST:FIKS22:BRANCHE07=K:BELØB=1:SÆSON=EJSÆSON,2020-02-01,5657.0
DST:FIKS22:BRANCHE07=K:BELØB=1:SÆSON=EJSÆSON,2020-03-01,5266.0
DST:FIKS22:BRANCHE07=K:BELØB=1:SÆSON=EJSÆSON,2020-04-01,6119.0
DST:FIKS22:BRANCHE07=K:BELØB=1:SÆSON=EJSÆSON,2020-05-01,4876.0
DST:FIKS22:BRANCHE07=K:BELØB=1:SÆSON=EJSÆSON,2020-06-01,5864.0
DST:FIKS22:BRANCHE07=K:BELØB=1:SÆSON=EJSÆSON,2020-07-01,6391.0
DST:FIKS22:BRANCHE07=K:BELØB=1:SÆSON=EJSÆSON,2020-08-01,4670.0
DST:FIKS22:BRANCHE07=K:BELØB=1:SÆSON=EJSÆSON,2020-09-01,5481.0
DST:FIKS22:BRANCHE07=K:BELØB=1:SÆSON=EJSÆSON,2020-10-01,6710.0
DST:FIKS22:BRANCHE07=K:BELØB=1:SÆSON=EJSÆSON,2020-11-01,6679.0
DST:FIKS22:BRANCHE07=K:BELØB=1:SÆSON=EJSÆSON,2020-12-01,6712.0
DST:FIKS22:BRANCHE07=K:BELØB=1:SÆSON=EJSÆSON,2021-01-01,7404.0
DST:FIKS22:BRANCHE07=K:BELØB=1:SÆSON=EJSÆSON,2021-02-01,5893.0
DST:FIKS22:BRANCHE07=K:BELØB=1:SÆSON=EJSÆSON,2021-03-01,7036.0
DST:FIKS22:BRANCHE07=K:BELØB=1:SÆSON=EJSÆSON,2021-04-01,7370.0
DST:FIKS22:BRANCHE07=K:BELØB=1:SÆSON=EJSÆSON,2021-05-01,6667.0
DST:FIKS22:BRANCHE07=K:BELØB=1:SÆSON=EJSÆSON,2021-06-01,7785.0
DST:FIKS22:BRANCHE07=K:BELØB=1:SÆSON=EJSÆSON,2021-07-01,7235.0
DST:FIKS22:BRANCHE07=K:BELØB=1:SÆSON=EJSÆSON,2021-08-01,6193.0
DST:FIKS22:BRANCHE07=K:BELØB=1:SÆSON=EJSÆSON,2021-09-01,7897.0
DST:FIKS22:BRANCHE07=K:BELØB=1:SÆSON=EJSÆSON,2021-10-01,7550.0
DST:FIKS22:BRANCHE07=K:BELØB=1:SÆSON=EJSÆSON,2021-11-01,7660.0
DST:FIKS22:BRANCHE07=K:BELØB=1:SÆSON=EJSÆSON,2021-12-01,8718.0
DST:FIKS22:BRANCHE07=K:BELØB=1:SÆSON=EJSÆSON,2022-01-01,11521.0
DST:FIKS22:BRANCHE07=K:BELØB=1:SÆSON=EJSÆSON,2022-02-01,9349.0
DST:FIKS22:BRANCHE07=K:BELØB=1:SÆSON=EJSÆSON,2022-03-01,10802.0
DST:FIKS22:BRANCHE07=K:BELØB=1:SÆSON=EJSÆSON,2022-04-01,7230.0
DST:FIKS22:BRANCHE07=K:BELØB=1:SÆSON=EJSÆSON,2022-05-01,6514.0
DST:FIKS22:BRANCHE07=K:BELØB=1:SÆSON=EJSÆSON,2022-06-01,8008.0
DST:FIKS22:BRANCHE07=K:BELØB=1:SÆSON=EJSÆSON,2022-07-01,7658.0
DST:FIKS22:BRANCHE07=K:BELØB=1:SÆSON=EJSÆSON,2022-08-01,7539.0
DST:FIKS22:BRANCHE07=K:BELØB=1:SÆSON=EJSÆSON,2022-09-01,7747.0
DST:FIKS22:BRANCHE07=K:BELØB=1:SÆSON=EJSÆSON,2022-10-01,8335.0
DST:FIKS22:BRANCHE07=K:BELØB=1:SÆSON=EJSÆSON,2022-11-01,8814.0
DST:FIKS22:BRANCHE07=K:BELØB=1:SÆSON=EJSÆSON,2022-12-01,10094.0
DST:FIKS22:BRANCHE07=K:BELØB=1:SÆSON=EJSÆSON,2023-01-01,8629.0
DST:FIKS22:BRANCHE07=K:BELØB=1:SÆSON=EJSÆSON,2023-02-01,6809.0
DST:FIKS22:BRANCHE07=K:BELØB=1:SÆSON=EJSÆSON,2023-03-01,9355.0
DST:FIKS22:BRANCHE07=K:BELØB=1:SÆSON=EJSÆSON,2023-04-01,8279.0
DST:FIKS22:BRANCHE07=K:BELØB=1:SÆSON=EJSÆSON,2023-05-01,8181.0
DST:FIKS22:BRANCHE07=K:BELØB=1:SÆSON=EJSÆSON,2023-06-01,9560.0
DST:FIKS22:BRANCHE07=K:BELØB=1:SÆSON=EJSÆSON,2023-07-01,8777.0
DST:FIKS22:BRANCHE07=K:BELØB=1:SÆSON=EJSÆSON,2023-08-01,7770.0
DST:FIKS22:BRANCHE07=K:BELØB=1:SÆSON=EJSÆSON,2023-09-01,8635.0
DST:FIKS22:BRANCHE07=K:BELØB=1:SÆSON=EJSÆSON,2023-10-01,10272.0
DST:FIKS22:BRANCHE07=K:BELØB=1:SÆSON=EJSÆSON,2023-11-01,9011.0
DST:FIKS22:BRANCHE07=K:BELØB=1:SÆSON=EJSÆSON,2023-12-01,10400.0
DST:FIKS22:BRANCHE07=K:BELØB=1:SÆSON=EJSÆSON,2024-01-01,8911.0
DST:FIKS22:BRANCHE07=K:BELØB=1:SÆSON=EJSÆSON,2024-02-01,7694.0
DST:FIKS22:BRANCHE07=K:BELØB=1:SÆSON=EJSÆSON,2024-03-01,8481.0
DST:FIKS22:BRANCHE07=K:BELØB=1:SÆSON=EJSÆSON,2024-04-01,9786.0
DST:FIKS22:BRANCHE07=K:BELØB=1:SÆSON=EJSÆSON,2024-05-01,8331.0
DST:FIKS22:BRANCHE07=K:BELØB=1:SÆSON=EJSÆSON,2024-06-01,9728.0
DST:FIKS22:BRANCHE07=K:BELØB=1:SÆSON=EJSÆSON,2024-07-01,9281.0
DST:FIKS22:BRANCHE07=K:BELØB=1:SÆSON=EJSÆSON,2024-08-01,7761.0
DST:FIKS22:BRANCHE07=K:BELØB=1:SÆSON=EJSÆSON,2024-09-01,9195.0
DST:FIKS22:BRANCHE07=K:BELØB=1:SÆSON=EJSÆSON,2024-10-01,10599.0
DST:FIKS22:BRANCHE07=K:BELØB=1:SÆSON=EJSÆSON,2024-11-01,8975.0
DST:FIKS22:BRANCHE07=K:BELØB=1:SÆSON=EJSÆSON,2024-12-01,10675.0
DST:FIKS22:BRANCHE07=K:BELØB=1:SÆSON=EJSÆSON,2025-01-01,10317.0
DST:FIKS22:BRANCHE07=K:BELØB=1:SÆSON=EJSÆSON,2025-02-01,8385.0
DST:FIKS22:BRANCHE07=K:BELØB=1:SÆSON=EJSÆSON,2025-03-01,9357.0
DST:FIKS22:BRANCHE07=K:BELØB=1:SÆSON=EJSÆSON,2025-04-01,10322.0
DST:FIKS22:BRANCHE07=K:BELØB=1:SÆSON=EJSÆSON,2025-05-01,9570.0
DST:FIKS22:BRANCHE07=K:BELØB=1:SÆSON=EJSÆSON,2025-06-01,11752.0
DST:FIKS22:BRANCHE07=K:BELØB=1:SÆSON=EJSÆSON,2025-07-01,10581.0
DST:FIKS22:BRANCHE07=K:BELØB=1:SÆSON=EJSÆSON,2025-08-01,8691.0
DST:FIKS22:BRANCHE07=K:BELØB=1:SÆSON=EJSÆSON,2025-09-01,10434.0
DST:FIKS22:BRANCHE07=K:BELØB=1:SÆSON=EJSÆSON,2025-10-01,11791.0
DST:FIKS22:BRANCHE07=K:BELØB=1:SÆSON=EJSÆSON,2025-11-01,10182.0
DST:FIKS22:BRANCHE07=K:BELØB=1:SÆSON=EJSÆSON,2025-12-01,13062.0
DST:FIKS22:BRANCHE07=K:BELØB=1:SÆSON=EJSÆSON,2026-01-01,10665.0
DST:FIKS22:BRANCHE07=K:BELØB=1:SÆSON=EJSÆSON,2026-02-01,8570.0
DST:FIKS22:BRANCHE07=K:BELØB=1:SÆSON=EJSÆSON,2026-03-01,9804.0
DST:FIKS22:BRANCHE07=K:BELØB=1:SÆSON=SÆSON,2009-01-01,4045.0
DST:FIKS22:BRANCHE07=K:BELØB=1:SÆSON=SÆSON,2009-02-01,4057.0
DST:FIKS22:BRANCHE07=K:BELØB=1:SÆSON=SÆSON,2009-03-01,3706.0
DST:FIKS22:BRANCHE07=K:BELØB=1:SÆSON=SÆSON,2009-04-01,3883.0
DST:FIKS22:BRANCHE07=K:BELØB=1:SÆSON=SÆSON,2009-05-01,4248.0
DST:FIKS22:BRANCHE07=K:BELØB=1:SÆSON=SÆSON,2009-06-01,3958.0
DST:FIKS22:BRANCHE07=K:BELØB=1:SÆSON=SÆSON,2009-07-01,3858.0
DST:FIKS22:BRANCHE07=K:BELØB=1:SÆSON=SÆSON,2009-08-01,4012.0
DST:FIKS22:BRANCHE07=K:BELØB=1:SÆSON=SÆSON,2009-09-01,3868.0
DST:FIKS22:BRANCHE07=K:BELØB=1:SÆSON=SÆSON,2009-10-01,3865.0
DST:FIKS22:BRANCHE07=K:BELØB=1:SÆSON=SÆSON,2009-11-01,3526.0
DST:FIKS22:BRANCHE07=K:BELØB=1:SÆSON=SÆSON,2009-12-01,3943.0
DST:FIKS22:BRANCHE07=K:BELØB=1:SÆSON=SÆSON,2010-01-01,3887.0
DST:FIKS22:BRANCHE07=K:BELØB=1:SÆSON=SÆSON,2010-02-01,3784.0
DST:FIKS22:BRANCHE07=K:BELØB=1:SÆSON=SÆSON,2010-03-01,4083.0
DST:FIKS22:BRANCHE07=K:BELØB=1:SÆSON=SÆSON,2010-04-01,3889.0
DST:FIKS22:BRANCHE07=K:BELØB=1:SÆSON=SÆSON,2010-05-01,3850.0
DST:FIKS22:BRANCHE07=K:BELØB=1:SÆSON=SÆSON,2010-06-01,3870.0
DST:FIKS22:BRANCHE07=K:BELØB=1:SÆSON=SÆSON,2010-07-01,3949.0
DST:FIKS22:BRANCHE07=K:BELØB=1:SÆSON=SÆSON,2010-08-01,3963.0
DST:FIKS22:BRANCHE07=K:BELØB=1:SÆSON=SÆSON,2010-09-01,4102.0
DST:FIKS22:BRANCHE07=K:BELØB=1:SÆSON=SÆSON,2010-10-01,3974.0
DST:FIKS22:BRANCHE07=K:BELØB=1:SÆSON=SÆSON,2010-11-01,4451.0
DST:FIKS22:BRANCHE07=K:BELØB=1:SÆSON=SÆSON,2010-12-01,4100.0
DST:FIKS22:BRANCHE07=K:BELØB=1:SÆSON=SÆSON,2011-01-01,4101.0
DST:FIKS22:BRANCHE07=K:BELØB=1:SÆSON=SÆSON,2011-02-01,4097.0
DST:FIKS22:BRANCHE07=K:BELØB=1:SÆSON=SÆSON,2011-03-01,4217.0
DST:FIKS22:BRANCHE07=K:BELØB=1:SÆSON=SÆSON,2011-04-01,4168.0
DST:FIKS22:BRANCHE07=K:BELØB=1:SÆSON=SÆSON,2011-05-01,4589.0
DST:FIKS22:BRANCHE07=K:BELØB=1:SÆSON=SÆSON,2011-06-01,4060.0
DST:FIKS22:BRANCHE07=K:BELØB=1:SÆSON=SÆSON,2011-07-01,4155.0
DST:FIKS22:BRANCHE07=K:BELØB=1:SÆSON=SÆSON,2011-08-01,4038.0
DST:FIKS22:BRANCHE07=K:BELØB=1:SÆSON=SÆSON,2011-09-01,4176.0
DST:FIKS22:BRANCHE07=K:BELØB=1:SÆSON=SÆSON,2011-10-01,4076.0
DST:FIKS22:BRANCHE07=K:BELØB=1:SÆSON=SÆSON,2011-11-01,4084.0
DST:FIKS22:BRANCHE07=K:BELØB=1:SÆSON=SÆSON,2011-12-01,3997.0
DST:FIKS22:BRANCHE07=K:BELØB=1:SÆSON=SÆSON,2012-01-01,4021.0
DST:FIKS22:BRANCHE07=K:BELØB=1:SÆSON=SÆSON,2012-02-01,4166.0
DST:FIKS22:BRANCHE07=K:BELØB=1:SÆSON=SÆSON,2012-03-01,4087.0
DST:FIKS22:BRANCHE07=K:BELØB=1:SÆSON=SÆSON,2012-04-01,3956.0
DST:FIKS22:BRANCHE07=K:BELØB=1:SÆSON=SÆSON,2012-05-01,3960.0
DST:FIKS22:BRANCHE07=K:BELØB=1:SÆSON=SÆSON,2012-06-01,4075.0
DST:FIKS22:BRANCHE07=K:BELØB=1:SÆSON=SÆSON,2012-07-01,3849.0
DST:FIKS22:BRANCHE07=K:BELØB=1:SÆSON=SÆSON,2012-08-01,3922.0
DST:FIKS22:BRANCHE07=K:BELØB=1:SÆSON=SÆSON,2012-09-01,3739.0
DST:FIKS22:BRANCHE07=K:BELØB=1:SÆSON=SÆSON,2012-10-01,3869.0
DST:FIKS22:BRANCHE07=K:BELØB=1:SÆSON=SÆSON,2012-11-01,3711.0
DST:FIKS22:BRANCHE07=K:BELØB=1:SÆSON=SÆSON,2012-12-01,3825.0
DST:FIKS22:BRANCHE07=K:BELØB=1:SÆSON=SÆSON,2013-01-01,3748.0
DST:FIKS22:BRANCHE07=K:BELØB=1:SÆSON=SÆSON,2013-02-01,3699.0
DST:FIKS22:BRANCHE07=K:BELØB=1:SÆSON=SÆSON,2013-03-01,3791.0
DST:FIKS22:BRANCHE07=K:BELØB=1:SÆSON=SÆSON,2013-04-01,3920.0
DST:FIKS22:BRANCHE07=K:BELØB=1:SÆSON=SÆSON,2013-05-01,3923.0
DST:FIKS22:BRANCHE07=K:BELØB=1:SÆSON=SÆSON,2013-06-01,3866.0
DST:FIKS22:BRANCHE07=K:BELØB=1:SÆSON=SÆSON,2013-07-01,3856.0
DST:FIKS22:BRANCHE07=K:BELØB=1:SÆSON=SÆSON,2013-08-01,3781.0
DST:FIKS22:BRANCHE07=K:BELØB=1:SÆSON=SÆSON,2013-09-01,3933.0
DST:FIKS22:BRANCHE07=K:BELØB=1:SÆSON=SÆSON,2013-10-01,4014.0
DST:FIKS22:BRANCHE07=K:BELØB=1:SÆSON=SÆSON,2013-11-01,3740.0
DST:FIKS22:BRANCHE07=K:BELØB=1:SÆSON=SÆSON,2013-12-01,4036.0
DST:FIKS22:BRANCHE07=K:BELØB=1:SÆSON=SÆSON,2014-01-01,4121.0
DST:FIKS22:BRANCHE07=K:BELØB=1:SÆSON=SÆSON,2014-02-01,3975.0
DST:FIKS22:BRANCHE07=K:BELØB=1:SÆSON=SÆSON,2014-03-01,3848.0
DST:FIKS22:BRANCHE07=K:BELØB=1:SÆSON=SÆSON,2014-04-01,4375.0
DST:FIKS22:BRANCHE07=K:BELØB=1:SÆSON=SÆSON,2014-05-01,4022.0
DST:FIKS22:BRANCHE07=K:BELØB=1:SÆSON=SÆSON,2014-06-01,3951.0
DST:FIKS22:BRANCHE07=K:BELØB=1:SÆSON=SÆSON,2014-07-01,4351.0
DST:FIKS22:BRANCHE07=K:BELØB=1:SÆSON=SÆSON,2014-08-01,4368.0
DST:FIKS22:BRANCHE07=K:BELØB=1:SÆSON=SÆSON,2014-09-01,4270.0
DST:FIKS22:BRANCHE07=K:BELØB=1:SÆSON=SÆSON,2014-10-01,4229.0
DST:FIKS22:BRANCHE07=K:BELØB=1:SÆSON=SÆSON,2014-11-01,4217.0
DST:FIKS22:BRANCHE07=K:BELØB=1:SÆSON=SÆSON,2014-12-01,4198.0
DST:FIKS22:BRANCHE07=K:BELØB=1:SÆSON=SÆSON,2015-01-01,4272.0
DST:FIKS22:BRANCHE07=K:BELØB=1:SÆSON=SÆSON,2015-02-01,4282.0
DST:FIKS22:BRANCHE07=K:BELØB=1:SÆSON=SÆSON,2015-03-01,4453.0
DST:FIKS22:BRANCHE07=K:BELØB=1:SÆSON=SÆSON,2015-04-01,4849.0
DST:FIKS22:BRANCHE07=K:BELØB=1:SÆSON=SÆSON,2015-05-01,4303.0
DST:FIKS22:BRANCHE07=K:BELØB=1:SÆSON=SÆSON,2015-06-01,4645.0
DST:FIKS22:BRANCHE07=K:BELØB=1:SÆSON=SÆSON,2015-07-01,4519.0
DST:FIKS22:BRANCHE07=K:BELØB=1:SÆSON=SÆSON,2015-08-01,4560.0
DST:FIKS22:BRANCHE07=K:BELØB=1:SÆSON=SÆSON,2015-09-01,4701.0
DST:FIKS22:BRANCHE07=K:BELØB=1:SÆSON=SÆSON,2015-10-01,4486.0
DST:FIKS22:BRANCHE07=K:BELØB=1:SÆSON=SÆSON,2015-11-01,4489.0
DST:FIKS22:BRANCHE07=K:BELØB=1:SÆSON=SÆSON,2015-12-01,4847.0
DST:FIKS22:BRANCHE07=K:BELØB=1:SÆSON=SÆSON,2016-01-01,4812.0
DST:FIKS22:BRANCHE07=K:BELØB=1:SÆSON=SÆSON,2016-02-01,5024.0
DST:FIKS22:BRANCHE07=K:BELØB=1:SÆSON=SÆSON,2016-03-01,4886.0
DST:FIKS22:BRANCHE07=K:BELØB=1:SÆSON=SÆSON,2016-04-01,4849.0
DST:FIKS22:BRANCHE07=K:BELØB=1:SÆSON=SÆSON,2016-05-01,4675.0
DST:FIKS22:BRANCHE07=K:BELØB=1:SÆSON=SÆSON,2016-06-01,4804.0
DST:FIKS22:BRANCHE07=K:BELØB=1:SÆSON=SÆSON,2016-07-01,4806.0
DST:FIKS22:BRANCHE07=K:BELØB=1:SÆSON=SÆSON,2016-08-01,4745.0
DST:FIKS22:BRANCHE07=K:BELØB=1:SÆSON=SÆSON,2016-09-01,4548.0
DST:FIKS22:BRANCHE07=K:BELØB=1:SÆSON=SÆSON,2016-10-01,5257.0
DST:FIKS22:BRANCHE07=K:BELØB=1:SÆSON=SÆSON,2016-11-01,4774.0
DST:FIKS22:BRANCHE07=K:BELØB=1:SÆSON=SÆSON,2016-12-01,4752.0
DST:FIKS22:BRANCHE07=K:BELØB=1:SÆSON=SÆSON,2017-01-01,4834.0
DST:FIKS22:BRANCHE07=K:BELØB=1:SÆSON=SÆSON,2017-02-01,4642.0
DST:FIKS22:BRANCHE07=K:BELØB=1:SÆSON=SÆSON,2017-03-01,4809.0
DST:FIKS22:BRANCHE07=K:BELØB=1:SÆSON=SÆSON,2017-04-01,4793.0
DST:FIKS22:BRANCHE07=K:BELØB=1:SÆSON=SÆSON,2017-05-01,5233.0
DST:FIKS22:BRANCHE07=K:BELØB=1:SÆSON=SÆSON,2017-06-01,5342.0
DST:FIKS22:BRANCHE07=K:BELØB=1:SÆSON=SÆSON,2017-07-01,5216.0
DST:FIKS22:BRANCHE07=K:BELØB=1:SÆSON=SÆSON,2017-08-01,5160.0
DST:FIKS22:BRANCHE07=K:BELØB=1:SÆSON=SÆSON,2017-09-01,5244.0
DST:FIKS22:BRANCHE07=K:BELØB=1:SÆSON=SÆSON,2017-10-01,5496.0
DST:FIKS22:BRANCHE07=K:BELØB=1:SÆSON=SÆSON,2017-11-01,5540.0
DST:FIKS22:BRANCHE07=K:BELØB=1:SÆSON=SÆSON,2017-12-01,5618.0
DST:FIKS22:BRANCHE07=K:BELØB=1:SÆSON=SÆSON,2018-01-01,5431.0
DST:FIKS22:BRANCHE07=K:BELØB=1:SÆSON=SÆSON,2018-02-01,5947.0
DST:FIKS22:BRANCHE07=K:BELØB=1:SÆSON=SÆSON,2018-03-01,5346.0
DST:FIKS22:BRANCHE07=K:BELØB=1:SÆSON=SÆSON,2018-04-01,5312.0
DST:FIKS22:BRANCHE07=K:BELØB=1:SÆSON=SÆSON,2018-05-01,5421.0
DST:FIKS22:BRANCHE07=K:BELØB=1:SÆSON=SÆSON,2018-06-01,4806.0
DST:FIKS22:BRANCHE07=K:BELØB=1:SÆSON=SÆSON,2018-07-01,5468.0
DST:FIKS22:BRANCHE07=K:BELØB=1:SÆSON=SÆSON,2018-08-01,5731.0
DST:FIKS22:BRANCHE07=K:BELØB=1:SÆSON=SÆSON,2018-09-01,5767.0
DST:FIKS22:BRANCHE07=K:BELØB=1:SÆSON=SÆSON,2018-10-01,5842.0
DST:FIKS22:BRANCHE07=K:BELØB=1:SÆSON=SÆSON,2018-11-01,5924.0
DST:FIKS22:BRANCHE07=K:BELØB=1:SÆSON=SÆSON,2018-12-01,5471.0
DST:FIKS22:BRANCHE07=K:BELØB=1:SÆSON=SÆSON,2019-01-01,5698.0
DST:FIKS22:BRANCHE07=K:BELØB=1:SÆSON=SÆSON,2019-02-01,5649.0
DST:FIKS22:BRANCHE07=K:BELØB=1:SÆSON=SÆSON,2019-03-01,5565.0
DST:FIKS22:BRANCHE07=K:BELØB=1:SÆSON=SÆSON,2019-04-01,5872.0
DST:FIKS22:BRANCHE07=K:BELØB=1:SÆSON=SÆSON,2019-05-01,5774.0
DST:FIKS22:BRANCHE07=K:BELØB=1:SÆSON=SÆSON,2019-06-01,5465.0
DST:FIKS22:BRANCHE07=K:BELØB=1:SÆSON=SÆSON,2019-07-01,6360.0
DST:FIKS22:BRANCHE07=K:BELØB=1:SÆSON=SÆSON,2019-08-01,5854.0
DST:FIKS22:BRANCHE07=K:BELØB=1:SÆSON=SÆSON,2019-09-01,5922.0
DST:FIKS22:BRANCHE07=K:BELØB=1:SÆSON=SÆSON,2019-10-01,5954.0
DST:FIKS22:BRANCHE07=K:BELØB=1:SÆSON=SÆSON,2019-11-01,6063.0
DST:FIKS22:BRANCHE07=K:BELØB=1:SÆSON=SÆSON,2019-12-01,6142.0
DST:FIKS22:BRANCHE07=K:BELØB=1:SÆSON=SÆSON,2020-01-01,6367.0
DST:FIKS22:BRANCHE07=K:BELØB=1:SÆSON=SÆSON,2020-02-01,6497.0
DST:FIKS22:BRANCHE07=K:BELØB=1:SÆSON=SÆSON,2020-03-01,5375.0
DST:FIKS22:BRANCHE07=K:BELØB=1:SÆSON=SÆSON,2020-04-01,5802.0
DST:FIKS22:BRANCHE07=K:BELØB=1:SÆSON=SÆSON,2020-05-01,5492.0
DST:FIKS22:BRANCHE07=K:BELØB=1:SÆSON=SÆSON,2020-06-01,5704.0
DST:FIKS22:BRANCHE07=K:BELØB=1:SÆSON=SÆSON,2020-07-01,6183.0
DST:FIKS22:BRANCHE07=K:BELØB=1:SÆSON=SÆSON,2020-08-01,5730.0
DST:FIKS22:BRANCHE07=K:BELØB=1:SÆSON=SÆSON,2020-09-01,5853.0
DST:FIKS22:BRANCHE07=K:BELØB=1:SÆSON=SÆSON,2020-10-01,5957.0
DST:FIKS22:BRANCHE07=K:BELØB=1:SÆSON=SÆSON,2020-11-01,6421.0
DST:FIKS22:BRANCHE07=K:BELØB=1:SÆSON=SÆSON,2020-12-01,6029.0
DST:FIKS22:BRANCHE07=K:BELØB=1:SÆSON=SÆSON,2021-01-01,6738.0
DST:FIKS22:BRANCHE07=K:BELØB=1:SÆSON=SÆSON,2021-02-01,6771.0
DST:FIKS22:BRANCHE07=K:BELØB=1:SÆSON=SÆSON,2021-03-01,7127.0
DST:FIKS22:BRANCHE07=K:BELØB=1:SÆSON=SÆSON,2021-04-01,7037.0
DST:FIKS22:BRANCHE07=K:BELØB=1:SÆSON=SÆSON,2021-05-01,7440.0
DST:FIKS22:BRANCHE07=K:BELØB=1:SÆSON=SÆSON,2021-06-01,7490.0
DST:FIKS22:BRANCHE07=K:BELØB=1:SÆSON=SÆSON,2021-07-01,7085.0
DST:FIKS22:BRANCHE07=K:BELØB=1:SÆSON=SÆSON,2021-08-01,7502.0
DST:FIKS22:BRANCHE07=K:BELØB=1:SÆSON=SÆSON,2021-09-01,8358.0
DST:FIKS22:BRANCHE07=K:BELØB=1:SÆSON=SÆSON,2021-10-01,6692.0
DST:FIKS22:BRANCHE07=K:BELØB=1:SÆSON=SÆSON,2021-11-01,7400.0
DST:FIKS22:BRANCHE07=K:BELØB=1:SÆSON=SÆSON,2021-12-01,7746.0
DST:FIKS22:BRANCHE07=K:BELØB=1:SÆSON=SÆSON,2022-01-01,10733.0
DST:FIKS22:BRANCHE07=K:BELØB=1:SÆSON=SÆSON,2022-02-01,10836.0
DST:FIKS22:BRANCHE07=K:BELØB=1:SÆSON=SÆSON,2022-03-01,10932.0
DST:FIKS22:BRANCHE07=K:BELØB=1:SÆSON=SÆSON,2022-04-01,7003.0
DST:FIKS22:BRANCHE07=K:BELØB=1:SÆSON=SÆSON,2022-05-01,7166.0
DST:FIKS22:BRANCHE07=K:BELØB=1:SÆSON=SÆSON,2022-06-01,7561.0
DST:FIKS22:BRANCHE07=K:BELØB=1:SÆSON=SÆSON,2022-07-01,7587.0
DST:FIKS22:BRANCHE07=K:BELØB=1:SÆSON=SÆSON,2022-08-01,9028.0
DST:FIKS22:BRANCHE07=K:BELØB=1:SÆSON=SÆSON,2022-09-01,8101.0
DST:FIKS22:BRANCHE07=K:BELØB=1:SÆSON=SÆSON,2022-10-01,7366.0
DST:FIKS22:BRANCHE07=K:BELØB=1:SÆSON=SÆSON,2022-11-01,8641.0
DST:FIKS22:BRANCHE07=K:BELØB=1:SÆSON=SÆSON,2022-12-01,8807.0
DST:FIKS22:BRANCHE07=K:BELØB=1:SÆSON=SÆSON,2023-01-01,8220.0
DST:FIKS22:BRANCHE07=K:BELØB=1:SÆSON=SÆSON,2023-02-01,7960.0
DST:FIKS22:BRANCHE07=K:BELØB=1:SÆSON=SÆSON,2023-03-01,9530.0
DST:FIKS22:BRANCHE07=K:BELØB=1:SÆSON=SÆSON,2023-04-01,8109.0
DST:FIKS22:BRANCHE07=K:BELØB=1:SÆSON=SÆSON,2023-05-01,8921.0
DST:FIKS22:BRANCHE07=K:BELØB=1:SÆSON=SÆSON,2023-06-01,8879.0
DST:FIKS22:BRANCHE07=K:BELØB=1:SÆSON=SÆSON,2023-07-01,8739.0
DST:FIKS22:BRANCHE07=K:BELØB=1:SÆSON=SÆSON,2023-08-01,9227.0
DST:FIKS22:BRANCHE07=K:BELØB=1:SÆSON=SÆSON,2023-09-01,8908.0
DST:FIKS22:BRANCHE07=K:BELØB=1:SÆSON=SÆSON,2023-10-01,9054.0
DST:FIKS22:BRANCHE07=K:BELØB=1:SÆSON=SÆSON,2023-11-01,8962.0
DST:FIKS22:BRANCHE07=K:BELØB=1:SÆSON=SÆSON,2023-12-01,8944.0
DST:FIKS22:BRANCHE07=K:BELØB=1:SÆSON=SÆSON,2024-01-01,8604.0
DST:FIKS22:BRANCHE07=K:BELØB=1:SÆSON=SÆSON,2024-02-01,9106.0
DST:FIKS22:BRANCHE07=K:BELØB=1:SÆSON=SÆSON,2024-03-01,9242.0
DST:FIKS22:BRANCHE07=K:BELØB=1:SÆSON=SÆSON,2024-04-01,9141.0
DST:FIKS22:BRANCHE07=K:BELØB=1:SÆSON=SÆSON,2024-05-01,9003.0
DST:FIKS22:BRANCHE07=K:BELØB=1:SÆSON=SÆSON,2024-06-01,8921.0
DST:FIKS22:BRANCHE07=K:BELØB=1:SÆSON=SÆSON,2024-07-01,9239.0
DST:FIKS22:BRANCHE07=K:BELØB=1:SÆSON=SÆSON,2024-08-01,9160.0
DST:FIKS22:BRANCHE07=K:BELØB=1:SÆSON=SÆSON,2024-09-01,9382.0
DST:FIKS22:BRANCHE07=K:BELØB=1:SÆSON=SÆSON,2024-10-01,9340.0
DST:FIKS22:BRANCHE07=K:BELØB=1:SÆSON=SÆSON,2024-11-01,9060.0
DST:FIKS22:BRANCHE07=K:BELØB=1:SÆSON=SÆSON,2024-12-01,9080.0
DST:FIKS22:BRANCHE07=K:BELØB=1:SÆSON=SÆSON,2025-01-01,10051.0
DST:FIKS22:BRANCHE07=K:BELØB=1:SÆSON=SÆSON,2025-02-01,9994.0
DST:FIKS22:BRANCHE07=K:BELØB=1:SÆSON=SÆSON,2025-03-01,9735.0
DST:FIKS22:BRANCHE07=K:BELØB=1:SÆSON=SÆSON,2025-04-01,10205.0
DST:FIKS22:BRANCHE07=K:BELØB=1:SÆSON=SÆSON,2025-05-01,10319.0
DST:FIKS22:BRANCHE07=K:BELØB=1:SÆSON=SÆSON,2025-06-01,10719.0
DST:FIKS22:BRANCHE07=K:BELØB=1:SÆSON=SÆSON,2025-07-01,10463.0
DST:FIKS22:BRANCHE07=K:BELØB=1:SÆSON=SÆSON,2025-08-01,10245.0
DST:FIKS22:BRANCHE07=K:BELØB=1:SÆSON=SÆSON,2025-09-01,10570.0
DST:FIKS22:BRANCHE07=K:BELØB=1:SÆSON=SÆSON,2025-10-01,10403.0
DST:FIKS22:BRANCHE07=K:BELØB=1:SÆSON=SÆSON,2025-11-01,10374.0
DST:FIKS22:BRANCHE07=K:BELØB=1:SÆSON=SÆSON,2025-12-01,11092.0
DST:FIKS22:BRANCHE07=K:BELØB=1:SÆSON=SÆSON,2026-01-01,10381.0
DST:FIKS22:BRANCHE07=K:BELØB=1:SÆSON=SÆSON,2026-02-01,10253.0
DST:FIKS22:BRANCHE07=K:BELØB=1:SÆSON=SÆSON,2026-03-01,10271.0
DST:FIKS22:BRANCHE07=K:BELØB=3:SÆSON=EJSÆSON,2009-01-01,3175.0
DST:FIKS22:BRANCHE07=K:BELØB=3:SÆSON=EJSÆSON,2009-02-01,2507.0
DST:FIKS22:BRANCHE07=K:BELØB=3:SÆSON=EJSÆSON,2009-03-01,3024.0
DST:FIKS22:BRANCHE07=K:BELØB=3:SÆSON=EJSÆSON,2009-04-01,2829.0
DST:FIKS22:BRANCHE07=K:BELØB=3:SÆSON=EJSÆSON,2009-05-01,2858.0
DST:FIKS22:BRANCHE07=K:BELØB=3:SÆSON=EJSÆSON,2009-06-01,2964.0
DST:FIKS22:BRANCHE07=K:BELØB=3:SÆSON=EJSÆSON,2009-07-01,2746.0
DST:FIKS22:BRANCHE07=K:BELØB=3:SÆSON=EJSÆSON,2009-08-01,2428.0
DST:FIKS22:BRANCHE07=K:BELØB=3:SÆSON=EJSÆSON,2009-09-01,2773.0
DST:FIKS22:BRANCHE07=K:BELØB=3:SÆSON=EJSÆSON,2009-10-01,2846.0
DST:FIKS22:BRANCHE07=K:BELØB=3:SÆSON=EJSÆSON,2009-11-01,2693.0
DST:FIKS22:BRANCHE07=K:BELØB=3:SÆSON=EJSÆSON,2009-12-01,3779.0
DST:FIKS22:BRANCHE07=K:BELØB=3:SÆSON=EJSÆSON,2010-01-01,4475.0
DST:FIKS22:BRANCHE07=K:BELØB=3:SÆSON=EJSÆSON,2010-02-01,3760.0
DST:FIKS22:BRANCHE07=K:BELØB=3:SÆSON=EJSÆSON,2010-03-01,5634.0
DST:FIKS22:BRANCHE07=K:BELØB=3:SÆSON=EJSÆSON,2010-04-01,6661.0
DST:FIKS22:BRANCHE07=K:BELØB=3:SÆSON=EJSÆSON,2010-05-01,7107.0
DST:FIKS22:BRANCHE07=K:BELØB=3:SÆSON=EJSÆSON,2010-06-01,7485.0
DST:FIKS22:BRANCHE07=K:BELØB=3:SÆSON=EJSÆSON,2010-07-01,7204.0
DST:FIKS22:BRANCHE07=K:BELØB=3:SÆSON=EJSÆSON,2010-08-01,6735.0
DST:FIKS22:BRANCHE07=K:BELØB=3:SÆSON=EJSÆSON,2010-09-01,7108.0
DST:FIKS22:BRANCHE07=K:BELØB=3:SÆSON=EJSÆSON,2010-10-01,7203.0
DST:FIKS22:BRANCHE07=K:BELØB=3:SÆSON=EJSÆSON,2010-11-01,11013.0
DST:FIKS22:BRANCHE07=K:BELØB=3:SÆSON=EJSÆSON,2010-12-01,8594.0
DST:FIKS22:BRANCHE07=K:BELØB=3:SÆSON=EJSÆSON,2011-01-01,3179.0
DST:FIKS22:BRANCHE07=K:BELØB=3:SÆSON=EJSÆSON,2011-02-01,2805.0
DST:FIKS22:BRANCHE07=K:BELØB=3:SÆSON=EJSÆSON,2011-03-01,3665.0
DST:FIKS22:BRANCHE07=K:BELØB=3:SÆSON=EJSÆSON,2011-04-01,2998.0
DST:FIKS22:BRANCHE07=K:BELØB=3:SÆSON=EJSÆSON,2011-05-01,3713.0
DST:FIKS22:BRANCHE07=K:BELØB=3:SÆSON=EJSÆSON,2011-06-01,4135.0
DST:FIKS22:BRANCHE07=K:BELØB=3:SÆSON=EJSÆSON,2011-07-01,3521.0
DST:FIKS22:BRANCHE07=K:BELØB=3:SÆSON=EJSÆSON,2011-08-01,3030.0
DST:FIKS22:BRANCHE07=K:BELØB=3:SÆSON=EJSÆSON,2011-09-01,3544.0
DST:FIKS22:BRANCHE07=K:BELØB=3:SÆSON=EJSÆSON,2011-10-01,3750.0
DST:FIKS22:BRANCHE07=K:BELØB=3:SÆSON=EJSÆSON,2011-11-01,3608.0
DST:FIKS22:BRANCHE07=K:BELØB=3:SÆSON=EJSÆSON,2011-12-01,4952.0
DST:FIKS22:BRANCHE07=K:BELØB=3:SÆSON=EJSÆSON,2012-01-01,3679.0
DST:FIKS22:BRANCHE07=K:BELØB=3:SÆSON=EJSÆSON,2012-02-01,2848.0
DST:FIKS22:BRANCHE07=K:BELØB=3:SÆSON=EJSÆSON,2012-03-01,3813.0
DST:FIKS22:BRANCHE07=K:BELØB=3:SÆSON=EJSÆSON,2012-04-01,3219.0
DST:FIKS22:BRANCHE07=K:BELØB=3:SÆSON=EJSÆSON,2012-05-01,3170.0
DST:FIKS22:BRANCHE07=K:BELØB=3:SÆSON=EJSÆSON,2012-06-01,3494.0
DST:FIKS22:BRANCHE07=K:BELØB=3:SÆSON=EJSÆSON,2012-07-01,3618.0
DST:FIKS22:BRANCHE07=K:BELØB=3:SÆSON=EJSÆSON,2012-08-01,2645.0
DST:FIKS22:BRANCHE07=K:BELØB=3:SÆSON=EJSÆSON,2012-09-01,2678.0
DST:FIKS22:BRANCHE07=K:BELØB=3:SÆSON=EJSÆSON,2012-10-01,3466.0
DST:FIKS22:BRANCHE07=K:BELØB=3:SÆSON=EJSÆSON,2012-11-01,3052.0
DST:FIKS22:BRANCHE07=K:BELØB=3:SÆSON=EJSÆSON,2012-12-01,3949.0
DST:FIKS22:BRANCHE07=K:BELØB=3:SÆSON=EJSÆSON,2013-01-01,3175.0
DST:FIKS22:BRANCHE07=K:BELØB=3:SÆSON=EJSÆSON,2013-02-01,2460.0
DST:FIKS22:BRANCHE07=K:BELØB=3:SÆSON=EJSÆSON,2013-03-01,2863.0
DST:FIKS22:BRANCHE07=K:BELØB=3:SÆSON=EJSÆSON,2013-04-01,3259.0
DST:FIKS22:BRANCHE07=K:BELØB=3:SÆSON=EJSÆSON,2013-05-01,3276.0
DST:FIKS22:BRANCHE07=K:BELØB=3:SÆSON=EJSÆSON,2013-06-01,3247.0
DST:FIKS22:BRANCHE07=K:BELØB=3:SÆSON=EJSÆSON,2013-07-01,3418.0
DST:FIKS22:BRANCHE07=K:BELØB=3:SÆSON=EJSÆSON,2013-08-01,2965.0
DST:FIKS22:BRANCHE07=K:BELØB=3:SÆSON=EJSÆSON,2013-09-01,2950.0
DST:FIKS22:BRANCHE07=K:BELØB=3:SÆSON=EJSÆSON,2013-10-01,3639.0
DST:FIKS22:BRANCHE07=K:BELØB=3:SÆSON=EJSÆSON,2013-11-01,3487.0
DST:FIKS22:BRANCHE07=K:BELØB=3:SÆSON=EJSÆSON,2013-12-01,4468.0
DST:FIKS22:BRANCHE07=K:BELØB=3:SÆSON=EJSÆSON,2014-01-01,3399.0
DST:FIKS22:BRANCHE07=K:BELØB=3:SÆSON=EJSÆSON,2014-02-01,2710.0
DST:FIKS22:BRANCHE07=K:BELØB=3:SÆSON=EJSÆSON,2014-03-01,3316.0
DST:FIKS22:BRANCHE07=K:BELØB=3:SÆSON=EJSÆSON,2014-04-01,3612.0
DST:FIKS22:BRANCHE07=K:BELØB=3:SÆSON=EJSÆSON,2014-05-01,3300.0
DST:FIKS22:BRANCHE07=K:BELØB=3:SÆSON=EJSÆSON,2014-06-01,4361.0
DST:FIKS22:BRANCHE07=K:BELØB=3:SÆSON=EJSÆSON,2014-07-01,3773.0
DST:FIKS22:BRANCHE07=K:BELØB=3:SÆSON=EJSÆSON,2014-08-01,3238.0
DST:FIKS22:BRANCHE07=K:BELØB=3:SÆSON=EJSÆSON,2014-09-01,3579.0
DST:FIKS22:BRANCHE07=K:BELØB=3:SÆSON=EJSÆSON,2014-10-01,4446.0
DST:FIKS22:BRANCHE07=K:BELØB=3:SÆSON=EJSÆSON,2014-11-01,3877.0
DST:FIKS22:BRANCHE07=K:BELØB=3:SÆSON=EJSÆSON,2014-12-01,4926.0
DST:FIKS22:BRANCHE07=K:BELØB=3:SÆSON=EJSÆSON,2015-01-01,4001.0
DST:FIKS22:BRANCHE07=K:BELØB=3:SÆSON=EJSÆSON,2015-02-01,3413.0
DST:FIKS22:BRANCHE07=K:BELØB=3:SÆSON=EJSÆSON,2015-03-01,4548.0
DST:FIKS22:BRANCHE07=K:BELØB=3:SÆSON=EJSÆSON,2015-04-01,4104.0
DST:FIKS22:BRANCHE07=K:BELØB=3:SÆSON=EJSÆSON,2015-05-01,3928.0
DST:FIKS22:BRANCHE07=K:BELØB=3:SÆSON=EJSÆSON,2015-06-01,4944.0
DST:FIKS22:BRANCHE07=K:BELØB=3:SÆSON=EJSÆSON,2015-07-01,4028.0
DST:FIKS22:BRANCHE07=K:BELØB=3:SÆSON=EJSÆSON,2015-08-01,3370.0
DST:FIKS22:BRANCHE07=K:BELØB=3:SÆSON=EJSÆSON,2015-09-01,4645.0
DST:FIKS22:BRANCHE07=K:BELØB=3:SÆSON=EJSÆSON,2015-10-01,4457.0
DST:FIKS22:BRANCHE07=K:BELØB=3:SÆSON=EJSÆSON,2015-11-01,4537.0
DST:FIKS22:BRANCHE07=K:BELØB=3:SÆSON=EJSÆSON,2015-12-01,6170.0
DST:FIKS22:BRANCHE07=K:BELØB=3:SÆSON=EJSÆSON,2016-01-01,4369.0
DST:FIKS22:BRANCHE07=K:BELØB=3:SÆSON=EJSÆSON,2016-02-01,4464.0
DST:FIKS22:BRANCHE07=K:BELØB=3:SÆSON=EJSÆSON,2016-03-01,5103.0
DST:FIKS22:BRANCHE07=K:BELØB=3:SÆSON=EJSÆSON,2016-04-01,4890.0
DST:FIKS22:BRANCHE07=K:BELØB=3:SÆSON=EJSÆSON,2016-05-01,5004.0
DST:FIKS22:BRANCHE07=K:BELØB=3:SÆSON=EJSÆSON,2016-06-01,5746.0
DST:FIKS22:BRANCHE07=K:BELØB=3:SÆSON=EJSÆSON,2016-07-01,4513.0
DST:FIKS22:BRANCHE07=K:BELØB=3:SÆSON=EJSÆSON,2016-08-01,4089.0
DST:FIKS22:BRANCHE07=K:BELØB=3:SÆSON=EJSÆSON,2016-09-01,4693.0
DST:FIKS22:BRANCHE07=K:BELØB=3:SÆSON=EJSÆSON,2016-10-01,5166.0
DST:FIKS22:BRANCHE07=K:BELØB=3:SÆSON=EJSÆSON,2016-11-01,5100.0
DST:FIKS22:BRANCHE07=K:BELØB=3:SÆSON=EJSÆSON,2016-12-01,6070.0
DST:FIKS22:BRANCHE07=K:BELØB=3:SÆSON=EJSÆSON,2017-01-01,4468.0
DST:FIKS22:BRANCHE07=K:BELØB=3:SÆSON=EJSÆSON,2017-02-01,4075.0
DST:FIKS22:BRANCHE07=K:BELØB=3:SÆSON=EJSÆSON,2017-03-01,5386.0
DST:FIKS22:BRANCHE07=K:BELØB=3:SÆSON=EJSÆSON,2017-04-01,4504.0
DST:FIKS22:BRANCHE07=K:BELØB=3:SÆSON=EJSÆSON,2017-05-01,5355.0
DST:FIKS22:BRANCHE07=K:BELØB=3:SÆSON=EJSÆSON,2017-06-01,6441.0
DST:FIKS22:BRANCHE07=K:BELØB=3:SÆSON=EJSÆSON,2017-07-01,5062.0
DST:FIKS22:BRANCHE07=K:BELØB=3:SÆSON=EJSÆSON,2017-08-01,4726.0
DST:FIKS22:BRANCHE07=K:BELØB=3:SÆSON=EJSÆSON,2017-09-01,4711.0
DST:FIKS22:BRANCHE07=K:BELØB=3:SÆSON=EJSÆSON,2017-10-01,5111.0
DST:FIKS22:BRANCHE07=K:BELØB=3:SÆSON=EJSÆSON,2017-11-01,5264.0
DST:FIKS22:BRANCHE07=K:BELØB=3:SÆSON=EJSÆSON,2017-12-01,6267.0
DST:FIKS22:BRANCHE07=K:BELØB=3:SÆSON=EJSÆSON,2018-01-01,5027.0
DST:FIKS22:BRANCHE07=K:BELØB=3:SÆSON=EJSÆSON,2018-02-01,4990.0
DST:FIKS22:BRANCHE07=K:BELØB=3:SÆSON=EJSÆSON,2018-03-01,5087.0
DST:FIKS22:BRANCHE07=K:BELØB=3:SÆSON=EJSÆSON,2018-04-01,5222.0
DST:FIKS22:BRANCHE07=K:BELØB=3:SÆSON=EJSÆSON,2018-05-01,5731.0
DST:FIKS22:BRANCHE07=K:BELØB=3:SÆSON=EJSÆSON,2018-06-01,5711.0
DST:FIKS22:BRANCHE07=K:BELØB=3:SÆSON=EJSÆSON,2018-07-01,5129.0
DST:FIKS22:BRANCHE07=K:BELØB=3:SÆSON=EJSÆSON,2018-08-01,4905.0
DST:FIKS22:BRANCHE07=K:BELØB=3:SÆSON=EJSÆSON,2018-09-01,4859.0
DST:FIKS22:BRANCHE07=K:BELØB=3:SÆSON=EJSÆSON,2018-10-01,5941.0
DST:FIKS22:BRANCHE07=K:BELØB=3:SÆSON=EJSÆSON,2018-11-01,5706.0
DST:FIKS22:BRANCHE07=K:BELØB=3:SÆSON=EJSÆSON,2018-12-01,6957.0
DST:FIKS22:BRANCHE07=K:BELØB=3:SÆSON=EJSÆSON,2019-01-01,5379.0
DST:FIKS22:BRANCHE07=K:BELØB=3:SÆSON=EJSÆSON,2019-02-01,4993.0
DST:FIKS22:BRANCHE07=K:BELØB=3:SÆSON=EJSÆSON,2019-03-01,6025.0
DST:FIKS22:BRANCHE07=K:BELØB=3:SÆSON=EJSÆSON,2019-04-01,5715.0
DST:FIKS22:BRANCHE07=K:BELØB=3:SÆSON=EJSÆSON,2019-05-01,5905.0
DST:FIKS22:BRANCHE07=K:BELØB=3:SÆSON=EJSÆSON,2019-06-01,5982.0
DST:FIKS22:BRANCHE07=K:BELØB=3:SÆSON=EJSÆSON,2019-07-01,5699.0
DST:FIKS22:BRANCHE07=K:BELØB=3:SÆSON=EJSÆSON,2019-08-01,4952.0
DST:FIKS22:BRANCHE07=K:BELØB=3:SÆSON=EJSÆSON,2019-09-01,5403.0
DST:FIKS22:BRANCHE07=K:BELØB=3:SÆSON=EJSÆSON,2019-10-01,6164.0
DST:FIKS22:BRANCHE07=K:BELØB=3:SÆSON=EJSÆSON,2019-11-01,6699.0
DST:FIKS22:BRANCHE07=K:BELØB=3:SÆSON=EJSÆSON,2019-12-01,7423.0
DST:FIKS22:BRANCHE07=K:BELØB=3:SÆSON=EJSÆSON,2020-01-01,5639.0
DST:FIKS22:BRANCHE07=K:BELØB=3:SÆSON=EJSÆSON,2020-02-01,5163.0
DST:FIKS22:BRANCHE07=K:BELØB=3:SÆSON=EJSÆSON,2020-03-01,5794.0
DST:FIKS22:BRANCHE07=K:BELØB=3:SÆSON=EJSÆSON,2020-04-01,4783.0
DST:FIKS22:BRANCHE07=K:BELØB=3:SÆSON=EJSÆSON,2020-05-01,4446.0
DST:FIKS22:BRANCHE07=K:BELØB=3:SÆSON=EJSÆSON,2020-06-01,5470.0
DST:FIKS22:BRANCHE07=K:BELØB=3:SÆSON=EJSÆSON,2020-07-01,5413.0
DST:FIKS22:BRANCHE07=K:BELØB=3:SÆSON=EJSÆSON,2020-08-01,4700.0
DST:FIKS22:BRANCHE07=K:BELØB=3:SÆSON=EJSÆSON,2020-09-01,5710.0
DST:FIKS22:BRANCHE07=K:BELØB=3:SÆSON=EJSÆSON,2020-10-01,5533.0
DST:FIKS22:BRANCHE07=K:BELØB=3:SÆSON=EJSÆSON,2020-11-01,5509.0
DST:FIKS22:BRANCHE07=K:BELØB=3:SÆSON=EJSÆSON,2020-12-01,7313.0
DST:FIKS22:BRANCHE07=K:BELØB=3:SÆSON=EJSÆSON,2021-01-01,6144.0
DST:FIKS22:BRANCHE07=K:BELØB=3:SÆSON=EJSÆSON,2021-02-01,6642.0
DST:FIKS22:BRANCHE07=K:BELØB=3:SÆSON=EJSÆSON,2021-03-01,10596.0
DST:FIKS22:BRANCHE07=K:BELØB=3:SÆSON=EJSÆSON,2021-04-01,7131.0
DST:FIKS22:BRANCHE07=K:BELØB=3:SÆSON=EJSÆSON,2021-05-01,7092.0
DST:FIKS22:BRANCHE07=K:BELØB=3:SÆSON=EJSÆSON,2021-06-01,8270.0
DST:FIKS22:BRANCHE07=K:BELØB=3:SÆSON=EJSÆSON,2021-07-01,7751.0
DST:FIKS22:BRANCHE07=K:BELØB=3:SÆSON=EJSÆSON,2021-08-01,6500.0
DST:FIKS22:BRANCHE07=K:BELØB=3:SÆSON=EJSÆSON,2021-09-01,7700.0
DST:FIKS22:BRANCHE07=K:BELØB=3:SÆSON=EJSÆSON,2021-10-01,7150.0
DST:FIKS22:BRANCHE07=K:BELØB=3:SÆSON=EJSÆSON,2021-11-01,7306.0
DST:FIKS22:BRANCHE07=K:BELØB=3:SÆSON=EJSÆSON,2021-12-01,8691.0
DST:FIKS22:BRANCHE07=K:BELØB=3:SÆSON=EJSÆSON,2022-01-01,6820.0
DST:FIKS22:BRANCHE07=K:BELØB=3:SÆSON=EJSÆSON,2022-02-01,6283.0
DST:FIKS22:BRANCHE07=K:BELØB=3:SÆSON=EJSÆSON,2022-03-01,7952.0
DST:FIKS22:BRANCHE07=K:BELØB=3:SÆSON=EJSÆSON,2022-04-01,6838.0
DST:FIKS22:BRANCHE07=K:BELØB=3:SÆSON=EJSÆSON,2022-05-01,7362.0
DST:FIKS22:BRANCHE07=K:BELØB=3:SÆSON=EJSÆSON,2022-06-01,8314.0
DST:FIKS22:BRANCHE07=K:BELØB=3:SÆSON=EJSÆSON,2022-07-01,7275.0
DST:FIKS22:BRANCHE07=K:BELØB=3:SÆSON=EJSÆSON,2022-08-01,6766.0
DST:FIKS22:BRANCHE07=K:BELØB=3:SÆSON=EJSÆSON,2022-09-01,8039.0
DST:FIKS22:BRANCHE07=K:BELØB=3:SÆSON=EJSÆSON,2022-10-01,7388.0
DST:FIKS22:BRANCHE07=K:BELØB=3:SÆSON=EJSÆSON,2022-11-01,8804.0
DST:FIKS22:BRANCHE07=K:BELØB=3:SÆSON=EJSÆSON,2022-12-01,11174.0
DST:FIKS22:BRANCHE07=K:BELØB=3:SÆSON=EJSÆSON,2023-01-01,7449.0
DST:FIKS22:BRANCHE07=K:BELØB=3:SÆSON=EJSÆSON,2023-02-01,7369.0
DST:FIKS22:BRANCHE07=K:BELØB=3:SÆSON=EJSÆSON,2023-03-01,9925.0
DST:FIKS22:BRANCHE07=K:BELØB=3:SÆSON=EJSÆSON,2023-04-01,7790.0
DST:FIKS22:BRANCHE07=K:BELØB=3:SÆSON=EJSÆSON,2023-05-01,8703.0
DST:FIKS22:BRANCHE07=K:BELØB=3:SÆSON=EJSÆSON,2023-06-01,10860.0
DST:FIKS22:BRANCHE07=K:BELØB=3:SÆSON=EJSÆSON,2023-07-01,7828.0
DST:FIKS22:BRANCHE07=K:BELØB=3:SÆSON=EJSÆSON,2023-08-01,7945.0
DST:FIKS22:BRANCHE07=K:BELØB=3:SÆSON=EJSÆSON,2023-09-01,8192.0
DST:FIKS22:BRANCHE07=K:BELØB=3:SÆSON=EJSÆSON,2023-10-01,9226.0
DST:FIKS22:BRANCHE07=K:BELØB=3:SÆSON=EJSÆSON,2023-11-01,9275.0
DST:FIKS22:BRANCHE07=K:BELØB=3:SÆSON=EJSÆSON,2023-12-01,10612.0
DST:FIKS22:BRANCHE07=K:BELØB=3:SÆSON=EJSÆSON,2024-01-01,7087.0
DST:FIKS22:BRANCHE07=K:BELØB=3:SÆSON=EJSÆSON,2024-02-01,7080.0
DST:FIKS22:BRANCHE07=K:BELØB=3:SÆSON=EJSÆSON,2024-03-01,9089.0
DST:FIKS22:BRANCHE07=K:BELØB=3:SÆSON=EJSÆSON,2024-04-01,9125.0
DST:FIKS22:BRANCHE07=K:BELØB=3:SÆSON=EJSÆSON,2024-05-01,9538.0
DST:FIKS22:BRANCHE07=K:BELØB=3:SÆSON=EJSÆSON,2024-06-01,10574.0
DST:FIKS22:BRANCHE07=K:BELØB=3:SÆSON=EJSÆSON,2024-07-01,8952.0
DST:FIKS22:BRANCHE07=K:BELØB=3:SÆSON=EJSÆSON,2024-08-01,7780.0
DST:FIKS22:BRANCHE07=K:BELØB=3:SÆSON=EJSÆSON,2024-09-01,9330.0
DST:FIKS22:BRANCHE07=K:BELØB=3:SÆSON=EJSÆSON,2024-10-01,10564.0
DST:FIKS22:BRANCHE07=K:BELØB=3:SÆSON=EJSÆSON,2024-11-01,9812.0
DST:FIKS22:BRANCHE07=K:BELØB=3:SÆSON=EJSÆSON,2024-12-01,10651.0
DST:FIKS22:BRANCHE07=K:BELØB=3:SÆSON=EJSÆSON,2025-01-01,9249.0
DST:FIKS22:BRANCHE07=K:BELØB=3:SÆSON=EJSÆSON,2025-02-01,8939.0
DST:FIKS22:BRANCHE07=K:BELØB=3:SÆSON=EJSÆSON,2025-03-01,10331.0
DST:FIKS22:BRANCHE07=K:BELØB=3:SÆSON=EJSÆSON,2025-04-01,10279.0
DST:FIKS22:BRANCHE07=K:BELØB=3:SÆSON=EJSÆSON,2025-05-01,10892.0
DST:FIKS22:BRANCHE07=K:BELØB=3:SÆSON=EJSÆSON,2025-06-01,11979.0
DST:FIKS22:BRANCHE07=K:BELØB=3:SÆSON=EJSÆSON,2025-07-01,9958.0
DST:FIKS22:BRANCHE07=K:BELØB=3:SÆSON=EJSÆSON,2025-08-01,8534.0
DST:FIKS22:BRANCHE07=K:BELØB=3:SÆSON=EJSÆSON,2025-09-01,11406.0
DST:FIKS22:BRANCHE07=K:BELØB=3:SÆSON=EJSÆSON,2025-10-01,11879.0
DST:FIKS22:BRANCHE07=K:BELØB=3:SÆSON=EJSÆSON,2025-11-01,10625.0
DST:FIKS22:BRANCHE07=K:BELØB=3:SÆSON=EJSÆSON,2025-12-01,12811.0
DST:FIKS22:BRANCHE07=K:BELØB=3:SÆSON=EJSÆSON,2026-01-01,8432.0
DST:FIKS22:BRANCHE07=K:BELØB=3:SÆSON=EJSÆSON,2026-02-01,8926.0
DST:FIKS22:BRANCHE07=K:BELØB=3:SÆSON=EJSÆSON,2026-03-01,10183.0
DST:FIKS22:BRANCHE07=K:BELØB=3:SÆSON=SÆSON,2009-01-01,3324.0
DST:FIKS22:BRANCHE07=K:BELØB=3:SÆSON=SÆSON,2009-02-01,3185.0
DST:FIKS22:BRANCHE07=K:BELØB=3:SÆSON=SÆSON,2009-03-01,2912.0
DST:FIKS22:BRANCHE07=K:BELØB=3:SÆSON=SÆSON,2009-04-01,2963.0
DST:FIKS22:BRANCHE07=K:BELØB=3:SÆSON=SÆSON,2009-05-01,2911.0
DST:FIKS22:BRANCHE07=K:BELØB=3:SÆSON=SÆSON,2009-06-01,2692.0
DST:FIKS22:BRANCHE07=K:BELØB=3:SÆSON=SÆSON,2009-07-01,2715.0
DST:FIKS22:BRANCHE07=K:BELØB=3:SÆSON=SÆSON,2009-08-01,2891.0
DST:FIKS22:BRANCHE07=K:BELØB=3:SÆSON=SÆSON,2009-09-01,2835.0
DST:FIKS22:BRANCHE07=K:BELØB=3:SÆSON=SÆSON,2009-10-01,2710.0
DST:FIKS22:BRANCHE07=K:BELØB=3:SÆSON=SÆSON,2009-11-01,2837.0
DST:FIKS22:BRANCHE07=K:BELØB=3:SÆSON=SÆSON,2009-12-01,2774.0
DST:FIKS22:BRANCHE07=K:BELØB=3:SÆSON=SÆSON,2010-01-01,4799.0
DST:FIKS22:BRANCHE07=K:BELØB=3:SÆSON=SÆSON,2010-02-01,4785.0
DST:FIKS22:BRANCHE07=K:BELØB=3:SÆSON=SÆSON,2010-03-01,5327.0
DST:FIKS22:BRANCHE07=K:BELØB=3:SÆSON=SÆSON,2010-04-01,7076.0
DST:FIKS22:BRANCHE07=K:BELØB=3:SÆSON=SÆSON,2010-05-01,7273.0
DST:FIKS22:BRANCHE07=K:BELØB=3:SÆSON=SÆSON,2010-06-01,6453.0
DST:FIKS22:BRANCHE07=K:BELØB=3:SÆSON=SÆSON,2010-07-01,7282.0
DST:FIKS22:BRANCHE07=K:BELØB=3:SÆSON=SÆSON,2010-08-01,7701.0
DST:FIKS22:BRANCHE07=K:BELØB=3:SÆSON=SÆSON,2010-09-01,7401.0
DST:FIKS22:BRANCHE07=K:BELØB=3:SÆSON=SÆSON,2010-10-01,7021.0
DST:FIKS22:BRANCHE07=K:BELØB=3:SÆSON=SÆSON,2010-11-01,11158.0
DST:FIKS22:BRANCHE07=K:BELØB=3:SÆSON=SÆSON,2010-12-01,6161.0
DST:FIKS22:BRANCHE07=K:BELØB=3:SÆSON=SÆSON,2011-01-01,3340.0
DST:FIKS22:BRANCHE07=K:BELØB=3:SÆSON=SÆSON,2011-02-01,3579.0
DST:FIKS22:BRANCHE07=K:BELØB=3:SÆSON=SÆSON,2011-03-01,3414.0
DST:FIKS22:BRANCHE07=K:BELØB=3:SÆSON=SÆSON,2011-04-01,3180.0
DST:FIKS22:BRANCHE07=K:BELØB=3:SÆSON=SÆSON,2011-05-01,3648.0
DST:FIKS22:BRANCHE07=K:BELØB=3:SÆSON=SÆSON,2011-06-01,3743.0
DST:FIKS22:BRANCHE07=K:BELØB=3:SÆSON=SÆSON,2011-07-01,3642.0
DST:FIKS22:BRANCHE07=K:BELØB=3:SÆSON=SÆSON,2011-08-01,3428.0
DST:FIKS22:BRANCHE07=K:BELØB=3:SÆSON=SÆSON,2011-09-01,3702.0
DST:FIKS22:BRANCHE07=K:BELØB=3:SÆSON=SÆSON,2011-10-01,3699.0
DST:FIKS22:BRANCHE07=K:BELØB=3:SÆSON=SÆSON,2011-11-01,3610.0
DST:FIKS22:BRANCHE07=K:BELØB=3:SÆSON=SÆSON,2011-12-01,3708.0
DST:FIKS22:BRANCHE07=K:BELØB=3:SÆSON=SÆSON,2012-01-01,3719.0
DST:FIKS22:BRANCHE07=K:BELØB=3:SÆSON=SÆSON,2012-02-01,3487.0
DST:FIKS22:BRANCHE07=K:BELØB=3:SÆSON=SÆSON,2012-03-01,3673.0
DST:FIKS22:BRANCHE07=K:BELØB=3:SÆSON=SÆSON,2012-04-01,3426.0
DST:FIKS22:BRANCHE07=K:BELØB=3:SÆSON=SÆSON,2012-05-01,3149.0
DST:FIKS22:BRANCHE07=K:BELØB=3:SÆSON=SÆSON,2012-06-01,3201.0
DST:FIKS22:BRANCHE07=K:BELØB=3:SÆSON=SÆSON,2012-07-01,3658.0
DST:FIKS22:BRANCHE07=K:BELØB=3:SÆSON=SÆSON,2012-08-01,3000.0
DST:FIKS22:BRANCHE07=K:BELØB=3:SÆSON=SÆSON,2012-09-01,3013.0
DST:FIKS22:BRANCHE07=K:BELØB=3:SÆSON=SÆSON,2012-10-01,3212.0
DST:FIKS22:BRANCHE07=K:BELØB=3:SÆSON=SÆSON,2012-11-01,3025.0
DST:FIKS22:BRANCHE07=K:BELØB=3:SÆSON=SÆSON,2012-12-01,3233.0
DST:FIKS22:BRANCHE07=K:BELØB=3:SÆSON=SÆSON,2013-01-01,3217.0
DST:FIKS22:BRANCHE07=K:BELØB=3:SÆSON=SÆSON,2013-02-01,3096.0
DST:FIKS22:BRANCHE07=K:BELØB=3:SÆSON=SÆSON,2013-03-01,3036.0
DST:FIKS22:BRANCHE07=K:BELØB=3:SÆSON=SÆSON,2013-04-01,3176.0
DST:FIKS22:BRANCHE07=K:BELØB=3:SÆSON=SÆSON,2013-05-01,3211.0
DST:FIKS22:BRANCHE07=K:BELØB=3:SÆSON=SÆSON,2013-06-01,2978.0
DST:FIKS22:BRANCHE07=K:BELØB=3:SÆSON=SÆSON,2013-07-01,3420.0
DST:FIKS22:BRANCHE07=K:BELØB=3:SÆSON=SÆSON,2013-08-01,3485.0
DST:FIKS22:BRANCHE07=K:BELØB=3:SÆSON=SÆSON,2013-09-01,3296.0
DST:FIKS22:BRANCHE07=K:BELØB=3:SÆSON=SÆSON,2013-10-01,3306.0
DST:FIKS22:BRANCHE07=K:BELØB=3:SÆSON=SÆSON,2013-11-01,3539.0
DST:FIKS22:BRANCHE07=K:BELØB=3:SÆSON=SÆSON,2013-12-01,3505.0
DST:FIKS22:BRANCHE07=K:BELØB=3:SÆSON=SÆSON,2014-01-01,3419.0
DST:FIKS22:BRANCHE07=K:BELØB=3:SÆSON=SÆSON,2014-02-01,3354.0
DST:FIKS22:BRANCHE07=K:BELØB=3:SÆSON=SÆSON,2014-03-01,3305.0
DST:FIKS22:BRANCHE07=K:BELØB=3:SÆSON=SÆSON,2014-04-01,3667.0
DST:FIKS22:BRANCHE07=K:BELØB=3:SÆSON=SÆSON,2014-05-01,3369.0
DST:FIKS22:BRANCHE07=K:BELØB=3:SÆSON=SÆSON,2014-06-01,3969.0
DST:FIKS22:BRANCHE07=K:BELØB=3:SÆSON=SÆSON,2014-07-01,3748.0
DST:FIKS22:BRANCHE07=K:BELØB=3:SÆSON=SÆSON,2014-08-01,3917.0
DST:FIKS22:BRANCHE07=K:BELØB=3:SÆSON=SÆSON,2014-09-01,3880.0
DST:FIKS22:BRANCHE07=K:BELØB=3:SÆSON=SÆSON,2014-10-01,4082.0
DST:FIKS22:BRANCHE07=K:BELØB=3:SÆSON=SÆSON,2014-11-01,4008.0
DST:FIKS22:BRANCHE07=K:BELØB=3:SÆSON=SÆSON,2014-12-01,3882.0
DST:FIKS22:BRANCHE07=K:BELØB=3:SÆSON=SÆSON,2015-01-01,4195.0
DST:FIKS22:BRANCHE07=K:BELØB=3:SÆSON=SÆSON,2015-02-01,4141.0
DST:FIKS22:BRANCHE07=K:BELØB=3:SÆSON=SÆSON,2015-03-01,4322.0
DST:FIKS22:BRANCHE07=K:BELØB=3:SÆSON=SÆSON,2015-04-01,4222.0
DST:FIKS22:BRANCHE07=K:BELØB=3:SÆSON=SÆSON,2015-05-01,4126.0
DST:FIKS22:BRANCHE07=K:BELØB=3:SÆSON=SÆSON,2015-06-01,4300.0
DST:FIKS22:BRANCHE07=K:BELØB=3:SÆSON=SÆSON,2015-07-01,4064.0
DST:FIKS22:BRANCHE07=K:BELØB=3:SÆSON=SÆSON,2015-08-01,4143.0
DST:FIKS22:BRANCHE07=K:BELØB=3:SÆSON=SÆSON,2015-09-01,4996.0
DST:FIKS22:BRANCHE07=K:BELØB=3:SÆSON=SÆSON,2015-10-01,4205.0
DST:FIKS22:BRANCHE07=K:BELØB=3:SÆSON=SÆSON,2015-11-01,4587.0
DST:FIKS22:BRANCHE07=K:BELØB=3:SÆSON=SÆSON,2015-12-01,4690.0
DST:FIKS22:BRANCHE07=K:BELØB=3:SÆSON=SÆSON,2016-01-01,4770.0
DST:FIKS22:BRANCHE07=K:BELØB=3:SÆSON=SÆSON,2016-02-01,5152.0
DST:FIKS22:BRANCHE07=K:BELØB=3:SÆSON=SÆSON,2016-03-01,5097.0
DST:FIKS22:BRANCHE07=K:BELØB=3:SÆSON=SÆSON,2016-04-01,4873.0
DST:FIKS22:BRANCHE07=K:BELØB=3:SÆSON=SÆSON,2016-05-01,4941.0
DST:FIKS22:BRANCHE07=K:BELØB=3:SÆSON=SÆSON,2016-06-01,4880.0
DST:FIKS22:BRANCHE07=K:BELØB=3:SÆSON=SÆSON,2016-07-01,4807.0
DST:FIKS22:BRANCHE07=K:BELØB=3:SÆSON=SÆSON,2016-08-01,4727.0
DST:FIKS22:BRANCHE07=K:BELØB=3:SÆSON=SÆSON,2016-09-01,5018.0
DST:FIKS22:BRANCHE07=K:BELØB=3:SÆSON=SÆSON,2016-10-01,5129.0
DST:FIKS22:BRANCHE07=K:BELØB=3:SÆSON=SÆSON,2016-11-01,4936.0
DST:FIKS22:BRANCHE07=K:BELØB=3:SÆSON=SÆSON,2016-12-01,4723.0
DST:FIKS22:BRANCHE07=K:BELØB=3:SÆSON=SÆSON,2017-01-01,4667.0
DST:FIKS22:BRANCHE07=K:BELØB=3:SÆSON=SÆSON,2017-02-01,4750.0
DST:FIKS22:BRANCHE07=K:BELØB=3:SÆSON=SÆSON,2017-03-01,4948.0
DST:FIKS22:BRANCHE07=K:BELØB=3:SÆSON=SÆSON,2017-04-01,4936.0
DST:FIKS22:BRANCHE07=K:BELØB=3:SÆSON=SÆSON,2017-05-01,5270.0
DST:FIKS22:BRANCHE07=K:BELØB=3:SÆSON=SÆSON,2017-06-01,5539.0
DST:FIKS22:BRANCHE07=K:BELØB=3:SÆSON=SÆSON,2017-07-01,5495.0
DST:FIKS22:BRANCHE07=K:BELØB=3:SÆSON=SÆSON,2017-08-01,5360.0
DST:FIKS22:BRANCHE07=K:BELØB=3:SÆSON=SÆSON,2017-09-01,5132.0
DST:FIKS22:BRANCHE07=K:BELØB=3:SÆSON=SÆSON,2017-10-01,4886.0
DST:FIKS22:BRANCHE07=K:BELØB=3:SÆSON=SÆSON,2017-11-01,5152.0
DST:FIKS22:BRANCHE07=K:BELØB=3:SÆSON=SÆSON,2017-12-01,5159.0
DST:FIKS22:BRANCHE07=K:BELØB=3:SÆSON=SÆSON,2018-01-01,5261.0
DST:FIKS22:BRANCHE07=K:BELØB=3:SÆSON=SÆSON,2018-02-01,5738.0
DST:FIKS22:BRANCHE07=K:BELØB=3:SÆSON=SÆSON,2018-03-01,5169.0
DST:FIKS22:BRANCHE07=K:BELØB=3:SÆSON=SÆSON,2018-04-01,5395.0
DST:FIKS22:BRANCHE07=K:BELØB=3:SÆSON=SÆSON,2018-05-01,5474.0
DST:FIKS22:BRANCHE07=K:BELØB=3:SÆSON=SÆSON,2018-06-01,5300.0
DST:FIKS22:BRANCHE07=K:BELØB=3:SÆSON=SÆSON,2018-07-01,5291.0
DST:FIKS22:BRANCHE07=K:BELØB=3:SÆSON=SÆSON,2018-08-01,5550.0
DST:FIKS22:BRANCHE07=K:BELØB=3:SÆSON=SÆSON,2018-09-01,5347.0
DST:FIKS22:BRANCHE07=K:BELØB=3:SÆSON=SÆSON,2018-10-01,5643.0
DST:FIKS22:BRANCHE07=K:BELØB=3:SÆSON=SÆSON,2018-11-01,5521.0
DST:FIKS22:BRANCHE07=K:BELØB=3:SÆSON=SÆSON,2018-12-01,5833.0
DST:FIKS22:BRANCHE07=K:BELØB=3:SÆSON=SÆSON,2019-01-01,5740.0
DST:FIKS22:BRANCHE07=K:BELØB=3:SÆSON=SÆSON,2019-02-01,5679.0
DST:FIKS22:BRANCHE07=K:BELØB=3:SÆSON=SÆSON,2019-03-01,5839.0
DST:FIKS22:BRANCHE07=K:BELØB=3:SÆSON=SÆSON,2019-04-01,6004.0
DST:FIKS22:BRANCHE07=K:BELØB=3:SÆSON=SÆSON,2019-05-01,5807.0
DST:FIKS22:BRANCHE07=K:BELØB=3:SÆSON=SÆSON,2019-06-01,5782.0
DST:FIKS22:BRANCHE07=K:BELØB=3:SÆSON=SÆSON,2019-07-01,5733.0
DST:FIKS22:BRANCHE07=K:BELØB=3:SÆSON=SÆSON,2019-08-01,5689.0
DST:FIKS22:BRANCHE07=K:BELØB=3:SÆSON=SÆSON,2019-09-01,5718.0
DST:FIKS22:BRANCHE07=K:BELØB=3:SÆSON=SÆSON,2019-10-01,5813.0
DST:FIKS22:BRANCHE07=K:BELØB=3:SÆSON=SÆSON,2019-11-01,6682.0
DST:FIKS22:BRANCHE07=K:BELØB=3:SÆSON=SÆSON,2019-12-01,5879.0
DST:FIKS22:BRANCHE07=K:BELØB=3:SÆSON=SÆSON,2020-01-01,6041.0
DST:FIKS22:BRANCHE07=K:BELØB=3:SÆSON=SÆSON,2020-02-01,5793.0
DST:FIKS22:BRANCHE07=K:BELØB=3:SÆSON=SÆSON,2020-03-01,5466.0
DST:FIKS22:BRANCHE07=K:BELØB=3:SÆSON=SÆSON,2020-04-01,5046.0
DST:FIKS22:BRANCHE07=K:BELØB=3:SÆSON=SÆSON,2020-05-01,4628.0
DST:FIKS22:BRANCHE07=K:BELØB=3:SÆSON=SÆSON,2020-06-01,5100.0
DST:FIKS22:BRANCHE07=K:BELØB=3:SÆSON=SÆSON,2020-07-01,5389.0
DST:FIKS22:BRANCHE07=K:BELØB=3:SÆSON=SÆSON,2020-08-01,5614.0
DST:FIKS22:BRANCHE07=K:BELØB=3:SÆSON=SÆSON,2020-09-01,5678.0
DST:FIKS22:BRANCHE07=K:BELØB=3:SÆSON=SÆSON,2020-10-01,5420.0
DST:FIKS22:BRANCHE07=K:BELØB=3:SÆSON=SÆSON,2020-11-01,5525.0
DST:FIKS22:BRANCHE07=K:BELØB=3:SÆSON=SÆSON,2020-12-01,5488.0
DST:FIKS22:BRANCHE07=K:BELØB=3:SÆSON=SÆSON,2021-01-01,7125.0
DST:FIKS22:BRANCHE07=K:BELØB=3:SÆSON=SÆSON,2021-02-01,7549.0
DST:FIKS22:BRANCHE07=K:BELØB=3:SÆSON=SÆSON,2021-03-01,9795.0
DST:FIKS22:BRANCHE07=K:BELØB=3:SÆSON=SÆSON,2021-04-01,7675.0
DST:FIKS22:BRANCHE07=K:BELØB=3:SÆSON=SÆSON,2021-05-01,7411.0
DST:FIKS22:BRANCHE07=K:BELØB=3:SÆSON=SÆSON,2021-06-01,7268.0
DST:FIKS22:BRANCHE07=K:BELØB=3:SÆSON=SÆSON,2021-07-01,7940.0
DST:FIKS22:BRANCHE07=K:BELØB=3:SÆSON=SÆSON,2021-08-01,7457.0
DST:FIKS22:BRANCHE07=K:BELØB=3:SÆSON=SÆSON,2021-09-01,7607.0
DST:FIKS22:BRANCHE07=K:BELØB=3:SÆSON=SÆSON,2021-10-01,7162.0
DST:FIKS22:BRANCHE07=K:BELØB=3:SÆSON=SÆSON,2021-11-01,7036.0
DST:FIKS22:BRANCHE07=K:BELØB=3:SÆSON=SÆSON,2021-12-01,6410.0
DST:FIKS22:BRANCHE07=K:BELØB=3:SÆSON=SÆSON,2022-01-01,7965.0
DST:FIKS22:BRANCHE07=K:BELØB=3:SÆSON=SÆSON,2022-02-01,7185.0
DST:FIKS22:BRANCHE07=K:BELØB=3:SÆSON=SÆSON,2022-03-01,7234.0
DST:FIKS22:BRANCHE07=K:BELØB=3:SÆSON=SÆSON,2022-04-01,7383.0
DST:FIKS22:BRANCHE07=K:BELØB=3:SÆSON=SÆSON,2022-05-01,7492.0
DST:FIKS22:BRANCHE07=K:BELØB=3:SÆSON=SÆSON,2022-06-01,7369.0
DST:FIKS22:BRANCHE07=K:BELØB=3:SÆSON=SÆSON,2022-07-01,7705.0
DST:FIKS22:BRANCHE07=K:BELØB=3:SÆSON=SÆSON,2022-08-01,7699.0
DST:FIKS22:BRANCHE07=K:BELØB=3:SÆSON=SÆSON,2022-09-01,7765.0
DST:FIKS22:BRANCHE07=K:BELØB=3:SÆSON=SÆSON,2022-10-01,7470.0
DST:FIKS22:BRANCHE07=K:BELØB=3:SÆSON=SÆSON,2022-11-01,8384.0
DST:FIKS22:BRANCHE07=K:BELØB=3:SÆSON=SÆSON,2022-12-01,8664.0
DST:FIKS22:BRANCHE07=K:BELØB=3:SÆSON=SÆSON,2023-01-01,8586.0
DST:FIKS22:BRANCHE07=K:BELØB=3:SÆSON=SÆSON,2023-02-01,8472.0
DST:FIKS22:BRANCHE07=K:BELØB=3:SÆSON=SÆSON,2023-03-01,9141.0
DST:FIKS22:BRANCHE07=K:BELØB=3:SÆSON=SÆSON,2023-04-01,8618.0
DST:FIKS22:BRANCHE07=K:BELØB=3:SÆSON=SÆSON,2023-05-01,8726.0
DST:FIKS22:BRANCHE07=K:BELØB=3:SÆSON=SÆSON,2023-06-01,9322.0
DST:FIKS22:BRANCHE07=K:BELØB=3:SÆSON=SÆSON,2023-07-01,8534.0
DST:FIKS22:BRANCHE07=K:BELØB=3:SÆSON=SÆSON,2023-08-01,8997.0
DST:FIKS22:BRANCHE07=K:BELØB=3:SÆSON=SÆSON,2023-09-01,8135.0
DST:FIKS22:BRANCHE07=K:BELØB=3:SÆSON=SÆSON,2023-10-01,8842.0
DST:FIKS22:BRANCHE07=K:BELØB=3:SÆSON=SÆSON,2023-11-01,8894.0
DST:FIKS22:BRANCHE07=K:BELØB=3:SÆSON=SÆSON,2023-12-01,8801.0
DST:FIKS22:BRANCHE07=K:BELØB=3:SÆSON=SÆSON,2024-01-01,8225.0
DST:FIKS22:BRANCHE07=K:BELØB=3:SÆSON=SÆSON,2024-02-01,7843.0
DST:FIKS22:BRANCHE07=K:BELØB=3:SÆSON=SÆSON,2024-03-01,9556.0
DST:FIKS22:BRANCHE07=K:BELØB=3:SÆSON=SÆSON,2024-04-01,9084.0
DST:FIKS22:BRANCHE07=K:BELØB=3:SÆSON=SÆSON,2024-05-01,9159.0
DST:FIKS22:BRANCHE07=K:BELØB=3:SÆSON=SÆSON,2024-06-01,9521.0
DST:FIKS22:BRANCHE07=K:BELØB=3:SÆSON=SÆSON,2024-07-01,9315.0
DST:FIKS22:BRANCHE07=K:BELØB=3:SÆSON=SÆSON,2024-08-01,9177.0
DST:FIKS22:BRANCHE07=K:BELØB=3:SÆSON=SÆSON,2024-09-01,9344.0
DST:FIKS22:BRANCHE07=K:BELØB=3:SÆSON=SÆSON,2024-10-01,9697.0
DST:FIKS22:BRANCHE07=K:BELØB=3:SÆSON=SÆSON,2024-11-01,9578.0
DST:FIKS22:BRANCHE07=K:BELØB=3:SÆSON=SÆSON,2024-12-01,8651.0
DST:FIKS22:BRANCHE07=K:BELØB=3:SÆSON=SÆSON,2025-01-01,10792.0
DST:FIKS22:BRANCHE07=K:BELØB=3:SÆSON=SÆSON,2025-02-01,10382.0
DST:FIKS22:BRANCHE07=K:BELØB=3:SÆSON=SÆSON,2025-03-01,10346.0
DST:FIKS22:BRANCHE07=K:BELØB=3:SÆSON=SÆSON,2025-04-01,10638.0
DST:FIKS22:BRANCHE07=K:BELØB=3:SÆSON=SÆSON,2025-05-01,10851.0
DST:FIKS22:BRANCHE07=K:BELØB=3:SÆSON=SÆSON,2025-06-01,10663.0
DST:FIKS22:BRANCHE07=K:BELØB=3:SÆSON=SÆSON,2025-07-01,10287.0
DST:FIKS22:BRANCHE07=K:BELØB=3:SÆSON=SÆSON,2025-08-01,10362.0
DST:FIKS22:BRANCHE07=K:BELØB=3:SÆSON=SÆSON,2025-09-01,11021.0
DST:FIKS22:BRANCHE07=K:BELØB=3:SÆSON=SÆSON,2025-10-01,10897.0
DST:FIKS22:BRANCHE07=K:BELØB=3:SÆSON=SÆSON,2025-11-01,10647.0
DST:FIKS22:BRANCHE07=K:BELØB=3:SÆSON=SÆSON,2025-12-01,10405.0
DST:FIKS22:BRANCHE07=K:BELØB=3:SÆSON=SÆSON,2026-01-01,10159.0
DST:FIKS22:BRANCHE07=K:BELØB=3:SÆSON=SÆSON,2026-02-01,10374.0
DST:FIKS22:BRANCHE07=K:BELØB=3:SÆSON=SÆSON,2026-03-01,9848.0
DST:FIKS22:BRANCHE07=K:BELØB=4:SÆSON=EJSÆSON,2009-01-01,5209.0
DST:FIKS22:BRANCHE07=K:BELØB=4:SÆSON=EJSÆSON,2009-02-01,3900.0
DST:FIKS22:BRANCHE07=K:BELØB=4:SÆSON=EJSÆSON,2009-03-01,4105.0
DST:FIKS22:BRANCHE07=K:BELØB=4:SÆSON=EJSÆSON,2009-04-01,4595.0
DST:FIKS22:BRANCHE07=K:BELØB=4:SÆSON=EJSÆSON,2009-05-01,4066.0
DST:FIKS22:BRANCHE07=K:BELØB=4:SÆSON=EJSÆSON,2009-06-01,4403.0
DST:FIKS22:BRANCHE07=K:BELØB=4:SÆSON=EJSÆSON,2009-07-01,4547.0
DST:FIKS22:BRANCHE07=K:BELØB=4:SÆSON=EJSÆSON,2009-08-01,3495.0
DST:FIKS22:BRANCHE07=K:BELØB=4:SÆSON=EJSÆSON,2009-09-01,3996.0
DST:FIKS22:BRANCHE07=K:BELØB=4:SÆSON=EJSÆSON,2009-10-01,4673.0
DST:FIKS22:BRANCHE07=K:BELØB=4:SÆSON=EJSÆSON,2009-11-01,3395.0
DST:FIKS22:BRANCHE07=K:BELØB=4:SÆSON=EJSÆSON,2009-12-01,5854.0
DST:FIKS22:BRANCHE07=K:BELØB=4:SÆSON=EJSÆSON,2010-01-01,13166.0
DST:FIKS22:BRANCHE07=K:BELØB=4:SÆSON=EJSÆSON,2010-02-01,12747.0
DST:FIKS22:BRANCHE07=K:BELØB=4:SÆSON=EJSÆSON,2010-03-01,12808.0
DST:FIKS22:BRANCHE07=K:BELØB=4:SÆSON=EJSÆSON,2010-04-01,14272.0
DST:FIKS22:BRANCHE07=K:BELØB=4:SÆSON=EJSÆSON,2010-05-01,15111.0
DST:FIKS22:BRANCHE07=K:BELØB=4:SÆSON=EJSÆSON,2010-06-01,16628.0
DST:FIKS22:BRANCHE07=K:BELØB=4:SÆSON=EJSÆSON,2010-07-01,16067.0
DST:FIKS22:BRANCHE07=K:BELØB=4:SÆSON=EJSÆSON,2010-08-01,14875.0
DST:FIKS22:BRANCHE07=K:BELØB=4:SÆSON=EJSÆSON,2010-09-01,16224.0
DST:FIKS22:BRANCHE07=K:BELØB=4:SÆSON=EJSÆSON,2010-10-01,16101.0
DST:FIKS22:BRANCHE07=K:BELØB=4:SÆSON=EJSÆSON,2010-11-01,15281.0
DST:FIKS22:BRANCHE07=K:BELØB=4:SÆSON=EJSÆSON,2010-12-01,15559.0
DST:FIKS22:BRANCHE07=K:BELØB=4:SÆSON=EJSÆSON,2011-01-01,5359.0
DST:FIKS22:BRANCHE07=K:BELØB=4:SÆSON=EJSÆSON,2011-02-01,3772.0
DST:FIKS22:BRANCHE07=K:BELØB=4:SÆSON=EJSÆSON,2011-03-01,4741.0
DST:FIKS22:BRANCHE07=K:BELØB=4:SÆSON=EJSÆSON,2011-04-01,4783.0
DST:FIKS22:BRANCHE07=K:BELØB=4:SÆSON=EJSÆSON,2011-05-01,4424.0
DST:FIKS22:BRANCHE07=K:BELØB=4:SÆSON=EJSÆSON,2011-06-01,4638.0
DST:FIKS22:BRANCHE07=K:BELØB=4:SÆSON=EJSÆSON,2011-07-01,4788.0
DST:FIKS22:BRANCHE07=K:BELØB=4:SÆSON=EJSÆSON,2011-08-01,3718.0
DST:FIKS22:BRANCHE07=K:BELØB=4:SÆSON=EJSÆSON,2011-09-01,4633.0
DST:FIKS22:BRANCHE07=K:BELØB=4:SÆSON=EJSÆSON,2011-10-01,5127.0
DST:FIKS22:BRANCHE07=K:BELØB=4:SÆSON=EJSÆSON,2011-11-01,4258.0
DST:FIKS22:BRANCHE07=K:BELØB=4:SÆSON=EJSÆSON,2011-12-01,5567.0
DST:FIKS22:BRANCHE07=K:BELØB=4:SÆSON=EJSÆSON,2012-01-01,5246.0
DST:FIKS22:BRANCHE07=K:BELØB=4:SÆSON=EJSÆSON,2012-02-01,3804.0
DST:FIKS22:BRANCHE07=K:BELØB=4:SÆSON=EJSÆSON,2012-03-01,4466.0
DST:FIKS22:BRANCHE07=K:BELØB=4:SÆSON=EJSÆSON,2012-04-01,4622.0
DST:FIKS22:BRANCHE07=K:BELØB=4:SÆSON=EJSÆSON,2012-05-01,3848.0
DST:FIKS22:BRANCHE07=K:BELØB=4:SÆSON=EJSÆSON,2012-06-01,4732.0
DST:FIKS22:BRANCHE07=K:BELØB=4:SÆSON=EJSÆSON,2012-07-01,4529.0
DST:FIKS22:BRANCHE07=K:BELØB=4:SÆSON=EJSÆSON,2012-08-01,3557.0
DST:FIKS22:BRANCHE07=K:BELØB=4:SÆSON=EJSÆSON,2012-09-01,4164.0
DST:FIKS22:BRANCHE07=K:BELØB=4:SÆSON=EJSÆSON,2012-10-01,4807.0
DST:FIKS22:BRANCHE07=K:BELØB=4:SÆSON=EJSÆSON,2012-11-01,3801.0
DST:FIKS22:BRANCHE07=K:BELØB=4:SÆSON=EJSÆSON,2012-12-01,5254.0
DST:FIKS22:BRANCHE07=K:BELØB=4:SÆSON=EJSÆSON,2013-01-01,5002.0
DST:FIKS22:BRANCHE07=K:BELØB=4:SÆSON=EJSÆSON,2013-02-01,3413.0
DST:FIKS22:BRANCHE07=K:BELØB=4:SÆSON=EJSÆSON,2013-03-01,4004.0
DST:FIKS22:BRANCHE07=K:BELØB=4:SÆSON=EJSÆSON,2013-04-01,4875.0
DST:FIKS22:BRANCHE07=K:BELØB=4:SÆSON=EJSÆSON,2013-05-01,3790.0
DST:FIKS22:BRANCHE07=K:BELØB=4:SÆSON=EJSÆSON,2013-06-01,4484.0
DST:FIKS22:BRANCHE07=K:BELØB=4:SÆSON=EJSÆSON,2013-07-01,4579.0
DST:FIKS22:BRANCHE07=K:BELØB=4:SÆSON=EJSÆSON,2013-08-01,3405.0
DST:FIKS22:BRANCHE07=K:BELØB=4:SÆSON=EJSÆSON,2013-09-01,4326.0
DST:FIKS22:BRANCHE07=K:BELØB=4:SÆSON=EJSÆSON,2013-10-01,4837.0
DST:FIKS22:BRANCHE07=K:BELØB=4:SÆSON=EJSÆSON,2013-11-01,3852.0
DST:FIKS22:BRANCHE07=K:BELØB=4:SÆSON=EJSÆSON,2013-12-01,5404.0
DST:FIKS22:BRANCHE07=K:BELØB=4:SÆSON=EJSÆSON,2014-01-01,5424.0
DST:FIKS22:BRANCHE07=K:BELØB=4:SÆSON=EJSÆSON,2014-02-01,3667.0
DST:FIKS22:BRANCHE07=K:BELØB=4:SÆSON=EJSÆSON,2014-03-01,4179.0
DST:FIKS22:BRANCHE07=K:BELØB=4:SÆSON=EJSÆSON,2014-04-01,5334.0
DST:FIKS22:BRANCHE07=K:BELØB=4:SÆSON=EJSÆSON,2014-05-01,3917.0
DST:FIKS22:BRANCHE07=K:BELØB=4:SÆSON=EJSÆSON,2014-06-01,4738.0
DST:FIKS22:BRANCHE07=K:BELØB=4:SÆSON=EJSÆSON,2014-07-01,5215.0
DST:FIKS22:BRANCHE07=K:BELØB=4:SÆSON=EJSÆSON,2014-08-01,4120.0
DST:FIKS22:BRANCHE07=K:BELØB=4:SÆSON=EJSÆSON,2014-09-01,4667.0
DST:FIKS22:BRANCHE07=K:BELØB=4:SÆSON=EJSÆSON,2014-10-01,5324.0
DST:FIKS22:BRANCHE07=K:BELØB=4:SÆSON=EJSÆSON,2014-11-01,4511.0
DST:FIKS22:BRANCHE07=K:BELØB=4:SÆSON=EJSÆSON,2014-12-01,5702.0
DST:FIKS22:BRANCHE07=K:BELØB=4:SÆSON=EJSÆSON,2015-01-01,5810.0
DST:FIKS22:BRANCHE07=K:BELØB=4:SÆSON=EJSÆSON,2015-02-01,4114.0
DST:FIKS22:BRANCHE07=K:BELØB=4:SÆSON=EJSÆSON,2015-03-01,5033.0
DST:FIKS22:BRANCHE07=K:BELØB=4:SÆSON=EJSÆSON,2015-04-01,5770.0
DST:FIKS22:BRANCHE07=K:BELØB=4:SÆSON=EJSÆSON,2015-05-01,4470.0
DST:FIKS22:BRANCHE07=K:BELØB=4:SÆSON=EJSÆSON,2015-06-01,5609.0
DST:FIKS22:BRANCHE07=K:BELØB=4:SÆSON=EJSÆSON,2015-07-01,5576.0
DST:FIKS22:BRANCHE07=K:BELØB=4:SÆSON=EJSÆSON,2015-08-01,4378.0
DST:FIKS22:BRANCHE07=K:BELØB=4:SÆSON=EJSÆSON,2015-09-01,5051.0
DST:FIKS22:BRANCHE07=K:BELØB=4:SÆSON=EJSÆSON,2015-10-01,5806.0
DST:FIKS22:BRANCHE07=K:BELØB=4:SÆSON=EJSÆSON,2015-11-01,4765.0
DST:FIKS22:BRANCHE07=K:BELØB=4:SÆSON=EJSÆSON,2015-12-01,6547.0
DST:FIKS22:BRANCHE07=K:BELØB=4:SÆSON=EJSÆSON,2016-01-01,6539.0
DST:FIKS22:BRANCHE07=K:BELØB=4:SÆSON=EJSÆSON,2016-02-01,4744.0
DST:FIKS22:BRANCHE07=K:BELØB=4:SÆSON=EJSÆSON,2016-03-01,5221.0
DST:FIKS22:BRANCHE07=K:BELØB=4:SÆSON=EJSÆSON,2016-04-01,6029.0
DST:FIKS22:BRANCHE07=K:BELØB=4:SÆSON=EJSÆSON,2016-05-01,4517.0
DST:FIKS22:BRANCHE07=K:BELØB=4:SÆSON=EJSÆSON,2016-06-01,6061.0
DST:FIKS22:BRANCHE07=K:BELØB=4:SÆSON=EJSÆSON,2016-07-01,5753.0
DST:FIKS22:BRANCHE07=K:BELØB=4:SÆSON=EJSÆSON,2016-08-01,4239.0
DST:FIKS22:BRANCHE07=K:BELØB=4:SÆSON=EJSÆSON,2016-09-01,4945.0
DST:FIKS22:BRANCHE07=K:BELØB=4:SÆSON=EJSÆSON,2016-10-01,6701.0
DST:FIKS22:BRANCHE07=K:BELØB=4:SÆSON=EJSÆSON,2016-11-01,5449.0
DST:FIKS22:BRANCHE07=K:BELØB=4:SÆSON=EJSÆSON,2016-12-01,6388.0
DST:FIKS22:BRANCHE07=K:BELØB=4:SÆSON=EJSÆSON,2017-01-01,6677.0
DST:FIKS22:BRANCHE07=K:BELØB=4:SÆSON=EJSÆSON,2017-02-01,4614.0
DST:FIKS22:BRANCHE07=K:BELØB=4:SÆSON=EJSÆSON,2017-03-01,5439.0
DST:FIKS22:BRANCHE07=K:BELØB=4:SÆSON=EJSÆSON,2017-04-01,5922.0
DST:FIKS22:BRANCHE07=K:BELØB=4:SÆSON=EJSÆSON,2017-05-01,5269.0
DST:FIKS22:BRANCHE07=K:BELØB=4:SÆSON=EJSÆSON,2017-06-01,6528.0
DST:FIKS22:BRANCHE07=K:BELØB=4:SÆSON=EJSÆSON,2017-07-01,6585.0
DST:FIKS22:BRANCHE07=K:BELØB=4:SÆSON=EJSÆSON,2017-08-01,5009.0
DST:FIKS22:BRANCHE07=K:BELØB=4:SÆSON=EJSÆSON,2017-09-01,5939.0
DST:FIKS22:BRANCHE07=K:BELØB=4:SÆSON=EJSÆSON,2017-10-01,7430.0
DST:FIKS22:BRANCHE07=K:BELØB=4:SÆSON=EJSÆSON,2017-11-01,6600.0
DST:FIKS22:BRANCHE07=K:BELØB=4:SÆSON=EJSÆSON,2017-12-01,7712.0
DST:FIKS22:BRANCHE07=K:BELØB=4:SÆSON=EJSÆSON,2018-01-01,7976.0
DST:FIKS22:BRANCHE07=K:BELØB=4:SÆSON=EJSÆSON,2018-02-01,6166.0
DST:FIKS22:BRANCHE07=K:BELØB=4:SÆSON=EJSÆSON,2018-03-01,5835.0
DST:FIKS22:BRANCHE07=K:BELØB=4:SÆSON=EJSÆSON,2018-04-01,6906.0
DST:FIKS22:BRANCHE07=K:BELØB=4:SÆSON=EJSÆSON,2018-05-01,6339.0
DST:FIKS22:BRANCHE07=K:BELØB=4:SÆSON=EJSÆSON,2018-06-01,5873.0
DST:FIKS22:BRANCHE07=K:BELØB=4:SÆSON=EJSÆSON,2018-07-01,6934.0
DST:FIKS22:BRANCHE07=K:BELØB=4:SÆSON=EJSÆSON,2018-08-01,5487.0
DST:FIKS22:BRANCHE07=K:BELØB=4:SÆSON=EJSÆSON,2018-09-01,6853.0
DST:FIKS22:BRANCHE07=K:BELØB=4:SÆSON=EJSÆSON,2018-10-01,7831.0
DST:FIKS22:BRANCHE07=K:BELØB=4:SÆSON=EJSÆSON,2018-11-01,7342.0
DST:FIKS22:BRANCHE07=K:BELØB=4:SÆSON=EJSÆSON,2018-12-01,7451.0
DST:FIKS22:BRANCHE07=K:BELØB=4:SÆSON=EJSÆSON,2019-01-01,7144.0
DST:FIKS22:BRANCHE07=K:BELØB=4:SÆSON=EJSÆSON,2019-02-01,5948.0
DST:FIKS22:BRANCHE07=K:BELØB=4:SÆSON=EJSÆSON,2019-03-01,6502.0
DST:FIKS22:BRANCHE07=K:BELØB=4:SÆSON=EJSÆSON,2019-04-01,7107.0
DST:FIKS22:BRANCHE07=K:BELØB=4:SÆSON=EJSÆSON,2019-05-01,6770.0
DST:FIKS22:BRANCHE07=K:BELØB=4:SÆSON=EJSÆSON,2019-06-01,6441.0
DST:FIKS22:BRANCHE07=K:BELØB=4:SÆSON=EJSÆSON,2019-07-01,7705.0
DST:FIKS22:BRANCHE07=K:BELØB=4:SÆSON=EJSÆSON,2019-08-01,5776.0
DST:FIKS22:BRANCHE07=K:BELØB=4:SÆSON=EJSÆSON,2019-09-01,7201.0
DST:FIKS22:BRANCHE07=K:BELØB=4:SÆSON=EJSÆSON,2019-10-01,7920.0
DST:FIKS22:BRANCHE07=K:BELØB=4:SÆSON=EJSÆSON,2019-11-01,7385.0
DST:FIKS22:BRANCHE07=K:BELØB=4:SÆSON=EJSÆSON,2019-12-01,8462.0
DST:FIKS22:BRANCHE07=K:BELØB=4:SÆSON=EJSÆSON,2020-01-01,8367.0
DST:FIKS22:BRANCHE07=K:BELØB=4:SÆSON=EJSÆSON,2020-02-01,6816.0
DST:FIKS22:BRANCHE07=K:BELØB=4:SÆSON=EJSÆSON,2020-03-01,6207.0
DST:FIKS22:BRANCHE07=K:BELØB=4:SÆSON=EJSÆSON,2020-04-01,7290.0
DST:FIKS22:BRANCHE07=K:BELØB=4:SÆSON=EJSÆSON,2020-05-01,6064.0
DST:FIKS22:BRANCHE07=K:BELØB=4:SÆSON=EJSÆSON,2020-06-01,7287.0
DST:FIKS22:BRANCHE07=K:BELØB=4:SÆSON=EJSÆSON,2020-07-01,7534.0
DST:FIKS22:BRANCHE07=K:BELØB=4:SÆSON=EJSÆSON,2020-08-01,5702.0
DST:FIKS22:BRANCHE07=K:BELØB=4:SÆSON=EJSÆSON,2020-09-01,6113.0
DST:FIKS22:BRANCHE07=K:BELØB=4:SÆSON=EJSÆSON,2020-10-01,7479.0
DST:FIKS22:BRANCHE07=K:BELØB=4:SÆSON=EJSÆSON,2020-11-01,7992.0
DST:FIKS22:BRANCHE07=K:BELØB=4:SÆSON=EJSÆSON,2020-12-01,8405.0
DST:FIKS22:BRANCHE07=K:BELØB=4:SÆSON=EJSÆSON,2021-01-01,7771.0
DST:FIKS22:BRANCHE07=K:BELØB=4:SÆSON=EJSÆSON,2021-02-01,8260.0
DST:FIKS22:BRANCHE07=K:BELØB=4:SÆSON=EJSÆSON,2021-03-01,8558.0
DST:FIKS22:BRANCHE07=K:BELØB=4:SÆSON=EJSÆSON,2021-04-01,10140.0
DST:FIKS22:BRANCHE07=K:BELØB=4:SÆSON=EJSÆSON,2021-05-01,8366.0
DST:FIKS22:BRANCHE07=K:BELØB=4:SÆSON=EJSÆSON,2021-06-01,11089.0
DST:FIKS22:BRANCHE07=K:BELØB=4:SÆSON=EJSÆSON,2021-07-01,8840.0
DST:FIKS22:BRANCHE07=K:BELØB=4:SÆSON=EJSÆSON,2021-08-01,8106.0
DST:FIKS22:BRANCHE07=K:BELØB=4:SÆSON=EJSÆSON,2021-09-01,9728.0
DST:FIKS22:BRANCHE07=K:BELØB=4:SÆSON=EJSÆSON,2021-10-01,9629.0
DST:FIKS22:BRANCHE07=K:BELØB=4:SÆSON=EJSÆSON,2021-11-01,9498.0
DST:FIKS22:BRANCHE07=K:BELØB=4:SÆSON=EJSÆSON,2021-12-01,9598.0
DST:FIKS22:BRANCHE07=K:BELØB=4:SÆSON=EJSÆSON,2022-01-01,12884.0
DST:FIKS22:BRANCHE07=K:BELØB=4:SÆSON=EJSÆSON,2022-02-01,10553.0
DST:FIKS22:BRANCHE07=K:BELØB=4:SÆSON=EJSÆSON,2022-03-01,11997.0
DST:FIKS22:BRANCHE07=K:BELØB=4:SÆSON=EJSÆSON,2022-04-01,8355.0
DST:FIKS22:BRANCHE07=K:BELØB=4:SÆSON=EJSÆSON,2022-05-01,7515.0
DST:FIKS22:BRANCHE07=K:BELØB=4:SÆSON=EJSÆSON,2022-06-01,9032.0
DST:FIKS22:BRANCHE07=K:BELØB=4:SÆSON=EJSÆSON,2022-07-01,8740.0
DST:FIKS22:BRANCHE07=K:BELØB=4:SÆSON=EJSÆSON,2022-08-01,8699.0
DST:FIKS22:BRANCHE07=K:BELØB=4:SÆSON=EJSÆSON,2022-09-01,9149.0
DST:FIKS22:BRANCHE07=K:BELØB=4:SÆSON=EJSÆSON,2022-10-01,9613.0
DST:FIKS22:BRANCHE07=K:BELØB=4:SÆSON=EJSÆSON,2022-11-01,10053.0
DST:FIKS22:BRANCHE07=K:BELØB=4:SÆSON=EJSÆSON,2022-12-01,12063.0
DST:FIKS22:BRANCHE07=K:BELØB=4:SÆSON=EJSÆSON,2023-01-01,10075.0
DST:FIKS22:BRANCHE07=K:BELØB=4:SÆSON=EJSÆSON,2023-02-01,8123.0
DST:FIKS22:BRANCHE07=K:BELØB=4:SÆSON=EJSÆSON,2023-03-01,10745.0
DST:FIKS22:BRANCHE07=K:BELØB=4:SÆSON=EJSÆSON,2023-04-01,9545.0
DST:FIKS22:BRANCHE07=K:BELØB=4:SÆSON=EJSÆSON,2023-05-01,9401.0
DST:FIKS22:BRANCHE07=K:BELØB=4:SÆSON=EJSÆSON,2023-06-01,10976.0
DST:FIKS22:BRANCHE07=K:BELØB=4:SÆSON=EJSÆSON,2023-07-01,10065.0
DST:FIKS22:BRANCHE07=K:BELØB=4:SÆSON=EJSÆSON,2023-08-01,8911.0
DST:FIKS22:BRANCHE07=K:BELØB=4:SÆSON=EJSÆSON,2023-09-01,10095.0
DST:FIKS22:BRANCHE07=K:BELØB=4:SÆSON=EJSÆSON,2023-10-01,11447.0
DST:FIKS22:BRANCHE07=K:BELØB=4:SÆSON=EJSÆSON,2023-11-01,10505.0
DST:FIKS22:BRANCHE07=K:BELØB=4:SÆSON=EJSÆSON,2023-12-01,12259.0
DST:FIKS22:BRANCHE07=K:BELØB=4:SÆSON=EJSÆSON,2024-01-01,10338.0
DST:FIKS22:BRANCHE07=K:BELØB=4:SÆSON=EJSÆSON,2024-02-01,8942.0
DST:FIKS22:BRANCHE07=K:BELØB=4:SÆSON=EJSÆSON,2024-03-01,9865.0
DST:FIKS22:BRANCHE07=K:BELØB=4:SÆSON=EJSÆSON,2024-04-01,10991.0
DST:FIKS22:BRANCHE07=K:BELØB=4:SÆSON=EJSÆSON,2024-05-01,9297.0
DST:FIKS22:BRANCHE07=K:BELØB=4:SÆSON=EJSÆSON,2024-06-01,10872.0
DST:FIKS22:BRANCHE07=K:BELØB=4:SÆSON=EJSÆSON,2024-07-01,10445.0
DST:FIKS22:BRANCHE07=K:BELØB=4:SÆSON=EJSÆSON,2024-08-01,8953.0
DST:FIKS22:BRANCHE07=K:BELØB=4:SÆSON=EJSÆSON,2024-09-01,10418.0
DST:FIKS22:BRANCHE07=K:BELØB=4:SÆSON=EJSÆSON,2024-10-01,12001.0
DST:FIKS22:BRANCHE07=K:BELØB=4:SÆSON=EJSÆSON,2024-11-01,10243.0
DST:FIKS22:BRANCHE07=K:BELØB=4:SÆSON=EJSÆSON,2024-12-01,12248.0
DST:FIKS22:BRANCHE07=K:BELØB=4:SÆSON=EJSÆSON,2025-01-01,12024.0
DST:FIKS22:BRANCHE07=K:BELØB=4:SÆSON=EJSÆSON,2025-02-01,9642.0
DST:FIKS22:BRANCHE07=K:BELØB=4:SÆSON=EJSÆSON,2025-03-01,10773.0
DST:FIKS22:BRANCHE07=K:BELØB=4:SÆSON=EJSÆSON,2025-04-01,11605.0
DST:FIKS22:BRANCHE07=K:BELØB=4:SÆSON=EJSÆSON,2025-05-01,10954.0
DST:FIKS22:BRANCHE07=K:BELØB=4:SÆSON=EJSÆSON,2025-06-01,13769.0
DST:FIKS22:BRANCHE07=K:BELØB=4:SÆSON=EJSÆSON,2025-07-01,11924.0
DST:FIKS22:BRANCHE07=K:BELØB=4:SÆSON=EJSÆSON,2025-08-01,9969.0
DST:FIKS22:BRANCHE07=K:BELØB=4:SÆSON=EJSÆSON,2025-09-01,11903.0
DST:FIKS22:BRANCHE07=K:BELØB=4:SÆSON=EJSÆSON,2025-10-01,13195.0
DST:FIKS22:BRANCHE07=K:BELØB=4:SÆSON=EJSÆSON,2025-11-01,11558.0
DST:FIKS22:BRANCHE07=K:BELØB=4:SÆSON=EJSÆSON,2025-12-01,14783.0
DST:FIKS22:BRANCHE07=K:BELØB=4:SÆSON=EJSÆSON,2026-01-01,12487.0
DST:FIKS22:BRANCHE07=K:BELØB=4:SÆSON=EJSÆSON,2026-02-01,9884.0
DST:FIKS22:BRANCHE07=K:BELØB=4:SÆSON=EJSÆSON,2026-03-01,11296.0
DST:FIKS22:BRANCHE07=K:BELØB=4:SÆSON=SÆSON,2009-01-01,4527.0
DST:FIKS22:BRANCHE07=K:BELØB=4:SÆSON=SÆSON,2009-02-01,4651.0
DST:FIKS22:BRANCHE07=K:BELØB=4:SÆSON=SÆSON,2009-03-01,4234.0
DST:FIKS22:BRANCHE07=K:BELØB=4:SÆSON=SÆSON,2009-04-01,4406.0
DST:FIKS22:BRANCHE07=K:BELØB=4:SÆSON=SÆSON,2009-05-01,4397.0
DST:FIKS22:BRANCHE07=K:BELØB=4:SÆSON=SÆSON,2009-06-01,4321.0
DST:FIKS22:BRANCHE07=K:BELØB=4:SÆSON=SÆSON,2009-07-01,4440.0
DST:FIKS22:BRANCHE07=K:BELØB=4:SÆSON=SÆSON,2009-08-01,4311.0
DST:FIKS22:BRANCHE07=K:BELØB=4:SÆSON=SÆSON,2009-09-01,4101.0
DST:FIKS22:BRANCHE07=K:BELØB=4:SÆSON=SÆSON,2009-10-01,4216.0
DST:FIKS22:BRANCHE07=K:BELØB=4:SÆSON=SÆSON,2009-11-01,3705.0
DST:FIKS22:BRANCHE07=K:BELØB=4:SÆSON=SÆSON,2009-12-01,4796.0
DST:FIKS22:BRANCHE07=K:BELØB=4:SÆSON=SÆSON,2010-01-01,11433.0
DST:FIKS22:BRANCHE07=K:BELØB=4:SÆSON=SÆSON,2010-02-01,15253.0
DST:FIKS22:BRANCHE07=K:BELØB=4:SÆSON=SÆSON,2010-03-01,13227.0
DST:FIKS22:BRANCHE07=K:BELØB=4:SÆSON=SÆSON,2010-04-01,13626.0
DST:FIKS22:BRANCHE07=K:BELØB=4:SÆSON=SÆSON,2010-05-01,16443.0
DST:FIKS22:BRANCHE07=K:BELØB=4:SÆSON=SÆSON,2010-06-01,16246.0
DST:FIKS22:BRANCHE07=K:BELØB=4:SÆSON=SÆSON,2010-07-01,15643.0
DST:FIKS22:BRANCHE07=K:BELØB=4:SÆSON=SÆSON,2010-08-01,18379.0
DST:FIKS22:BRANCHE07=K:BELØB=4:SÆSON=SÆSON,2010-09-01,16639.0
DST:FIKS22:BRANCHE07=K:BELØB=4:SÆSON=SÆSON,2010-10-01,14525.0
DST:FIKS22:BRANCHE07=K:BELØB=4:SÆSON=SÆSON,2010-11-01,16758.0
DST:FIKS22:BRANCHE07=K:BELØB=4:SÆSON=SÆSON,2010-12-01,12742.0
DST:FIKS22:BRANCHE07=K:BELØB=4:SÆSON=SÆSON,2011-01-01,4632.0
DST:FIKS22:BRANCHE07=K:BELØB=4:SÆSON=SÆSON,2011-02-01,4550.0
DST:FIKS22:BRANCHE07=K:BELØB=4:SÆSON=SÆSON,2011-03-01,4905.0
DST:FIKS22:BRANCHE07=K:BELØB=4:SÆSON=SÆSON,2011-04-01,4525.0
DST:FIKS22:BRANCHE07=K:BELØB=4:SÆSON=SÆSON,2011-05-01,4877.0
DST:FIKS22:BRANCHE07=K:BELØB=4:SÆSON=SÆSON,2011-06-01,4514.0
DST:FIKS22:BRANCHE07=K:BELØB=4:SÆSON=SÆSON,2011-07-01,4635.0
DST:FIKS22:BRANCHE07=K:BELØB=4:SÆSON=SÆSON,2011-08-01,4593.0
DST:FIKS22:BRANCHE07=K:BELØB=4:SÆSON=SÆSON,2011-09-01,4739.0
DST:FIKS22:BRANCHE07=K:BELØB=4:SÆSON=SÆSON,2011-10-01,4628.0
DST:FIKS22:BRANCHE07=K:BELØB=4:SÆSON=SÆSON,2011-11-01,4690.0
DST:FIKS22:BRANCHE07=K:BELØB=4:SÆSON=SÆSON,2011-12-01,4576.0
DST:FIKS22:BRANCHE07=K:BELØB=4:SÆSON=SÆSON,2012-01-01,4514.0
DST:FIKS22:BRANCHE07=K:BELØB=4:SÆSON=SÆSON,2012-02-01,4637.0
DST:FIKS22:BRANCHE07=K:BELØB=4:SÆSON=SÆSON,2012-03-01,4628.0
DST:FIKS22:BRANCHE07=K:BELØB=4:SÆSON=SÆSON,2012-04-01,4315.0
DST:FIKS22:BRANCHE07=K:BELØB=4:SÆSON=SÆSON,2012-05-01,4301.0
DST:FIKS22:BRANCHE07=K:BELØB=4:SÆSON=SÆSON,2012-06-01,4588.0
DST:FIKS22:BRANCHE07=K:BELØB=4:SÆSON=SÆSON,2012-07-01,4342.0
DST:FIKS22:BRANCHE07=K:BELØB=4:SÆSON=SÆSON,2012-08-01,4396.0
DST:FIKS22:BRANCHE07=K:BELØB=4:SÆSON=SÆSON,2012-09-01,4262.0
DST:FIKS22:BRANCHE07=K:BELØB=4:SÆSON=SÆSON,2012-10-01,4355.0
DST:FIKS22:BRANCHE07=K:BELØB=4:SÆSON=SÆSON,2012-11-01,4200.0
DST:FIKS22:BRANCHE07=K:BELØB=4:SÆSON=SÆSON,2012-12-01,4344.0
DST:FIKS22:BRANCHE07=K:BELØB=4:SÆSON=SÆSON,2013-01-01,4278.0
DST:FIKS22:BRANCHE07=K:BELØB=4:SÆSON=SÆSON,2013-02-01,4170.0
DST:FIKS22:BRANCHE07=K:BELØB=4:SÆSON=SÆSON,2013-03-01,4162.0
DST:FIKS22:BRANCHE07=K:BELØB=4:SÆSON=SÆSON,2013-04-01,4494.0
DST:FIKS22:BRANCHE07=K:BELØB=4:SÆSON=SÆSON,2013-05-01,4328.0
DST:FIKS22:BRANCHE07=K:BELØB=4:SÆSON=SÆSON,2013-06-01,4307.0
DST:FIKS22:BRANCHE07=K:BELØB=4:SÆSON=SÆSON,2013-07-01,4351.0
DST:FIKS22:BRANCHE07=K:BELØB=4:SÆSON=SÆSON,2013-08-01,4206.0
DST:FIKS22:BRANCHE07=K:BELØB=4:SÆSON=SÆSON,2013-09-01,4463.0
DST:FIKS22:BRANCHE07=K:BELØB=4:SÆSON=SÆSON,2013-10-01,4389.0
DST:FIKS22:BRANCHE07=K:BELØB=4:SÆSON=SÆSON,2013-11-01,4233.0
DST:FIKS22:BRANCHE07=K:BELØB=4:SÆSON=SÆSON,2013-12-01,4507.0
DST:FIKS22:BRANCHE07=K:BELØB=4:SÆSON=SÆSON,2014-01-01,4613.0
DST:FIKS22:BRANCHE07=K:BELØB=4:SÆSON=SÆSON,2014-02-01,4477.0
DST:FIKS22:BRANCHE07=K:BELØB=4:SÆSON=SÆSON,2014-03-01,4367.0
DST:FIKS22:BRANCHE07=K:BELØB=4:SÆSON=SÆSON,2014-04-01,4884.0
DST:FIKS22:BRANCHE07=K:BELØB=4:SÆSON=SÆSON,2014-05-01,4532.0
DST:FIKS22:BRANCHE07=K:BELØB=4:SÆSON=SÆSON,2014-06-01,4508.0
DST:FIKS22:BRANCHE07=K:BELØB=4:SÆSON=SÆSON,2014-07-01,4918.0
DST:FIKS22:BRANCHE07=K:BELØB=4:SÆSON=SÆSON,2014-08-01,5109.0
DST:FIKS22:BRANCHE07=K:BELØB=4:SÆSON=SÆSON,2014-09-01,4879.0
DST:FIKS22:BRANCHE07=K:BELØB=4:SÆSON=SÆSON,2014-10-01,4831.0
DST:FIKS22:BRANCHE07=K:BELØB=4:SÆSON=SÆSON,2014-11-01,4894.0
DST:FIKS22:BRANCHE07=K:BELØB=4:SÆSON=SÆSON,2014-12-01,4797.0
DST:FIKS22:BRANCHE07=K:BELØB=4:SÆSON=SÆSON,2015-01-01,4908.0
DST:FIKS22:BRANCHE07=K:BELØB=4:SÆSON=SÆSON,2015-02-01,4959.0
DST:FIKS22:BRANCHE07=K:BELØB=4:SÆSON=SÆSON,2015-03-01,5326.0
DST:FIKS22:BRANCHE07=K:BELØB=4:SÆSON=SÆSON,2015-04-01,5300.0
DST:FIKS22:BRANCHE07=K:BELØB=4:SÆSON=SÆSON,2015-05-01,5201.0
DST:FIKS22:BRANCHE07=K:BELØB=4:SÆSON=SÆSON,2015-06-01,5310.0
DST:FIKS22:BRANCHE07=K:BELØB=4:SÆSON=SÆSON,2015-07-01,5256.0
DST:FIKS22:BRANCHE07=K:BELØB=4:SÆSON=SÆSON,2015-08-01,5438.0
DST:FIKS22:BRANCHE07=K:BELØB=4:SÆSON=SÆSON,2015-09-01,5322.0
DST:FIKS22:BRANCHE07=K:BELØB=4:SÆSON=SÆSON,2015-10-01,5240.0
DST:FIKS22:BRANCHE07=K:BELØB=4:SÆSON=SÆSON,2015-11-01,5028.0
DST:FIKS22:BRANCHE07=K:BELØB=4:SÆSON=SÆSON,2015-12-01,5588.0
DST:FIKS22:BRANCHE07=K:BELØB=4:SÆSON=SÆSON,2016-01-01,5549.0
DST:FIKS22:BRANCHE07=K:BELØB=4:SÆSON=SÆSON,2016-02-01,5654.0
DST:FIKS22:BRANCHE07=K:BELØB=4:SÆSON=SÆSON,2016-03-01,5566.0
DST:FIKS22:BRANCHE07=K:BELØB=4:SÆSON=SÆSON,2016-04-01,5619.0
DST:FIKS22:BRANCHE07=K:BELØB=4:SÆSON=SÆSON,2016-05-01,5194.0
DST:FIKS22:BRANCHE07=K:BELØB=4:SÆSON=SÆSON,2016-06-01,5728.0
DST:FIKS22:BRANCHE07=K:BELØB=4:SÆSON=SÆSON,2016-07-01,5441.0
DST:FIKS22:BRANCHE07=K:BELØB=4:SÆSON=SÆSON,2016-08-01,5288.0
DST:FIKS22:BRANCHE07=K:BELØB=4:SÆSON=SÆSON,2016-09-01,5216.0
DST:FIKS22:BRANCHE07=K:BELØB=4:SÆSON=SÆSON,2016-10-01,6028.0
DST:FIKS22:BRANCHE07=K:BELØB=4:SÆSON=SÆSON,2016-11-01,5589.0
DST:FIKS22:BRANCHE07=K:BELØB=4:SÆSON=SÆSON,2016-12-01,5512.0
DST:FIKS22:BRANCHE07=K:BELØB=4:SÆSON=SÆSON,2017-01-01,5709.0
DST:FIKS22:BRANCHE07=K:BELØB=4:SÆSON=SÆSON,2017-02-01,5373.0
DST:FIKS22:BRANCHE07=K:BELØB=4:SÆSON=SÆSON,2017-03-01,5873.0
DST:FIKS22:BRANCHE07=K:BELØB=4:SÆSON=SÆSON,2017-04-01,5630.0
DST:FIKS22:BRANCHE07=K:BELØB=4:SÆSON=SÆSON,2017-05-01,6002.0
DST:FIKS22:BRANCHE07=K:BELØB=4:SÆSON=SÆSON,2017-06-01,6175.0
DST:FIKS22:BRANCHE07=K:BELØB=4:SÆSON=SÆSON,2017-07-01,6252.0
DST:FIKS22:BRANCHE07=K:BELØB=4:SÆSON=SÆSON,2017-08-01,6262.0
DST:FIKS22:BRANCHE07=K:BELØB=4:SÆSON=SÆSON,2017-09-01,6225.0
DST:FIKS22:BRANCHE07=K:BELØB=4:SÆSON=SÆSON,2017-10-01,6675.0
DST:FIKS22:BRANCHE07=K:BELØB=4:SÆSON=SÆSON,2017-11-01,6553.0
DST:FIKS22:BRANCHE07=K:BELØB=4:SÆSON=SÆSON,2017-12-01,6711.0
DST:FIKS22:BRANCHE07=K:BELØB=4:SÆSON=SÆSON,2018-01-01,6930.0
DST:FIKS22:BRANCHE07=K:BELØB=4:SÆSON=SÆSON,2018-02-01,7077.0
DST:FIKS22:BRANCHE07=K:BELØB=4:SÆSON=SÆSON,2018-03-01,6376.0
DST:FIKS22:BRANCHE07=K:BELØB=4:SÆSON=SÆSON,2018-04-01,6671.0
DST:FIKS22:BRANCHE07=K:BELØB=4:SÆSON=SÆSON,2018-05-01,7145.0
DST:FIKS22:BRANCHE07=K:BELØB=4:SÆSON=SÆSON,2018-06-01,5555.0
DST:FIKS22:BRANCHE07=K:BELØB=4:SÆSON=SÆSON,2018-07-01,6605.0
DST:FIKS22:BRANCHE07=K:BELØB=4:SÆSON=SÆSON,2018-08-01,6844.0
DST:FIKS22:BRANCHE07=K:BELØB=4:SÆSON=SÆSON,2018-09-01,7085.0
DST:FIKS22:BRANCHE07=K:BELØB=4:SÆSON=SÆSON,2018-10-01,7088.0
DST:FIKS22:BRANCHE07=K:BELØB=4:SÆSON=SÆSON,2018-11-01,7144.0
DST:FIKS22:BRANCHE07=K:BELØB=4:SÆSON=SÆSON,2018-12-01,6502.0
DST:FIKS22:BRANCHE07=K:BELØB=4:SÆSON=SÆSON,2019-01-01,6300.0
DST:FIKS22:BRANCHE07=K:BELØB=4:SÆSON=SÆSON,2019-02-01,6724.0
DST:FIKS22:BRANCHE07=K:BELØB=4:SÆSON=SÆSON,2019-03-01,7172.0
DST:FIKS22:BRANCHE07=K:BELØB=4:SÆSON=SÆSON,2019-04-01,6935.0
DST:FIKS22:BRANCHE07=K:BELØB=4:SÆSON=SÆSON,2019-05-01,7605.0
DST:FIKS22:BRANCHE07=K:BELØB=4:SÆSON=SÆSON,2019-06-01,6119.0
DST:FIKS22:BRANCHE07=K:BELØB=4:SÆSON=SÆSON,2019-07-01,7380.0
DST:FIKS22:BRANCHE07=K:BELØB=4:SÆSON=SÆSON,2019-08-01,7119.0
DST:FIKS22:BRANCHE07=K:BELØB=4:SÆSON=SÆSON,2019-09-01,7305.0
DST:FIKS22:BRANCHE07=K:BELØB=4:SÆSON=SÆSON,2019-10-01,7256.0
DST:FIKS22:BRANCHE07=K:BELØB=4:SÆSON=SÆSON,2019-11-01,7051.0
DST:FIKS22:BRANCHE07=K:BELØB=4:SÆSON=SÆSON,2019-12-01,7374.0
DST:FIKS22:BRANCHE07=K:BELØB=4:SÆSON=SÆSON,2020-01-01,7557.0
DST:FIKS22:BRANCHE07=K:BELØB=4:SÆSON=SÆSON,2020-02-01,7715.0
DST:FIKS22:BRANCHE07=K:BELØB=4:SÆSON=SÆSON,2020-03-01,6805.0
DST:FIKS22:BRANCHE07=K:BELØB=4:SÆSON=SÆSON,2020-04-01,7163.0
DST:FIKS22:BRANCHE07=K:BELØB=4:SÆSON=SÆSON,2020-05-01,6780.0
DST:FIKS22:BRANCHE07=K:BELØB=4:SÆSON=SÆSON,2020-06-01,6908.0
DST:FIKS22:BRANCHE07=K:BELØB=4:SÆSON=SÆSON,2020-07-01,7275.0
DST:FIKS22:BRANCHE07=K:BELØB=4:SÆSON=SÆSON,2020-08-01,6908.0
DST:FIKS22:BRANCHE07=K:BELØB=4:SÆSON=SÆSON,2020-09-01,6122.0
DST:FIKS22:BRANCHE07=K:BELØB=4:SÆSON=SÆSON,2020-10-01,6950.0
DST:FIKS22:BRANCHE07=K:BELØB=4:SÆSON=SÆSON,2020-11-01,7610.0
DST:FIKS22:BRANCHE07=K:BELØB=4:SÆSON=SÆSON,2020-12-01,7260.0
DST:FIKS22:BRANCHE07=K:BELØB=4:SÆSON=SÆSON,2021-01-01,7163.0
DST:FIKS22:BRANCHE07=K:BELØB=4:SÆSON=SÆSON,2021-02-01,9362.0
DST:FIKS22:BRANCHE07=K:BELØB=4:SÆSON=SÆSON,2021-03-01,9270.0
DST:FIKS22:BRANCHE07=K:BELØB=4:SÆSON=SÆSON,2021-04-01,9971.0
DST:FIKS22:BRANCHE07=K:BELØB=4:SÆSON=SÆSON,2021-05-01,9371.0
DST:FIKS22:BRANCHE07=K:BELØB=4:SÆSON=SÆSON,2021-06-01,10491.0
DST:FIKS22:BRANCHE07=K:BELØB=4:SÆSON=SÆSON,2021-07-01,8622.0
DST:FIKS22:BRANCHE07=K:BELØB=4:SÆSON=SÆSON,2021-08-01,9666.0
DST:FIKS22:BRANCHE07=K:BELØB=4:SÆSON=SÆSON,2021-09-01,9694.0
DST:FIKS22:BRANCHE07=K:BELØB=4:SÆSON=SÆSON,2021-10-01,8992.0
DST:FIKS22:BRANCHE07=K:BELØB=4:SÆSON=SÆSON,2021-11-01,9066.0
DST:FIKS22:BRANCHE07=K:BELØB=4:SÆSON=SÆSON,2021-12-01,8211.0
DST:FIKS22:BRANCHE07=K:BELØB=4:SÆSON=SÆSON,2022-01-01,12079.0
DST:FIKS22:BRANCHE07=K:BELØB=4:SÆSON=SÆSON,2022-02-01,12112.0
DST:FIKS22:BRANCHE07=K:BELØB=4:SÆSON=SÆSON,2022-03-01,12811.0
DST:FIKS22:BRANCHE07=K:BELØB=4:SÆSON=SÆSON,2022-04-01,8224.0
DST:FIKS22:BRANCHE07=K:BELØB=4:SÆSON=SÆSON,2022-05-01,8379.0
DST:FIKS22:BRANCHE07=K:BELØB=4:SÆSON=SÆSON,2022-06-01,8481.0
DST:FIKS22:BRANCHE07=K:BELØB=4:SÆSON=SÆSON,2022-07-01,8606.0
DST:FIKS22:BRANCHE07=K:BELØB=4:SÆSON=SÆSON,2022-08-01,10247.0
DST:FIKS22:BRANCHE07=K:BELØB=4:SÆSON=SÆSON,2022-09-01,9124.0
DST:FIKS22:BRANCHE07=K:BELØB=4:SÆSON=SÆSON,2022-10-01,8942.0
DST:FIKS22:BRANCHE07=K:BELØB=4:SÆSON=SÆSON,2022-11-01,9754.0
DST:FIKS22:BRANCHE07=K:BELØB=4:SÆSON=SÆSON,2022-12-01,10231.0
DST:FIKS22:BRANCHE07=K:BELØB=4:SÆSON=SÆSON,2023-01-01,9532.0
DST:FIKS22:BRANCHE07=K:BELØB=4:SÆSON=SÆSON,2023-02-01,9411.0
DST:FIKS22:BRANCHE07=K:BELØB=4:SÆSON=SÆSON,2023-03-01,11349.0
DST:FIKS22:BRANCHE07=K:BELØB=4:SÆSON=SÆSON,2023-04-01,9396.0
DST:FIKS22:BRANCHE07=K:BELØB=4:SÆSON=SÆSON,2023-05-01,10412.0
DST:FIKS22:BRANCHE07=K:BELØB=4:SÆSON=SÆSON,2023-06-01,10268.0
DST:FIKS22:BRANCHE07=K:BELØB=4:SÆSON=SÆSON,2023-07-01,10001.0
DST:FIKS22:BRANCHE07=K:BELØB=4:SÆSON=SÆSON,2023-08-01,10423.0
DST:FIKS22:BRANCHE07=K:BELØB=4:SÆSON=SÆSON,2023-09-01,10088.0
DST:FIKS22:BRANCHE07=K:BELØB=4:SÆSON=SÆSON,2023-10-01,10538.0
DST:FIKS22:BRANCHE07=K:BELØB=4:SÆSON=SÆSON,2023-11-01,10348.0
DST:FIKS22:BRANCHE07=K:BELØB=4:SÆSON=SÆSON,2023-12-01,10335.0
DST:FIKS22:BRANCHE07=K:BELØB=4:SÆSON=SÆSON,2024-01-01,9846.0
DST:FIKS22:BRANCHE07=K:BELØB=4:SÆSON=SÆSON,2024-02-01,10490.0
DST:FIKS22:BRANCHE07=K:BELØB=4:SÆSON=SÆSON,2024-03-01,10356.0
DST:FIKS22:BRANCHE07=K:BELØB=4:SÆSON=SÆSON,2024-04-01,10838.0
DST:FIKS22:BRANCHE07=K:BELØB=4:SÆSON=SÆSON,2024-05-01,10172.0
DST:FIKS22:BRANCHE07=K:BELØB=4:SÆSON=SÆSON,2024-06-01,10116.0
DST:FIKS22:BRANCHE07=K:BELØB=4:SÆSON=SÆSON,2024-07-01,10423.0
DST:FIKS22:BRANCHE07=K:BELØB=4:SÆSON=SÆSON,2024-08-01,10451.0
DST:FIKS22:BRANCHE07=K:BELØB=4:SÆSON=SÆSON,2024-09-01,10455.0
DST:FIKS22:BRANCHE07=K:BELØB=4:SÆSON=SÆSON,2024-10-01,10928.0
DST:FIKS22:BRANCHE07=K:BELØB=4:SÆSON=SÆSON,2024-11-01,10273.0
DST:FIKS22:BRANCHE07=K:BELØB=4:SÆSON=SÆSON,2024-12-01,10286.0
DST:FIKS22:BRANCHE07=K:BELØB=4:SÆSON=SÆSON,2025-01-01,11473.0
DST:FIKS22:BRANCHE07=K:BELØB=4:SÆSON=SÆSON,2025-02-01,11358.0
DST:FIKS22:BRANCHE07=K:BELØB=4:SÆSON=SÆSON,2025-03-01,11305.0
DST:FIKS22:BRANCHE07=K:BELØB=4:SÆSON=SÆSON,2025-04-01,11413.0
DST:FIKS22:BRANCHE07=K:BELØB=4:SÆSON=SÆSON,2025-05-01,11924.0
DST:FIKS22:BRANCHE07=K:BELØB=4:SÆSON=SÆSON,2025-06-01,12789.0
DST:FIKS22:BRANCHE07=K:BELØB=4:SÆSON=SÆSON,2025-07-01,11889.0
DST:FIKS22:BRANCHE07=K:BELØB=4:SÆSON=SÆSON,2025-08-01,11652.0
DST:FIKS22:BRANCHE07=K:BELØB=4:SÆSON=SÆSON,2025-09-01,11993.0
DST:FIKS22:BRANCHE07=K:BELØB=4:SÆSON=SÆSON,2025-10-01,11920.0
DST:FIKS22:BRANCHE07=K:BELØB=4:SÆSON=SÆSON,2025-11-01,11719.0
DST:FIKS22:BRANCHE07=K:BELØB=4:SÆSON=SÆSON,2025-12-01,12417.0
DST:FIKS22:BRANCHE07=K:BELØB=4:SÆSON=SÆSON,2026-01-01,11889.0
DST:FIKS22:BRANCHE07=K:BELØB=4:SÆSON=SÆSON,2026-02-01,11667.0
DST:FIKS22:BRANCHE07=K:BELØB=4:SÆSON=SÆSON,2026-03-01,11894.0
DST:FIKS22:BRANCHE07=L:BELØB=0:SÆSON=EJSÆSON,2009-01-01,3215.0
DST:FIKS22:BRANCHE07=L:BELØB=0:SÆSON=EJSÆSON,2009-02-01,2319.0
DST:FIKS22:BRANCHE07=L:BELØB=0:SÆSON=EJSÆSON,2009-03-01,2881.0
DST:FIKS22:BRANCHE07=L:BELØB=0:SÆSON=EJSÆSON,2009-04-01,3174.0
DST:FIKS22:BRANCHE07=L:BELØB=0:SÆSON=EJSÆSON,2009-05-01,2391.0
DST:FIKS22:BRANCHE07=L:BELØB=0:SÆSON=EJSÆSON,2009-06-01,2770.0
DST:FIKS22:BRANCHE07=L:BELØB=0:SÆSON=EJSÆSON,2009-07-01,2687.0
DST:FIKS22:BRANCHE07=L:BELØB=0:SÆSON=EJSÆSON,2009-08-01,2169.0
DST:FIKS22:BRANCHE07=L:BELØB=0:SÆSON=EJSÆSON,2009-09-01,2331.0
DST:FIKS22:BRANCHE07=L:BELØB=0:SÆSON=EJSÆSON,2009-10-01,2930.0
DST:FIKS22:BRANCHE07=L:BELØB=0:SÆSON=EJSÆSON,2009-11-01,2353.0
DST:FIKS22:BRANCHE07=L:BELØB=0:SÆSON=EJSÆSON,2009-12-01,2225.0
DST:FIKS22:BRANCHE07=L:BELØB=0:SÆSON=EJSÆSON,2010-01-01,2310.0
DST:FIKS22:BRANCHE07=L:BELØB=0:SÆSON=EJSÆSON,2010-02-01,1764.0
DST:FIKS22:BRANCHE07=L:BELØB=0:SÆSON=EJSÆSON,2010-03-01,2149.0
DST:FIKS22:BRANCHE07=L:BELØB=0:SÆSON=EJSÆSON,2010-04-01,2626.0
DST:FIKS22:BRANCHE07=L:BELØB=0:SÆSON=EJSÆSON,2010-05-01,1813.0
DST:FIKS22:BRANCHE07=L:BELØB=0:SÆSON=EJSÆSON,2010-06-01,2209.0
DST:FIKS22:BRANCHE07=L:BELØB=0:SÆSON=EJSÆSON,2010-07-01,2454.0
DST:FIKS22:BRANCHE07=L:BELØB=0:SÆSON=EJSÆSON,2010-08-01,1789.0
DST:FIKS22:BRANCHE07=L:BELØB=0:SÆSON=EJSÆSON,2010-09-01,2063.0
DST:FIKS22:BRANCHE07=L:BELØB=0:SÆSON=EJSÆSON,2010-10-01,2686.0
DST:FIKS22:BRANCHE07=L:BELØB=0:SÆSON=EJSÆSON,2010-11-01,1838.0
DST:FIKS22:BRANCHE07=L:BELØB=0:SÆSON=EJSÆSON,2010-12-01,2959.0
DST:FIKS22:BRANCHE07=L:BELØB=0:SÆSON=EJSÆSON,2011-01-01,2974.0
DST:FIKS22:BRANCHE07=L:BELØB=0:SÆSON=EJSÆSON,2011-02-01,1916.0
DST:FIKS22:BRANCHE07=L:BELØB=0:SÆSON=EJSÆSON,2011-03-01,2067.0
DST:FIKS22:BRANCHE07=L:BELØB=0:SÆSON=EJSÆSON,2011-04-01,3042.0
DST:FIKS22:BRANCHE07=L:BELØB=0:SÆSON=EJSÆSON,2011-05-01,2234.0
DST:FIKS22:BRANCHE07=L:BELØB=0:SÆSON=EJSÆSON,2011-06-01,2277.0
DST:FIKS22:BRANCHE07=L:BELØB=0:SÆSON=EJSÆSON,2011-07-01,3085.0
DST:FIKS22:BRANCHE07=L:BELØB=0:SÆSON=EJSÆSON,2011-08-01,2103.0
DST:FIKS22:BRANCHE07=L:BELØB=0:SÆSON=EJSÆSON,2011-09-01,2349.0
DST:FIKS22:BRANCHE07=L:BELØB=0:SÆSON=EJSÆSON,2011-10-01,3312.0
DST:FIKS22:BRANCHE07=L:BELØB=0:SÆSON=EJSÆSON,2011-11-01,2258.0
DST:FIKS22:BRANCHE07=L:BELØB=0:SÆSON=EJSÆSON,2011-12-01,3347.0
DST:FIKS22:BRANCHE07=L:BELØB=0:SÆSON=EJSÆSON,2012-01-01,2908.0
DST:FIKS22:BRANCHE07=L:BELØB=0:SÆSON=EJSÆSON,2012-02-01,2165.0
DST:FIKS22:BRANCHE07=L:BELØB=0:SÆSON=EJSÆSON,2012-03-01,2254.0
DST:FIKS22:BRANCHE07=L:BELØB=0:SÆSON=EJSÆSON,2012-04-01,2630.0
DST:FIKS22:BRANCHE07=L:BELØB=0:SÆSON=EJSÆSON,2012-05-01,2342.0
DST:FIKS22:BRANCHE07=L:BELØB=0:SÆSON=EJSÆSON,2012-06-01,2662.0
DST:FIKS22:BRANCHE07=L:BELØB=0:SÆSON=EJSÆSON,2012-07-01,2352.0
DST:FIKS22:BRANCHE07=L:BELØB=0:SÆSON=EJSÆSON,2012-08-01,2072.0
DST:FIKS22:BRANCHE07=L:BELØB=0:SÆSON=EJSÆSON,2012-09-01,2522.0
DST:FIKS22:BRANCHE07=L:BELØB=0:SÆSON=EJSÆSON,2012-10-01,2748.0
DST:FIKS22:BRANCHE07=L:BELØB=0:SÆSON=EJSÆSON,2012-11-01,2589.0
DST:FIKS22:BRANCHE07=L:BELØB=0:SÆSON=EJSÆSON,2012-12-01,3122.0
DST:FIKS22:BRANCHE07=L:BELØB=0:SÆSON=EJSÆSON,2013-01-01,2635.0
DST:FIKS22:BRANCHE07=L:BELØB=0:SÆSON=EJSÆSON,2013-02-01,2064.0
DST:FIKS22:BRANCHE07=L:BELØB=0:SÆSON=EJSÆSON,2013-03-01,2339.0
DST:FIKS22:BRANCHE07=L:BELØB=0:SÆSON=EJSÆSON,2013-04-01,2876.0
DST:FIKS22:BRANCHE07=L:BELØB=0:SÆSON=EJSÆSON,2013-05-01,2736.0
DST:FIKS22:BRANCHE07=L:BELØB=0:SÆSON=EJSÆSON,2013-06-01,2593.0
DST:FIKS22:BRANCHE07=L:BELØB=0:SÆSON=EJSÆSON,2013-07-01,2662.0
DST:FIKS22:BRANCHE07=L:BELØB=0:SÆSON=EJSÆSON,2013-08-01,2175.0
DST:FIKS22:BRANCHE07=L:BELØB=0:SÆSON=EJSÆSON,2013-09-01,2353.0
DST:FIKS22:BRANCHE07=L:BELØB=0:SÆSON=EJSÆSON,2013-10-01,2865.0
DST:FIKS22:BRANCHE07=L:BELØB=0:SÆSON=EJSÆSON,2013-11-01,2960.0
DST:FIKS22:BRANCHE07=L:BELØB=0:SÆSON=EJSÆSON,2013-12-01,3160.0
DST:FIKS22:BRANCHE07=L:BELØB=0:SÆSON=EJSÆSON,2014-01-01,2469.0
DST:FIKS22:BRANCHE07=L:BELØB=0:SÆSON=EJSÆSON,2014-02-01,2333.0
DST:FIKS22:BRANCHE07=L:BELØB=0:SÆSON=EJSÆSON,2014-03-01,2779.0
DST:FIKS22:BRANCHE07=L:BELØB=0:SÆSON=EJSÆSON,2014-04-01,2602.0
DST:FIKS22:BRANCHE07=L:BELØB=0:SÆSON=EJSÆSON,2014-05-01,2776.0
DST:FIKS22:BRANCHE07=L:BELØB=0:SÆSON=EJSÆSON,2014-06-01,2625.0
DST:FIKS22:BRANCHE07=L:BELØB=0:SÆSON=EJSÆSON,2014-07-01,2487.0
DST:FIKS22:BRANCHE07=L:BELØB=0:SÆSON=EJSÆSON,2014-08-01,2215.0
DST:FIKS22:BRANCHE07=L:BELØB=0:SÆSON=EJSÆSON,2014-09-01,2484.0
DST:FIKS22:BRANCHE07=L:BELØB=0:SÆSON=EJSÆSON,2014-10-01,3009.0
DST:FIKS22:BRANCHE07=L:BELØB=0:SÆSON=EJSÆSON,2014-11-01,2599.0
DST:FIKS22:BRANCHE07=L:BELØB=0:SÆSON=EJSÆSON,2014-12-01,3750.0
DST:FIKS22:BRANCHE07=L:BELØB=0:SÆSON=EJSÆSON,2015-01-01,2543.0
DST:FIKS22:BRANCHE07=L:BELØB=0:SÆSON=EJSÆSON,2015-02-01,2206.0
DST:FIKS22:BRANCHE07=L:BELØB=0:SÆSON=EJSÆSON,2015-03-01,2632.0
DST:FIKS22:BRANCHE07=L:BELØB=0:SÆSON=EJSÆSON,2015-04-01,3216.0
DST:FIKS22:BRANCHE07=L:BELØB=0:SÆSON=EJSÆSON,2015-05-01,2589.0
DST:FIKS22:BRANCHE07=L:BELØB=0:SÆSON=EJSÆSON,2015-06-01,3116.0
DST:FIKS22:BRANCHE07=L:BELØB=0:SÆSON=EJSÆSON,2015-07-01,2700.0
DST:FIKS22:BRANCHE07=L:BELØB=0:SÆSON=EJSÆSON,2015-08-01,2613.0
DST:FIKS22:BRANCHE07=L:BELØB=0:SÆSON=EJSÆSON,2015-09-01,3394.0
DST:FIKS22:BRANCHE07=L:BELØB=0:SÆSON=EJSÆSON,2015-10-01,3525.0
DST:FIKS22:BRANCHE07=L:BELØB=0:SÆSON=EJSÆSON,2015-11-01,3342.0
DST:FIKS22:BRANCHE07=L:BELØB=0:SÆSON=EJSÆSON,2015-12-01,3771.0
DST:FIKS22:BRANCHE07=L:BELØB=0:SÆSON=EJSÆSON,2016-01-01,3798.0
DST:FIKS22:BRANCHE07=L:BELØB=0:SÆSON=EJSÆSON,2016-02-01,2650.0
DST:FIKS22:BRANCHE07=L:BELØB=0:SÆSON=EJSÆSON,2016-03-01,2911.0
DST:FIKS22:BRANCHE07=L:BELØB=0:SÆSON=EJSÆSON,2016-04-01,3186.0
DST:FIKS22:BRANCHE07=L:BELØB=0:SÆSON=EJSÆSON,2016-05-01,3172.0
DST:FIKS22:BRANCHE07=L:BELØB=0:SÆSON=EJSÆSON,2016-06-01,3481.0
DST:FIKS22:BRANCHE07=L:BELØB=0:SÆSON=EJSÆSON,2016-07-01,2624.0
DST:FIKS22:BRANCHE07=L:BELØB=0:SÆSON=EJSÆSON,2016-08-01,2949.0
DST:FIKS22:BRANCHE07=L:BELØB=0:SÆSON=EJSÆSON,2016-09-01,3267.0
DST:FIKS22:BRANCHE07=L:BELØB=0:SÆSON=EJSÆSON,2016-10-01,3689.0
DST:FIKS22:BRANCHE07=L:BELØB=0:SÆSON=EJSÆSON,2016-11-01,3813.0
DST:FIKS22:BRANCHE07=L:BELØB=0:SÆSON=EJSÆSON,2016-12-01,4518.0
DST:FIKS22:BRANCHE07=L:BELØB=0:SÆSON=EJSÆSON,2017-01-01,3850.0
DST:FIKS22:BRANCHE07=L:BELØB=0:SÆSON=EJSÆSON,2017-02-01,2759.0
DST:FIKS22:BRANCHE07=L:BELØB=0:SÆSON=EJSÆSON,2017-03-01,3438.0
DST:FIKS22:BRANCHE07=L:BELØB=0:SÆSON=EJSÆSON,2017-04-01,4102.0
DST:FIKS22:BRANCHE07=L:BELØB=0:SÆSON=EJSÆSON,2017-05-01,3581.0
DST:FIKS22:BRANCHE07=L:BELØB=0:SÆSON=EJSÆSON,2017-06-01,3269.0
DST:FIKS22:BRANCHE07=L:BELØB=0:SÆSON=EJSÆSON,2017-07-01,3245.0
DST:FIKS22:BRANCHE07=L:BELØB=0:SÆSON=EJSÆSON,2017-08-01,3578.0
DST:FIKS22:BRANCHE07=L:BELØB=0:SÆSON=EJSÆSON,2017-09-01,3248.0
DST:FIKS22:BRANCHE07=L:BELØB=0:SÆSON=EJSÆSON,2017-10-01,3875.0
DST:FIKS22:BRANCHE07=L:BELØB=0:SÆSON=EJSÆSON,2017-11-01,3821.0
DST:FIKS22:BRANCHE07=L:BELØB=0:SÆSON=EJSÆSON,2017-12-01,5124.0
DST:FIKS22:BRANCHE07=L:BELØB=0:SÆSON=EJSÆSON,2018-01-01,3448.0
DST:FIKS22:BRANCHE07=L:BELØB=0:SÆSON=EJSÆSON,2018-02-01,3055.0
DST:FIKS22:BRANCHE07=L:BELØB=0:SÆSON=EJSÆSON,2018-03-01,3815.0
DST:FIKS22:BRANCHE07=L:BELØB=0:SÆSON=EJSÆSON,2018-04-01,3720.0
DST:FIKS22:BRANCHE07=L:BELØB=0:SÆSON=EJSÆSON,2018-05-01,3900.0
DST:FIKS22:BRANCHE07=L:BELØB=0:SÆSON=EJSÆSON,2018-06-01,3736.0
DST:FIKS22:BRANCHE07=L:BELØB=0:SÆSON=EJSÆSON,2018-07-01,4008.0
DST:FIKS22:BRANCHE07=L:BELØB=0:SÆSON=EJSÆSON,2018-08-01,3042.0
DST:FIKS22:BRANCHE07=L:BELØB=0:SÆSON=EJSÆSON,2018-09-01,4365.0
DST:FIKS22:BRANCHE07=L:BELØB=0:SÆSON=EJSÆSON,2018-10-01,4813.0
DST:FIKS22:BRANCHE07=L:BELØB=0:SÆSON=EJSÆSON,2018-11-01,4379.0
DST:FIKS22:BRANCHE07=L:BELØB=0:SÆSON=EJSÆSON,2018-12-01,4704.0
DST:FIKS22:BRANCHE07=L:BELØB=0:SÆSON=EJSÆSON,2019-01-01,4762.0
DST:FIKS22:BRANCHE07=L:BELØB=0:SÆSON=EJSÆSON,2019-02-01,3786.0
DST:FIKS22:BRANCHE07=L:BELØB=0:SÆSON=EJSÆSON,2019-03-01,3571.0
DST:FIKS22:BRANCHE07=L:BELØB=0:SÆSON=EJSÆSON,2019-04-01,4546.0
DST:FIKS22:BRANCHE07=L:BELØB=0:SÆSON=EJSÆSON,2019-05-01,3997.0
DST:FIKS22:BRANCHE07=L:BELØB=0:SÆSON=EJSÆSON,2019-06-01,3699.0
DST:FIKS22:BRANCHE07=L:BELØB=0:SÆSON=EJSÆSON,2019-07-01,3623.0
DST:FIKS22:BRANCHE07=L:BELØB=0:SÆSON=EJSÆSON,2019-08-01,3409.0
DST:FIKS22:BRANCHE07=L:BELØB=0:SÆSON=EJSÆSON,2019-09-01,4312.0
DST:FIKS22:BRANCHE07=L:BELØB=0:SÆSON=EJSÆSON,2019-10-01,4067.0
DST:FIKS22:BRANCHE07=L:BELØB=0:SÆSON=EJSÆSON,2019-11-01,4409.0
DST:FIKS22:BRANCHE07=L:BELØB=0:SÆSON=EJSÆSON,2019-12-01,4327.0
DST:FIKS22:BRANCHE07=L:BELØB=0:SÆSON=EJSÆSON,2020-01-01,3879.0
DST:FIKS22:BRANCHE07=L:BELØB=0:SÆSON=EJSÆSON,2020-02-01,4197.0
DST:FIKS22:BRANCHE07=L:BELØB=0:SÆSON=EJSÆSON,2020-03-01,3952.0
DST:FIKS22:BRANCHE07=L:BELØB=0:SÆSON=EJSÆSON,2020-04-01,5184.0
DST:FIKS22:BRANCHE07=L:BELØB=0:SÆSON=EJSÆSON,2020-05-01,3567.0
DST:FIKS22:BRANCHE07=L:BELØB=0:SÆSON=EJSÆSON,2020-06-01,3959.0
DST:FIKS22:BRANCHE07=L:BELØB=0:SÆSON=EJSÆSON,2020-07-01,3809.0
DST:FIKS22:BRANCHE07=L:BELØB=0:SÆSON=EJSÆSON,2020-08-01,3471.0
DST:FIKS22:BRANCHE07=L:BELØB=0:SÆSON=EJSÆSON,2020-09-01,3736.0
DST:FIKS22:BRANCHE07=L:BELØB=0:SÆSON=EJSÆSON,2020-10-01,5584.0
DST:FIKS22:BRANCHE07=L:BELØB=0:SÆSON=EJSÆSON,2020-11-01,4290.0
DST:FIKS22:BRANCHE07=L:BELØB=0:SÆSON=EJSÆSON,2020-12-01,4630.0
DST:FIKS22:BRANCHE07=L:BELØB=0:SÆSON=EJSÆSON,2021-01-01,4233.0
DST:FIKS22:BRANCHE07=L:BELØB=0:SÆSON=EJSÆSON,2021-02-01,4364.0
DST:FIKS22:BRANCHE07=L:BELØB=0:SÆSON=EJSÆSON,2021-03-01,3871.0
DST:FIKS22:BRANCHE07=L:BELØB=0:SÆSON=EJSÆSON,2021-04-01,4611.0
DST:FIKS22:BRANCHE07=L:BELØB=0:SÆSON=EJSÆSON,2021-05-01,4176.0
DST:FIKS22:BRANCHE07=L:BELØB=0:SÆSON=EJSÆSON,2021-06-01,4288.0
DST:FIKS22:BRANCHE07=L:BELØB=0:SÆSON=EJSÆSON,2021-07-01,4115.0
DST:FIKS22:BRANCHE07=L:BELØB=0:SÆSON=EJSÆSON,2021-08-01,3772.0
DST:FIKS22:BRANCHE07=L:BELØB=0:SÆSON=EJSÆSON,2021-09-01,3845.0
DST:FIKS22:BRANCHE07=L:BELØB=0:SÆSON=EJSÆSON,2021-10-01,5146.0
DST:FIKS22:BRANCHE07=L:BELØB=0:SÆSON=EJSÆSON,2021-11-01,6191.0
DST:FIKS22:BRANCHE07=L:BELØB=0:SÆSON=EJSÆSON,2021-12-01,5800.0
DST:FIKS22:BRANCHE07=L:BELØB=0:SÆSON=EJSÆSON,2022-01-01,4284.0
DST:FIKS22:BRANCHE07=L:BELØB=0:SÆSON=EJSÆSON,2022-02-01,4182.0
DST:FIKS22:BRANCHE07=L:BELØB=0:SÆSON=EJSÆSON,2022-03-01,3948.0
DST:FIKS22:BRANCHE07=L:BELØB=0:SÆSON=EJSÆSON,2022-04-01,4964.0
DST:FIKS22:BRANCHE07=L:BELØB=0:SÆSON=EJSÆSON,2022-05-01,4635.0
DST:FIKS22:BRANCHE07=L:BELØB=0:SÆSON=EJSÆSON,2022-06-01,5183.0
DST:FIKS22:BRANCHE07=L:BELØB=0:SÆSON=EJSÆSON,2022-07-01,4552.0
DST:FIKS22:BRANCHE07=L:BELØB=0:SÆSON=EJSÆSON,2022-08-01,4285.0
DST:FIKS22:BRANCHE07=L:BELØB=0:SÆSON=EJSÆSON,2022-09-01,5526.0
DST:FIKS22:BRANCHE07=L:BELØB=0:SÆSON=EJSÆSON,2022-10-01,5261.0
DST:FIKS22:BRANCHE07=L:BELØB=0:SÆSON=EJSÆSON,2022-11-01,6038.0
DST:FIKS22:BRANCHE07=L:BELØB=0:SÆSON=EJSÆSON,2022-12-01,6534.0
DST:FIKS22:BRANCHE07=L:BELØB=0:SÆSON=EJSÆSON,2023-01-01,5072.0
DST:FIKS22:BRANCHE07=L:BELØB=0:SÆSON=EJSÆSON,2023-02-01,4114.0
DST:FIKS22:BRANCHE07=L:BELØB=0:SÆSON=EJSÆSON,2023-03-01,4191.0
DST:FIKS22:BRANCHE07=L:BELØB=0:SÆSON=EJSÆSON,2023-04-01,4269.0
DST:FIKS22:BRANCHE07=L:BELØB=0:SÆSON=EJSÆSON,2023-05-01,4425.0
DST:FIKS22:BRANCHE07=L:BELØB=0:SÆSON=EJSÆSON,2023-06-01,5071.0
DST:FIKS22:BRANCHE07=L:BELØB=0:SÆSON=EJSÆSON,2023-07-01,3620.0
DST:FIKS22:BRANCHE07=L:BELØB=0:SÆSON=EJSÆSON,2023-08-01,4926.0
DST:FIKS22:BRANCHE07=L:BELØB=0:SÆSON=EJSÆSON,2023-09-01,3787.0
DST:FIKS22:BRANCHE07=L:BELØB=0:SÆSON=EJSÆSON,2023-10-01,4669.0
DST:FIKS22:BRANCHE07=L:BELØB=0:SÆSON=EJSÆSON,2023-11-01,5439.0
DST:FIKS22:BRANCHE07=L:BELØB=0:SÆSON=EJSÆSON,2023-12-01,5832.0
DST:FIKS22:BRANCHE07=L:BELØB=0:SÆSON=EJSÆSON,2024-01-01,5281.0
DST:FIKS22:BRANCHE07=L:BELØB=0:SÆSON=EJSÆSON,2024-02-01,3767.0
DST:FIKS22:BRANCHE07=L:BELØB=0:SÆSON=EJSÆSON,2024-03-01,5175.0
DST:FIKS22:BRANCHE07=L:BELØB=0:SÆSON=EJSÆSON,2024-04-01,5508.0
DST:FIKS22:BRANCHE07=L:BELØB=0:SÆSON=EJSÆSON,2024-05-01,4787.0
DST:FIKS22:BRANCHE07=L:BELØB=0:SÆSON=EJSÆSON,2024-06-01,4658.0
DST:FIKS22:BRANCHE07=L:BELØB=0:SÆSON=EJSÆSON,2024-07-01,4006.0
DST:FIKS22:BRANCHE07=L:BELØB=0:SÆSON=EJSÆSON,2024-08-01,4021.0
DST:FIKS22:BRANCHE07=L:BELØB=0:SÆSON=EJSÆSON,2024-09-01,5277.0
DST:FIKS22:BRANCHE07=L:BELØB=0:SÆSON=EJSÆSON,2024-10-01,4954.0
DST:FIKS22:BRANCHE07=L:BELØB=0:SÆSON=EJSÆSON,2024-11-01,4260.0
DST:FIKS22:BRANCHE07=L:BELØB=0:SÆSON=EJSÆSON,2024-12-01,10950.0
DST:FIKS22:BRANCHE07=L:BELØB=0:SÆSON=EJSÆSON,2025-01-01,4999.0
DST:FIKS22:BRANCHE07=L:BELØB=0:SÆSON=EJSÆSON,2025-02-01,3960.0
DST:FIKS22:BRANCHE07=L:BELØB=0:SÆSON=EJSÆSON,2025-03-01,4759.0
DST:FIKS22:BRANCHE07=L:BELØB=0:SÆSON=EJSÆSON,2025-04-01,4800.0
DST:FIKS22:BRANCHE07=L:BELØB=0:SÆSON=EJSÆSON,2025-05-01,4730.0
DST:FIKS22:BRANCHE07=L:BELØB=0:SÆSON=EJSÆSON,2025-06-01,5076.0
DST:FIKS22:BRANCHE07=L:BELØB=0:SÆSON=EJSÆSON,2025-07-01,5210.0
DST:FIKS22:BRANCHE07=L:BELØB=0:SÆSON=EJSÆSON,2025-08-01,4010.0
DST:FIKS22:BRANCHE07=L:BELØB=0:SÆSON=EJSÆSON,2025-09-01,4815.0
DST:FIKS22:BRANCHE07=L:BELØB=0:SÆSON=EJSÆSON,2025-10-01,5513.0
DST:FIKS22:BRANCHE07=L:BELØB=0:SÆSON=EJSÆSON,2025-11-01,4810.0
DST:FIKS22:BRANCHE07=L:BELØB=0:SÆSON=EJSÆSON,2025-12-01,5818.0
DST:FIKS22:BRANCHE07=L:BELØB=0:SÆSON=EJSÆSON,2026-01-01,4359.0
DST:FIKS22:BRANCHE07=L:BELØB=0:SÆSON=EJSÆSON,2026-02-01,4734.0
DST:FIKS22:BRANCHE07=L:BELØB=0:SÆSON=EJSÆSON,2026-03-01,4419.0
DST:FIKS22:BRANCHE07=L:BELØB=0:SÆSON=SÆSON,2009-01-01,3068.0
DST:FIKS22:BRANCHE07=L:BELØB=0:SÆSON=SÆSON,2009-02-01,2934.0
DST:FIKS22:BRANCHE07=L:BELØB=0:SÆSON=SÆSON,2009-03-01,3111.0
DST:FIKS22:BRANCHE07=L:BELØB=0:SÆSON=SÆSON,2009-04-01,2774.0
DST:FIKS22:BRANCHE07=L:BELØB=0:SÆSON=SÆSON,2009-05-01,2765.0
DST:FIKS22:BRANCHE07=L:BELØB=0:SÆSON=SÆSON,2009-06-01,2748.0
DST:FIKS22:BRANCHE07=L:BELØB=0:SÆSON=SÆSON,2009-07-01,2619.0
DST:FIKS22:BRANCHE07=L:BELØB=0:SÆSON=SÆSON,2009-08-01,2654.0
DST:FIKS22:BRANCHE07=L:BELØB=0:SÆSON=SÆSON,2009-09-01,2516.0
DST:FIKS22:BRANCHE07=L:BELØB=0:SÆSON=SÆSON,2009-10-01,2456.0
DST:FIKS22:BRANCHE07=L:BELØB=0:SÆSON=SÆSON,2009-11-01,2338.0
DST:FIKS22:BRANCHE07=L:BELØB=0:SÆSON=SÆSON,2009-12-01,1781.0
DST:FIKS22:BRANCHE07=L:BELØB=0:SÆSON=SÆSON,2010-01-01,2201.0
DST:FIKS22:BRANCHE07=L:BELØB=0:SÆSON=SÆSON,2010-02-01,2224.0
DST:FIKS22:BRANCHE07=L:BELØB=0:SÆSON=SÆSON,2010-03-01,2333.0
DST:FIKS22:BRANCHE07=L:BELØB=0:SÆSON=SÆSON,2010-04-01,2312.0
DST:FIKS22:BRANCHE07=L:BELØB=0:SÆSON=SÆSON,2010-05-01,2060.0
DST:FIKS22:BRANCHE07=L:BELØB=0:SÆSON=SÆSON,2010-06-01,2189.0
DST:FIKS22:BRANCHE07=L:BELØB=0:SÆSON=SÆSON,2010-07-01,2403.0
DST:FIKS22:BRANCHE07=L:BELØB=0:SÆSON=SÆSON,2010-08-01,2185.0
DST:FIKS22:BRANCHE07=L:BELØB=0:SÆSON=SÆSON,2010-09-01,2222.0
DST:FIKS22:BRANCHE07=L:BELØB=0:SÆSON=SÆSON,2010-10-01,2273.0
DST:FIKS22:BRANCHE07=L:BELØB=0:SÆSON=SÆSON,2010-11-01,1811.0
DST:FIKS22:BRANCHE07=L:BELØB=0:SÆSON=SÆSON,2010-12-01,2379.0
DST:FIKS22:BRANCHE07=L:BELØB=0:SÆSON=SÆSON,2011-01-01,2848.0
DST:FIKS22:BRANCHE07=L:BELØB=0:SÆSON=SÆSON,2011-02-01,2387.0
DST:FIKS22:BRANCHE07=L:BELØB=0:SÆSON=SÆSON,2011-03-01,2255.0
DST:FIKS22:BRANCHE07=L:BELØB=0:SÆSON=SÆSON,2011-04-01,2715.0
DST:FIKS22:BRANCHE07=L:BELØB=0:SÆSON=SÆSON,2011-05-01,2461.0
DST:FIKS22:BRANCHE07=L:BELØB=0:SÆSON=SÆSON,2011-06-01,2256.0
DST:FIKS22:BRANCHE07=L:BELØB=0:SÆSON=SÆSON,2011-07-01,3048.0
DST:FIKS22:BRANCHE07=L:BELØB=0:SÆSON=SÆSON,2011-08-01,2561.0
DST:FIKS22:BRANCHE07=L:BELØB=0:SÆSON=SÆSON,2011-09-01,2518.0
DST:FIKS22:BRANCHE07=L:BELØB=0:SÆSON=SÆSON,2011-10-01,2838.0
DST:FIKS22:BRANCHE07=L:BELØB=0:SÆSON=SÆSON,2011-11-01,2204.0
DST:FIKS22:BRANCHE07=L:BELØB=0:SÆSON=SÆSON,2011-12-01,2701.0
DST:FIKS22:BRANCHE07=L:BELØB=0:SÆSON=SÆSON,2012-01-01,2815.0
DST:FIKS22:BRANCHE07=L:BELØB=0:SÆSON=SÆSON,2012-02-01,2663.0
DST:FIKS22:BRANCHE07=L:BELØB=0:SÆSON=SÆSON,2012-03-01,2463.0
DST:FIKS22:BRANCHE07=L:BELØB=0:SÆSON=SÆSON,2012-04-01,2372.0
DST:FIKS22:BRANCHE07=L:BELØB=0:SÆSON=SÆSON,2012-05-01,2498.0
DST:FIKS22:BRANCHE07=L:BELØB=0:SÆSON=SÆSON,2012-06-01,2636.0
DST:FIKS22:BRANCHE07=L:BELØB=0:SÆSON=SÆSON,2012-07-01,2366.0
DST:FIKS22:BRANCHE07=L:BELØB=0:SÆSON=SÆSON,2012-08-01,2511.0
DST:FIKS22:BRANCHE07=L:BELØB=0:SÆSON=SÆSON,2012-09-01,2680.0
DST:FIKS22:BRANCHE07=L:BELØB=0:SÆSON=SÆSON,2012-10-01,2382.0
DST:FIKS22:BRANCHE07=L:BELØB=0:SÆSON=SÆSON,2012-11-01,2498.0
DST:FIKS22:BRANCHE07=L:BELØB=0:SÆSON=SÆSON,2012-12-01,2536.0
DST:FIKS22:BRANCHE07=L:BELØB=0:SÆSON=SÆSON,2013-01-01,2578.0
DST:FIKS22:BRANCHE07=L:BELØB=0:SÆSON=SÆSON,2013-02-01,2499.0
DST:FIKS22:BRANCHE07=L:BELØB=0:SÆSON=SÆSON,2013-03-01,2546.0
DST:FIKS22:BRANCHE07=L:BELØB=0:SÆSON=SÆSON,2013-04-01,2649.0
DST:FIKS22:BRANCHE07=L:BELØB=0:SÆSON=SÆSON,2013-05-01,2838.0
DST:FIKS22:BRANCHE07=L:BELØB=0:SÆSON=SÆSON,2013-06-01,2546.0
DST:FIKS22:BRANCHE07=L:BELØB=0:SÆSON=SÆSON,2013-07-01,2759.0
DST:FIKS22:BRANCHE07=L:BELØB=0:SÆSON=SÆSON,2013-08-01,2605.0
DST:FIKS22:BRANCHE07=L:BELØB=0:SÆSON=SÆSON,2013-09-01,2458.0
DST:FIKS22:BRANCHE07=L:BELØB=0:SÆSON=SÆSON,2013-10-01,2524.0
DST:FIKS22:BRANCHE07=L:BELØB=0:SÆSON=SÆSON,2013-11-01,2833.0
DST:FIKS22:BRANCHE07=L:BELØB=0:SÆSON=SÆSON,2013-12-01,2576.0
DST:FIKS22:BRANCHE07=L:BELØB=0:SÆSON=SÆSON,2014-01-01,2431.0
DST:FIKS22:BRANCHE07=L:BELØB=0:SÆSON=SÆSON,2014-02-01,2822.0
DST:FIKS22:BRANCHE07=L:BELØB=0:SÆSON=SÆSON,2014-03-01,2996.0
DST:FIKS22:BRANCHE07=L:BELØB=0:SÆSON=SÆSON,2014-04-01,2415.0
DST:FIKS22:BRANCHE07=L:BELØB=0:SÆSON=SÆSON,2014-05-01,2827.0
DST:FIKS22:BRANCHE07=L:BELØB=0:SÆSON=SÆSON,2014-06-01,2575.0
DST:FIKS22:BRANCHE07=L:BELØB=0:SÆSON=SÆSON,2014-07-01,2650.0
DST:FIKS22:BRANCHE07=L:BELØB=0:SÆSON=SÆSON,2014-08-01,2618.0
DST:FIKS22:BRANCHE07=L:BELØB=0:SÆSON=SÆSON,2014-09-01,2569.0
DST:FIKS22:BRANCHE07=L:BELØB=0:SÆSON=SÆSON,2014-10-01,2687.0
DST:FIKS22:BRANCHE07=L:BELØB=0:SÆSON=SÆSON,2014-11-01,2456.0
DST:FIKS22:BRANCHE07=L:BELØB=0:SÆSON=SÆSON,2014-12-01,3072.0
DST:FIKS22:BRANCHE07=L:BELØB=0:SÆSON=SÆSON,2015-01-01,2519.0
DST:FIKS22:BRANCHE07=L:BELØB=0:SÆSON=SÆSON,2015-02-01,2664.0
DST:FIKS22:BRANCHE07=L:BELØB=0:SÆSON=SÆSON,2015-03-01,2784.0
DST:FIKS22:BRANCHE07=L:BELØB=0:SÆSON=SÆSON,2015-04-01,3024.0
DST:FIKS22:BRANCHE07=L:BELØB=0:SÆSON=SÆSON,2015-05-01,2611.0
DST:FIKS22:BRANCHE07=L:BELØB=0:SÆSON=SÆSON,2015-06-01,3074.0
DST:FIKS22:BRANCHE07=L:BELØB=0:SÆSON=SÆSON,2015-07-01,2920.0
DST:FIKS22:BRANCHE07=L:BELØB=0:SÆSON=SÆSON,2015-08-01,3068.0
DST:FIKS22:BRANCHE07=L:BELØB=0:SÆSON=SÆSON,2015-09-01,3474.0
DST:FIKS22:BRANCHE07=L:BELØB=0:SÆSON=SÆSON,2015-10-01,3168.0
DST:FIKS22:BRANCHE07=L:BELØB=0:SÆSON=SÆSON,2015-11-01,3149.0
DST:FIKS22:BRANCHE07=L:BELØB=0:SÆSON=SÆSON,2015-12-01,3108.0
DST:FIKS22:BRANCHE07=L:BELØB=0:SÆSON=SÆSON,2016-01-01,3744.0
DST:FIKS22:BRANCHE07=L:BELØB=0:SÆSON=SÆSON,2016-02-01,3195.0
DST:FIKS22:BRANCHE07=L:BELØB=0:SÆSON=SÆSON,2016-03-01,3057.0
DST:FIKS22:BRANCHE07=L:BELØB=0:SÆSON=SÆSON,2016-04-01,2977.0
DST:FIKS22:BRANCHE07=L:BELØB=0:SÆSON=SÆSON,2016-05-01,3204.0
DST:FIKS22:BRANCHE07=L:BELØB=0:SÆSON=SÆSON,2016-06-01,3493.0
DST:FIKS22:BRANCHE07=L:BELØB=0:SÆSON=SÆSON,2016-07-01,2854.0
DST:FIKS22:BRANCHE07=L:BELØB=0:SÆSON=SÆSON,2016-08-01,3458.0
DST:FIKS22:BRANCHE07=L:BELØB=0:SÆSON=SÆSON,2016-09-01,3302.0
DST:FIKS22:BRANCHE07=L:BELØB=0:SÆSON=SÆSON,2016-10-01,3329.0
DST:FIKS22:BRANCHE07=L:BELØB=0:SÆSON=SÆSON,2016-11-01,3570.0
DST:FIKS22:BRANCHE07=L:BELØB=0:SÆSON=SÆSON,2016-12-01,3779.0
DST:FIKS22:BRANCHE07=L:BELØB=0:SÆSON=SÆSON,2017-01-01,3770.0
DST:FIKS22:BRANCHE07=L:BELØB=0:SÆSON=SÆSON,2017-02-01,3251.0
DST:FIKS22:BRANCHE07=L:BELØB=0:SÆSON=SÆSON,2017-03-01,3601.0
DST:FIKS22:BRANCHE07=L:BELØB=0:SÆSON=SÆSON,2017-04-01,3845.0
DST:FIKS22:BRANCHE07=L:BELØB=0:SÆSON=SÆSON,2017-05-01,3640.0
DST:FIKS22:BRANCHE07=L:BELØB=0:SÆSON=SÆSON,2017-06-01,3320.0
DST:FIKS22:BRANCHE07=L:BELØB=0:SÆSON=SÆSON,2017-07-01,3529.0
DST:FIKS22:BRANCHE07=L:BELØB=0:SÆSON=SÆSON,2017-08-01,4194.0
DST:FIKS22:BRANCHE07=L:BELØB=0:SÆSON=SÆSON,2017-09-01,3250.0
DST:FIKS22:BRANCHE07=L:BELØB=0:SÆSON=SÆSON,2017-10-01,3521.0
DST:FIKS22:BRANCHE07=L:BELØB=0:SÆSON=SÆSON,2017-11-01,3575.0
DST:FIKS22:BRANCHE07=L:BELØB=0:SÆSON=SÆSON,2017-12-01,4358.0
DST:FIKS22:BRANCHE07=L:BELØB=0:SÆSON=SÆSON,2018-01-01,3346.0
DST:FIKS22:BRANCHE07=L:BELØB=0:SÆSON=SÆSON,2018-02-01,3480.0
DST:FIKS22:BRANCHE07=L:BELØB=0:SÆSON=SÆSON,2018-03-01,4026.0
DST:FIKS22:BRANCHE07=L:BELØB=0:SÆSON=SÆSON,2018-04-01,3458.0
DST:FIKS22:BRANCHE07=L:BELØB=0:SÆSON=SÆSON,2018-05-01,3992.0
DST:FIKS22:BRANCHE07=L:BELØB=0:SÆSON=SÆSON,2018-06-01,3862.0
DST:FIKS22:BRANCHE07=L:BELØB=0:SÆSON=SÆSON,2018-07-01,4330.0
DST:FIKS22:BRANCHE07=L:BELØB=0:SÆSON=SÆSON,2018-08-01,3570.0
DST:FIKS22:BRANCHE07=L:BELØB=0:SÆSON=SÆSON,2018-09-01,4368.0
DST:FIKS22:BRANCHE07=L:BELØB=0:SÆSON=SÆSON,2018-10-01,4395.0
DST:FIKS22:BRANCHE07=L:BELØB=0:SÆSON=SÆSON,2018-11-01,4057.0
DST:FIKS22:BRANCHE07=L:BELØB=0:SÆSON=SÆSON,2018-12-01,4046.0
DST:FIKS22:BRANCHE07=L:BELØB=0:SÆSON=SÆSON,2019-01-01,4666.0
DST:FIKS22:BRANCHE07=L:BELØB=0:SÆSON=SÆSON,2019-02-01,4138.0
DST:FIKS22:BRANCHE07=L:BELØB=0:SÆSON=SÆSON,2019-03-01,3796.0
DST:FIKS22:BRANCHE07=L:BELØB=0:SÆSON=SÆSON,2019-04-01,4247.0
DST:FIKS22:BRANCHE07=L:BELØB=0:SÆSON=SÆSON,2019-05-01,4118.0
DST:FIKS22:BRANCHE07=L:BELØB=0:SÆSON=SÆSON,2019-06-01,3843.0
DST:FIKS22:BRANCHE07=L:BELØB=0:SÆSON=SÆSON,2019-07-01,3889.0
DST:FIKS22:BRANCHE07=L:BELØB=0:SÆSON=SÆSON,2019-08-01,4022.0
DST:FIKS22:BRANCHE07=L:BELØB=0:SÆSON=SÆSON,2019-09-01,4314.0
DST:FIKS22:BRANCHE07=L:BELØB=0:SÆSON=SÆSON,2019-10-01,3723.0
DST:FIKS22:BRANCHE07=L:BELØB=0:SÆSON=SÆSON,2019-11-01,4053.0
DST:FIKS22:BRANCHE07=L:BELØB=0:SÆSON=SÆSON,2019-12-01,3710.0
DST:FIKS22:BRANCHE07=L:BELØB=0:SÆSON=SÆSON,2020-01-01,3826.0
DST:FIKS22:BRANCHE07=L:BELØB=0:SÆSON=SÆSON,2020-02-01,4473.0
DST:FIKS22:BRANCHE07=L:BELØB=0:SÆSON=SÆSON,2020-03-01,4281.0
DST:FIKS22:BRANCHE07=L:BELØB=0:SÆSON=SÆSON,2020-04-01,4869.0
DST:FIKS22:BRANCHE07=L:BELØB=0:SÆSON=SÆSON,2020-05-01,3705.0
DST:FIKS22:BRANCHE07=L:BELØB=0:SÆSON=SÆSON,2020-06-01,4061.0
DST:FIKS22:BRANCHE07=L:BELØB=0:SÆSON=SÆSON,2020-07-01,4130.0
DST:FIKS22:BRANCHE07=L:BELØB=0:SÆSON=SÆSON,2020-08-01,4106.0
DST:FIKS22:BRANCHE07=L:BELØB=0:SÆSON=SÆSON,2020-09-01,3716.0
DST:FIKS22:BRANCHE07=L:BELØB=0:SÆSON=SÆSON,2020-10-01,5163.0
DST:FIKS22:BRANCHE07=L:BELØB=0:SÆSON=SÆSON,2020-11-01,3888.0
DST:FIKS22:BRANCHE07=L:BELØB=0:SÆSON=SÆSON,2020-12-01,3924.0
DST:FIKS22:BRANCHE07=L:BELØB=0:SÆSON=SÆSON,2021-01-01,4206.0
DST:FIKS22:BRANCHE07=L:BELØB=0:SÆSON=SÆSON,2021-02-01,4628.0
DST:FIKS22:BRANCHE07=L:BELØB=0:SÆSON=SÆSON,2021-03-01,4220.0
DST:FIKS22:BRANCHE07=L:BELØB=0:SÆSON=SÆSON,2021-04-01,4373.0
DST:FIKS22:BRANCHE07=L:BELØB=0:SÆSON=SÆSON,2021-05-01,4368.0
DST:FIKS22:BRANCHE07=L:BELØB=0:SÆSON=SÆSON,2021-06-01,4302.0
DST:FIKS22:BRANCHE07=L:BELØB=0:SÆSON=SÆSON,2021-07-01,4564.0
DST:FIKS22:BRANCHE07=L:BELØB=0:SÆSON=SÆSON,2021-08-01,4473.0
DST:FIKS22:BRANCHE07=L:BELØB=0:SÆSON=SÆSON,2021-09-01,3806.0
DST:FIKS22:BRANCHE07=L:BELØB=0:SÆSON=SÆSON,2021-10-01,4825.0
DST:FIKS22:BRANCHE07=L:BELØB=0:SÆSON=SÆSON,2021-11-01,5555.0
DST:FIKS22:BRANCHE07=L:BELØB=0:SÆSON=SÆSON,2021-12-01,4807.0
DST:FIKS22:BRANCHE07=L:BELØB=0:SÆSON=SÆSON,2022-01-01,4229.0
DST:FIKS22:BRANCHE07=L:BELØB=0:SÆSON=SÆSON,2022-02-01,4527.0
DST:FIKS22:BRANCHE07=L:BELØB=0:SÆSON=SÆSON,2022-03-01,4294.0
DST:FIKS22:BRANCHE07=L:BELØB=0:SÆSON=SÆSON,2022-04-01,4759.0
DST:FIKS22:BRANCHE07=L:BELØB=0:SÆSON=SÆSON,2022-05-01,4845.0
DST:FIKS22:BRANCHE07=L:BELØB=0:SÆSON=SÆSON,2022-06-01,5110.0
DST:FIKS22:BRANCHE07=L:BELØB=0:SÆSON=SÆSON,2022-07-01,5170.0
DST:FIKS22:BRANCHE07=L:BELØB=0:SÆSON=SÆSON,2022-08-01,5086.0
DST:FIKS22:BRANCHE07=L:BELØB=0:SÆSON=SÆSON,2022-09-01,5461.0
DST:FIKS22:BRANCHE07=L:BELØB=0:SÆSON=SÆSON,2022-10-01,4950.0
DST:FIKS22:BRANCHE07=L:BELØB=0:SÆSON=SÆSON,2022-11-01,5404.0
DST:FIKS22:BRANCHE07=L:BELØB=0:SÆSON=SÆSON,2022-12-01,5295.0
DST:FIKS22:BRANCHE07=L:BELØB=0:SÆSON=SÆSON,2023-01-01,5014.0
DST:FIKS22:BRANCHE07=L:BELØB=0:SÆSON=SÆSON,2023-02-01,4594.0
DST:FIKS22:BRANCHE07=L:BELØB=0:SÆSON=SÆSON,2023-03-01,4493.0
DST:FIKS22:BRANCHE07=L:BELØB=0:SÆSON=SÆSON,2023-04-01,4133.0
DST:FIKS22:BRANCHE07=L:BELØB=0:SÆSON=SÆSON,2023-05-01,4602.0
DST:FIKS22:BRANCHE07=L:BELØB=0:SÆSON=SÆSON,2023-06-01,4956.0
DST:FIKS22:BRANCHE07=L:BELØB=0:SÆSON=SÆSON,2023-07-01,4155.0
DST:FIKS22:BRANCHE07=L:BELØB=0:SÆSON=SÆSON,2023-08-01,5866.0
DST:FIKS22:BRANCHE07=L:BELØB=0:SÆSON=SÆSON,2023-09-01,3726.0
DST:FIKS22:BRANCHE07=L:BELØB=0:SÆSON=SÆSON,2023-10-01,4382.0
DST:FIKS22:BRANCHE07=L:BELØB=0:SÆSON=SÆSON,2023-11-01,4907.0
DST:FIKS22:BRANCHE07=L:BELØB=0:SÆSON=SÆSON,2023-12-01,4662.0
DST:FIKS22:BRANCHE07=L:BELØB=0:SÆSON=SÆSON,2024-01-01,5189.0
DST:FIKS22:BRANCHE07=L:BELØB=0:SÆSON=SÆSON,2024-02-01,4328.0
DST:FIKS22:BRANCHE07=L:BELØB=0:SÆSON=SÆSON,2024-03-01,5494.0
DST:FIKS22:BRANCHE07=L:BELØB=0:SÆSON=SÆSON,2024-04-01,5385.0
DST:FIKS22:BRANCHE07=L:BELØB=0:SÆSON=SÆSON,2024-05-01,4932.0
DST:FIKS22:BRANCHE07=L:BELØB=0:SÆSON=SÆSON,2024-06-01,4521.0
DST:FIKS22:BRANCHE07=L:BELØB=0:SÆSON=SÆSON,2024-07-01,4620.0
DST:FIKS22:BRANCHE07=L:BELØB=0:SÆSON=SÆSON,2024-08-01,4783.0
DST:FIKS22:BRANCHE07=L:BELØB=0:SÆSON=SÆSON,2024-09-01,5180.0
DST:FIKS22:BRANCHE07=L:BELØB=0:SÆSON=SÆSON,2024-10-01,4628.0
DST:FIKS22:BRANCHE07=L:BELØB=0:SÆSON=SÆSON,2024-11-01,3898.0
DST:FIKS22:BRANCHE07=L:BELØB=0:SÆSON=SÆSON,2024-12-01,8758.0
DST:FIKS22:BRANCHE07=L:BELØB=0:SÆSON=SÆSON,2025-01-01,4910.0
DST:FIKS22:BRANCHE07=L:BELØB=0:SÆSON=SÆSON,2025-02-01,4604.0
DST:FIKS22:BRANCHE07=L:BELØB=0:SÆSON=SÆSON,2025-03-01,4976.0
DST:FIKS22:BRANCHE07=L:BELØB=0:SÆSON=SÆSON,2025-04-01,4679.0
DST:FIKS22:BRANCHE07=L:BELØB=0:SÆSON=SÆSON,2025-05-01,4850.0
DST:FIKS22:BRANCHE07=L:BELØB=0:SÆSON=SÆSON,2025-06-01,4942.0
DST:FIKS22:BRANCHE07=L:BELØB=0:SÆSON=SÆSON,2025-07-01,5994.0
DST:FIKS22:BRANCHE07=L:BELØB=0:SÆSON=SÆSON,2025-08-01,4759.0
DST:FIKS22:BRANCHE07=L:BELØB=0:SÆSON=SÆSON,2025-09-01,4738.0
DST:FIKS22:BRANCHE07=L:BELØB=0:SÆSON=SÆSON,2025-10-01,5122.0
DST:FIKS22:BRANCHE07=L:BELØB=0:SÆSON=SÆSON,2025-11-01,4469.0
DST:FIKS22:BRANCHE07=L:BELØB=0:SÆSON=SÆSON,2025-12-01,4673.0
DST:FIKS22:BRANCHE07=L:BELØB=0:SÆSON=SÆSON,2026-01-01,4274.0
DST:FIKS22:BRANCHE07=L:BELØB=0:SÆSON=SÆSON,2026-02-01,5501.0
DST:FIKS22:BRANCHE07=L:BELØB=0:SÆSON=SÆSON,2026-03-01,4577.0
DST:FIKS22:BRANCHE07=L:BELØB=1:SÆSON=EJSÆSON,2009-01-01,6913.0
DST:FIKS22:BRANCHE07=L:BELØB=1:SÆSON=EJSÆSON,2009-02-01,2196.0
DST:FIKS22:BRANCHE07=L:BELØB=1:SÆSON=EJSÆSON,2009-03-01,2705.0
DST:FIKS22:BRANCHE07=L:BELØB=1:SÆSON=EJSÆSON,2009-04-01,6420.0
DST:FIKS22:BRANCHE07=L:BELØB=1:SÆSON=EJSÆSON,2009-05-01,2104.0
DST:FIKS22:BRANCHE07=L:BELØB=1:SÆSON=EJSÆSON,2009-06-01,3435.0
DST:FIKS22:BRANCHE07=L:BELØB=1:SÆSON=EJSÆSON,2009-07-01,6977.0
DST:FIKS22:BRANCHE07=L:BELØB=1:SÆSON=EJSÆSON,2009-08-01,2151.0
DST:FIKS22:BRANCHE07=L:BELØB=1:SÆSON=EJSÆSON,2009-09-01,2707.0
DST:FIKS22:BRANCHE07=L:BELØB=1:SÆSON=EJSÆSON,2009-10-01,6897.0
DST:FIKS22:BRANCHE07=L:BELØB=1:SÆSON=EJSÆSON,2009-11-01,2211.0
DST:FIKS22:BRANCHE07=L:BELØB=1:SÆSON=EJSÆSON,2009-12-01,2490.0
DST:FIKS22:BRANCHE07=L:BELØB=1:SÆSON=EJSÆSON,2010-01-01,7132.0
DST:FIKS22:BRANCHE07=L:BELØB=1:SÆSON=EJSÆSON,2010-02-01,2322.0
DST:FIKS22:BRANCHE07=L:BELØB=1:SÆSON=EJSÆSON,2010-03-01,2587.0
DST:FIKS22:BRANCHE07=L:BELØB=1:SÆSON=EJSÆSON,2010-04-01,7096.0
DST:FIKS22:BRANCHE07=L:BELØB=1:SÆSON=EJSÆSON,2010-05-01,2194.0
DST:FIKS22:BRANCHE07=L:BELØB=1:SÆSON=EJSÆSON,2010-06-01,2811.0
DST:FIKS22:BRANCHE07=L:BELØB=1:SÆSON=EJSÆSON,2010-07-01,7205.0
DST:FIKS22:BRANCHE07=L:BELØB=1:SÆSON=EJSÆSON,2010-08-01,2254.0
DST:FIKS22:BRANCHE07=L:BELØB=1:SÆSON=EJSÆSON,2010-09-01,2584.0
DST:FIKS22:BRANCHE07=L:BELØB=1:SÆSON=EJSÆSON,2010-10-01,7198.0
DST:FIKS22:BRANCHE07=L:BELØB=1:SÆSON=EJSÆSON,2010-11-01,2231.0
DST:FIKS22:BRANCHE07=L:BELØB=1:SÆSON=EJSÆSON,2010-12-01,3000.0
DST:FIKS22:BRANCHE07=L:BELØB=1:SÆSON=EJSÆSON,2011-01-01,8052.0
DST:FIKS22:BRANCHE07=L:BELØB=1:SÆSON=EJSÆSON,2011-02-01,2375.0
DST:FIKS22:BRANCHE07=L:BELØB=1:SÆSON=EJSÆSON,2011-03-01,2872.0
DST:FIKS22:BRANCHE07=L:BELØB=1:SÆSON=EJSÆSON,2011-04-01,7756.0
DST:FIKS22:BRANCHE07=L:BELØB=1:SÆSON=EJSÆSON,2011-05-01,2676.0
DST:FIKS22:BRANCHE07=L:BELØB=1:SÆSON=EJSÆSON,2011-06-01,3082.0
DST:FIKS22:BRANCHE07=L:BELØB=1:SÆSON=EJSÆSON,2011-07-01,7964.0
DST:FIKS22:BRANCHE07=L:BELØB=1:SÆSON=EJSÆSON,2011-08-01,2697.0
DST:FIKS22:BRANCHE07=L:BELØB=1:SÆSON=EJSÆSON,2011-09-01,2876.0
DST:FIKS22:BRANCHE07=L:BELØB=1:SÆSON=EJSÆSON,2011-10-01,7694.0
DST:FIKS22:BRANCHE07=L:BELØB=1:SÆSON=EJSÆSON,2011-11-01,2676.0
DST:FIKS22:BRANCHE07=L:BELØB=1:SÆSON=EJSÆSON,2011-12-01,3499.0
DST:FIKS22:BRANCHE07=L:BELØB=1:SÆSON=EJSÆSON,2012-01-01,7807.0
DST:FIKS22:BRANCHE07=L:BELØB=1:SÆSON=EJSÆSON,2012-02-01,2732.0
DST:FIKS22:BRANCHE07=L:BELØB=1:SÆSON=EJSÆSON,2012-03-01,2975.0
DST:FIKS22:BRANCHE07=L:BELØB=1:SÆSON=EJSÆSON,2012-04-01,7428.0
DST:FIKS22:BRANCHE07=L:BELØB=1:SÆSON=EJSÆSON,2012-05-01,2706.0
DST:FIKS22:BRANCHE07=L:BELØB=1:SÆSON=EJSÆSON,2012-06-01,3296.0
DST:FIKS22:BRANCHE07=L:BELØB=1:SÆSON=EJSÆSON,2012-07-01,7607.0
DST:FIKS22:BRANCHE07=L:BELØB=1:SÆSON=EJSÆSON,2012-08-01,2894.0
DST:FIKS22:BRANCHE07=L:BELØB=1:SÆSON=EJSÆSON,2012-09-01,2816.0
DST:FIKS22:BRANCHE07=L:BELØB=1:SÆSON=EJSÆSON,2012-10-01,7312.0
DST:FIKS22:BRANCHE07=L:BELØB=1:SÆSON=EJSÆSON,2012-11-01,2741.0
DST:FIKS22:BRANCHE07=L:BELØB=1:SÆSON=EJSÆSON,2012-12-01,3498.0
DST:FIKS22:BRANCHE07=L:BELØB=1:SÆSON=EJSÆSON,2013-01-01,8119.0
DST:FIKS22:BRANCHE07=L:BELØB=1:SÆSON=EJSÆSON,2013-02-01,2398.0
DST:FIKS22:BRANCHE07=L:BELØB=1:SÆSON=EJSÆSON,2013-03-01,2822.0
DST:FIKS22:BRANCHE07=L:BELØB=1:SÆSON=EJSÆSON,2013-04-01,7515.0
DST:FIKS22:BRANCHE07=L:BELØB=1:SÆSON=EJSÆSON,2013-05-01,2774.0
DST:FIKS22:BRANCHE07=L:BELØB=1:SÆSON=EJSÆSON,2013-06-01,3321.0
DST:FIKS22:BRANCHE07=L:BELØB=1:SÆSON=EJSÆSON,2013-07-01,7404.0
DST:FIKS22:BRANCHE07=L:BELØB=1:SÆSON=EJSÆSON,2013-08-01,3314.0
DST:FIKS22:BRANCHE07=L:BELØB=1:SÆSON=EJSÆSON,2013-09-01,2969.0
DST:FIKS22:BRANCHE07=L:BELØB=1:SÆSON=EJSÆSON,2013-10-01,7702.0
DST:FIKS22:BRANCHE07=L:BELØB=1:SÆSON=EJSÆSON,2013-11-01,2752.0
DST:FIKS22:BRANCHE07=L:BELØB=1:SÆSON=EJSÆSON,2013-12-01,3489.0
DST:FIKS22:BRANCHE07=L:BELØB=1:SÆSON=EJSÆSON,2014-01-01,7991.0
DST:FIKS22:BRANCHE07=L:BELØB=1:SÆSON=EJSÆSON,2014-02-01,3051.0
DST:FIKS22:BRANCHE07=L:BELØB=1:SÆSON=EJSÆSON,2014-03-01,2776.0
DST:FIKS22:BRANCHE07=L:BELØB=1:SÆSON=EJSÆSON,2014-04-01,8299.0
DST:FIKS22:BRANCHE07=L:BELØB=1:SÆSON=EJSÆSON,2014-05-01,2536.0
DST:FIKS22:BRANCHE07=L:BELØB=1:SÆSON=EJSÆSON,2014-06-01,3116.0
DST:FIKS22:BRANCHE07=L:BELØB=1:SÆSON=EJSÆSON,2014-07-01,8055.0
DST:FIKS22:BRANCHE07=L:BELØB=1:SÆSON=EJSÆSON,2014-08-01,3015.0
DST:FIKS22:BRANCHE07=L:BELØB=1:SÆSON=EJSÆSON,2014-09-01,2810.0
DST:FIKS22:BRANCHE07=L:BELØB=1:SÆSON=EJSÆSON,2014-10-01,7805.0
DST:FIKS22:BRANCHE07=L:BELØB=1:SÆSON=EJSÆSON,2014-11-01,2677.0
DST:FIKS22:BRANCHE07=L:BELØB=1:SÆSON=EJSÆSON,2014-12-01,3876.0
DST:FIKS22:BRANCHE07=L:BELØB=1:SÆSON=EJSÆSON,2015-01-01,8090.0
DST:FIKS22:BRANCHE07=L:BELØB=1:SÆSON=EJSÆSON,2015-02-01,2818.0
DST:FIKS22:BRANCHE07=L:BELØB=1:SÆSON=EJSÆSON,2015-03-01,3034.0
DST:FIKS22:BRANCHE07=L:BELØB=1:SÆSON=EJSÆSON,2015-04-01,8113.0
DST:FIKS22:BRANCHE07=L:BELØB=1:SÆSON=EJSÆSON,2015-05-01,2686.0
DST:FIKS22:BRANCHE07=L:BELØB=1:SÆSON=EJSÆSON,2015-06-01,3690.0
DST:FIKS22:BRANCHE07=L:BELØB=1:SÆSON=EJSÆSON,2015-07-01,7830.0
DST:FIKS22:BRANCHE07=L:BELØB=1:SÆSON=EJSÆSON,2015-08-01,3103.0
DST:FIKS22:BRANCHE07=L:BELØB=1:SÆSON=EJSÆSON,2015-09-01,4022.0
DST:FIKS22:BRANCHE07=L:BELØB=1:SÆSON=EJSÆSON,2015-10-01,8839.0
DST:FIKS22:BRANCHE07=L:BELØB=1:SÆSON=EJSÆSON,2015-11-01,3006.0
DST:FIKS22:BRANCHE07=L:BELØB=1:SÆSON=EJSÆSON,2015-12-01,2939.0
DST:FIKS22:BRANCHE07=L:BELØB=1:SÆSON=EJSÆSON,2016-01-01,7909.0
DST:FIKS22:BRANCHE07=L:BELØB=1:SÆSON=EJSÆSON,2016-02-01,2720.0
DST:FIKS22:BRANCHE07=L:BELØB=1:SÆSON=EJSÆSON,2016-03-01,3953.0
DST:FIKS22:BRANCHE07=L:BELØB=1:SÆSON=EJSÆSON,2016-04-01,8446.0
DST:FIKS22:BRANCHE07=L:BELØB=1:SÆSON=EJSÆSON,2016-05-01,3183.0
DST:FIKS22:BRANCHE07=L:BELØB=1:SÆSON=EJSÆSON,2016-06-01,3770.0
DST:FIKS22:BRANCHE07=L:BELØB=1:SÆSON=EJSÆSON,2016-07-01,8408.0
DST:FIKS22:BRANCHE07=L:BELØB=1:SÆSON=EJSÆSON,2016-08-01,3027.0
DST:FIKS22:BRANCHE07=L:BELØB=1:SÆSON=EJSÆSON,2016-09-01,3506.0
DST:FIKS22:BRANCHE07=L:BELØB=1:SÆSON=EJSÆSON,2016-10-01,8960.0
DST:FIKS22:BRANCHE07=L:BELØB=1:SÆSON=EJSÆSON,2016-11-01,3659.0
DST:FIKS22:BRANCHE07=L:BELØB=1:SÆSON=EJSÆSON,2016-12-01,4364.0
DST:FIKS22:BRANCHE07=L:BELØB=1:SÆSON=EJSÆSON,2017-01-01,8793.0
DST:FIKS22:BRANCHE07=L:BELØB=1:SÆSON=EJSÆSON,2017-02-01,3148.0
DST:FIKS22:BRANCHE07=L:BELØB=1:SÆSON=EJSÆSON,2017-03-01,3986.0
DST:FIKS22:BRANCHE07=L:BELØB=1:SÆSON=EJSÆSON,2017-04-01,8439.0
DST:FIKS22:BRANCHE07=L:BELØB=1:SÆSON=EJSÆSON,2017-05-01,3362.0
DST:FIKS22:BRANCHE07=L:BELØB=1:SÆSON=EJSÆSON,2017-06-01,5188.0
DST:FIKS22:BRANCHE07=L:BELØB=1:SÆSON=EJSÆSON,2017-07-01,8246.0
DST:FIKS22:BRANCHE07=L:BELØB=1:SÆSON=EJSÆSON,2017-08-01,3149.0
DST:FIKS22:BRANCHE07=L:BELØB=1:SÆSON=EJSÆSON,2017-09-01,5470.0
DST:FIKS22:BRANCHE07=L:BELØB=1:SÆSON=EJSÆSON,2017-10-01,9555.0
DST:FIKS22:BRANCHE07=L:BELØB=1:SÆSON=EJSÆSON,2017-11-01,5233.0
DST:FIKS22:BRANCHE07=L:BELØB=1:SÆSON=EJSÆSON,2017-12-01,6088.0
DST:FIKS22:BRANCHE07=L:BELØB=1:SÆSON=EJSÆSON,2018-01-01,9154.0
DST:FIKS22:BRANCHE07=L:BELØB=1:SÆSON=EJSÆSON,2018-02-01,3423.0
DST:FIKS22:BRANCHE07=L:BELØB=1:SÆSON=EJSÆSON,2018-03-01,4377.0
DST:FIKS22:BRANCHE07=L:BELØB=1:SÆSON=EJSÆSON,2018-04-01,8884.0
DST:FIKS22:BRANCHE07=L:BELØB=1:SÆSON=EJSÆSON,2018-05-01,3866.0
DST:FIKS22:BRANCHE07=L:BELØB=1:SÆSON=EJSÆSON,2018-06-01,5128.0
DST:FIKS22:BRANCHE07=L:BELØB=1:SÆSON=EJSÆSON,2018-07-01,9549.0
DST:FIKS22:BRANCHE07=L:BELØB=1:SÆSON=EJSÆSON,2018-08-01,3899.0
DST:FIKS22:BRANCHE07=L:BELØB=1:SÆSON=EJSÆSON,2018-09-01,4142.0
DST:FIKS22:BRANCHE07=L:BELØB=1:SÆSON=EJSÆSON,2018-10-01,9598.0
DST:FIKS22:BRANCHE07=L:BELØB=1:SÆSON=EJSÆSON,2018-11-01,4028.0
DST:FIKS22:BRANCHE07=L:BELØB=1:SÆSON=EJSÆSON,2018-12-01,5621.0
DST:FIKS22:BRANCHE07=L:BELØB=1:SÆSON=EJSÆSON,2019-01-01,9619.0
DST:FIKS22:BRANCHE07=L:BELØB=1:SÆSON=EJSÆSON,2019-02-01,3428.0
DST:FIKS22:BRANCHE07=L:BELØB=1:SÆSON=EJSÆSON,2019-03-01,4736.0
DST:FIKS22:BRANCHE07=L:BELØB=1:SÆSON=EJSÆSON,2019-04-01,9595.0
DST:FIKS22:BRANCHE07=L:BELØB=1:SÆSON=EJSÆSON,2019-05-01,3886.0
DST:FIKS22:BRANCHE07=L:BELØB=1:SÆSON=EJSÆSON,2019-06-01,5527.0
DST:FIKS22:BRANCHE07=L:BELØB=1:SÆSON=EJSÆSON,2019-07-01,9933.0
DST:FIKS22:BRANCHE07=L:BELØB=1:SÆSON=EJSÆSON,2019-08-01,3764.0
DST:FIKS22:BRANCHE07=L:BELØB=1:SÆSON=EJSÆSON,2019-09-01,4423.0
DST:FIKS22:BRANCHE07=L:BELØB=1:SÆSON=EJSÆSON,2019-10-01,9181.0
DST:FIKS22:BRANCHE07=L:BELØB=1:SÆSON=EJSÆSON,2019-11-01,4251.0
DST:FIKS22:BRANCHE07=L:BELØB=1:SÆSON=EJSÆSON,2019-12-01,6666.0
DST:FIKS22:BRANCHE07=L:BELØB=1:SÆSON=EJSÆSON,2020-01-01,9977.0
DST:FIKS22:BRANCHE07=L:BELØB=1:SÆSON=EJSÆSON,2020-02-01,3656.0
DST:FIKS22:BRANCHE07=L:BELØB=1:SÆSON=EJSÆSON,2020-03-01,4659.0
DST:FIKS22:BRANCHE07=L:BELØB=1:SÆSON=EJSÆSON,2020-04-01,9680.0
DST:FIKS22:BRANCHE07=L:BELØB=1:SÆSON=EJSÆSON,2020-05-01,4304.0
DST:FIKS22:BRANCHE07=L:BELØB=1:SÆSON=EJSÆSON,2020-06-01,4783.0
DST:FIKS22:BRANCHE07=L:BELØB=1:SÆSON=EJSÆSON,2020-07-01,10371.0
DST:FIKS22:BRANCHE07=L:BELØB=1:SÆSON=EJSÆSON,2020-08-01,3910.0
DST:FIKS22:BRANCHE07=L:BELØB=1:SÆSON=EJSÆSON,2020-09-01,5043.0
DST:FIKS22:BRANCHE07=L:BELØB=1:SÆSON=EJSÆSON,2020-10-01,9911.0
DST:FIKS22:BRANCHE07=L:BELØB=1:SÆSON=EJSÆSON,2020-11-01,4196.0
DST:FIKS22:BRANCHE07=L:BELØB=1:SÆSON=EJSÆSON,2020-12-01,7948.0
DST:FIKS22:BRANCHE07=L:BELØB=1:SÆSON=EJSÆSON,2021-01-01,11830.0
DST:FIKS22:BRANCHE07=L:BELØB=1:SÆSON=EJSÆSON,2021-02-01,4657.0
DST:FIKS22:BRANCHE07=L:BELØB=1:SÆSON=EJSÆSON,2021-03-01,5431.0
DST:FIKS22:BRANCHE07=L:BELØB=1:SÆSON=EJSÆSON,2021-04-01,11199.0
DST:FIKS22:BRANCHE07=L:BELØB=1:SÆSON=EJSÆSON,2021-05-01,4486.0
DST:FIKS22:BRANCHE07=L:BELØB=1:SÆSON=EJSÆSON,2021-06-01,5097.0
DST:FIKS22:BRANCHE07=L:BELØB=1:SÆSON=EJSÆSON,2021-07-01,9556.0
DST:FIKS22:BRANCHE07=L:BELØB=1:SÆSON=EJSÆSON,2021-08-01,4682.0
DST:FIKS22:BRANCHE07=L:BELØB=1:SÆSON=EJSÆSON,2021-09-01,6552.0
DST:FIKS22:BRANCHE07=L:BELØB=1:SÆSON=EJSÆSON,2021-10-01,11404.0
DST:FIKS22:BRANCHE07=L:BELØB=1:SÆSON=EJSÆSON,2021-11-01,4632.0
DST:FIKS22:BRANCHE07=L:BELØB=1:SÆSON=EJSÆSON,2021-12-01,6497.0
DST:FIKS22:BRANCHE07=L:BELØB=1:SÆSON=EJSÆSON,2022-01-01,10187.0
DST:FIKS22:BRANCHE07=L:BELØB=1:SÆSON=EJSÆSON,2022-02-01,5011.0
DST:FIKS22:BRANCHE07=L:BELØB=1:SÆSON=EJSÆSON,2022-03-01,5078.0
DST:FIKS22:BRANCHE07=L:BELØB=1:SÆSON=EJSÆSON,2022-04-01,10072.0
DST:FIKS22:BRANCHE07=L:BELØB=1:SÆSON=EJSÆSON,2022-05-01,5653.0
DST:FIKS22:BRANCHE07=L:BELØB=1:SÆSON=EJSÆSON,2022-06-01,6295.0
DST:FIKS22:BRANCHE07=L:BELØB=1:SÆSON=EJSÆSON,2022-07-01,11349.0
DST:FIKS22:BRANCHE07=L:BELØB=1:SÆSON=EJSÆSON,2022-08-01,4487.0
DST:FIKS22:BRANCHE07=L:BELØB=1:SÆSON=EJSÆSON,2022-09-01,6982.0
DST:FIKS22:BRANCHE07=L:BELØB=1:SÆSON=EJSÆSON,2022-10-01,11040.0
DST:FIKS22:BRANCHE07=L:BELØB=1:SÆSON=EJSÆSON,2022-11-01,6945.0
DST:FIKS22:BRANCHE07=L:BELØB=1:SÆSON=EJSÆSON,2022-12-01,6902.0
DST:FIKS22:BRANCHE07=L:BELØB=1:SÆSON=EJSÆSON,2023-01-01,10938.0
DST:FIKS22:BRANCHE07=L:BELØB=1:SÆSON=EJSÆSON,2023-02-01,4291.0
DST:FIKS22:BRANCHE07=L:BELØB=1:SÆSON=EJSÆSON,2023-03-01,6134.0
DST:FIKS22:BRANCHE07=L:BELØB=1:SÆSON=EJSÆSON,2023-04-01,10524.0
DST:FIKS22:BRANCHE07=L:BELØB=1:SÆSON=EJSÆSON,2023-05-01,4206.0
DST:FIKS22:BRANCHE07=L:BELØB=1:SÆSON=EJSÆSON,2023-06-01,6505.0
DST:FIKS22:BRANCHE07=L:BELØB=1:SÆSON=EJSÆSON,2023-07-01,10804.0
DST:FIKS22:BRANCHE07=L:BELØB=1:SÆSON=EJSÆSON,2023-08-01,4909.0
DST:FIKS22:BRANCHE07=L:BELØB=1:SÆSON=EJSÆSON,2023-09-01,5577.0
DST:FIKS22:BRANCHE07=L:BELØB=1:SÆSON=EJSÆSON,2023-10-01,10563.0
DST:FIKS22:BRANCHE07=L:BELØB=1:SÆSON=EJSÆSON,2023-11-01,4988.0
DST:FIKS22:BRANCHE07=L:BELØB=1:SÆSON=EJSÆSON,2023-12-01,7219.0
DST:FIKS22:BRANCHE07=L:BELØB=1:SÆSON=EJSÆSON,2024-01-01,11346.0
DST:FIKS22:BRANCHE07=L:BELØB=1:SÆSON=EJSÆSON,2024-02-01,4944.0
DST:FIKS22:BRANCHE07=L:BELØB=1:SÆSON=EJSÆSON,2024-03-01,5813.0
DST:FIKS22:BRANCHE07=L:BELØB=1:SÆSON=EJSÆSON,2024-04-01,11428.0
DST:FIKS22:BRANCHE07=L:BELØB=1:SÆSON=EJSÆSON,2024-05-01,5272.0
DST:FIKS22:BRANCHE07=L:BELØB=1:SÆSON=EJSÆSON,2024-06-01,5683.0
DST:FIKS22:BRANCHE07=L:BELØB=1:SÆSON=EJSÆSON,2024-07-01,10570.0
DST:FIKS22:BRANCHE07=L:BELØB=1:SÆSON=EJSÆSON,2024-08-01,5260.0
DST:FIKS22:BRANCHE07=L:BELØB=1:SÆSON=EJSÆSON,2024-09-01,5883.0
DST:FIKS22:BRANCHE07=L:BELØB=1:SÆSON=EJSÆSON,2024-10-01,10102.0
DST:FIKS22:BRANCHE07=L:BELØB=1:SÆSON=EJSÆSON,2024-11-01,4578.0
DST:FIKS22:BRANCHE07=L:BELØB=1:SÆSON=EJSÆSON,2024-12-01,14391.0
DST:FIKS22:BRANCHE07=L:BELØB=1:SÆSON=EJSÆSON,2025-01-01,10438.0
DST:FIKS22:BRANCHE07=L:BELØB=1:SÆSON=EJSÆSON,2025-02-01,5162.0
DST:FIKS22:BRANCHE07=L:BELØB=1:SÆSON=EJSÆSON,2025-03-01,6834.0
DST:FIKS22:BRANCHE07=L:BELØB=1:SÆSON=EJSÆSON,2025-04-01,10926.0
DST:FIKS22:BRANCHE07=L:BELØB=1:SÆSON=EJSÆSON,2025-05-01,7668.0
DST:FIKS22:BRANCHE07=L:BELØB=1:SÆSON=EJSÆSON,2025-06-01,8145.0
DST:FIKS22:BRANCHE07=L:BELØB=1:SÆSON=EJSÆSON,2025-07-01,10566.0
DST:FIKS22:BRANCHE07=L:BELØB=1:SÆSON=EJSÆSON,2025-08-01,5583.0
DST:FIKS22:BRANCHE07=L:BELØB=1:SÆSON=EJSÆSON,2025-09-01,7005.0
DST:FIKS22:BRANCHE07=L:BELØB=1:SÆSON=EJSÆSON,2025-10-01,11557.0
DST:FIKS22:BRANCHE07=L:BELØB=1:SÆSON=EJSÆSON,2025-11-01,5971.0
DST:FIKS22:BRANCHE07=L:BELØB=1:SÆSON=EJSÆSON,2025-12-01,8656.0
DST:FIKS22:BRANCHE07=L:BELØB=1:SÆSON=EJSÆSON,2026-01-01,10875.0
DST:FIKS22:BRANCHE07=L:BELØB=1:SÆSON=EJSÆSON,2026-02-01,5791.0
DST:FIKS22:BRANCHE07=L:BELØB=1:SÆSON=EJSÆSON,2026-03-01,7085.0
DST:FIKS22:BRANCHE07=L:BELØB=1:SÆSON=SÆSON,2009-01-01,3853.0
DST:FIKS22:BRANCHE07=L:BELØB=1:SÆSON=SÆSON,2009-02-01,3867.0
DST:FIKS22:BRANCHE07=L:BELØB=1:SÆSON=SÆSON,2009-03-01,4090.0
DST:FIKS22:BRANCHE07=L:BELØB=1:SÆSON=SÆSON,2009-04-01,3768.0
DST:FIKS22:BRANCHE07=L:BELØB=1:SÆSON=SÆSON,2009-05-01,3651.0
DST:FIKS22:BRANCHE07=L:BELØB=1:SÆSON=SÆSON,2009-06-01,4890.0
DST:FIKS22:BRANCHE07=L:BELØB=1:SÆSON=SÆSON,2009-07-01,3984.0
DST:FIKS22:BRANCHE07=L:BELØB=1:SÆSON=SÆSON,2009-08-01,3622.0
DST:FIKS22:BRANCHE07=L:BELØB=1:SÆSON=SÆSON,2009-09-01,4216.0
DST:FIKS22:BRANCHE07=L:BELØB=1:SÆSON=SÆSON,2009-10-01,4055.0
DST:FIKS22:BRANCHE07=L:BELØB=1:SÆSON=SÆSON,2009-11-01,3917.0
DST:FIKS22:BRANCHE07=L:BELØB=1:SÆSON=SÆSON,2009-12-01,3342.0
DST:FIKS22:BRANCHE07=L:BELØB=1:SÆSON=SÆSON,2010-01-01,3979.0
DST:FIKS22:BRANCHE07=L:BELØB=1:SÆSON=SÆSON,2010-02-01,4085.0
DST:FIKS22:BRANCHE07=L:BELØB=1:SÆSON=SÆSON,2010-03-01,3924.0
DST:FIKS22:BRANCHE07=L:BELØB=1:SÆSON=SÆSON,2010-04-01,4175.0
DST:FIKS22:BRANCHE07=L:BELØB=1:SÆSON=SÆSON,2010-05-01,3781.0
DST:FIKS22:BRANCHE07=L:BELØB=1:SÆSON=SÆSON,2010-06-01,3980.0
DST:FIKS22:BRANCHE07=L:BELØB=1:SÆSON=SÆSON,2010-07-01,4139.0
DST:FIKS22:BRANCHE07=L:BELØB=1:SÆSON=SÆSON,2010-08-01,3763.0
DST:FIKS22:BRANCHE07=L:BELØB=1:SÆSON=SÆSON,2010-09-01,4022.0
DST:FIKS22:BRANCHE07=L:BELØB=1:SÆSON=SÆSON,2010-10-01,4241.0
DST:FIKS22:BRANCHE07=L:BELØB=1:SÆSON=SÆSON,2010-11-01,3918.0
DST:FIKS22:BRANCHE07=L:BELØB=1:SÆSON=SÆSON,2010-12-01,4009.0
DST:FIKS22:BRANCHE07=L:BELØB=1:SÆSON=SÆSON,2011-01-01,4504.0
DST:FIKS22:BRANCHE07=L:BELØB=1:SÆSON=SÆSON,2011-02-01,4171.0
DST:FIKS22:BRANCHE07=L:BELØB=1:SÆSON=SÆSON,2011-03-01,4400.0
DST:FIKS22:BRANCHE07=L:BELØB=1:SÆSON=SÆSON,2011-04-01,4545.0
DST:FIKS22:BRANCHE07=L:BELØB=1:SÆSON=SÆSON,2011-05-01,4590.0
DST:FIKS22:BRANCHE07=L:BELØB=1:SÆSON=SÆSON,2011-06-01,4354.0
DST:FIKS22:BRANCHE07=L:BELØB=1:SÆSON=SÆSON,2011-07-01,4606.0
DST:FIKS22:BRANCHE07=L:BELØB=1:SÆSON=SÆSON,2011-08-01,4438.0
DST:FIKS22:BRANCHE07=L:BELØB=1:SÆSON=SÆSON,2011-09-01,4508.0
DST:FIKS22:BRANCHE07=L:BELØB=1:SÆSON=SÆSON,2011-10-01,4550.0
DST:FIKS22:BRANCHE07=L:BELØB=1:SÆSON=SÆSON,2011-11-01,4643.0
DST:FIKS22:BRANCHE07=L:BELØB=1:SÆSON=SÆSON,2011-12-01,4620.0
DST:FIKS22:BRANCHE07=L:BELØB=1:SÆSON=SÆSON,2012-01-01,4375.0
DST:FIKS22:BRANCHE07=L:BELØB=1:SÆSON=SÆSON,2012-02-01,4794.0
DST:FIKS22:BRANCHE07=L:BELØB=1:SÆSON=SÆSON,2012-03-01,4604.0
DST:FIKS22:BRANCHE07=L:BELØB=1:SÆSON=SÆSON,2012-04-01,4342.0
DST:FIKS22:BRANCHE07=L:BELØB=1:SÆSON=SÆSON,2012-05-01,4631.0
DST:FIKS22:BRANCHE07=L:BELØB=1:SÆSON=SÆSON,2012-06-01,4637.0
DST:FIKS22:BRANCHE07=L:BELØB=1:SÆSON=SÆSON,2012-07-01,4454.0
DST:FIKS22:BRANCHE07=L:BELØB=1:SÆSON=SÆSON,2012-08-01,4681.0
DST:FIKS22:BRANCHE07=L:BELØB=1:SÆSON=SÆSON,2012-09-01,4420.0
DST:FIKS22:BRANCHE07=L:BELØB=1:SÆSON=SÆSON,2012-10-01,4322.0
DST:FIKS22:BRANCHE07=L:BELØB=1:SÆSON=SÆSON,2012-11-01,4684.0
DST:FIKS22:BRANCHE07=L:BELØB=1:SÆSON=SÆSON,2012-12-01,4515.0
DST:FIKS22:BRANCHE07=L:BELØB=1:SÆSON=SÆSON,2013-01-01,4614.0
DST:FIKS22:BRANCHE07=L:BELØB=1:SÆSON=SÆSON,2013-02-01,4192.0
DST:FIKS22:BRANCHE07=L:BELØB=1:SÆSON=SÆSON,2013-03-01,4367.0
DST:FIKS22:BRANCHE07=L:BELØB=1:SÆSON=SÆSON,2013-04-01,4389.0
DST:FIKS22:BRANCHE07=L:BELØB=1:SÆSON=SÆSON,2013-05-01,4738.0
DST:FIKS22:BRANCHE07=L:BELØB=1:SÆSON=SÆSON,2013-06-01,4639.0
DST:FIKS22:BRANCHE07=L:BELØB=1:SÆSON=SÆSON,2013-07-01,4392.0
DST:FIKS22:BRANCHE07=L:BELØB=1:SÆSON=SÆSON,2013-08-01,5297.0
DST:FIKS22:BRANCHE07=L:BELØB=1:SÆSON=SÆSON,2013-09-01,4657.0
DST:FIKS22:BRANCHE07=L:BELØB=1:SÆSON=SÆSON,2013-10-01,4549.0
DST:FIKS22:BRANCHE07=L:BELØB=1:SÆSON=SÆSON,2013-11-01,4597.0
DST:FIKS22:BRANCHE07=L:BELØB=1:SÆSON=SÆSON,2013-12-01,4391.0
DST:FIKS22:BRANCHE07=L:BELØB=1:SÆSON=SÆSON,2014-01-01,4613.0
DST:FIKS22:BRANCHE07=L:BELØB=1:SÆSON=SÆSON,2014-02-01,5330.0
DST:FIKS22:BRANCHE07=L:BELØB=1:SÆSON=SÆSON,2014-03-01,4229.0
DST:FIKS22:BRANCHE07=L:BELØB=1:SÆSON=SÆSON,2014-04-01,4889.0
DST:FIKS22:BRANCHE07=L:BELØB=1:SÆSON=SÆSON,2014-05-01,4300.0
DST:FIKS22:BRANCHE07=L:BELØB=1:SÆSON=SÆSON,2014-06-01,4282.0
DST:FIKS22:BRANCHE07=L:BELØB=1:SÆSON=SÆSON,2014-07-01,4870.0
DST:FIKS22:BRANCHE07=L:BELØB=1:SÆSON=SÆSON,2014-08-01,4820.0
DST:FIKS22:BRANCHE07=L:BELØB=1:SÆSON=SÆSON,2014-09-01,4326.0
DST:FIKS22:BRANCHE07=L:BELØB=1:SÆSON=SÆSON,2014-10-01,4599.0
DST:FIKS22:BRANCHE07=L:BELØB=1:SÆSON=SÆSON,2014-11-01,4362.0
DST:FIKS22:BRANCHE07=L:BELØB=1:SÆSON=SÆSON,2014-12-01,4717.0
DST:FIKS22:BRANCHE07=L:BELØB=1:SÆSON=SÆSON,2015-01-01,4796.0
DST:FIKS22:BRANCHE07=L:BELØB=1:SÆSON=SÆSON,2015-02-01,4921.0
DST:FIKS22:BRANCHE07=L:BELØB=1:SÆSON=SÆSON,2015-03-01,4506.0
DST:FIKS22:BRANCHE07=L:BELØB=1:SÆSON=SÆSON,2015-04-01,4841.0
DST:FIKS22:BRANCHE07=L:BELØB=1:SÆSON=SÆSON,2015-05-01,4508.0
DST:FIKS22:BRANCHE07=L:BELØB=1:SÆSON=SÆSON,2015-06-01,4959.0
DST:FIKS22:BRANCHE07=L:BELØB=1:SÆSON=SÆSON,2015-07-01,4797.0
DST:FIKS22:BRANCHE07=L:BELØB=1:SÆSON=SÆSON,2015-08-01,4992.0
DST:FIKS22:BRANCHE07=L:BELØB=1:SÆSON=SÆSON,2015-09-01,6086.0
DST:FIKS22:BRANCHE07=L:BELØB=1:SÆSON=SÆSON,2015-10-01,5226.0
DST:FIKS22:BRANCHE07=L:BELØB=1:SÆSON=SÆSON,2015-11-01,4788.0
DST:FIKS22:BRANCHE07=L:BELØB=1:SÆSON=SÆSON,2015-12-01,3462.0
DST:FIKS22:BRANCHE07=L:BELØB=1:SÆSON=SÆSON,2016-01-01,4795.0
DST:FIKS22:BRANCHE07=L:BELØB=1:SÆSON=SÆSON,2016-02-01,4753.0
DST:FIKS22:BRANCHE07=L:BELØB=1:SÆSON=SÆSON,2016-03-01,5685.0
DST:FIKS22:BRANCHE07=L:BELØB=1:SÆSON=SÆSON,2016-04-01,5143.0
DST:FIKS22:BRANCHE07=L:BELØB=1:SÆSON=SÆSON,2016-05-01,5262.0
DST:FIKS22:BRANCHE07=L:BELØB=1:SÆSON=SÆSON,2016-06-01,4895.0
DST:FIKS22:BRANCHE07=L:BELØB=1:SÆSON=SÆSON,2016-07-01,5228.0
DST:FIKS22:BRANCHE07=L:BELØB=1:SÆSON=SÆSON,2016-08-01,4922.0
DST:FIKS22:BRANCHE07=L:BELØB=1:SÆSON=SÆSON,2016-09-01,5184.0
DST:FIKS22:BRANCHE07=L:BELØB=1:SÆSON=SÆSON,2016-10-01,5364.0
DST:FIKS22:BRANCHE07=L:BELØB=1:SÆSON=SÆSON,2016-11-01,5699.0
DST:FIKS22:BRANCHE07=L:BELØB=1:SÆSON=SÆSON,2016-12-01,4914.0
DST:FIKS22:BRANCHE07=L:BELØB=1:SÆSON=SÆSON,2017-01-01,5467.0
DST:FIKS22:BRANCHE07=L:BELØB=1:SÆSON=SÆSON,2017-02-01,5508.0
DST:FIKS22:BRANCHE07=L:BELØB=1:SÆSON=SÆSON,2017-03-01,5551.0
DST:FIKS22:BRANCHE07=L:BELØB=1:SÆSON=SÆSON,2017-04-01,5262.0
DST:FIKS22:BRANCHE07=L:BELØB=1:SÆSON=SÆSON,2017-05-01,5414.0
DST:FIKS22:BRANCHE07=L:BELØB=1:SÆSON=SÆSON,2017-06-01,6551.0
DST:FIKS22:BRANCHE07=L:BELØB=1:SÆSON=SÆSON,2017-07-01,5164.0
DST:FIKS22:BRANCHE07=L:BELØB=1:SÆSON=SÆSON,2017-08-01,5166.0
DST:FIKS22:BRANCHE07=L:BELØB=1:SÆSON=SÆSON,2017-09-01,7927.0
DST:FIKS22:BRANCHE07=L:BELØB=1:SÆSON=SÆSON,2017-10-01,5878.0
DST:FIKS22:BRANCHE07=L:BELØB=1:SÆSON=SÆSON,2017-11-01,8021.0
DST:FIKS22:BRANCHE07=L:BELØB=1:SÆSON=SÆSON,2017-12-01,6599.0
DST:FIKS22:BRANCHE07=L:BELØB=1:SÆSON=SÆSON,2018-01-01,5740.0
DST:FIKS22:BRANCHE07=L:BELØB=1:SÆSON=SÆSON,2018-02-01,5926.0
DST:FIKS22:BRANCHE07=L:BELØB=1:SÆSON=SÆSON,2018-03-01,5932.0
DST:FIKS22:BRANCHE07=L:BELØB=1:SÆSON=SÆSON,2018-04-01,5658.0
DST:FIKS22:BRANCHE07=L:BELØB=1:SÆSON=SÆSON,2018-05-01,6091.0
DST:FIKS22:BRANCHE07=L:BELØB=1:SÆSON=SÆSON,2018-06-01,6367.0
DST:FIKS22:BRANCHE07=L:BELØB=1:SÆSON=SÆSON,2018-07-01,6075.0
DST:FIKS22:BRANCHE07=L:BELØB=1:SÆSON=SÆSON,2018-08-01,6395.0
DST:FIKS22:BRANCHE07=L:BELØB=1:SÆSON=SÆSON,2018-09-01,5839.0
DST:FIKS22:BRANCHE07=L:BELØB=1:SÆSON=SÆSON,2018-10-01,6051.0
DST:FIKS22:BRANCHE07=L:BELØB=1:SÆSON=SÆSON,2018-11-01,6122.0
DST:FIKS22:BRANCHE07=L:BELØB=1:SÆSON=SÆSON,2018-12-01,5888.0
DST:FIKS22:BRANCHE07=L:BELØB=1:SÆSON=SÆSON,2019-01-01,6089.0
DST:FIKS22:BRANCHE07=L:BELØB=1:SÆSON=SÆSON,2019-02-01,5818.0
DST:FIKS22:BRANCHE07=L:BELØB=1:SÆSON=SÆSON,2019-03-01,6354.0
DST:FIKS22:BRANCHE07=L:BELØB=1:SÆSON=SÆSON,2019-04-01,6225.0
DST:FIKS22:BRANCHE07=L:BELØB=1:SÆSON=SÆSON,2019-05-01,5955.0
DST:FIKS22:BRANCHE07=L:BELØB=1:SÆSON=SÆSON,2019-06-01,6820.0
DST:FIKS22:BRANCHE07=L:BELØB=1:SÆSON=SÆSON,2019-07-01,6370.0
DST:FIKS22:BRANCHE07=L:BELØB=1:SÆSON=SÆSON,2019-08-01,6113.0
DST:FIKS22:BRANCHE07=L:BELØB=1:SÆSON=SÆSON,2019-09-01,6088.0
DST:FIKS22:BRANCHE07=L:BELØB=1:SÆSON=SÆSON,2019-10-01,5914.0
DST:FIKS22:BRANCHE07=L:BELØB=1:SÆSON=SÆSON,2019-11-01,6502.0
DST:FIKS22:BRANCHE07=L:BELØB=1:SÆSON=SÆSON,2019-12-01,6879.0
DST:FIKS22:BRANCHE07=L:BELØB=1:SÆSON=SÆSON,2020-01-01,6340.0
DST:FIKS22:BRANCHE07=L:BELØB=1:SÆSON=SÆSON,2020-02-01,6057.0
DST:FIKS22:BRANCHE07=L:BELØB=1:SÆSON=SÆSON,2020-03-01,6179.0
DST:FIKS22:BRANCHE07=L:BELØB=1:SÆSON=SÆSON,2020-04-01,6364.0
DST:FIKS22:BRANCHE07=L:BELØB=1:SÆSON=SÆSON,2020-05-01,6460.0
DST:FIKS22:BRANCHE07=L:BELØB=1:SÆSON=SÆSON,2020-06-01,5850.0
DST:FIKS22:BRANCHE07=L:BELØB=1:SÆSON=SÆSON,2020-07-01,6745.0
DST:FIKS22:BRANCHE07=L:BELØB=1:SÆSON=SÆSON,2020-08-01,6251.0
DST:FIKS22:BRANCHE07=L:BELØB=1:SÆSON=SÆSON,2020-09-01,6789.0
DST:FIKS22:BRANCHE07=L:BELØB=1:SÆSON=SÆSON,2020-10-01,6477.0
DST:FIKS22:BRANCHE07=L:BELØB=1:SÆSON=SÆSON,2020-11-01,6454.0
DST:FIKS22:BRANCHE07=L:BELØB=1:SÆSON=SÆSON,2020-12-01,8132.0
DST:FIKS22:BRANCHE07=L:BELØB=1:SÆSON=SÆSON,2021-01-01,7598.0
DST:FIKS22:BRANCHE07=L:BELØB=1:SÆSON=SÆSON,2021-02-01,7550.0
DST:FIKS22:BRANCHE07=L:BELØB=1:SÆSON=SÆSON,2021-03-01,7145.0
DST:FIKS22:BRANCHE07=L:BELØB=1:SÆSON=SÆSON,2021-04-01,7434.0
DST:FIKS22:BRANCHE07=L:BELØB=1:SÆSON=SÆSON,2021-05-01,6538.0
DST:FIKS22:BRANCHE07=L:BELØB=1:SÆSON=SÆSON,2021-06-01,6220.0
DST:FIKS22:BRANCHE07=L:BELØB=1:SÆSON=SÆSON,2021-07-01,6269.0
DST:FIKS22:BRANCHE07=L:BELØB=1:SÆSON=SÆSON,2021-08-01,7339.0
DST:FIKS22:BRANCHE07=L:BELØB=1:SÆSON=SÆSON,2021-09-01,8632.0
DST:FIKS22:BRANCHE07=L:BELØB=1:SÆSON=SÆSON,2021-10-01,7575.0
DST:FIKS22:BRANCHE07=L:BELØB=1:SÆSON=SÆSON,2021-11-01,7191.0
DST:FIKS22:BRANCHE07=L:BELØB=1:SÆSON=SÆSON,2021-12-01,6651.0
DST:FIKS22:BRANCHE07=L:BELØB=1:SÆSON=SÆSON,2022-01-01,6622.0
DST:FIKS22:BRANCHE07=L:BELØB=1:SÆSON=SÆSON,2022-02-01,7945.0
DST:FIKS22:BRANCHE07=L:BELØB=1:SÆSON=SÆSON,2022-03-01,6538.0
DST:FIKS22:BRANCHE07=L:BELØB=1:SÆSON=SÆSON,2022-04-01,6752.0
DST:FIKS22:BRANCHE07=L:BELØB=1:SÆSON=SÆSON,2022-05-01,8048.0
DST:FIKS22:BRANCHE07=L:BELØB=1:SÆSON=SÆSON,2022-06-01,7574.0
DST:FIKS22:BRANCHE07=L:BELØB=1:SÆSON=SÆSON,2022-07-01,7578.0
DST:FIKS22:BRANCHE07=L:BELØB=1:SÆSON=SÆSON,2022-08-01,6874.0
DST:FIKS22:BRANCHE07=L:BELØB=1:SÆSON=SÆSON,2022-09-01,8994.0
DST:FIKS22:BRANCHE07=L:BELØB=1:SÆSON=SÆSON,2022-10-01,7433.0
DST:FIKS22:BRANCHE07=L:BELØB=1:SÆSON=SÆSON,2022-11-01,10718.0
DST:FIKS22:BRANCHE07=L:BELØB=1:SÆSON=SÆSON,2022-12-01,7039.0
DST:FIKS22:BRANCHE07=L:BELØB=1:SÆSON=SÆSON,2023-01-01,7321.0
DST:FIKS22:BRANCHE07=L:BELØB=1:SÆSON=SÆSON,2023-02-01,6651.0
DST:FIKS22:BRANCHE07=L:BELØB=1:SÆSON=SÆSON,2023-03-01,7757.0
DST:FIKS22:BRANCHE07=L:BELØB=1:SÆSON=SÆSON,2023-04-01,7161.0
DST:FIKS22:BRANCHE07=L:BELØB=1:SÆSON=SÆSON,2023-05-01,5789.0
DST:FIKS22:BRANCHE07=L:BELØB=1:SÆSON=SÆSON,2023-06-01,7636.0
DST:FIKS22:BRANCHE07=L:BELØB=1:SÆSON=SÆSON,2023-07-01,7308.0
DST:FIKS22:BRANCHE07=L:BELØB=1:SÆSON=SÆSON,2023-08-01,7365.0
DST:FIKS22:BRANCHE07=L:BELØB=1:SÆSON=SÆSON,2023-09-01,7038.0
DST:FIKS22:BRANCHE07=L:BELØB=1:SÆSON=SÆSON,2023-10-01,7246.0
DST:FIKS22:BRANCHE07=L:BELØB=1:SÆSON=SÆSON,2023-11-01,7657.0
DST:FIKS22:BRANCHE07=L:BELØB=1:SÆSON=SÆSON,2023-12-01,7314.0
DST:FIKS22:BRANCHE07=L:BELØB=1:SÆSON=SÆSON,2024-01-01,7836.0
DST:FIKS22:BRANCHE07=L:BELØB=1:SÆSON=SÆSON,2024-02-01,7566.0
DST:FIKS22:BRANCHE07=L:BELØB=1:SÆSON=SÆSON,2024-03-01,7152.0
DST:FIKS22:BRANCHE07=L:BELØB=1:SÆSON=SÆSON,2024-04-01,7873.0
DST:FIKS22:BRANCHE07=L:BELØB=1:SÆSON=SÆSON,2024-05-01,7085.0
DST:FIKS22:BRANCHE07=L:BELØB=1:SÆSON=SÆSON,2024-06-01,6460.0
DST:FIKS22:BRANCHE07=L:BELØB=1:SÆSON=SÆSON,2024-07-01,7245.0
DST:FIKS22:BRANCHE07=L:BELØB=1:SÆSON=SÆSON,2024-08-01,7782.0
DST:FIKS22:BRANCHE07=L:BELØB=1:SÆSON=SÆSON,2024-09-01,7340.0
DST:FIKS22:BRANCHE07=L:BELØB=1:SÆSON=SÆSON,2024-10-01,7079.0
DST:FIKS22:BRANCHE07=L:BELØB=1:SÆSON=SÆSON,2024-11-01,6925.0
DST:FIKS22:BRANCHE07=L:BELØB=1:SÆSON=SÆSON,2024-12-01,14412.0
DST:FIKS22:BRANCHE07=L:BELØB=1:SÆSON=SÆSON,2025-01-01,7410.0
DST:FIKS22:BRANCHE07=L:BELØB=1:SÆSON=SÆSON,2025-02-01,7802.0
DST:FIKS22:BRANCHE07=L:BELØB=1:SÆSON=SÆSON,2025-03-01,8277.0
DST:FIKS22:BRANCHE07=L:BELØB=1:SÆSON=SÆSON,2025-04-01,7565.0
DST:FIKS22:BRANCHE07=L:BELØB=1:SÆSON=SÆSON,2025-05-01,10113.0
DST:FIKS22:BRANCHE07=L:BELØB=1:SÆSON=SÆSON,2025-06-01,9123.0
DST:FIKS22:BRANCHE07=L:BELØB=1:SÆSON=SÆSON,2025-07-01,7295.0
DST:FIKS22:BRANCHE07=L:BELØB=1:SÆSON=SÆSON,2025-08-01,8187.0
DST:FIKS22:BRANCHE07=L:BELØB=1:SÆSON=SÆSON,2025-09-01,8659.0
DST:FIKS22:BRANCHE07=L:BELØB=1:SÆSON=SÆSON,2025-10-01,8257.0
DST:FIKS22:BRANCHE07=L:BELØB=1:SÆSON=SÆSON,2025-11-01,8993.0
DST:FIKS22:BRANCHE07=L:BELØB=1:SÆSON=SÆSON,2025-12-01,8558.0
DST:FIKS22:BRANCHE07=L:BELØB=1:SÆSON=SÆSON,2026-01-01,7846.0
DST:FIKS22:BRANCHE07=L:BELØB=1:SÆSON=SÆSON,2026-02-01,8665.0
DST:FIKS22:BRANCHE07=L:BELØB=1:SÆSON=SÆSON,2026-03-01,8470.0
DST:FIKS22:BRANCHE07=L:BELØB=3:SÆSON=EJSÆSON,2009-01-01,3317.0
DST:FIKS22:BRANCHE07=L:BELØB=3:SÆSON=EJSÆSON,2009-02-01,2395.0
DST:FIKS22:BRANCHE07=L:BELØB=3:SÆSON=EJSÆSON,2009-03-01,3011.0
DST:FIKS22:BRANCHE07=L:BELØB=3:SÆSON=EJSÆSON,2009-04-01,3247.0
DST:FIKS22:BRANCHE07=L:BELØB=3:SÆSON=EJSÆSON,2009-05-01,2473.0
DST:FIKS22:BRANCHE07=L:BELØB=3:SÆSON=EJSÆSON,2009-06-01,2869.0
DST:FIKS22:BRANCHE07=L:BELØB=3:SÆSON=EJSÆSON,2009-07-01,2747.0
DST:FIKS22:BRANCHE07=L:BELØB=3:SÆSON=EJSÆSON,2009-08-01,2253.0
DST:FIKS22:BRANCHE07=L:BELØB=3:SÆSON=EJSÆSON,2009-09-01,2406.0
DST:FIKS22:BRANCHE07=L:BELØB=3:SÆSON=EJSÆSON,2009-10-01,2970.0
DST:FIKS22:BRANCHE07=L:BELØB=3:SÆSON=EJSÆSON,2009-11-01,2433.0
DST:FIKS22:BRANCHE07=L:BELØB=3:SÆSON=EJSÆSON,2009-12-01,2283.0
DST:FIKS22:BRANCHE07=L:BELØB=3:SÆSON=EJSÆSON,2010-01-01,2435.0
DST:FIKS22:BRANCHE07=L:BELØB=3:SÆSON=EJSÆSON,2010-02-01,1890.0
DST:FIKS22:BRANCHE07=L:BELØB=3:SÆSON=EJSÆSON,2010-03-01,2305.0
DST:FIKS22:BRANCHE07=L:BELØB=3:SÆSON=EJSÆSON,2010-04-01,2786.0
DST:FIKS22:BRANCHE07=L:BELØB=3:SÆSON=EJSÆSON,2010-05-01,1940.0
DST:FIKS22:BRANCHE07=L:BELØB=3:SÆSON=EJSÆSON,2010-06-01,2331.0
DST:FIKS22:BRANCHE07=L:BELØB=3:SÆSON=EJSÆSON,2010-07-01,2571.0
DST:FIKS22:BRANCHE07=L:BELØB=3:SÆSON=EJSÆSON,2010-08-01,1909.0
DST:FIKS22:BRANCHE07=L:BELØB=3:SÆSON=EJSÆSON,2010-09-01,2201.0
DST:FIKS22:BRANCHE07=L:BELØB=3:SÆSON=EJSÆSON,2010-10-01,2804.0
DST:FIKS22:BRANCHE07=L:BELØB=3:SÆSON=EJSÆSON,2010-11-01,1944.0
DST:FIKS22:BRANCHE07=L:BELØB=3:SÆSON=EJSÆSON,2010-12-01,3084.0
DST:FIKS22:BRANCHE07=L:BELØB=3:SÆSON=EJSÆSON,2011-01-01,3142.0
DST:FIKS22:BRANCHE07=L:BELØB=3:SÆSON=EJSÆSON,2011-02-01,2036.0
DST:FIKS22:BRANCHE07=L:BELØB=3:SÆSON=EJSÆSON,2011-03-01,2247.0
DST:FIKS22:BRANCHE07=L:BELØB=3:SÆSON=EJSÆSON,2011-04-01,3264.0
DST:FIKS22:BRANCHE07=L:BELØB=3:SÆSON=EJSÆSON,2011-05-01,2391.0
DST:FIKS22:BRANCHE07=L:BELØB=3:SÆSON=EJSÆSON,2011-06-01,2439.0
DST:FIKS22:BRANCHE07=L:BELØB=3:SÆSON=EJSÆSON,2011-07-01,3223.0
DST:FIKS22:BRANCHE07=L:BELØB=3:SÆSON=EJSÆSON,2011-08-01,2242.0
DST:FIKS22:BRANCHE07=L:BELØB=3:SÆSON=EJSÆSON,2011-09-01,2492.0
DST:FIKS22:BRANCHE07=L:BELØB=3:SÆSON=EJSÆSON,2011-10-01,3460.0
DST:FIKS22:BRANCHE07=L:BELØB=3:SÆSON=EJSÆSON,2011-11-01,2417.0
DST:FIKS22:BRANCHE07=L:BELØB=3:SÆSON=EJSÆSON,2011-12-01,3532.0
DST:FIKS22:BRANCHE07=L:BELØB=3:SÆSON=EJSÆSON,2012-01-01,3065.0
DST:FIKS22:BRANCHE07=L:BELØB=3:SÆSON=EJSÆSON,2012-02-01,2358.0
DST:FIKS22:BRANCHE07=L:BELØB=3:SÆSON=EJSÆSON,2012-03-01,2387.0
DST:FIKS22:BRANCHE07=L:BELØB=3:SÆSON=EJSÆSON,2012-04-01,2731.0
DST:FIKS22:BRANCHE07=L:BELØB=3:SÆSON=EJSÆSON,2012-05-01,2503.0
DST:FIKS22:BRANCHE07=L:BELØB=3:SÆSON=EJSÆSON,2012-06-01,2773.0
DST:FIKS22:BRANCHE07=L:BELØB=3:SÆSON=EJSÆSON,2012-07-01,2440.0
DST:FIKS22:BRANCHE07=L:BELØB=3:SÆSON=EJSÆSON,2012-08-01,2160.0
DST:FIKS22:BRANCHE07=L:BELØB=3:SÆSON=EJSÆSON,2012-09-01,2598.0
DST:FIKS22:BRANCHE07=L:BELØB=3:SÆSON=EJSÆSON,2012-10-01,2847.0
DST:FIKS22:BRANCHE07=L:BELØB=3:SÆSON=EJSÆSON,2012-11-01,2686.0
DST:FIKS22:BRANCHE07=L:BELØB=3:SÆSON=EJSÆSON,2012-12-01,3230.0
DST:FIKS22:BRANCHE07=L:BELØB=3:SÆSON=EJSÆSON,2013-01-01,2749.0
DST:FIKS22:BRANCHE07=L:BELØB=3:SÆSON=EJSÆSON,2013-02-01,2154.0
DST:FIKS22:BRANCHE07=L:BELØB=3:SÆSON=EJSÆSON,2013-03-01,2455.0
DST:FIKS22:BRANCHE07=L:BELØB=3:SÆSON=EJSÆSON,2013-04-01,2971.0
DST:FIKS22:BRANCHE07=L:BELØB=3:SÆSON=EJSÆSON,2013-05-01,2816.0
DST:FIKS22:BRANCHE07=L:BELØB=3:SÆSON=EJSÆSON,2013-06-01,2673.0
DST:FIKS22:BRANCHE07=L:BELØB=3:SÆSON=EJSÆSON,2013-07-01,2775.0
DST:FIKS22:BRANCHE07=L:BELØB=3:SÆSON=EJSÆSON,2013-08-01,2250.0
DST:FIKS22:BRANCHE07=L:BELØB=3:SÆSON=EJSÆSON,2013-09-01,2425.0
DST:FIKS22:BRANCHE07=L:BELØB=3:SÆSON=EJSÆSON,2013-10-01,2955.0
DST:FIKS22:BRANCHE07=L:BELØB=3:SÆSON=EJSÆSON,2013-11-01,3040.0
DST:FIKS22:BRANCHE07=L:BELØB=3:SÆSON=EJSÆSON,2013-12-01,3275.0
DST:FIKS22:BRANCHE07=L:BELØB=3:SÆSON=EJSÆSON,2014-01-01,2543.0
DST:FIKS22:BRANCHE07=L:BELØB=3:SÆSON=EJSÆSON,2014-02-01,2419.0
DST:FIKS22:BRANCHE07=L:BELØB=3:SÆSON=EJSÆSON,2014-03-01,2859.0
DST:FIKS22:BRANCHE07=L:BELØB=3:SÆSON=EJSÆSON,2014-04-01,2669.0
DST:FIKS22:BRANCHE07=L:BELØB=3:SÆSON=EJSÆSON,2014-05-01,2852.0
DST:FIKS22:BRANCHE07=L:BELØB=3:SÆSON=EJSÆSON,2014-06-01,2700.0
DST:FIKS22:BRANCHE07=L:BELØB=3:SÆSON=EJSÆSON,2014-07-01,2590.0
DST:FIKS22:BRANCHE07=L:BELØB=3:SÆSON=EJSÆSON,2014-08-01,2327.0
DST:FIKS22:BRANCHE07=L:BELØB=3:SÆSON=EJSÆSON,2014-09-01,2571.0
DST:FIKS22:BRANCHE07=L:BELØB=3:SÆSON=EJSÆSON,2014-10-01,3124.0
DST:FIKS22:BRANCHE07=L:BELØB=3:SÆSON=EJSÆSON,2014-11-01,2706.0
DST:FIKS22:BRANCHE07=L:BELØB=3:SÆSON=EJSÆSON,2014-12-01,3875.0
DST:FIKS22:BRANCHE07=L:BELØB=3:SÆSON=EJSÆSON,2015-01-01,2640.0
DST:FIKS22:BRANCHE07=L:BELØB=3:SÆSON=EJSÆSON,2015-02-01,2315.0
DST:FIKS22:BRANCHE07=L:BELØB=3:SÆSON=EJSÆSON,2015-03-01,2759.0
DST:FIKS22:BRANCHE07=L:BELØB=3:SÆSON=EJSÆSON,2015-04-01,3317.0
DST:FIKS22:BRANCHE07=L:BELØB=3:SÆSON=EJSÆSON,2015-05-01,2666.0
DST:FIKS22:BRANCHE07=L:BELØB=3:SÆSON=EJSÆSON,2015-06-01,3207.0
DST:FIKS22:BRANCHE07=L:BELØB=3:SÆSON=EJSÆSON,2015-07-01,2785.0
DST:FIKS22:BRANCHE07=L:BELØB=3:SÆSON=EJSÆSON,2015-08-01,2685.0
DST:FIKS22:BRANCHE07=L:BELØB=3:SÆSON=EJSÆSON,2015-09-01,3480.0
DST:FIKS22:BRANCHE07=L:BELØB=3:SÆSON=EJSÆSON,2015-10-01,3596.0
DST:FIKS22:BRANCHE07=L:BELØB=3:SÆSON=EJSÆSON,2015-11-01,3428.0
DST:FIKS22:BRANCHE07=L:BELØB=3:SÆSON=EJSÆSON,2015-12-01,3859.0
DST:FIKS22:BRANCHE07=L:BELØB=3:SÆSON=EJSÆSON,2016-01-01,3866.0
DST:FIKS22:BRANCHE07=L:BELØB=3:SÆSON=EJSÆSON,2016-02-01,2728.0
DST:FIKS22:BRANCHE07=L:BELØB=3:SÆSON=EJSÆSON,2016-03-01,2985.0
DST:FIKS22:BRANCHE07=L:BELØB=3:SÆSON=EJSÆSON,2016-04-01,3268.0
DST:FIKS22:BRANCHE07=L:BELØB=3:SÆSON=EJSÆSON,2016-05-01,3260.0
DST:FIKS22:BRANCHE07=L:BELØB=3:SÆSON=EJSÆSON,2016-06-01,3563.0
DST:FIKS22:BRANCHE07=L:BELØB=3:SÆSON=EJSÆSON,2016-07-01,2699.0
DST:FIKS22:BRANCHE07=L:BELØB=3:SÆSON=EJSÆSON,2016-08-01,3035.0
DST:FIKS22:BRANCHE07=L:BELØB=3:SÆSON=EJSÆSON,2016-09-01,3361.0
DST:FIKS22:BRANCHE07=L:BELØB=3:SÆSON=EJSÆSON,2016-10-01,3769.0
DST:FIKS22:BRANCHE07=L:BELØB=3:SÆSON=EJSÆSON,2016-11-01,3897.0
DST:FIKS22:BRANCHE07=L:BELØB=3:SÆSON=EJSÆSON,2016-12-01,4644.0
DST:FIKS22:BRANCHE07=L:BELØB=3:SÆSON=EJSÆSON,2017-01-01,3942.0
DST:FIKS22:BRANCHE07=L:BELØB=3:SÆSON=EJSÆSON,2017-02-01,2842.0
DST:FIKS22:BRANCHE07=L:BELØB=3:SÆSON=EJSÆSON,2017-03-01,3519.0
DST:FIKS22:BRANCHE07=L:BELØB=3:SÆSON=EJSÆSON,2017-04-01,4192.0
DST:FIKS22:BRANCHE07=L:BELØB=3:SÆSON=EJSÆSON,2017-05-01,3656.0
DST:FIKS22:BRANCHE07=L:BELØB=3:SÆSON=EJSÆSON,2017-06-01,3354.0
DST:FIKS22:BRANCHE07=L:BELØB=3:SÆSON=EJSÆSON,2017-07-01,3317.0
DST:FIKS22:BRANCHE07=L:BELØB=3:SÆSON=EJSÆSON,2017-08-01,3654.0
DST:FIKS22:BRANCHE07=L:BELØB=3:SÆSON=EJSÆSON,2017-09-01,3332.0
DST:FIKS22:BRANCHE07=L:BELØB=3:SÆSON=EJSÆSON,2017-10-01,3964.0
DST:FIKS22:BRANCHE07=L:BELØB=3:SÆSON=EJSÆSON,2017-11-01,3905.0
DST:FIKS22:BRANCHE07=L:BELØB=3:SÆSON=EJSÆSON,2017-12-01,5220.0
DST:FIKS22:BRANCHE07=L:BELØB=3:SÆSON=EJSÆSON,2018-01-01,3525.0
DST:FIKS22:BRANCHE07=L:BELØB=3:SÆSON=EJSÆSON,2018-02-01,3129.0
DST:FIKS22:BRANCHE07=L:BELØB=3:SÆSON=EJSÆSON,2018-03-01,3895.0
DST:FIKS22:BRANCHE07=L:BELØB=3:SÆSON=EJSÆSON,2018-04-01,3793.0
DST:FIKS22:BRANCHE07=L:BELØB=3:SÆSON=EJSÆSON,2018-05-01,3973.0
DST:FIKS22:BRANCHE07=L:BELØB=3:SÆSON=EJSÆSON,2018-06-01,3831.0
DST:FIKS22:BRANCHE07=L:BELØB=3:SÆSON=EJSÆSON,2018-07-01,4090.0
DST:FIKS22:BRANCHE07=L:BELØB=3:SÆSON=EJSÆSON,2018-08-01,3112.0
DST:FIKS22:BRANCHE07=L:BELØB=3:SÆSON=EJSÆSON,2018-09-01,4456.0
DST:FIKS22:BRANCHE07=L:BELØB=3:SÆSON=EJSÆSON,2018-10-01,4902.0
DST:FIKS22:BRANCHE07=L:BELØB=3:SÆSON=EJSÆSON,2018-11-01,4466.0
DST:FIKS22:BRANCHE07=L:BELØB=3:SÆSON=EJSÆSON,2018-12-01,4820.0
DST:FIKS22:BRANCHE07=L:BELØB=3:SÆSON=EJSÆSON,2019-01-01,4886.0
DST:FIKS22:BRANCHE07=L:BELØB=3:SÆSON=EJSÆSON,2019-02-01,3878.0
DST:FIKS22:BRANCHE07=L:BELØB=3:SÆSON=EJSÆSON,2019-03-01,3678.0
DST:FIKS22:BRANCHE07=L:BELØB=3:SÆSON=EJSÆSON,2019-04-01,4654.0
DST:FIKS22:BRANCHE07=L:BELØB=3:SÆSON=EJSÆSON,2019-05-01,4104.0
DST:FIKS22:BRANCHE07=L:BELØB=3:SÆSON=EJSÆSON,2019-06-01,3805.0
DST:FIKS22:BRANCHE07=L:BELØB=3:SÆSON=EJSÆSON,2019-07-01,3725.0
DST:FIKS22:BRANCHE07=L:BELØB=3:SÆSON=EJSÆSON,2019-08-01,3505.0
DST:FIKS22:BRANCHE07=L:BELØB=3:SÆSON=EJSÆSON,2019-09-01,4431.0
DST:FIKS22:BRANCHE07=L:BELØB=3:SÆSON=EJSÆSON,2019-10-01,4167.0
DST:FIKS22:BRANCHE07=L:BELØB=3:SÆSON=EJSÆSON,2019-11-01,4536.0
DST:FIKS22:BRANCHE07=L:BELØB=3:SÆSON=EJSÆSON,2019-12-01,4473.0
DST:FIKS22:BRANCHE07=L:BELØB=3:SÆSON=EJSÆSON,2020-01-01,3983.0
DST:FIKS22:BRANCHE07=L:BELØB=3:SÆSON=EJSÆSON,2020-02-01,4318.0
DST:FIKS22:BRANCHE07=L:BELØB=3:SÆSON=EJSÆSON,2020-03-01,4075.0
DST:FIKS22:BRANCHE07=L:BELØB=3:SÆSON=EJSÆSON,2020-04-01,5283.0
DST:FIKS22:BRANCHE07=L:BELØB=3:SÆSON=EJSÆSON,2020-05-01,3674.0
DST:FIKS22:BRANCHE07=L:BELØB=3:SÆSON=EJSÆSON,2020-06-01,4059.0
DST:FIKS22:BRANCHE07=L:BELØB=3:SÆSON=EJSÆSON,2020-07-01,3939.0
DST:FIKS22:BRANCHE07=L:BELØB=3:SÆSON=EJSÆSON,2020-08-01,3594.0
DST:FIKS22:BRANCHE07=L:BELØB=3:SÆSON=EJSÆSON,2020-09-01,3854.0
DST:FIKS22:BRANCHE07=L:BELØB=3:SÆSON=EJSÆSON,2020-10-01,5711.0
DST:FIKS22:BRANCHE07=L:BELØB=3:SÆSON=EJSÆSON,2020-11-01,4447.0
DST:FIKS22:BRANCHE07=L:BELØB=3:SÆSON=EJSÆSON,2020-12-01,4737.0
DST:FIKS22:BRANCHE07=L:BELØB=3:SÆSON=EJSÆSON,2021-01-01,4331.0
DST:FIKS22:BRANCHE07=L:BELØB=3:SÆSON=EJSÆSON,2021-02-01,4477.0
DST:FIKS22:BRANCHE07=L:BELØB=3:SÆSON=EJSÆSON,2021-03-01,3961.0
DST:FIKS22:BRANCHE07=L:BELØB=3:SÆSON=EJSÆSON,2021-04-01,4746.0
DST:FIKS22:BRANCHE07=L:BELØB=3:SÆSON=EJSÆSON,2021-05-01,4265.0
DST:FIKS22:BRANCHE07=L:BELØB=3:SÆSON=EJSÆSON,2021-06-01,4395.0
DST:FIKS22:BRANCHE07=L:BELØB=3:SÆSON=EJSÆSON,2021-07-01,4243.0
DST:FIKS22:BRANCHE07=L:BELØB=3:SÆSON=EJSÆSON,2021-08-01,3937.0
DST:FIKS22:BRANCHE07=L:BELØB=3:SÆSON=EJSÆSON,2021-09-01,3975.0
DST:FIKS22:BRANCHE07=L:BELØB=3:SÆSON=EJSÆSON,2021-10-01,5316.0
DST:FIKS22:BRANCHE07=L:BELØB=3:SÆSON=EJSÆSON,2021-11-01,6405.0
DST:FIKS22:BRANCHE07=L:BELØB=3:SÆSON=EJSÆSON,2021-12-01,5994.0
DST:FIKS22:BRANCHE07=L:BELØB=3:SÆSON=EJSÆSON,2022-01-01,4415.0
DST:FIKS22:BRANCHE07=L:BELØB=3:SÆSON=EJSÆSON,2022-02-01,4321.0
DST:FIKS22:BRANCHE07=L:BELØB=3:SÆSON=EJSÆSON,2022-03-01,4080.0
DST:FIKS22:BRANCHE07=L:BELØB=3:SÆSON=EJSÆSON,2022-04-01,5136.0
DST:FIKS22:BRANCHE07=L:BELØB=3:SÆSON=EJSÆSON,2022-05-01,4837.0
DST:FIKS22:BRANCHE07=L:BELØB=3:SÆSON=EJSÆSON,2022-06-01,5389.0
DST:FIKS22:BRANCHE07=L:BELØB=3:SÆSON=EJSÆSON,2022-07-01,4709.0
DST:FIKS22:BRANCHE07=L:BELØB=3:SÆSON=EJSÆSON,2022-08-01,4430.0
DST:FIKS22:BRANCHE07=L:BELØB=3:SÆSON=EJSÆSON,2022-09-01,5693.0
DST:FIKS22:BRANCHE07=L:BELØB=3:SÆSON=EJSÆSON,2022-10-01,5431.0
DST:FIKS22:BRANCHE07=L:BELØB=3:SÆSON=EJSÆSON,2022-11-01,6224.0
DST:FIKS22:BRANCHE07=L:BELØB=3:SÆSON=EJSÆSON,2022-12-01,6852.0
DST:FIKS22:BRANCHE07=L:BELØB=3:SÆSON=EJSÆSON,2023-01-01,5233.0
DST:FIKS22:BRANCHE07=L:BELØB=3:SÆSON=EJSÆSON,2023-02-01,4294.0
DST:FIKS22:BRANCHE07=L:BELØB=3:SÆSON=EJSÆSON,2023-03-01,4337.0
DST:FIKS22:BRANCHE07=L:BELØB=3:SÆSON=EJSÆSON,2023-04-01,4421.0
DST:FIKS22:BRANCHE07=L:BELØB=3:SÆSON=EJSÆSON,2023-05-01,4600.0
DST:FIKS22:BRANCHE07=L:BELØB=3:SÆSON=EJSÆSON,2023-06-01,5286.0
DST:FIKS22:BRANCHE07=L:BELØB=3:SÆSON=EJSÆSON,2023-07-01,3810.0
DST:FIKS22:BRANCHE07=L:BELØB=3:SÆSON=EJSÆSON,2023-08-01,5107.0
DST:FIKS22:BRANCHE07=L:BELØB=3:SÆSON=EJSÆSON,2023-09-01,3953.0
DST:FIKS22:BRANCHE07=L:BELØB=3:SÆSON=EJSÆSON,2023-10-01,4851.0
DST:FIKS22:BRANCHE07=L:BELØB=3:SÆSON=EJSÆSON,2023-11-01,5689.0
DST:FIKS22:BRANCHE07=L:BELØB=3:SÆSON=EJSÆSON,2023-12-01,6134.0
DST:FIKS22:BRANCHE07=L:BELØB=3:SÆSON=EJSÆSON,2024-01-01,5472.0
DST:FIKS22:BRANCHE07=L:BELØB=3:SÆSON=EJSÆSON,2024-02-01,3973.0
DST:FIKS22:BRANCHE07=L:BELØB=3:SÆSON=EJSÆSON,2024-03-01,5390.0
DST:FIKS22:BRANCHE07=L:BELØB=3:SÆSON=EJSÆSON,2024-04-01,5698.0
DST:FIKS22:BRANCHE07=L:BELØB=3:SÆSON=EJSÆSON,2024-05-01,4996.0
DST:FIKS22:BRANCHE07=L:BELØB=3:SÆSON=EJSÆSON,2024-06-01,4873.0
DST:FIKS22:BRANCHE07=L:BELØB=3:SÆSON=EJSÆSON,2024-07-01,4233.0
DST:FIKS22:BRANCHE07=L:BELØB=3:SÆSON=EJSÆSON,2024-08-01,4249.0
DST:FIKS22:BRANCHE07=L:BELØB=3:SÆSON=EJSÆSON,2024-09-01,5488.0
DST:FIKS22:BRANCHE07=L:BELØB=3:SÆSON=EJSÆSON,2024-10-01,5173.0
DST:FIKS22:BRANCHE07=L:BELØB=3:SÆSON=EJSÆSON,2024-11-01,4479.0
DST:FIKS22:BRANCHE07=L:BELØB=3:SÆSON=EJSÆSON,2024-12-01,11292.0
DST:FIKS22:BRANCHE07=L:BELØB=3:SÆSON=EJSÆSON,2025-01-01,5194.0
DST:FIKS22:BRANCHE07=L:BELØB=3:SÆSON=EJSÆSON,2025-02-01,4131.0
DST:FIKS22:BRANCHE07=L:BELØB=3:SÆSON=EJSÆSON,2025-03-01,4962.0
DST:FIKS22:BRANCHE07=L:BELØB=3:SÆSON=EJSÆSON,2025-04-01,5016.0
DST:FIKS22:BRANCHE07=L:BELØB=3:SÆSON=EJSÆSON,2025-05-01,4951.0
DST:FIKS22:BRANCHE07=L:BELØB=3:SÆSON=EJSÆSON,2025-06-01,5313.0
DST:FIKS22:BRANCHE07=L:BELØB=3:SÆSON=EJSÆSON,2025-07-01,5418.0
DST:FIKS22:BRANCHE07=L:BELØB=3:SÆSON=EJSÆSON,2025-08-01,4262.0
DST:FIKS22:BRANCHE07=L:BELØB=3:SÆSON=EJSÆSON,2025-09-01,5022.0
DST:FIKS22:BRANCHE07=L:BELØB=3:SÆSON=EJSÆSON,2025-10-01,5729.0
DST:FIKS22:BRANCHE07=L:BELØB=3:SÆSON=EJSÆSON,2025-11-01,5028.0
DST:FIKS22:BRANCHE07=L:BELØB=3:SÆSON=EJSÆSON,2025-12-01,6086.0
DST:FIKS22:BRANCHE07=L:BELØB=3:SÆSON=EJSÆSON,2026-01-01,4530.0
DST:FIKS22:BRANCHE07=L:BELØB=3:SÆSON=EJSÆSON,2026-02-01,4943.0
DST:FIKS22:BRANCHE07=L:BELØB=3:SÆSON=EJSÆSON,2026-03-01,4635.0
DST:FIKS22:BRANCHE07=L:BELØB=3:SÆSON=SÆSON,2009-01-01,3146.0
DST:FIKS22:BRANCHE07=L:BELØB=3:SÆSON=SÆSON,2009-02-01,2978.0
DST:FIKS22:BRANCHE07=L:BELØB=3:SÆSON=SÆSON,2009-03-01,3198.0
DST:FIKS22:BRANCHE07=L:BELØB=3:SÆSON=SÆSON,2009-04-01,2879.0
DST:FIKS22:BRANCHE07=L:BELØB=3:SÆSON=SÆSON,2009-05-01,2820.0
DST:FIKS22:BRANCHE07=L:BELØB=3:SÆSON=SÆSON,2009-06-01,2888.0
DST:FIKS22:BRANCHE07=L:BELØB=3:SÆSON=SÆSON,2009-07-01,2691.0
DST:FIKS22:BRANCHE07=L:BELØB=3:SÆSON=SÆSON,2009-08-01,2737.0
DST:FIKS22:BRANCHE07=L:BELØB=3:SÆSON=SÆSON,2009-09-01,2592.0
DST:FIKS22:BRANCHE07=L:BELØB=3:SÆSON=SÆSON,2009-10-01,2521.0
DST:FIKS22:BRANCHE07=L:BELØB=3:SÆSON=SÆSON,2009-11-01,2417.0
DST:FIKS22:BRANCHE07=L:BELØB=3:SÆSON=SÆSON,2009-12-01,1836.0
DST:FIKS22:BRANCHE07=L:BELØB=3:SÆSON=SÆSON,2010-01-01,2307.0
DST:FIKS22:BRANCHE07=L:BELØB=3:SÆSON=SÆSON,2010-02-01,2343.0
DST:FIKS22:BRANCHE07=L:BELØB=3:SÆSON=SÆSON,2010-03-01,2462.0
DST:FIKS22:BRANCHE07=L:BELØB=3:SÆSON=SÆSON,2010-04-01,2487.0
DST:FIKS22:BRANCHE07=L:BELØB=3:SÆSON=SÆSON,2010-05-01,2178.0
DST:FIKS22:BRANCHE07=L:BELØB=3:SÆSON=SÆSON,2010-06-01,2341.0
DST:FIKS22:BRANCHE07=L:BELØB=3:SÆSON=SÆSON,2010-07-01,2528.0
DST:FIKS22:BRANCHE07=L:BELØB=3:SÆSON=SÆSON,2010-08-01,2316.0
DST:FIKS22:BRANCHE07=L:BELØB=3:SÆSON=SÆSON,2010-09-01,2368.0
DST:FIKS22:BRANCHE07=L:BELØB=3:SÆSON=SÆSON,2010-10-01,2400.0
DST:FIKS22:BRANCHE07=L:BELØB=3:SÆSON=SÆSON,2010-11-01,1916.0
DST:FIKS22:BRANCHE07=L:BELØB=3:SÆSON=SÆSON,2010-12-01,2487.0
DST:FIKS22:BRANCHE07=L:BELØB=3:SÆSON=SÆSON,2011-01-01,2994.0
DST:FIKS22:BRANCHE07=L:BELØB=3:SÆSON=SÆSON,2011-02-01,2493.0
DST:FIKS22:BRANCHE07=L:BELØB=3:SÆSON=SÆSON,2011-03-01,2414.0
DST:FIKS22:BRANCHE07=L:BELØB=3:SÆSON=SÆSON,2011-04-01,2953.0
DST:FIKS22:BRANCHE07=L:BELØB=3:SÆSON=SÆSON,2011-05-01,2607.0
DST:FIKS22:BRANCHE07=L:BELØB=3:SÆSON=SÆSON,2011-06-01,2449.0
DST:FIKS22:BRANCHE07=L:BELØB=3:SÆSON=SÆSON,2011-07-01,3194.0
DST:FIKS22:BRANCHE07=L:BELØB=3:SÆSON=SÆSON,2011-08-01,2714.0
DST:FIKS22:BRANCHE07=L:BELØB=3:SÆSON=SÆSON,2011-09-01,2672.0
DST:FIKS22:BRANCHE07=L:BELØB=3:SÆSON=SÆSON,2011-10-01,2991.0
DST:FIKS22:BRANCHE07=L:BELØB=3:SÆSON=SÆSON,2011-11-01,2360.0
DST:FIKS22:BRANCHE07=L:BELØB=3:SÆSON=SÆSON,2011-12-01,2856.0
DST:FIKS22:BRANCHE07=L:BELØB=3:SÆSON=SÆSON,2012-01-01,2955.0
DST:FIKS22:BRANCHE07=L:BELØB=3:SÆSON=SÆSON,2012-02-01,2856.0
DST:FIKS22:BRANCHE07=L:BELØB=3:SÆSON=SÆSON,2012-03-01,2570.0
DST:FIKS22:BRANCHE07=L:BELØB=3:SÆSON=SÆSON,2012-04-01,2497.0
DST:FIKS22:BRANCHE07=L:BELØB=3:SÆSON=SÆSON,2012-05-01,2651.0
DST:FIKS22:BRANCHE07=L:BELØB=3:SÆSON=SÆSON,2012-06-01,2783.0
DST:FIKS22:BRANCHE07=L:BELØB=3:SÆSON=SÆSON,2012-07-01,2457.0
DST:FIKS22:BRANCHE07=L:BELØB=3:SÆSON=SÆSON,2012-08-01,2603.0
DST:FIKS22:BRANCHE07=L:BELØB=3:SÆSON=SÆSON,2012-09-01,2763.0
DST:FIKS22:BRANCHE07=L:BELØB=3:SÆSON=SÆSON,2012-10-01,2483.0
DST:FIKS22:BRANCHE07=L:BELØB=3:SÆSON=SÆSON,2012-11-01,2593.0
DST:FIKS22:BRANCHE07=L:BELØB=3:SÆSON=SÆSON,2012-12-01,2625.0
DST:FIKS22:BRANCHE07=L:BELØB=3:SÆSON=SÆSON,2013-01-01,2683.0
DST:FIKS22:BRANCHE07=L:BELØB=3:SÆSON=SÆSON,2013-02-01,2573.0
DST:FIKS22:BRANCHE07=L:BELØB=3:SÆSON=SÆSON,2013-03-01,2640.0
DST:FIKS22:BRANCHE07=L:BELØB=3:SÆSON=SÆSON,2013-04-01,2769.0
DST:FIKS22:BRANCHE07=L:BELØB=3:SÆSON=SÆSON,2013-05-01,2912.0
DST:FIKS22:BRANCHE07=L:BELØB=3:SÆSON=SÆSON,2013-06-01,2653.0
DST:FIKS22:BRANCHE07=L:BELØB=3:SÆSON=SÆSON,2013-07-01,2876.0
DST:FIKS22:BRANCHE07=L:BELØB=3:SÆSON=SÆSON,2013-08-01,2682.0
DST:FIKS22:BRANCHE07=L:BELØB=3:SÆSON=SÆSON,2013-09-01,2536.0
DST:FIKS22:BRANCHE07=L:BELØB=3:SÆSON=SÆSON,2013-10-01,2615.0
DST:FIKS22:BRANCHE07=L:BELØB=3:SÆSON=SÆSON,2013-11-01,2911.0
DST:FIKS22:BRANCHE07=L:BELØB=3:SÆSON=SÆSON,2013-12-01,2667.0
DST:FIKS22:BRANCHE07=L:BELØB=3:SÆSON=SÆSON,2014-01-01,2500.0
DST:FIKS22:BRANCHE07=L:BELØB=3:SÆSON=SÆSON,2014-02-01,2896.0
DST:FIKS22:BRANCHE07=L:BELØB=3:SÆSON=SÆSON,2014-03-01,3051.0
DST:FIKS22:BRANCHE07=L:BELØB=3:SÆSON=SÆSON,2014-04-01,2499.0
DST:FIKS22:BRANCHE07=L:BELØB=3:SÆSON=SÆSON,2014-05-01,2906.0
DST:FIKS22:BRANCHE07=L:BELØB=3:SÆSON=SÆSON,2014-06-01,2667.0
DST:FIKS22:BRANCHE07=L:BELØB=3:SÆSON=SÆSON,2014-07-01,2757.0
DST:FIKS22:BRANCHE07=L:BELØB=3:SÆSON=SÆSON,2014-08-01,2739.0
DST:FIKS22:BRANCHE07=L:BELØB=3:SÆSON=SÆSON,2014-09-01,2662.0
DST:FIKS22:BRANCHE07=L:BELØB=3:SÆSON=SÆSON,2014-10-01,2800.0
DST:FIKS22:BRANCHE07=L:BELØB=3:SÆSON=SÆSON,2014-11-01,2561.0
DST:FIKS22:BRANCHE07=L:BELØB=3:SÆSON=SÆSON,2014-12-01,3170.0
DST:FIKS22:BRANCHE07=L:BELØB=3:SÆSON=SÆSON,2015-01-01,2614.0
DST:FIKS22:BRANCHE07=L:BELØB=3:SÆSON=SÆSON,2015-02-01,2775.0
DST:FIKS22:BRANCHE07=L:BELØB=3:SÆSON=SÆSON,2015-03-01,2896.0
DST:FIKS22:BRANCHE07=L:BELØB=3:SÆSON=SÆSON,2015-04-01,3134.0
DST:FIKS22:BRANCHE07=L:BELØB=3:SÆSON=SÆSON,2015-05-01,2697.0
DST:FIKS22:BRANCHE07=L:BELØB=3:SÆSON=SÆSON,2015-06-01,3174.0
DST:FIKS22:BRANCHE07=L:BELØB=3:SÆSON=SÆSON,2015-07-01,3013.0
DST:FIKS22:BRANCHE07=L:BELØB=3:SÆSON=SÆSON,2015-08-01,3140.0
DST:FIKS22:BRANCHE07=L:BELØB=3:SÆSON=SÆSON,2015-09-01,3564.0
DST:FIKS22:BRANCHE07=L:BELØB=3:SÆSON=SÆSON,2015-10-01,3242.0
DST:FIKS22:BRANCHE07=L:BELØB=3:SÆSON=SÆSON,2015-11-01,3233.0
DST:FIKS22:BRANCHE07=L:BELØB=3:SÆSON=SÆSON,2015-12-01,3172.0
DST:FIKS22:BRANCHE07=L:BELØB=3:SÆSON=SÆSON,2016-01-01,3817.0
DST:FIKS22:BRANCHE07=L:BELØB=3:SÆSON=SÆSON,2016-02-01,3273.0
DST:FIKS22:BRANCHE07=L:BELØB=3:SÆSON=SÆSON,2016-03-01,3117.0
DST:FIKS22:BRANCHE07=L:BELØB=3:SÆSON=SÆSON,2016-04-01,3063.0
DST:FIKS22:BRANCHE07=L:BELØB=3:SÆSON=SÆSON,2016-05-01,3305.0
DST:FIKS22:BRANCHE07=L:BELØB=3:SÆSON=SÆSON,2016-06-01,3579.0
DST:FIKS22:BRANCHE07=L:BELØB=3:SÆSON=SÆSON,2016-07-01,2936.0
DST:FIKS22:BRANCHE07=L:BELØB=3:SÆSON=SÆSON,2016-08-01,3543.0
DST:FIKS22:BRANCHE07=L:BELØB=3:SÆSON=SÆSON,2016-09-01,3394.0
DST:FIKS22:BRANCHE07=L:BELØB=3:SÆSON=SÆSON,2016-10-01,3411.0
DST:FIKS22:BRANCHE07=L:BELØB=3:SÆSON=SÆSON,2016-11-01,3655.0
DST:FIKS22:BRANCHE07=L:BELØB=3:SÆSON=SÆSON,2016-12-01,3874.0
DST:FIKS22:BRANCHE07=L:BELØB=3:SÆSON=SÆSON,2017-01-01,3875.0
DST:FIKS22:BRANCHE07=L:BELØB=3:SÆSON=SÆSON,2017-02-01,3337.0
DST:FIKS22:BRANCHE07=L:BELØB=3:SÆSON=SÆSON,2017-03-01,3674.0
DST:FIKS22:BRANCHE07=L:BELØB=3:SÆSON=SÆSON,2017-04-01,3932.0
DST:FIKS22:BRANCHE07=L:BELØB=3:SÆSON=SÆSON,2017-05-01,3724.0
DST:FIKS22:BRANCHE07=L:BELØB=3:SÆSON=SÆSON,2017-06-01,3407.0
DST:FIKS22:BRANCHE07=L:BELØB=3:SÆSON=SÆSON,2017-07-01,3611.0
DST:FIKS22:BRANCHE07=L:BELØB=3:SÆSON=SÆSON,2017-08-01,4267.0
DST:FIKS22:BRANCHE07=L:BELØB=3:SÆSON=SÆSON,2017-09-01,3329.0
DST:FIKS22:BRANCHE07=L:BELØB=3:SÆSON=SÆSON,2017-10-01,3611.0
DST:FIKS22:BRANCHE07=L:BELØB=3:SÆSON=SÆSON,2017-11-01,3656.0
DST:FIKS22:BRANCHE07=L:BELØB=3:SÆSON=SÆSON,2017-12-01,4430.0
DST:FIKS22:BRANCHE07=L:BELØB=3:SÆSON=SÆSON,2018-01-01,3442.0
DST:FIKS22:BRANCHE07=L:BELØB=3:SÆSON=SÆSON,2018-02-01,3557.0
DST:FIKS22:BRANCHE07=L:BELØB=3:SÆSON=SÆSON,2018-03-01,4106.0
DST:FIKS22:BRANCHE07=L:BELØB=3:SÆSON=SÆSON,2018-04-01,3519.0
DST:FIKS22:BRANCHE07=L:BELØB=3:SÆSON=SÆSON,2018-05-01,4074.0
DST:FIKS22:BRANCHE07=L:BELØB=3:SÆSON=SÆSON,2018-06-01,3960.0
DST:FIKS22:BRANCHE07=L:BELØB=3:SÆSON=SÆSON,2018-07-01,4421.0
DST:FIKS22:BRANCHE07=L:BELØB=3:SÆSON=SÆSON,2018-08-01,3636.0
DST:FIKS22:BRANCHE07=L:BELØB=3:SÆSON=SÆSON,2018-09-01,4451.0
DST:FIKS22:BRANCHE07=L:BELØB=3:SÆSON=SÆSON,2018-10-01,4487.0
DST:FIKS22:BRANCHE07=L:BELØB=3:SÆSON=SÆSON,2018-11-01,4137.0
DST:FIKS22:BRANCHE07=L:BELØB=3:SÆSON=SÆSON,2018-12-01,4139.0
DST:FIKS22:BRANCHE07=L:BELØB=3:SÆSON=SÆSON,2019-01-01,4823.0
DST:FIKS22:BRANCHE07=L:BELØB=3:SÆSON=SÆSON,2019-02-01,4238.0
DST:FIKS22:BRANCHE07=L:BELØB=3:SÆSON=SÆSON,2019-03-01,3910.0
DST:FIKS22:BRANCHE07=L:BELØB=3:SÆSON=SÆSON,2019-04-01,4331.0
DST:FIKS22:BRANCHE07=L:BELØB=3:SÆSON=SÆSON,2019-05-01,4232.0
DST:FIKS22:BRANCHE07=L:BELØB=3:SÆSON=SÆSON,2019-06-01,3954.0
DST:FIKS22:BRANCHE07=L:BELØB=3:SÆSON=SÆSON,2019-07-01,3999.0
DST:FIKS22:BRANCHE07=L:BELØB=3:SÆSON=SÆSON,2019-08-01,4118.0
DST:FIKS22:BRANCHE07=L:BELØB=3:SÆSON=SÆSON,2019-09-01,4427.0
DST:FIKS22:BRANCHE07=L:BELØB=3:SÆSON=SÆSON,2019-10-01,3823.0
DST:FIKS22:BRANCHE07=L:BELØB=3:SÆSON=SÆSON,2019-11-01,4166.0
DST:FIKS22:BRANCHE07=L:BELØB=3:SÆSON=SÆSON,2019-12-01,3828.0
DST:FIKS22:BRANCHE07=L:BELØB=3:SÆSON=SÆSON,2020-01-01,3961.0
DST:FIKS22:BRANCHE07=L:BELØB=3:SÆSON=SÆSON,2020-02-01,4604.0
DST:FIKS22:BRANCHE07=L:BELØB=3:SÆSON=SÆSON,2020-03-01,4418.0
DST:FIKS22:BRANCHE07=L:BELØB=3:SÆSON=SÆSON,2020-04-01,4944.0
DST:FIKS22:BRANCHE07=L:BELØB=3:SÆSON=SÆSON,2020-05-01,3819.0
DST:FIKS22:BRANCHE07=L:BELØB=3:SÆSON=SÆSON,2020-06-01,4163.0
DST:FIKS22:BRANCHE07=L:BELØB=3:SÆSON=SÆSON,2020-07-01,4266.0
DST:FIKS22:BRANCHE07=L:BELØB=3:SÆSON=SÆSON,2020-08-01,4234.0
DST:FIKS22:BRANCHE07=L:BELØB=3:SÆSON=SÆSON,2020-09-01,3830.0
DST:FIKS22:BRANCHE07=L:BELØB=3:SÆSON=SÆSON,2020-10-01,5291.0
DST:FIKS22:BRANCHE07=L:BELØB=3:SÆSON=SÆSON,2020-11-01,4026.0
DST:FIKS22:BRANCHE07=L:BELØB=3:SÆSON=SÆSON,2020-12-01,4005.0
DST:FIKS22:BRANCHE07=L:BELØB=3:SÆSON=SÆSON,2021-01-01,4336.0
DST:FIKS22:BRANCHE07=L:BELØB=3:SÆSON=SÆSON,2021-02-01,4761.0
DST:FIKS22:BRANCHE07=L:BELØB=3:SÆSON=SÆSON,2021-03-01,4323.0
DST:FIKS22:BRANCHE07=L:BELØB=3:SÆSON=SÆSON,2021-04-01,4488.0
DST:FIKS22:BRANCHE07=L:BELØB=3:SÆSON=SÆSON,2021-05-01,4461.0
DST:FIKS22:BRANCHE07=L:BELØB=3:SÆSON=SÆSON,2021-06-01,4409.0
DST:FIKS22:BRANCHE07=L:BELØB=3:SÆSON=SÆSON,2021-07-01,4694.0
DST:FIKS22:BRANCHE07=L:BELØB=3:SÆSON=SÆSON,2021-08-01,4646.0
DST:FIKS22:BRANCHE07=L:BELØB=3:SÆSON=SÆSON,2021-09-01,3931.0
DST:FIKS22:BRANCHE07=L:BELØB=3:SÆSON=SÆSON,2021-10-01,4995.0
DST:FIKS22:BRANCHE07=L:BELØB=3:SÆSON=SÆSON,2021-11-01,5740.0
DST:FIKS22:BRANCHE07=L:BELØB=3:SÆSON=SÆSON,2021-12-01,4952.0
DST:FIKS22:BRANCHE07=L:BELØB=3:SÆSON=SÆSON,2022-01-01,4386.0
DST:FIKS22:BRANCHE07=L:BELØB=3:SÆSON=SÆSON,2022-02-01,4699.0
DST:FIKS22:BRANCHE07=L:BELØB=3:SÆSON=SÆSON,2022-03-01,4445.0
DST:FIKS22:BRANCHE07=L:BELØB=3:SÆSON=SÆSON,2022-04-01,4921.0
DST:FIKS22:BRANCHE07=L:BELØB=3:SÆSON=SÆSON,2022-05-01,5057.0
DST:FIKS22:BRANCHE07=L:BELØB=3:SÆSON=SÆSON,2022-06-01,5309.0
DST:FIKS22:BRANCHE07=L:BELØB=3:SÆSON=SÆSON,2022-07-01,5328.0
DST:FIKS22:BRANCHE07=L:BELØB=3:SÆSON=SÆSON,2022-08-01,5224.0
DST:FIKS22:BRANCHE07=L:BELØB=3:SÆSON=SÆSON,2022-09-01,5620.0
DST:FIKS22:BRANCHE07=L:BELØB=3:SÆSON=SÆSON,2022-10-01,5124.0
DST:FIKS22:BRANCHE07=L:BELØB=3:SÆSON=SÆSON,2022-11-01,5564.0
DST:FIKS22:BRANCHE07=L:BELØB=3:SÆSON=SÆSON,2022-12-01,5535.0
DST:FIKS22:BRANCHE07=L:BELØB=3:SÆSON=SÆSON,2023-01-01,5203.0
DST:FIKS22:BRANCHE07=L:BELØB=3:SÆSON=SÆSON,2023-02-01,4827.0
DST:FIKS22:BRANCHE07=L:BELØB=3:SÆSON=SÆSON,2023-03-01,4656.0
DST:FIKS22:BRANCHE07=L:BELØB=3:SÆSON=SÆSON,2023-04-01,4288.0
DST:FIKS22:BRANCHE07=L:BELØB=3:SÆSON=SÆSON,2023-05-01,4782.0
DST:FIKS22:BRANCHE07=L:BELØB=3:SÆSON=SÆSON,2023-06-01,5158.0
DST:FIKS22:BRANCHE07=L:BELØB=3:SÆSON=SÆSON,2023-07-01,4350.0
DST:FIKS22:BRANCHE07=L:BELØB=3:SÆSON=SÆSON,2023-08-01,6034.0
DST:FIKS22:BRANCHE07=L:BELØB=3:SÆSON=SÆSON,2023-09-01,3884.0
DST:FIKS22:BRANCHE07=L:BELØB=3:SÆSON=SÆSON,2023-10-01,4568.0
DST:FIKS22:BRANCHE07=L:BELØB=3:SÆSON=SÆSON,2023-11-01,5130.0
DST:FIKS22:BRANCHE07=L:BELØB=3:SÆSON=SÆSON,2023-12-01,4887.0
DST:FIKS22:BRANCHE07=L:BELØB=3:SÆSON=SÆSON,2024-01-01,5413.0
DST:FIKS22:BRANCHE07=L:BELØB=3:SÆSON=SÆSON,2024-02-01,4592.0
DST:FIKS22:BRANCHE07=L:BELØB=3:SÆSON=SÆSON,2024-03-01,5728.0
DST:FIKS22:BRANCHE07=L:BELØB=3:SÆSON=SÆSON,2024-04-01,5595.0
DST:FIKS22:BRANCHE07=L:BELØB=3:SÆSON=SÆSON,2024-05-01,5147.0
DST:FIKS22:BRANCHE07=L:BELØB=3:SÆSON=SÆSON,2024-06-01,4717.0
DST:FIKS22:BRANCHE07=L:BELØB=3:SÆSON=SÆSON,2024-07-01,4851.0
DST:FIKS22:BRANCHE07=L:BELØB=3:SÆSON=SÆSON,2024-08-01,5008.0
DST:FIKS22:BRANCHE07=L:BELØB=3:SÆSON=SÆSON,2024-09-01,5381.0
DST:FIKS22:BRANCHE07=L:BELØB=3:SÆSON=SÆSON,2024-10-01,4851.0
DST:FIKS22:BRANCHE07=L:BELØB=3:SÆSON=SÆSON,2024-11-01,4097.0
DST:FIKS22:BRANCHE07=L:BELØB=3:SÆSON=SÆSON,2024-12-01,9005.0
DST:FIKS22:BRANCHE07=L:BELØB=3:SÆSON=SÆSON,2025-01-01,5138.0
DST:FIKS22:BRANCHE07=L:BELØB=3:SÆSON=SÆSON,2025-02-01,4833.0
DST:FIKS22:BRANCHE07=L:BELØB=3:SÆSON=SÆSON,2025-03-01,5189.0
DST:FIKS22:BRANCHE07=L:BELØB=3:SÆSON=SÆSON,2025-04-01,4913.0
DST:FIKS22:BRANCHE07=L:BELØB=3:SÆSON=SÆSON,2025-05-01,5075.0
DST:FIKS22:BRANCHE07=L:BELØB=3:SÆSON=SÆSON,2025-06-01,5158.0
DST:FIKS22:BRANCHE07=L:BELØB=3:SÆSON=SÆSON,2025-07-01,6193.0
DST:FIKS22:BRANCHE07=L:BELØB=3:SÆSON=SÆSON,2025-08-01,5009.0
DST:FIKS22:BRANCHE07=L:BELØB=3:SÆSON=SÆSON,2025-09-01,4935.0
DST:FIKS22:BRANCHE07=L:BELØB=3:SÆSON=SÆSON,2025-10-01,5346.0
DST:FIKS22:BRANCHE07=L:BELØB=3:SÆSON=SÆSON,2025-11-01,4669.0
DST:FIKS22:BRANCHE07=L:BELØB=3:SÆSON=SÆSON,2025-12-01,4879.0
DST:FIKS22:BRANCHE07=L:BELØB=3:SÆSON=SÆSON,2026-01-01,4475.0
DST:FIKS22:BRANCHE07=L:BELØB=3:SÆSON=SÆSON,2026-02-01,5774.0
DST:FIKS22:BRANCHE07=L:BELØB=3:SÆSON=SÆSON,2026-03-01,4801.0
DST:FIKS22:BRANCHE07=L:BELØB=4:SÆSON=EJSÆSON,2009-01-01,6978.0
DST:FIKS22:BRANCHE07=L:BELØB=4:SÆSON=EJSÆSON,2009-02-01,2235.0
DST:FIKS22:BRANCHE07=L:BELØB=4:SÆSON=EJSÆSON,2009-03-01,2789.0
DST:FIKS22:BRANCHE07=L:BELØB=4:SÆSON=EJSÆSON,2009-04-01,6498.0
DST:FIKS22:BRANCHE07=L:BELØB=4:SÆSON=EJSÆSON,2009-05-01,2143.0
DST:FIKS22:BRANCHE07=L:BELØB=4:SÆSON=EJSÆSON,2009-06-01,3516.0
DST:FIKS22:BRANCHE07=L:BELØB=4:SÆSON=EJSÆSON,2009-07-01,7061.0
DST:FIKS22:BRANCHE07=L:BELØB=4:SÆSON=EJSÆSON,2009-08-01,2190.0
DST:FIKS22:BRANCHE07=L:BELØB=4:SÆSON=EJSÆSON,2009-09-01,2783.0
DST:FIKS22:BRANCHE07=L:BELØB=4:SÆSON=EJSÆSON,2009-10-01,7005.0
DST:FIKS22:BRANCHE07=L:BELØB=4:SÆSON=EJSÆSON,2009-11-01,2266.0
DST:FIKS22:BRANCHE07=L:BELØB=4:SÆSON=EJSÆSON,2009-12-01,2575.0
DST:FIKS22:BRANCHE07=L:BELØB=4:SÆSON=EJSÆSON,2010-01-01,7238.0
DST:FIKS22:BRANCHE07=L:BELØB=4:SÆSON=EJSÆSON,2010-02-01,2403.0
DST:FIKS22:BRANCHE07=L:BELØB=4:SÆSON=EJSÆSON,2010-03-01,2709.0
DST:FIKS22:BRANCHE07=L:BELØB=4:SÆSON=EJSÆSON,2010-04-01,7234.0
DST:FIKS22:BRANCHE07=L:BELØB=4:SÆSON=EJSÆSON,2010-05-01,2302.0
DST:FIKS22:BRANCHE07=L:BELØB=4:SÆSON=EJSÆSON,2010-06-01,2978.0
DST:FIKS22:BRANCHE07=L:BELØB=4:SÆSON=EJSÆSON,2010-07-01,7374.0
DST:FIKS22:BRANCHE07=L:BELØB=4:SÆSON=EJSÆSON,2010-08-01,2364.0
DST:FIKS22:BRANCHE07=L:BELØB=4:SÆSON=EJSÆSON,2010-09-01,2731.0
DST:FIKS22:BRANCHE07=L:BELØB=4:SÆSON=EJSÆSON,2010-10-01,7361.0
DST:FIKS22:BRANCHE07=L:BELØB=4:SÆSON=EJSÆSON,2010-11-01,2360.0
DST:FIKS22:BRANCHE07=L:BELØB=4:SÆSON=EJSÆSON,2010-12-01,3195.0
DST:FIKS22:BRANCHE07=L:BELØB=4:SÆSON=EJSÆSON,2011-01-01,8186.0
DST:FIKS22:BRANCHE07=L:BELØB=4:SÆSON=EJSÆSON,2011-02-01,2480.0
DST:FIKS22:BRANCHE07=L:BELØB=4:SÆSON=EJSÆSON,2011-03-01,3022.0
DST:FIKS22:BRANCHE07=L:BELØB=4:SÆSON=EJSÆSON,2011-04-01,7947.0
DST:FIKS22:BRANCHE07=L:BELØB=4:SÆSON=EJSÆSON,2011-05-01,2796.0
DST:FIKS22:BRANCHE07=L:BELØB=4:SÆSON=EJSÆSON,2011-06-01,3257.0
DST:FIKS22:BRANCHE07=L:BELØB=4:SÆSON=EJSÆSON,2011-07-01,8175.0
DST:FIKS22:BRANCHE07=L:BELØB=4:SÆSON=EJSÆSON,2011-08-01,2847.0
DST:FIKS22:BRANCHE07=L:BELØB=4:SÆSON=EJSÆSON,2011-09-01,3060.0
DST:FIKS22:BRANCHE07=L:BELØB=4:SÆSON=EJSÆSON,2011-10-01,7918.0
DST:FIKS22:BRANCHE07=L:BELØB=4:SÆSON=EJSÆSON,2011-11-01,2831.0
DST:FIKS22:BRANCHE07=L:BELØB=4:SÆSON=EJSÆSON,2011-12-01,3701.0
DST:FIKS22:BRANCHE07=L:BELØB=4:SÆSON=EJSÆSON,2012-01-01,7939.0
DST:FIKS22:BRANCHE07=L:BELØB=4:SÆSON=EJSÆSON,2012-02-01,2813.0
DST:FIKS22:BRANCHE07=L:BELØB=4:SÆSON=EJSÆSON,2012-03-01,3118.0
DST:FIKS22:BRANCHE07=L:BELØB=4:SÆSON=EJSÆSON,2012-04-01,7556.0
DST:FIKS22:BRANCHE07=L:BELØB=4:SÆSON=EJSÆSON,2012-05-01,2785.0
DST:FIKS22:BRANCHE07=L:BELØB=4:SÆSON=EJSÆSON,2012-06-01,3438.0
DST:FIKS22:BRANCHE07=L:BELØB=4:SÆSON=EJSÆSON,2012-07-01,7766.0
DST:FIKS22:BRANCHE07=L:BELØB=4:SÆSON=EJSÆSON,2012-08-01,2985.0
DST:FIKS22:BRANCHE07=L:BELØB=4:SÆSON=EJSÆSON,2012-09-01,3010.0
DST:FIKS22:BRANCHE07=L:BELØB=4:SÆSON=EJSÆSON,2012-10-01,7441.0
DST:FIKS22:BRANCHE07=L:BELØB=4:SÆSON=EJSÆSON,2012-11-01,2819.0
DST:FIKS22:BRANCHE07=L:BELØB=4:SÆSON=EJSÆSON,2012-12-01,3697.0
DST:FIKS22:BRANCHE07=L:BELØB=4:SÆSON=EJSÆSON,2013-01-01,8330.0
DST:FIKS22:BRANCHE07=L:BELØB=4:SÆSON=EJSÆSON,2013-02-01,2501.0
DST:FIKS22:BRANCHE07=L:BELØB=4:SÆSON=EJSÆSON,2013-03-01,3013.0
DST:FIKS22:BRANCHE07=L:BELØB=4:SÆSON=EJSÆSON,2013-04-01,7637.0
DST:FIKS22:BRANCHE07=L:BELØB=4:SÆSON=EJSÆSON,2013-05-01,2912.0
DST:FIKS22:BRANCHE07=L:BELØB=4:SÆSON=EJSÆSON,2013-06-01,3520.0
DST:FIKS22:BRANCHE07=L:BELØB=4:SÆSON=EJSÆSON,2013-07-01,7647.0
DST:FIKS22:BRANCHE07=L:BELØB=4:SÆSON=EJSÆSON,2013-08-01,3478.0
DST:FIKS22:BRANCHE07=L:BELØB=4:SÆSON=EJSÆSON,2013-09-01,3104.0
DST:FIKS22:BRANCHE07=L:BELØB=4:SÆSON=EJSÆSON,2013-10-01,7821.0
DST:FIKS22:BRANCHE07=L:BELØB=4:SÆSON=EJSÆSON,2013-11-01,2914.0
DST:FIKS22:BRANCHE07=L:BELØB=4:SÆSON=EJSÆSON,2013-12-01,3638.0
DST:FIKS22:BRANCHE07=L:BELØB=4:SÆSON=EJSÆSON,2014-01-01,8075.0
DST:FIKS22:BRANCHE07=L:BELØB=4:SÆSON=EJSÆSON,2014-02-01,3115.0
DST:FIKS22:BRANCHE07=L:BELØB=4:SÆSON=EJSÆSON,2014-03-01,2865.0
DST:FIKS22:BRANCHE07=L:BELØB=4:SÆSON=EJSÆSON,2014-04-01,8423.0
DST:FIKS22:BRANCHE07=L:BELØB=4:SÆSON=EJSÆSON,2014-05-01,2605.0
DST:FIKS22:BRANCHE07=L:BELØB=4:SÆSON=EJSÆSON,2014-06-01,3234.0
DST:FIKS22:BRANCHE07=L:BELØB=4:SÆSON=EJSÆSON,2014-07-01,8258.0
DST:FIKS22:BRANCHE07=L:BELØB=4:SÆSON=EJSÆSON,2014-08-01,3098.0
DST:FIKS22:BRANCHE07=L:BELØB=4:SÆSON=EJSÆSON,2014-09-01,2901.0
DST:FIKS22:BRANCHE07=L:BELØB=4:SÆSON=EJSÆSON,2014-10-01,7945.0
DST:FIKS22:BRANCHE07=L:BELØB=4:SÆSON=EJSÆSON,2014-11-01,2752.0
DST:FIKS22:BRANCHE07=L:BELØB=4:SÆSON=EJSÆSON,2014-12-01,4097.0
DST:FIKS22:BRANCHE07=L:BELØB=4:SÆSON=EJSÆSON,2015-01-01,8193.0
DST:FIKS22:BRANCHE07=L:BELØB=4:SÆSON=EJSÆSON,2015-02-01,2887.0
DST:FIKS22:BRANCHE07=L:BELØB=4:SÆSON=EJSÆSON,2015-03-01,3137.0
DST:FIKS22:BRANCHE07=L:BELØB=4:SÆSON=EJSÆSON,2015-04-01,8238.0
DST:FIKS22:BRANCHE07=L:BELØB=4:SÆSON=EJSÆSON,2015-05-01,2755.0
DST:FIKS22:BRANCHE07=L:BELØB=4:SÆSON=EJSÆSON,2015-06-01,3787.0
DST:FIKS22:BRANCHE07=L:BELØB=4:SÆSON=EJSÆSON,2015-07-01,8020.0
DST:FIKS22:BRANCHE07=L:BELØB=4:SÆSON=EJSÆSON,2015-08-01,3187.0
DST:FIKS22:BRANCHE07=L:BELØB=4:SÆSON=EJSÆSON,2015-09-01,4129.0
DST:FIKS22:BRANCHE07=L:BELØB=4:SÆSON=EJSÆSON,2015-10-01,9015.0
DST:FIKS22:BRANCHE07=L:BELØB=4:SÆSON=EJSÆSON,2015-11-01,3128.0
DST:FIKS22:BRANCHE07=L:BELØB=4:SÆSON=EJSÆSON,2015-12-01,3070.0
DST:FIKS22:BRANCHE07=L:BELØB=4:SÆSON=EJSÆSON,2016-01-01,8018.0
DST:FIKS22:BRANCHE07=L:BELØB=4:SÆSON=EJSÆSON,2016-02-01,2784.0
DST:FIKS22:BRANCHE07=L:BELØB=4:SÆSON=EJSÆSON,2016-03-01,4012.0
DST:FIKS22:BRANCHE07=L:BELØB=4:SÆSON=EJSÆSON,2016-04-01,8565.0
DST:FIKS22:BRANCHE07=L:BELØB=4:SÆSON=EJSÆSON,2016-05-01,3250.0
DST:FIKS22:BRANCHE07=L:BELØB=4:SÆSON=EJSÆSON,2016-06-01,3868.0
DST:FIKS22:BRANCHE07=L:BELØB=4:SÆSON=EJSÆSON,2016-07-01,8636.0
DST:FIKS22:BRANCHE07=L:BELØB=4:SÆSON=EJSÆSON,2016-08-01,3140.0
DST:FIKS22:BRANCHE07=L:BELØB=4:SÆSON=EJSÆSON,2016-09-01,3645.0
DST:FIKS22:BRANCHE07=L:BELØB=4:SÆSON=EJSÆSON,2016-10-01,9121.0
DST:FIKS22:BRANCHE07=L:BELØB=4:SÆSON=EJSÆSON,2016-11-01,3753.0
DST:FIKS22:BRANCHE07=L:BELØB=4:SÆSON=EJSÆSON,2016-12-01,4560.0
DST:FIKS22:BRANCHE07=L:BELØB=4:SÆSON=EJSÆSON,2017-01-01,8903.0
DST:FIKS22:BRANCHE07=L:BELØB=4:SÆSON=EJSÆSON,2017-02-01,3206.0
DST:FIKS22:BRANCHE07=L:BELØB=4:SÆSON=EJSÆSON,2017-03-01,4068.0
DST:FIKS22:BRANCHE07=L:BELØB=4:SÆSON=EJSÆSON,2017-04-01,8542.0
DST:FIKS22:BRANCHE07=L:BELØB=4:SÆSON=EJSÆSON,2017-05-01,3424.0
DST:FIKS22:BRANCHE07=L:BELØB=4:SÆSON=EJSÆSON,2017-06-01,5282.0
DST:FIKS22:BRANCHE07=L:BELØB=4:SÆSON=EJSÆSON,2017-07-01,8348.0
DST:FIKS22:BRANCHE07=L:BELØB=4:SÆSON=EJSÆSON,2017-08-01,3204.0
DST:FIKS22:BRANCHE07=L:BELØB=4:SÆSON=EJSÆSON,2017-09-01,5551.0
DST:FIKS22:BRANCHE07=L:BELØB=4:SÆSON=EJSÆSON,2017-10-01,9657.0
DST:FIKS22:BRANCHE07=L:BELØB=4:SÆSON=EJSÆSON,2017-11-01,5305.0
DST:FIKS22:BRANCHE07=L:BELØB=4:SÆSON=EJSÆSON,2017-12-01,6267.0
DST:FIKS22:BRANCHE07=L:BELØB=4:SÆSON=EJSÆSON,2018-01-01,9250.0
DST:FIKS22:BRANCHE07=L:BELØB=4:SÆSON=EJSÆSON,2018-02-01,3501.0
DST:FIKS22:BRANCHE07=L:BELØB=4:SÆSON=EJSÆSON,2018-03-01,4451.0
DST:FIKS22:BRANCHE07=L:BELØB=4:SÆSON=EJSÆSON,2018-04-01,8972.0
DST:FIKS22:BRANCHE07=L:BELØB=4:SÆSON=EJSÆSON,2018-05-01,3930.0
DST:FIKS22:BRANCHE07=L:BELØB=4:SÆSON=EJSÆSON,2018-06-01,5213.0
DST:FIKS22:BRANCHE07=L:BELØB=4:SÆSON=EJSÆSON,2018-07-01,9641.0
DST:FIKS22:BRANCHE07=L:BELØB=4:SÆSON=EJSÆSON,2018-08-01,4004.0
DST:FIKS22:BRANCHE07=L:BELØB=4:SÆSON=EJSÆSON,2018-09-01,4215.0
DST:FIKS22:BRANCHE07=L:BELØB=4:SÆSON=EJSÆSON,2018-10-01,9703.0
DST:FIKS22:BRANCHE07=L:BELØB=4:SÆSON=EJSÆSON,2018-11-01,4085.0
DST:FIKS22:BRANCHE07=L:BELØB=4:SÆSON=EJSÆSON,2018-12-01,5709.0
DST:FIKS22:BRANCHE07=L:BELØB=4:SÆSON=EJSÆSON,2019-01-01,9714.0
DST:FIKS22:BRANCHE07=L:BELØB=4:SÆSON=EJSÆSON,2019-02-01,3483.0
DST:FIKS22:BRANCHE07=L:BELØB=4:SÆSON=EJSÆSON,2019-03-01,4799.0
DST:FIKS22:BRANCHE07=L:BELØB=4:SÆSON=EJSÆSON,2019-04-01,9679.0
DST:FIKS22:BRANCHE07=L:BELØB=4:SÆSON=EJSÆSON,2019-05-01,3940.0
DST:FIKS22:BRANCHE07=L:BELØB=4:SÆSON=EJSÆSON,2019-06-01,5594.0
DST:FIKS22:BRANCHE07=L:BELØB=4:SÆSON=EJSÆSON,2019-07-01,10038.0
DST:FIKS22:BRANCHE07=L:BELØB=4:SÆSON=EJSÆSON,2019-08-01,3815.0
DST:FIKS22:BRANCHE07=L:BELØB=4:SÆSON=EJSÆSON,2019-09-01,4482.0
DST:FIKS22:BRANCHE07=L:BELØB=4:SÆSON=EJSÆSON,2019-10-01,9263.0
DST:FIKS22:BRANCHE07=L:BELØB=4:SÆSON=EJSÆSON,2019-11-01,4319.0
DST:FIKS22:BRANCHE07=L:BELØB=4:SÆSON=EJSÆSON,2019-12-01,6784.0
DST:FIKS22:BRANCHE07=L:BELØB=4:SÆSON=EJSÆSON,2020-01-01,10068.0
DST:FIKS22:BRANCHE07=L:BELØB=4:SÆSON=EJSÆSON,2020-02-01,3712.0
DST:FIKS22:BRANCHE07=L:BELØB=4:SÆSON=EJSÆSON,2020-03-01,4717.0
DST:FIKS22:BRANCHE07=L:BELØB=4:SÆSON=EJSÆSON,2020-04-01,9788.0
DST:FIKS22:BRANCHE07=L:BELØB=4:SÆSON=EJSÆSON,2020-05-01,4363.0
DST:FIKS22:BRANCHE07=L:BELØB=4:SÆSON=EJSÆSON,2020-06-01,4845.0
DST:FIKS22:BRANCHE07=L:BELØB=4:SÆSON=EJSÆSON,2020-07-01,10446.0
DST:FIKS22:BRANCHE07=L:BELØB=4:SÆSON=EJSÆSON,2020-08-01,3956.0
DST:FIKS22:BRANCHE07=L:BELØB=4:SÆSON=EJSÆSON,2020-09-01,5091.0
DST:FIKS22:BRANCHE07=L:BELØB=4:SÆSON=EJSÆSON,2020-10-01,9983.0
DST:FIKS22:BRANCHE07=L:BELØB=4:SÆSON=EJSÆSON,2020-11-01,4236.0
DST:FIKS22:BRANCHE07=L:BELØB=4:SÆSON=EJSÆSON,2020-12-01,8039.0
DST:FIKS22:BRANCHE07=L:BELØB=4:SÆSON=EJSÆSON,2021-01-01,11925.0
DST:FIKS22:BRANCHE07=L:BELØB=4:SÆSON=EJSÆSON,2021-02-01,4715.0
DST:FIKS22:BRANCHE07=L:BELØB=4:SÆSON=EJSÆSON,2021-03-01,5495.0
DST:FIKS22:BRANCHE07=L:BELØB=4:SÆSON=EJSÆSON,2021-04-01,11351.0
DST:FIKS22:BRANCHE07=L:BELØB=4:SÆSON=EJSÆSON,2021-05-01,4560.0
DST:FIKS22:BRANCHE07=L:BELØB=4:SÆSON=EJSÆSON,2021-06-01,5230.0
DST:FIKS22:BRANCHE07=L:BELØB=4:SÆSON=EJSÆSON,2021-07-01,9646.0
DST:FIKS22:BRANCHE07=L:BELØB=4:SÆSON=EJSÆSON,2021-08-01,4741.0
DST:FIKS22:BRANCHE07=L:BELØB=4:SÆSON=EJSÆSON,2021-09-01,6645.0
DST:FIKS22:BRANCHE07=L:BELØB=4:SÆSON=EJSÆSON,2021-10-01,11518.0
DST:FIKS22:BRANCHE07=L:BELØB=4:SÆSON=EJSÆSON,2021-11-01,4705.0
DST:FIKS22:BRANCHE07=L:BELØB=4:SÆSON=EJSÆSON,2021-12-01,6597.0
DST:FIKS22:BRANCHE07=L:BELØB=4:SÆSON=EJSÆSON,2022-01-01,10294.0
DST:FIKS22:BRANCHE07=L:BELØB=4:SÆSON=EJSÆSON,2022-02-01,5123.0
DST:FIKS22:BRANCHE07=L:BELØB=4:SÆSON=EJSÆSON,2022-03-01,5156.0
DST:FIKS22:BRANCHE07=L:BELØB=4:SÆSON=EJSÆSON,2022-04-01,10163.0
DST:FIKS22:BRANCHE07=L:BELØB=4:SÆSON=EJSÆSON,2022-05-01,5723.0
DST:FIKS22:BRANCHE07=L:BELØB=4:SÆSON=EJSÆSON,2022-06-01,6374.0
DST:FIKS22:BRANCHE07=L:BELØB=4:SÆSON=EJSÆSON,2022-07-01,11497.0
DST:FIKS22:BRANCHE07=L:BELØB=4:SÆSON=EJSÆSON,2022-08-01,4548.0
DST:FIKS22:BRANCHE07=L:BELØB=4:SÆSON=EJSÆSON,2022-09-01,7080.0
DST:FIKS22:BRANCHE07=L:BELØB=4:SÆSON=EJSÆSON,2022-10-01,11171.0
DST:FIKS22:BRANCHE07=L:BELØB=4:SÆSON=EJSÆSON,2022-11-01,7044.0
DST:FIKS22:BRANCHE07=L:BELØB=4:SÆSON=EJSÆSON,2022-12-01,7024.0
DST:FIKS22:BRANCHE07=L:BELØB=4:SÆSON=EJSÆSON,2023-01-01,11056.0
DST:FIKS22:BRANCHE07=L:BELØB=4:SÆSON=EJSÆSON,2023-02-01,4348.0
DST:FIKS22:BRANCHE07=L:BELØB=4:SÆSON=EJSÆSON,2023-03-01,6222.0
DST:FIKS22:BRANCHE07=L:BELØB=4:SÆSON=EJSÆSON,2023-04-01,10624.0
DST:FIKS22:BRANCHE07=L:BELØB=4:SÆSON=EJSÆSON,2023-05-01,4264.0
DST:FIKS22:BRANCHE07=L:BELØB=4:SÆSON=EJSÆSON,2023-06-01,6588.0
DST:FIKS22:BRANCHE07=L:BELØB=4:SÆSON=EJSÆSON,2023-07-01,10940.0
DST:FIKS22:BRANCHE07=L:BELØB=4:SÆSON=EJSÆSON,2023-08-01,4978.0
DST:FIKS22:BRANCHE07=L:BELØB=4:SÆSON=EJSÆSON,2023-09-01,5653.0
DST:FIKS22:BRANCHE07=L:BELØB=4:SÆSON=EJSÆSON,2023-10-01,10697.0
DST:FIKS22:BRANCHE07=L:BELØB=4:SÆSON=EJSÆSON,2023-11-01,5076.0
DST:FIKS22:BRANCHE07=L:BELØB=4:SÆSON=EJSÆSON,2023-12-01,7389.0
DST:FIKS22:BRANCHE07=L:BELØB=4:SÆSON=EJSÆSON,2024-01-01,11470.0
DST:FIKS22:BRANCHE07=L:BELØB=4:SÆSON=EJSÆSON,2024-02-01,5032.0
DST:FIKS22:BRANCHE07=L:BELØB=4:SÆSON=EJSÆSON,2024-03-01,5923.0
DST:FIKS22:BRANCHE07=L:BELØB=4:SÆSON=EJSÆSON,2024-04-01,11560.0
DST:FIKS22:BRANCHE07=L:BELØB=4:SÆSON=EJSÆSON,2024-05-01,5348.0
DST:FIKS22:BRANCHE07=L:BELØB=4:SÆSON=EJSÆSON,2024-06-01,5800.0
DST:FIKS22:BRANCHE07=L:BELØB=4:SÆSON=EJSÆSON,2024-07-01,10705.0
DST:FIKS22:BRANCHE07=L:BELØB=4:SÆSON=EJSÆSON,2024-08-01,5347.0
DST:FIKS22:BRANCHE07=L:BELØB=4:SÆSON=EJSÆSON,2024-09-01,6005.0
DST:FIKS22:BRANCHE07=L:BELØB=4:SÆSON=EJSÆSON,2024-10-01,10196.0
DST:FIKS22:BRANCHE07=L:BELØB=4:SÆSON=EJSÆSON,2024-11-01,4633.0
DST:FIKS22:BRANCHE07=L:BELØB=4:SÆSON=EJSÆSON,2024-12-01,14522.0
DST:FIKS22:BRANCHE07=L:BELØB=4:SÆSON=EJSÆSON,2025-01-01,10547.0
DST:FIKS22:BRANCHE07=L:BELØB=4:SÆSON=EJSÆSON,2025-02-01,5221.0
DST:FIKS22:BRANCHE07=L:BELØB=4:SÆSON=EJSÆSON,2025-03-01,6940.0
DST:FIKS22:BRANCHE07=L:BELØB=4:SÆSON=EJSÆSON,2025-04-01,11035.0
DST:FIKS22:BRANCHE07=L:BELØB=4:SÆSON=EJSÆSON,2025-05-01,7760.0
DST:FIKS22:BRANCHE07=L:BELØB=4:SÆSON=EJSÆSON,2025-06-01,8251.0
DST:FIKS22:BRANCHE07=L:BELØB=4:SÆSON=EJSÆSON,2025-07-01,10705.0
DST:FIKS22:BRANCHE07=L:BELØB=4:SÆSON=EJSÆSON,2025-08-01,5675.0
DST:FIKS22:BRANCHE07=L:BELØB=4:SÆSON=EJSÆSON,2025-09-01,7123.0
DST:FIKS22:BRANCHE07=L:BELØB=4:SÆSON=EJSÆSON,2025-10-01,11686.0
DST:FIKS22:BRANCHE07=L:BELØB=4:SÆSON=EJSÆSON,2025-11-01,6064.0
DST:FIKS22:BRANCHE07=L:BELØB=4:SÆSON=EJSÆSON,2025-12-01,8831.0
DST:FIKS22:BRANCHE07=L:BELØB=4:SÆSON=EJSÆSON,2026-01-01,11039.0
DST:FIKS22:BRANCHE07=L:BELØB=4:SÆSON=EJSÆSON,2026-02-01,5895.0
DST:FIKS22:BRANCHE07=L:BELØB=4:SÆSON=EJSÆSON,2026-03-01,7244.0
DST:FIKS22:BRANCHE07=L:BELØB=4:SÆSON=SÆSON,2009-01-01,3942.0
DST:FIKS22:BRANCHE07=L:BELØB=4:SÆSON=SÆSON,2009-02-01,3924.0
DST:FIKS22:BRANCHE07=L:BELØB=4:SÆSON=SÆSON,2009-03-01,4157.0
DST:FIKS22:BRANCHE07=L:BELØB=4:SÆSON=SÆSON,2009-04-01,3856.0
DST:FIKS22:BRANCHE07=L:BELØB=4:SÆSON=SÆSON,2009-05-01,3672.0
DST:FIKS22:BRANCHE07=L:BELØB=4:SÆSON=SÆSON,2009-06-01,4915.0
DST:FIKS22:BRANCHE07=L:BELØB=4:SÆSON=SÆSON,2009-07-01,4073.0
DST:FIKS22:BRANCHE07=L:BELØB=4:SÆSON=SÆSON,2009-08-01,3644.0
DST:FIKS22:BRANCHE07=L:BELØB=4:SÆSON=SÆSON,2009-09-01,4247.0
DST:FIKS22:BRANCHE07=L:BELØB=4:SÆSON=SÆSON,2009-10-01,4158.0
DST:FIKS22:BRANCHE07=L:BELØB=4:SÆSON=SÆSON,2009-11-01,3967.0
DST:FIKS22:BRANCHE07=L:BELØB=4:SÆSON=SÆSON,2009-12-01,3376.0
DST:FIKS22:BRANCHE07=L:BELØB=4:SÆSON=SÆSON,2010-01-01,4092.0
DST:FIKS22:BRANCHE07=L:BELØB=4:SÆSON=SÆSON,2010-02-01,4219.0
DST:FIKS22:BRANCHE07=L:BELØB=4:SÆSON=SÆSON,2010-03-01,4046.0
DST:FIKS22:BRANCHE07=L:BELØB=4:SÆSON=SÆSON,2010-04-01,4306.0
DST:FIKS22:BRANCHE07=L:BELØB=4:SÆSON=SÆSON,2010-05-01,3917.0
DST:FIKS22:BRANCHE07=L:BELØB=4:SÆSON=SÆSON,2010-06-01,4141.0
DST:FIKS22:BRANCHE07=L:BELØB=4:SÆSON=SÆSON,2010-07-01,4276.0
DST:FIKS22:BRANCHE07=L:BELØB=4:SÆSON=SÆSON,2010-08-01,3903.0
DST:FIKS22:BRANCHE07=L:BELØB=4:SÆSON=SÆSON,2010-09-01,4164.0
DST:FIKS22:BRANCHE07=L:BELØB=4:SÆSON=SÆSON,2010-10-01,4380.0
DST:FIKS22:BRANCHE07=L:BELØB=4:SÆSON=SÆSON,2010-11-01,4092.0
DST:FIKS22:BRANCHE07=L:BELØB=4:SÆSON=SÆSON,2010-12-01,4172.0
DST:FIKS22:BRANCHE07=L:BELØB=4:SÆSON=SÆSON,2011-01-01,4639.0
DST:FIKS22:BRANCHE07=L:BELØB=4:SÆSON=SÆSON,2011-02-01,4349.0
DST:FIKS22:BRANCHE07=L:BELØB=4:SÆSON=SÆSON,2011-03-01,4547.0
DST:FIKS22:BRANCHE07=L:BELØB=4:SÆSON=SÆSON,2011-04-01,4716.0
DST:FIKS22:BRANCHE07=L:BELØB=4:SÆSON=SÆSON,2011-05-01,4745.0
DST:FIKS22:BRANCHE07=L:BELØB=4:SÆSON=SÆSON,2011-06-01,4516.0
DST:FIKS22:BRANCHE07=L:BELØB=4:SÆSON=SÆSON,2011-07-01,4772.0
DST:FIKS22:BRANCHE07=L:BELØB=4:SÆSON=SÆSON,2011-08-01,4637.0
DST:FIKS22:BRANCHE07=L:BELØB=4:SÆSON=SÆSON,2011-09-01,4695.0
DST:FIKS22:BRANCHE07=L:BELØB=4:SÆSON=SÆSON,2011-10-01,4730.0
DST:FIKS22:BRANCHE07=L:BELØB=4:SÆSON=SÆSON,2011-11-01,4848.0
DST:FIKS22:BRANCHE07=L:BELØB=4:SÆSON=SÆSON,2011-12-01,4773.0
DST:FIKS22:BRANCHE07=L:BELØB=4:SÆSON=SÆSON,2012-01-01,4505.0
DST:FIKS22:BRANCHE07=L:BELØB=4:SÆSON=SÆSON,2012-02-01,4932.0
DST:FIKS22:BRANCHE07=L:BELØB=4:SÆSON=SÆSON,2012-03-01,4731.0
DST:FIKS22:BRANCHE07=L:BELØB=4:SÆSON=SÆSON,2012-04-01,4476.0
DST:FIKS22:BRANCHE07=L:BELØB=4:SÆSON=SÆSON,2012-05-01,4724.0
DST:FIKS22:BRANCHE07=L:BELØB=4:SÆSON=SÆSON,2012-06-01,4753.0
DST:FIKS22:BRANCHE07=L:BELØB=4:SÆSON=SÆSON,2012-07-01,4586.0
DST:FIKS22:BRANCHE07=L:BELØB=4:SÆSON=SÆSON,2012-08-01,4786.0
DST:FIKS22:BRANCHE07=L:BELØB=4:SÆSON=SÆSON,2012-09-01,4625.0
DST:FIKS22:BRANCHE07=L:BELØB=4:SÆSON=SÆSON,2012-10-01,4442.0
DST:FIKS22:BRANCHE07=L:BELØB=4:SÆSON=SÆSON,2012-11-01,4750.0
DST:FIKS22:BRANCHE07=L:BELØB=4:SÆSON=SÆSON,2012-12-01,4663.0
DST:FIKS22:BRANCHE07=L:BELØB=4:SÆSON=SÆSON,2013-01-01,4793.0
DST:FIKS22:BRANCHE07=L:BELØB=4:SÆSON=SÆSON,2013-02-01,4375.0
DST:FIKS22:BRANCHE07=L:BELØB=4:SÆSON=SÆSON,2013-03-01,4558.0
DST:FIKS22:BRANCHE07=L:BELØB=4:SÆSON=SÆSON,2013-04-01,4522.0
DST:FIKS22:BRANCHE07=L:BELØB=4:SÆSON=SÆSON,2013-05-01,4945.0
DST:FIKS22:BRANCHE07=L:BELØB=4:SÆSON=SÆSON,2013-06-01,4844.0
DST:FIKS22:BRANCHE07=L:BELØB=4:SÆSON=SÆSON,2013-07-01,4570.0
DST:FIKS22:BRANCHE07=L:BELØB=4:SÆSON=SÆSON,2013-08-01,5517.0
DST:FIKS22:BRANCHE07=L:BELØB=4:SÆSON=SÆSON,2013-09-01,4769.0
DST:FIKS22:BRANCHE07=L:BELØB=4:SÆSON=SÆSON,2013-10-01,4662.0
DST:FIKS22:BRANCHE07=L:BELØB=4:SÆSON=SÆSON,2013-11-01,4808.0
DST:FIKS22:BRANCHE07=L:BELØB=4:SÆSON=SÆSON,2013-12-01,4475.0
DST:FIKS22:BRANCHE07=L:BELØB=4:SÆSON=SÆSON,2014-01-01,4717.0
DST:FIKS22:BRANCHE07=L:BELØB=4:SÆSON=SÆSON,2014-02-01,5452.0
DST:FIKS22:BRANCHE07=L:BELØB=4:SÆSON=SÆSON,2014-03-01,4268.0
DST:FIKS22:BRANCHE07=L:BELØB=4:SÆSON=SÆSON,2014-04-01,5029.0
DST:FIKS22:BRANCHE07=L:BELØB=4:SÆSON=SÆSON,2014-05-01,4400.0
DST:FIKS22:BRANCHE07=L:BELØB=4:SÆSON=SÆSON,2014-06-01,4394.0
DST:FIKS22:BRANCHE07=L:BELØB=4:SÆSON=SÆSON,2014-07-01,5022.0
DST:FIKS22:BRANCHE07=L:BELØB=4:SÆSON=SÆSON,2014-08-01,4921.0
DST:FIKS22:BRANCHE07=L:BELØB=4:SÆSON=SÆSON,2014-09-01,4388.0
DST:FIKS22:BRANCHE07=L:BELØB=4:SÆSON=SÆSON,2014-10-01,4720.0
DST:FIKS22:BRANCHE07=L:BELØB=4:SÆSON=SÆSON,2014-11-01,4436.0
DST:FIKS22:BRANCHE07=L:BELØB=4:SÆSON=SÆSON,2014-12-01,4879.0
DST:FIKS22:BRANCHE07=L:BELØB=4:SÆSON=SÆSON,2015-01-01,4911.0
DST:FIKS22:BRANCHE07=L:BELØB=4:SÆSON=SÆSON,2015-02-01,5050.0
DST:FIKS22:BRANCHE07=L:BELØB=4:SÆSON=SÆSON,2015-03-01,4561.0
DST:FIKS22:BRANCHE07=L:BELØB=4:SÆSON=SÆSON,2015-04-01,4977.0
DST:FIKS22:BRANCHE07=L:BELØB=4:SÆSON=SÆSON,2015-05-01,4614.0
DST:FIKS22:BRANCHE07=L:BELØB=4:SÆSON=SÆSON,2015-06-01,5048.0
DST:FIKS22:BRANCHE07=L:BELØB=4:SÆSON=SÆSON,2015-07-01,4938.0
DST:FIKS22:BRANCHE07=L:BELØB=4:SÆSON=SÆSON,2015-08-01,5097.0
DST:FIKS22:BRANCHE07=L:BELØB=4:SÆSON=SÆSON,2015-09-01,6159.0
DST:FIKS22:BRANCHE07=L:BELØB=4:SÆSON=SÆSON,2015-10-01,5365.0
DST:FIKS22:BRANCHE07=L:BELØB=4:SÆSON=SÆSON,2015-11-01,4940.0
DST:FIKS22:BRANCHE07=L:BELØB=4:SÆSON=SÆSON,2015-12-01,3545.0
DST:FIKS22:BRANCHE07=L:BELØB=4:SÆSON=SÆSON,2016-01-01,4908.0
DST:FIKS22:BRANCHE07=L:BELØB=4:SÆSON=SÆSON,2016-02-01,4867.0
DST:FIKS22:BRANCHE07=L:BELØB=4:SÆSON=SÆSON,2016-03-01,5677.0
DST:FIKS22:BRANCHE07=L:BELØB=4:SÆSON=SÆSON,2016-04-01,5269.0
DST:FIKS22:BRANCHE07=L:BELØB=4:SÆSON=SÆSON,2016-05-01,5367.0
DST:FIKS22:BRANCHE07=L:BELØB=4:SÆSON=SÆSON,2016-06-01,4998.0
DST:FIKS22:BRANCHE07=L:BELØB=4:SÆSON=SÆSON,2016-07-01,5391.0
DST:FIKS22:BRANCHE07=L:BELØB=4:SÆSON=SÆSON,2016-08-01,5076.0
DST:FIKS22:BRANCHE07=L:BELØB=4:SÆSON=SÆSON,2016-09-01,5333.0
DST:FIKS22:BRANCHE07=L:BELØB=4:SÆSON=SÆSON,2016-10-01,5490.0
DST:FIKS22:BRANCHE07=L:BELØB=4:SÆSON=SÆSON,2016-11-01,5809.0
DST:FIKS22:BRANCHE07=L:BELØB=4:SÆSON=SÆSON,2016-12-01,5050.0
DST:FIKS22:BRANCHE07=L:BELØB=4:SÆSON=SÆSON,2017-01-01,5581.0
DST:FIKS22:BRANCHE07=L:BELØB=4:SÆSON=SÆSON,2017-02-01,5604.0
DST:FIKS22:BRANCHE07=L:BELØB=4:SÆSON=SÆSON,2017-03-01,5598.0
DST:FIKS22:BRANCHE07=L:BELØB=4:SÆSON=SÆSON,2017-04-01,5369.0
DST:FIKS22:BRANCHE07=L:BELØB=4:SÆSON=SÆSON,2017-05-01,5514.0
DST:FIKS22:BRANCHE07=L:BELØB=4:SÆSON=SÆSON,2017-06-01,6651.0
DST:FIKS22:BRANCHE07=L:BELØB=4:SÆSON=SÆSON,2017-07-01,5246.0
DST:FIKS22:BRANCHE07=L:BELØB=4:SÆSON=SÆSON,2017-08-01,5226.0
DST:FIKS22:BRANCHE07=L:BELØB=4:SÆSON=SÆSON,2017-09-01,7980.0
DST:FIKS22:BRANCHE07=L:BELØB=4:SÆSON=SÆSON,2017-10-01,5967.0
DST:FIKS22:BRANCHE07=L:BELØB=4:SÆSON=SÆSON,2017-11-01,8102.0
DST:FIKS22:BRANCHE07=L:BELØB=4:SÆSON=SÆSON,2017-12-01,6696.0
DST:FIKS22:BRANCHE07=L:BELØB=4:SÆSON=SÆSON,2018-01-01,5838.0
DST:FIKS22:BRANCHE07=L:BELØB=4:SÆSON=SÆSON,2018-02-01,6052.0
DST:FIKS22:BRANCHE07=L:BELØB=4:SÆSON=SÆSON,2018-03-01,5994.0
DST:FIKS22:BRANCHE07=L:BELØB=4:SÆSON=SÆSON,2018-04-01,5747.0
DST:FIKS22:BRANCHE07=L:BELØB=4:SÆSON=SÆSON,2018-05-01,6189.0
DST:FIKS22:BRANCHE07=L:BELØB=4:SÆSON=SÆSON,2018-06-01,6460.0
DST:FIKS22:BRANCHE07=L:BELØB=4:SÆSON=SÆSON,2018-07-01,6150.0
DST:FIKS22:BRANCHE07=L:BELØB=4:SÆSON=SÆSON,2018-08-01,6538.0
DST:FIKS22:BRANCHE07=L:BELØB=4:SÆSON=SÆSON,2018-09-01,5912.0
DST:FIKS22:BRANCHE07=L:BELØB=4:SÆSON=SÆSON,2018-10-01,6141.0
DST:FIKS22:BRANCHE07=L:BELØB=4:SÆSON=SÆSON,2018-11-01,6192.0
DST:FIKS22:BRANCHE07=L:BELØB=4:SÆSON=SÆSON,2018-12-01,5908.0
DST:FIKS22:BRANCHE07=L:BELØB=4:SÆSON=SÆSON,2019-01-01,6178.0
DST:FIKS22:BRANCHE07=L:BELØB=4:SÆSON=SÆSON,2019-02-01,5912.0
DST:FIKS22:BRANCHE07=L:BELØB=4:SÆSON=SÆSON,2019-03-01,6417.0
DST:FIKS22:BRANCHE07=L:BELØB=4:SÆSON=SÆSON,2019-04-01,6303.0
DST:FIKS22:BRANCHE07=L:BELØB=4:SÆSON=SÆSON,2019-05-01,6035.0
DST:FIKS22:BRANCHE07=L:BELØB=4:SÆSON=SÆSON,2019-06-01,6888.0
DST:FIKS22:BRANCHE07=L:BELØB=4:SÆSON=SÆSON,2019-07-01,6451.0
DST:FIKS22:BRANCHE07=L:BELØB=4:SÆSON=SÆSON,2019-08-01,6173.0
DST:FIKS22:BRANCHE07=L:BELØB=4:SÆSON=SÆSON,2019-09-01,6154.0
DST:FIKS22:BRANCHE07=L:BELØB=4:SÆSON=SÆSON,2019-10-01,5986.0
DST:FIKS22:BRANCHE07=L:BELØB=4:SÆSON=SÆSON,2019-11-01,6592.0
DST:FIKS22:BRANCHE07=L:BELØB=4:SÆSON=SÆSON,2019-12-01,6925.0
DST:FIKS22:BRANCHE07=L:BELØB=4:SÆSON=SÆSON,2020-01-01,6420.0
DST:FIKS22:BRANCHE07=L:BELØB=4:SÆSON=SÆSON,2020-02-01,6163.0
DST:FIKS22:BRANCHE07=L:BELØB=4:SÆSON=SÆSON,2020-03-01,6250.0
DST:FIKS22:BRANCHE07=L:BELØB=4:SÆSON=SÆSON,2020-04-01,6450.0
DST:FIKS22:BRANCHE07=L:BELØB=4:SÆSON=SÆSON,2020-05-01,6548.0
DST:FIKS22:BRANCHE07=L:BELØB=4:SÆSON=SÆSON,2020-06-01,5914.0
DST:FIKS22:BRANCHE07=L:BELØB=4:SÆSON=SÆSON,2020-07-01,6801.0
DST:FIKS22:BRANCHE07=L:BELØB=4:SÆSON=SÆSON,2020-08-01,6309.0
DST:FIKS22:BRANCHE07=L:BELØB=4:SÆSON=SÆSON,2020-09-01,6848.0
DST:FIKS22:BRANCHE07=L:BELØB=4:SÆSON=SÆSON,2020-10-01,6540.0
DST:FIKS22:BRANCHE07=L:BELØB=4:SÆSON=SÆSON,2020-11-01,6502.0
DST:FIKS22:BRANCHE07=L:BELØB=4:SÆSON=SÆSON,2020-12-01,8146.0
DST:FIKS22:BRANCHE07=L:BELØB=4:SÆSON=SÆSON,2021-01-01,7680.0
DST:FIKS22:BRANCHE07=L:BELØB=4:SÆSON=SÆSON,2021-02-01,7677.0
DST:FIKS22:BRANCHE07=L:BELØB=4:SÆSON=SÆSON,2021-03-01,7220.0
DST:FIKS22:BRANCHE07=L:BELØB=4:SÆSON=SÆSON,2021-04-01,7549.0
DST:FIKS22:BRANCHE07=L:BELØB=4:SÆSON=SÆSON,2021-05-01,6653.0
DST:FIKS22:BRANCHE07=L:BELØB=4:SÆSON=SÆSON,2021-06-01,6368.0
DST:FIKS22:BRANCHE07=L:BELØB=4:SÆSON=SÆSON,2021-07-01,6331.0
DST:FIKS22:BRANCHE07=L:BELØB=4:SÆSON=SÆSON,2021-08-01,7420.0
DST:FIKS22:BRANCHE07=L:BELØB=4:SÆSON=SÆSON,2021-09-01,8753.0
DST:FIKS22:BRANCHE07=L:BELØB=4:SÆSON=SÆSON,2021-10-01,7668.0
DST:FIKS22:BRANCHE07=L:BELØB=4:SÆSON=SÆSON,2021-11-01,7291.0
DST:FIKS22:BRANCHE07=L:BELØB=4:SÆSON=SÆSON,2021-12-01,6691.0
DST:FIKS22:BRANCHE07=L:BELØB=4:SÆSON=SÆSON,2022-01-01,6709.0
DST:FIKS22:BRANCHE07=L:BELØB=4:SÆSON=SÆSON,2022-02-01,8162.0
DST:FIKS22:BRANCHE07=L:BELØB=4:SÆSON=SÆSON,2022-03-01,6626.0
DST:FIKS22:BRANCHE07=L:BELØB=4:SÆSON=SÆSON,2022-04-01,6827.0
DST:FIKS22:BRANCHE07=L:BELØB=4:SÆSON=SÆSON,2022-05-01,8168.0
DST:FIKS22:BRANCHE07=L:BELØB=4:SÆSON=SÆSON,2022-06-01,7647.0
DST:FIKS22:BRANCHE07=L:BELØB=4:SÆSON=SÆSON,2022-07-01,7677.0
DST:FIKS22:BRANCHE07=L:BELØB=4:SÆSON=SÆSON,2022-08-01,6961.0
DST:FIKS22:BRANCHE07=L:BELØB=4:SÆSON=SÆSON,2022-09-01,9115.0
DST:FIKS22:BRANCHE07=L:BELØB=4:SÆSON=SÆSON,2022-10-01,7538.0
DST:FIKS22:BRANCHE07=L:BELØB=4:SÆSON=SÆSON,2022-11-01,10850.0
DST:FIKS22:BRANCHE07=L:BELØB=4:SÆSON=SÆSON,2022-12-01,7102.0
DST:FIKS22:BRANCHE07=L:BELØB=4:SÆSON=SÆSON,2023-01-01,7416.0
DST:FIKS22:BRANCHE07=L:BELØB=4:SÆSON=SÆSON,2023-02-01,6771.0
DST:FIKS22:BRANCHE07=L:BELØB=4:SÆSON=SÆSON,2023-03-01,7846.0
DST:FIKS22:BRANCHE07=L:BELØB=4:SÆSON=SÆSON,2023-04-01,7247.0
DST:FIKS22:BRANCHE07=L:BELØB=4:SÆSON=SÆSON,2023-05-01,5893.0
DST:FIKS22:BRANCHE07=L:BELØB=4:SÆSON=SÆSON,2023-06-01,7706.0
DST:FIKS22:BRANCHE07=L:BELØB=4:SÆSON=SÆSON,2023-07-01,7400.0
DST:FIKS22:BRANCHE07=L:BELØB=4:SÆSON=SÆSON,2023-08-01,7458.0
DST:FIKS22:BRANCHE07=L:BELØB=4:SÆSON=SÆSON,2023-09-01,7125.0
DST:FIKS22:BRANCHE07=L:BELØB=4:SÆSON=SÆSON,2023-10-01,7354.0
DST:FIKS22:BRANCHE07=L:BELØB=4:SÆSON=SÆSON,2023-11-01,7782.0
DST:FIKS22:BRANCHE07=L:BELØB=4:SÆSON=SÆSON,2023-12-01,7432.0
DST:FIKS22:BRANCHE07=L:BELØB=4:SÆSON=SÆSON,2024-01-01,7934.0
DST:FIKS22:BRANCHE07=L:BELØB=4:SÆSON=SÆSON,2024-02-01,7722.0
DST:FIKS22:BRANCHE07=L:BELØB=4:SÆSON=SÆSON,2024-03-01,7261.0
DST:FIKS22:BRANCHE07=L:BELØB=4:SÆSON=SÆSON,2024-04-01,7987.0
DST:FIKS22:BRANCHE07=L:BELØB=4:SÆSON=SÆSON,2024-05-01,7227.0
DST:FIKS22:BRANCHE07=L:BELØB=4:SÆSON=SÆSON,2024-06-01,6571.0
DST:FIKS22:BRANCHE07=L:BELØB=4:SÆSON=SÆSON,2024-07-01,7339.0
DST:FIKS22:BRANCHE07=L:BELØB=4:SÆSON=SÆSON,2024-08-01,7901.0
DST:FIKS22:BRANCHE07=L:BELØB=4:SÆSON=SÆSON,2024-09-01,7477.0
DST:FIKS22:BRANCHE07=L:BELØB=4:SÆSON=SÆSON,2024-10-01,7162.0
DST:FIKS22:BRANCHE07=L:BELØB=4:SÆSON=SÆSON,2024-11-01,7002.0
DST:FIKS22:BRANCHE07=L:BELØB=4:SÆSON=SÆSON,2024-12-01,14453.0
DST:FIKS22:BRANCHE07=L:BELØB=4:SÆSON=SÆSON,2025-01-01,7496.0
DST:FIKS22:BRANCHE07=L:BELØB=4:SÆSON=SÆSON,2025-02-01,7897.0
DST:FIKS22:BRANCHE07=L:BELØB=4:SÆSON=SÆSON,2025-03-01,8370.0
DST:FIKS22:BRANCHE07=L:BELØB=4:SÆSON=SÆSON,2025-04-01,7667.0
DST:FIKS22:BRANCHE07=L:BELØB=4:SÆSON=SÆSON,2025-05-01,10302.0
DST:FIKS22:BRANCHE07=L:BELØB=4:SÆSON=SÆSON,2025-06-01,9211.0
DST:FIKS22:BRANCHE07=L:BELØB=4:SÆSON=SÆSON,2025-07-01,7396.0
DST:FIKS22:BRANCHE07=L:BELØB=4:SÆSON=SÆSON,2025-08-01,8310.0
DST:FIKS22:BRANCHE07=L:BELØB=4:SÆSON=SÆSON,2025-09-01,8782.0
DST:FIKS22:BRANCHE07=L:BELØB=4:SÆSON=SÆSON,2025-10-01,8371.0
DST:FIKS22:BRANCHE07=L:BELØB=4:SÆSON=SÆSON,2025-11-01,9131.0
DST:FIKS22:BRANCHE07=L:BELØB=4:SÆSON=SÆSON,2025-12-01,8678.0
DST:FIKS22:BRANCHE07=L:BELØB=4:SÆSON=SÆSON,2026-01-01,7971.0
DST:FIKS22:BRANCHE07=L:BELØB=4:SÆSON=SÆSON,2026-02-01,8810.0
DST:FIKS22:BRANCHE07=L:BELØB=4:SÆSON=SÆSON,2026-03-01,8622.0
DST:FIKS22:BRANCHE07=M:BELØB=0:SÆSON=EJSÆSON,2009-01-01,4309.0
DST:FIKS22:BRANCHE07=M:BELØB=0:SÆSON=EJSÆSON,2009-02-01,4347.0
DST:FIKS22:BRANCHE07=M:BELØB=0:SÆSON=EJSÆSON,2009-03-01,5451.0
DST:FIKS22:BRANCHE07=M:BELØB=0:SÆSON=EJSÆSON,2009-04-01,4915.0
DST:FIKS22:BRANCHE07=M:BELØB=0:SÆSON=EJSÆSON,2009-05-01,4614.0
DST:FIKS22:BRANCHE07=M:BELØB=0:SÆSON=EJSÆSON,2009-06-01,5354.0
DST:FIKS22:BRANCHE07=M:BELØB=0:SÆSON=EJSÆSON,2009-07-01,4569.0
DST:FIKS22:BRANCHE07=M:BELØB=0:SÆSON=EJSÆSON,2009-08-01,4179.0
DST:FIKS22:BRANCHE07=M:BELØB=0:SÆSON=EJSÆSON,2009-09-01,5161.0
DST:FIKS22:BRANCHE07=M:BELØB=0:SÆSON=EJSÆSON,2009-10-01,5494.0
DST:FIKS22:BRANCHE07=M:BELØB=0:SÆSON=EJSÆSON,2009-11-01,5360.0
DST:FIKS22:BRANCHE07=M:BELØB=0:SÆSON=EJSÆSON,2009-12-01,5935.0
DST:FIKS22:BRANCHE07=M:BELØB=0:SÆSON=EJSÆSON,2010-01-01,4406.0
DST:FIKS22:BRANCHE07=M:BELØB=0:SÆSON=EJSÆSON,2010-02-01,4352.0
DST:FIKS22:BRANCHE07=M:BELØB=0:SÆSON=EJSÆSON,2010-03-01,5075.0
DST:FIKS22:BRANCHE07=M:BELØB=0:SÆSON=EJSÆSON,2010-04-01,4472.0
DST:FIKS22:BRANCHE07=M:BELØB=0:SÆSON=EJSÆSON,2010-05-01,4017.0
DST:FIKS22:BRANCHE07=M:BELØB=0:SÆSON=EJSÆSON,2010-06-01,4885.0
DST:FIKS22:BRANCHE07=M:BELØB=0:SÆSON=EJSÆSON,2010-07-01,3975.0
DST:FIKS22:BRANCHE07=M:BELØB=0:SÆSON=EJSÆSON,2010-08-01,3985.0
DST:FIKS22:BRANCHE07=M:BELØB=0:SÆSON=EJSÆSON,2010-09-01,4935.0
DST:FIKS22:BRANCHE07=M:BELØB=0:SÆSON=EJSÆSON,2010-10-01,5231.0
DST:FIKS22:BRANCHE07=M:BELØB=0:SÆSON=EJSÆSON,2010-11-01,4945.0
DST:FIKS22:BRANCHE07=M:BELØB=0:SÆSON=EJSÆSON,2010-12-01,6255.0
DST:FIKS22:BRANCHE07=M:BELØB=0:SÆSON=EJSÆSON,2011-01-01,4188.0
DST:FIKS22:BRANCHE07=M:BELØB=0:SÆSON=EJSÆSON,2011-02-01,4000.0
DST:FIKS22:BRANCHE07=M:BELØB=0:SÆSON=EJSÆSON,2011-03-01,5075.0
DST:FIKS22:BRANCHE07=M:BELØB=0:SÆSON=EJSÆSON,2011-04-01,4781.0
DST:FIKS22:BRANCHE07=M:BELØB=0:SÆSON=EJSÆSON,2011-05-01,4660.0
DST:FIKS22:BRANCHE07=M:BELØB=0:SÆSON=EJSÆSON,2011-06-01,4998.0
DST:FIKS22:BRANCHE07=M:BELØB=0:SÆSON=EJSÆSON,2011-07-01,4123.0
DST:FIKS22:BRANCHE07=M:BELØB=0:SÆSON=EJSÆSON,2011-08-01,4186.0
DST:FIKS22:BRANCHE07=M:BELØB=0:SÆSON=EJSÆSON,2011-09-01,4699.0
DST:FIKS22:BRANCHE07=M:BELØB=0:SÆSON=EJSÆSON,2011-10-01,5007.0
DST:FIKS22:BRANCHE07=M:BELØB=0:SÆSON=EJSÆSON,2011-11-01,5115.0
DST:FIKS22:BRANCHE07=M:BELØB=0:SÆSON=EJSÆSON,2011-12-01,7239.0
DST:FIKS22:BRANCHE07=M:BELØB=0:SÆSON=EJSÆSON,2012-01-01,4904.0
DST:FIKS22:BRANCHE07=M:BELØB=0:SÆSON=EJSÆSON,2012-02-01,4270.0
DST:FIKS22:BRANCHE07=M:BELØB=0:SÆSON=EJSÆSON,2012-03-01,4933.0
DST:FIKS22:BRANCHE07=M:BELØB=0:SÆSON=EJSÆSON,2012-04-01,4912.0
DST:FIKS22:BRANCHE07=M:BELØB=0:SÆSON=EJSÆSON,2012-05-01,4669.0
DST:FIKS22:BRANCHE07=M:BELØB=0:SÆSON=EJSÆSON,2012-06-01,5010.0
DST:FIKS22:BRANCHE07=M:BELØB=0:SÆSON=EJSÆSON,2012-07-01,4301.0
DST:FIKS22:BRANCHE07=M:BELØB=0:SÆSON=EJSÆSON,2012-08-01,4252.0
DST:FIKS22:BRANCHE07=M:BELØB=0:SÆSON=EJSÆSON,2012-09-01,4518.0
DST:FIKS22:BRANCHE07=M:BELØB=0:SÆSON=EJSÆSON,2012-10-01,5991.0
DST:FIKS22:BRANCHE07=M:BELØB=0:SÆSON=EJSÆSON,2012-11-01,5317.0
DST:FIKS22:BRANCHE07=M:BELØB=0:SÆSON=EJSÆSON,2012-12-01,6268.0
DST:FIKS22:BRANCHE07=M:BELØB=0:SÆSON=EJSÆSON,2013-01-01,4996.0
DST:FIKS22:BRANCHE07=M:BELØB=0:SÆSON=EJSÆSON,2013-02-01,4611.0
DST:FIKS22:BRANCHE07=M:BELØB=0:SÆSON=EJSÆSON,2013-03-01,5103.0
DST:FIKS22:BRANCHE07=M:BELØB=0:SÆSON=EJSÆSON,2013-04-01,5779.0
DST:FIKS22:BRANCHE07=M:BELØB=0:SÆSON=EJSÆSON,2013-05-01,5067.0
DST:FIKS22:BRANCHE07=M:BELØB=0:SÆSON=EJSÆSON,2013-06-01,5419.0
DST:FIKS22:BRANCHE07=M:BELØB=0:SÆSON=EJSÆSON,2013-07-01,4762.0
DST:FIKS22:BRANCHE07=M:BELØB=0:SÆSON=EJSÆSON,2013-08-01,4636.0
DST:FIKS22:BRANCHE07=M:BELØB=0:SÆSON=EJSÆSON,2013-09-01,5318.0
DST:FIKS22:BRANCHE07=M:BELØB=0:SÆSON=EJSÆSON,2013-10-01,6164.0
DST:FIKS22:BRANCHE07=M:BELØB=0:SÆSON=EJSÆSON,2013-11-01,6067.0
DST:FIKS22:BRANCHE07=M:BELØB=0:SÆSON=EJSÆSON,2013-12-01,7214.0
DST:FIKS22:BRANCHE07=M:BELØB=0:SÆSON=EJSÆSON,2014-01-01,5616.0
DST:FIKS22:BRANCHE07=M:BELØB=0:SÆSON=EJSÆSON,2014-02-01,4922.0
DST:FIKS22:BRANCHE07=M:BELØB=0:SÆSON=EJSÆSON,2014-03-01,5629.0
DST:FIKS22:BRANCHE07=M:BELØB=0:SÆSON=EJSÆSON,2014-04-01,5789.0
DST:FIKS22:BRANCHE07=M:BELØB=0:SÆSON=EJSÆSON,2014-05-01,5128.0
DST:FIKS22:BRANCHE07=M:BELØB=0:SÆSON=EJSÆSON,2014-06-01,5616.0
DST:FIKS22:BRANCHE07=M:BELØB=0:SÆSON=EJSÆSON,2014-07-01,4577.0
DST:FIKS22:BRANCHE07=M:BELØB=0:SÆSON=EJSÆSON,2014-08-01,4339.0
DST:FIKS22:BRANCHE07=M:BELØB=0:SÆSON=EJSÆSON,2014-09-01,5669.0
DST:FIKS22:BRANCHE07=M:BELØB=0:SÆSON=EJSÆSON,2014-10-01,6329.0
DST:FIKS22:BRANCHE07=M:BELØB=0:SÆSON=EJSÆSON,2014-11-01,5885.0
DST:FIKS22:BRANCHE07=M:BELØB=0:SÆSON=EJSÆSON,2014-12-01,7553.0
DST:FIKS22:BRANCHE07=M:BELØB=0:SÆSON=EJSÆSON,2015-01-01,5022.0
DST:FIKS22:BRANCHE07=M:BELØB=0:SÆSON=EJSÆSON,2015-02-01,5465.0
DST:FIKS22:BRANCHE07=M:BELØB=0:SÆSON=EJSÆSON,2015-03-01,5895.0
DST:FIKS22:BRANCHE07=M:BELØB=0:SÆSON=EJSÆSON,2015-04-01,5736.0
DST:FIKS22:BRANCHE07=M:BELØB=0:SÆSON=EJSÆSON,2015-05-01,5091.0
DST:FIKS22:BRANCHE07=M:BELØB=0:SÆSON=EJSÆSON,2015-06-01,5766.0
DST:FIKS22:BRANCHE07=M:BELØB=0:SÆSON=EJSÆSON,2015-07-01,4752.0
DST:FIKS22:BRANCHE07=M:BELØB=0:SÆSON=EJSÆSON,2015-08-01,4306.0
DST:FIKS22:BRANCHE07=M:BELØB=0:SÆSON=EJSÆSON,2015-09-01,5649.0
DST:FIKS22:BRANCHE07=M:BELØB=0:SÆSON=EJSÆSON,2015-10-01,5684.0
DST:FIKS22:BRANCHE07=M:BELØB=0:SÆSON=EJSÆSON,2015-11-01,5980.0
DST:FIKS22:BRANCHE07=M:BELØB=0:SÆSON=EJSÆSON,2015-12-01,7509.0
DST:FIKS22:BRANCHE07=M:BELØB=0:SÆSON=EJSÆSON,2016-01-01,5207.0
DST:FIKS22:BRANCHE07=M:BELØB=0:SÆSON=EJSÆSON,2016-02-01,5187.0
DST:FIKS22:BRANCHE07=M:BELØB=0:SÆSON=EJSÆSON,2016-03-01,5616.0
DST:FIKS22:BRANCHE07=M:BELØB=0:SÆSON=EJSÆSON,2016-04-01,6041.0
DST:FIKS22:BRANCHE07=M:BELØB=0:SÆSON=EJSÆSON,2016-05-01,5895.0
DST:FIKS22:BRANCHE07=M:BELØB=0:SÆSON=EJSÆSON,2016-06-01,5765.0
DST:FIKS22:BRANCHE07=M:BELØB=0:SÆSON=EJSÆSON,2016-07-01,5011.0
DST:FIKS22:BRANCHE07=M:BELØB=0:SÆSON=EJSÆSON,2016-08-01,5207.0
DST:FIKS22:BRANCHE07=M:BELØB=0:SÆSON=EJSÆSON,2016-09-01,6093.0
DST:FIKS22:BRANCHE07=M:BELØB=0:SÆSON=EJSÆSON,2016-10-01,6576.0
DST:FIKS22:BRANCHE07=M:BELØB=0:SÆSON=EJSÆSON,2016-11-01,6461.0
DST:FIKS22:BRANCHE07=M:BELØB=0:SÆSON=EJSÆSON,2016-12-01,8477.0
DST:FIKS22:BRANCHE07=M:BELØB=0:SÆSON=EJSÆSON,2017-01-01,5966.0
DST:FIKS22:BRANCHE07=M:BELØB=0:SÆSON=EJSÆSON,2017-02-01,5482.0
DST:FIKS22:BRANCHE07=M:BELØB=0:SÆSON=EJSÆSON,2017-03-01,6805.0
DST:FIKS22:BRANCHE07=M:BELØB=0:SÆSON=EJSÆSON,2017-04-01,6295.0
DST:FIKS22:BRANCHE07=M:BELØB=0:SÆSON=EJSÆSON,2017-05-01,6119.0
DST:FIKS22:BRANCHE07=M:BELØB=0:SÆSON=EJSÆSON,2017-06-01,6577.0
DST:FIKS22:BRANCHE07=M:BELØB=0:SÆSON=EJSÆSON,2017-07-01,4723.0
DST:FIKS22:BRANCHE07=M:BELØB=0:SÆSON=EJSÆSON,2017-08-01,5706.0
DST:FIKS22:BRANCHE07=M:BELØB=0:SÆSON=EJSÆSON,2017-09-01,6318.0
DST:FIKS22:BRANCHE07=M:BELØB=0:SÆSON=EJSÆSON,2017-10-01,7006.0
DST:FIKS22:BRANCHE07=M:BELØB=0:SÆSON=EJSÆSON,2017-11-01,6802.0
DST:FIKS22:BRANCHE07=M:BELØB=0:SÆSON=EJSÆSON,2017-12-01,8907.0
DST:FIKS22:BRANCHE07=M:BELØB=0:SÆSON=EJSÆSON,2018-01-01,6464.0
DST:FIKS22:BRANCHE07=M:BELØB=0:SÆSON=EJSÆSON,2018-02-01,5483.0
DST:FIKS22:BRANCHE07=M:BELØB=0:SÆSON=EJSÆSON,2018-03-01,6116.0
DST:FIKS22:BRANCHE07=M:BELØB=0:SÆSON=EJSÆSON,2018-04-01,6622.0
DST:FIKS22:BRANCHE07=M:BELØB=0:SÆSON=EJSÆSON,2018-05-01,6278.0
DST:FIKS22:BRANCHE07=M:BELØB=0:SÆSON=EJSÆSON,2018-06-01,6691.0
DST:FIKS22:BRANCHE07=M:BELØB=0:SÆSON=EJSÆSON,2018-07-01,5685.0
DST:FIKS22:BRANCHE07=M:BELØB=0:SÆSON=EJSÆSON,2018-08-01,5752.0
DST:FIKS22:BRANCHE07=M:BELØB=0:SÆSON=EJSÆSON,2018-09-01,6497.0
DST:FIKS22:BRANCHE07=M:BELØB=0:SÆSON=EJSÆSON,2018-10-01,7774.0
DST:FIKS22:BRANCHE07=M:BELØB=0:SÆSON=EJSÆSON,2018-11-01,6905.0
DST:FIKS22:BRANCHE07=M:BELØB=0:SÆSON=EJSÆSON,2018-12-01,8306.0
DST:FIKS22:BRANCHE07=M:BELØB=0:SÆSON=EJSÆSON,2019-01-01,6671.0
DST:FIKS22:BRANCHE07=M:BELØB=0:SÆSON=EJSÆSON,2019-02-01,6275.0
DST:FIKS22:BRANCHE07=M:BELØB=0:SÆSON=EJSÆSON,2019-03-01,6902.0
DST:FIKS22:BRANCHE07=M:BELØB=0:SÆSON=EJSÆSON,2019-04-01,7099.0
DST:FIKS22:BRANCHE07=M:BELØB=0:SÆSON=EJSÆSON,2019-05-01,6605.0
DST:FIKS22:BRANCHE07=M:BELØB=0:SÆSON=EJSÆSON,2019-06-01,6868.0
DST:FIKS22:BRANCHE07=M:BELØB=0:SÆSON=EJSÆSON,2019-07-01,6343.0
DST:FIKS22:BRANCHE07=M:BELØB=0:SÆSON=EJSÆSON,2019-08-01,6038.0
DST:FIKS22:BRANCHE07=M:BELØB=0:SÆSON=EJSÆSON,2019-09-01,6959.0
DST:FIKS22:BRANCHE07=M:BELØB=0:SÆSON=EJSÆSON,2019-10-01,8166.0
DST:FIKS22:BRANCHE07=M:BELØB=0:SÆSON=EJSÆSON,2019-11-01,7364.0
DST:FIKS22:BRANCHE07=M:BELØB=0:SÆSON=EJSÆSON,2019-12-01,9043.0
DST:FIKS22:BRANCHE07=M:BELØB=0:SÆSON=EJSÆSON,2020-01-01,7101.0
DST:FIKS22:BRANCHE07=M:BELØB=0:SÆSON=EJSÆSON,2020-02-01,6808.0
DST:FIKS22:BRANCHE07=M:BELØB=0:SÆSON=EJSÆSON,2020-03-01,7240.0
DST:FIKS22:BRANCHE07=M:BELØB=0:SÆSON=EJSÆSON,2020-04-01,6882.0
DST:FIKS22:BRANCHE07=M:BELØB=0:SÆSON=EJSÆSON,2020-05-01,5530.0
DST:FIKS22:BRANCHE07=M:BELØB=0:SÆSON=EJSÆSON,2020-06-01,6875.0
DST:FIKS22:BRANCHE07=M:BELØB=0:SÆSON=EJSÆSON,2020-07-01,5893.0
DST:FIKS22:BRANCHE07=M:BELØB=0:SÆSON=EJSÆSON,2020-08-01,6404.0
DST:FIKS22:BRANCHE07=M:BELØB=0:SÆSON=EJSÆSON,2020-09-01,7503.0
DST:FIKS22:BRANCHE07=M:BELØB=0:SÆSON=EJSÆSON,2020-10-01,7658.0
DST:FIKS22:BRANCHE07=M:BELØB=0:SÆSON=EJSÆSON,2020-11-01,7378.0
DST:FIKS22:BRANCHE07=M:BELØB=0:SÆSON=EJSÆSON,2020-12-01,9816.0
DST:FIKS22:BRANCHE07=M:BELØB=0:SÆSON=EJSÆSON,2021-01-01,6328.0
DST:FIKS22:BRANCHE07=M:BELØB=0:SÆSON=EJSÆSON,2021-02-01,5682.0
DST:FIKS22:BRANCHE07=M:BELØB=0:SÆSON=EJSÆSON,2021-03-01,8061.0
DST:FIKS22:BRANCHE07=M:BELØB=0:SÆSON=EJSÆSON,2021-04-01,7574.0
DST:FIKS22:BRANCHE07=M:BELØB=0:SÆSON=EJSÆSON,2021-05-01,7682.0
DST:FIKS22:BRANCHE07=M:BELØB=0:SÆSON=EJSÆSON,2021-06-01,8439.0
DST:FIKS22:BRANCHE07=M:BELØB=0:SÆSON=EJSÆSON,2021-07-01,7279.0
DST:FIKS22:BRANCHE07=M:BELØB=0:SÆSON=EJSÆSON,2021-08-01,7039.0
DST:FIKS22:BRANCHE07=M:BELØB=0:SÆSON=EJSÆSON,2021-09-01,8700.0
DST:FIKS22:BRANCHE07=M:BELØB=0:SÆSON=EJSÆSON,2021-10-01,9149.0
DST:FIKS22:BRANCHE07=M:BELØB=0:SÆSON=EJSÆSON,2021-11-01,8690.0
DST:FIKS22:BRANCHE07=M:BELØB=0:SÆSON=EJSÆSON,2021-12-01,10804.0
DST:FIKS22:BRANCHE07=M:BELØB=0:SÆSON=EJSÆSON,2022-01-01,7945.0
DST:FIKS22:BRANCHE07=M:BELØB=0:SÆSON=EJSÆSON,2022-02-01,7151.0
DST:FIKS22:BRANCHE07=M:BELØB=0:SÆSON=EJSÆSON,2022-03-01,9035.0
DST:FIKS22:BRANCHE07=M:BELØB=0:SÆSON=EJSÆSON,2022-04-01,7876.0
DST:FIKS22:BRANCHE07=M:BELØB=0:SÆSON=EJSÆSON,2022-05-01,7950.0
DST:FIKS22:BRANCHE07=M:BELØB=0:SÆSON=EJSÆSON,2022-06-01,8651.0
DST:FIKS22:BRANCHE07=M:BELØB=0:SÆSON=EJSÆSON,2022-07-01,7195.0
DST:FIKS22:BRANCHE07=M:BELØB=0:SÆSON=EJSÆSON,2022-08-01,8135.0
DST:FIKS22:BRANCHE07=M:BELØB=0:SÆSON=EJSÆSON,2022-09-01,9353.0
DST:FIKS22:BRANCHE07=M:BELØB=0:SÆSON=EJSÆSON,2022-10-01,9799.0
DST:FIKS22:BRANCHE07=M:BELØB=0:SÆSON=EJSÆSON,2022-11-01,9551.0
DST:FIKS22:BRANCHE07=M:BELØB=0:SÆSON=EJSÆSON,2022-12-01,12959.0
DST:FIKS22:BRANCHE07=M:BELØB=0:SÆSON=EJSÆSON,2023-01-01,9316.0
DST:FIKS22:BRANCHE07=M:BELØB=0:SÆSON=EJSÆSON,2023-02-01,7855.0
DST:FIKS22:BRANCHE07=M:BELØB=0:SÆSON=EJSÆSON,2023-03-01,9809.0
DST:FIKS22:BRANCHE07=M:BELØB=0:SÆSON=EJSÆSON,2023-04-01,8641.0
DST:FIKS22:BRANCHE07=M:BELØB=0:SÆSON=EJSÆSON,2023-05-01,8215.0
DST:FIKS22:BRANCHE07=M:BELØB=0:SÆSON=EJSÆSON,2023-06-01,9327.0
DST:FIKS22:BRANCHE07=M:BELØB=0:SÆSON=EJSÆSON,2023-07-01,7456.0
DST:FIKS22:BRANCHE07=M:BELØB=0:SÆSON=EJSÆSON,2023-08-01,7312.0
DST:FIKS22:BRANCHE07=M:BELØB=0:SÆSON=EJSÆSON,2023-09-01,8902.0
DST:FIKS22:BRANCHE07=M:BELØB=0:SÆSON=EJSÆSON,2023-10-01,10306.0
DST:FIKS22:BRANCHE07=M:BELØB=0:SÆSON=EJSÆSON,2023-11-01,9198.0
DST:FIKS22:BRANCHE07=M:BELØB=0:SÆSON=EJSÆSON,2023-12-01,11127.0
DST:FIKS22:BRANCHE07=M:BELØB=0:SÆSON=EJSÆSON,2024-01-01,9137.0
DST:FIKS22:BRANCHE07=M:BELØB=0:SÆSON=EJSÆSON,2024-02-01,8689.0
DST:FIKS22:BRANCHE07=M:BELØB=0:SÆSON=EJSÆSON,2024-03-01,8732.0
DST:FIKS22:BRANCHE07=M:BELØB=0:SÆSON=EJSÆSON,2024-04-01,9320.0
DST:FIKS22:BRANCHE07=M:BELØB=0:SÆSON=EJSÆSON,2024-05-01,8666.0
DST:FIKS22:BRANCHE07=M:BELØB=0:SÆSON=EJSÆSON,2024-06-01,8849.0
DST:FIKS22:BRANCHE07=M:BELØB=0:SÆSON=EJSÆSON,2024-07-01,8150.0
DST:FIKS22:BRANCHE07=M:BELØB=0:SÆSON=EJSÆSON,2024-08-01,7716.0
DST:FIKS22:BRANCHE07=M:BELØB=0:SÆSON=EJSÆSON,2024-09-01,8878.0
DST:FIKS22:BRANCHE07=M:BELØB=0:SÆSON=EJSÆSON,2024-10-01,10177.0
DST:FIKS22:BRANCHE07=M:BELØB=0:SÆSON=EJSÆSON,2024-11-01,9389.0
DST:FIKS22:BRANCHE07=M:BELØB=0:SÆSON=EJSÆSON,2024-12-01,12005.0
DST:FIKS22:BRANCHE07=M:BELØB=0:SÆSON=EJSÆSON,2025-01-01,9410.0
DST:FIKS22:BRANCHE07=M:BELØB=0:SÆSON=EJSÆSON,2025-02-01,8148.0
DST:FIKS22:BRANCHE07=M:BELØB=0:SÆSON=EJSÆSON,2025-03-01,9262.0
DST:FIKS22:BRANCHE07=M:BELØB=0:SÆSON=EJSÆSON,2025-04-01,9155.0
DST:FIKS22:BRANCHE07=M:BELØB=0:SÆSON=EJSÆSON,2025-05-01,8198.0
DST:FIKS22:BRANCHE07=M:BELØB=0:SÆSON=EJSÆSON,2025-06-01,9170.0
DST:FIKS22:BRANCHE07=M:BELØB=0:SÆSON=EJSÆSON,2025-07-01,8077.0
DST:FIKS22:BRANCHE07=M:BELØB=0:SÆSON=EJSÆSON,2025-08-01,7846.0
DST:FIKS22:BRANCHE07=M:BELØB=0:SÆSON=EJSÆSON,2025-09-01,9257.0
DST:FIKS22:BRANCHE07=M:BELØB=0:SÆSON=EJSÆSON,2025-10-01,10491.0
DST:FIKS22:BRANCHE07=M:BELØB=0:SÆSON=EJSÆSON,2025-11-01,8832.0
DST:FIKS22:BRANCHE07=M:BELØB=0:SÆSON=EJSÆSON,2025-12-01,11512.0
DST:FIKS22:BRANCHE07=M:BELØB=0:SÆSON=EJSÆSON,2026-01-01,8138.0
DST:FIKS22:BRANCHE07=M:BELØB=0:SÆSON=EJSÆSON,2026-02-01,8021.0
DST:FIKS22:BRANCHE07=M:BELØB=0:SÆSON=EJSÆSON,2026-03-01,9394.0
DST:FIKS22:BRANCHE07=M:BELØB=0:SÆSON=SÆSON,2009-01-01,4628.0
DST:FIKS22:BRANCHE07=M:BELØB=0:SÆSON=SÆSON,2009-02-01,4949.0
DST:FIKS22:BRANCHE07=M:BELØB=0:SÆSON=SÆSON,2009-03-01,5124.0
DST:FIKS22:BRANCHE07=M:BELØB=0:SÆSON=SÆSON,2009-04-01,4948.0
DST:FIKS22:BRANCHE07=M:BELØB=0:SÆSON=SÆSON,2009-05-01,5080.0
DST:FIKS22:BRANCHE07=M:BELØB=0:SÆSON=SÆSON,2009-06-01,5156.0
DST:FIKS22:BRANCHE07=M:BELØB=0:SÆSON=SÆSON,2009-07-01,5146.0
DST:FIKS22:BRANCHE07=M:BELØB=0:SÆSON=SÆSON,2009-08-01,5069.0
DST:FIKS22:BRANCHE07=M:BELØB=0:SÆSON=SÆSON,2009-09-01,5112.0
DST:FIKS22:BRANCHE07=M:BELØB=0:SÆSON=SÆSON,2009-10-01,4970.0
DST:FIKS22:BRANCHE07=M:BELØB=0:SÆSON=SÆSON,2009-11-01,5265.0
DST:FIKS22:BRANCHE07=M:BELØB=0:SÆSON=SÆSON,2009-12-01,4440.0
DST:FIKS22:BRANCHE07=M:BELØB=0:SÆSON=SÆSON,2010-01-01,4843.0
DST:FIKS22:BRANCHE07=M:BELØB=0:SÆSON=SÆSON,2010-02-01,4956.0
DST:FIKS22:BRANCHE07=M:BELØB=0:SÆSON=SÆSON,2010-03-01,4698.0
DST:FIKS22:BRANCHE07=M:BELØB=0:SÆSON=SÆSON,2010-04-01,4558.0
DST:FIKS22:BRANCHE07=M:BELØB=0:SÆSON=SÆSON,2010-05-01,4422.0
DST:FIKS22:BRANCHE07=M:BELØB=0:SÆSON=SÆSON,2010-06-01,4490.0
DST:FIKS22:BRANCHE07=M:BELØB=0:SÆSON=SÆSON,2010-07-01,4574.0
DST:FIKS22:BRANCHE07=M:BELØB=0:SÆSON=SÆSON,2010-08-01,4650.0
DST:FIKS22:BRANCHE07=M:BELØB=0:SÆSON=SÆSON,2010-09-01,5014.0
DST:FIKS22:BRANCHE07=M:BELØB=0:SÆSON=SÆSON,2010-10-01,4817.0
DST:FIKS22:BRANCHE07=M:BELØB=0:SÆSON=SÆSON,2010-11-01,4663.0
DST:FIKS22:BRANCHE07=M:BELØB=0:SÆSON=SÆSON,2010-12-01,4600.0
DST:FIKS22:BRANCHE07=M:BELØB=0:SÆSON=SÆSON,2011-01-01,4498.0
DST:FIKS22:BRANCHE07=M:BELØB=0:SÆSON=SÆSON,2011-02-01,4555.0
DST:FIKS22:BRANCHE07=M:BELØB=0:SÆSON=SÆSON,2011-03-01,4693.0
DST:FIKS22:BRANCHE07=M:BELØB=0:SÆSON=SÆSON,2011-04-01,4789.0
DST:FIKS22:BRANCHE07=M:BELØB=0:SÆSON=SÆSON,2011-05-01,4936.0
DST:FIKS22:BRANCHE07=M:BELØB=0:SÆSON=SÆSON,2011-06-01,4842.0
DST:FIKS22:BRANCHE07=M:BELØB=0:SÆSON=SÆSON,2011-07-01,4855.0
DST:FIKS22:BRANCHE07=M:BELØB=0:SÆSON=SÆSON,2011-08-01,4838.0
DST:FIKS22:BRANCHE07=M:BELØB=0:SÆSON=SÆSON,2011-09-01,4726.0
DST:FIKS22:BRANCHE07=M:BELØB=0:SÆSON=SÆSON,2011-10-01,4707.0
DST:FIKS22:BRANCHE07=M:BELØB=0:SÆSON=SÆSON,2011-11-01,4770.0
DST:FIKS22:BRANCHE07=M:BELØB=0:SÆSON=SÆSON,2011-12-01,5495.0
DST:FIKS22:BRANCHE07=M:BELØB=0:SÆSON=SÆSON,2012-01-01,5024.0
DST:FIKS22:BRANCHE07=M:BELØB=0:SÆSON=SÆSON,2012-02-01,4695.0
DST:FIKS22:BRANCHE07=M:BELØB=0:SÆSON=SÆSON,2012-03-01,4708.0
DST:FIKS22:BRANCHE07=M:BELØB=0:SÆSON=SÆSON,2012-04-01,4958.0
DST:FIKS22:BRANCHE07=M:BELØB=0:SÆSON=SÆSON,2012-05-01,4957.0
DST:FIKS22:BRANCHE07=M:BELØB=0:SÆSON=SÆSON,2012-06-01,4950.0
DST:FIKS22:BRANCHE07=M:BELØB=0:SÆSON=SÆSON,2012-07-01,4995.0
DST:FIKS22:BRANCHE07=M:BELØB=0:SÆSON=SÆSON,2012-08-01,4992.0
DST:FIKS22:BRANCHE07=M:BELØB=0:SÆSON=SÆSON,2012-09-01,4759.0
DST:FIKS22:BRANCHE07=M:BELØB=0:SÆSON=SÆSON,2012-10-01,5346.0
DST:FIKS22:BRANCHE07=M:BELØB=0:SÆSON=SÆSON,2012-11-01,4977.0
DST:FIKS22:BRANCHE07=M:BELØB=0:SÆSON=SÆSON,2012-12-01,5129.0
DST:FIKS22:BRANCHE07=M:BELØB=0:SÆSON=SÆSON,2013-01-01,5159.0
DST:FIKS22:BRANCHE07=M:BELØB=0:SÆSON=SÆSON,2013-02-01,5253.0
DST:FIKS22:BRANCHE07=M:BELØB=0:SÆSON=SÆSON,2013-03-01,5337.0
DST:FIKS22:BRANCHE07=M:BELØB=0:SÆSON=SÆSON,2013-04-01,5344.0
DST:FIKS22:BRANCHE07=M:BELØB=0:SÆSON=SÆSON,2013-05-01,5274.0
DST:FIKS22:BRANCHE07=M:BELØB=0:SÆSON=SÆSON,2013-06-01,5395.0
DST:FIKS22:BRANCHE07=M:BELØB=0:SÆSON=SÆSON,2013-07-01,5495.0
DST:FIKS22:BRANCHE07=M:BELØB=0:SÆSON=SÆSON,2013-08-01,5599.0
DST:FIKS22:BRANCHE07=M:BELØB=0:SÆSON=SÆSON,2013-09-01,5520.0
DST:FIKS22:BRANCHE07=M:BELØB=0:SÆSON=SÆSON,2013-10-01,5481.0
DST:FIKS22:BRANCHE07=M:BELØB=0:SÆSON=SÆSON,2013-11-01,5757.0
DST:FIKS22:BRANCHE07=M:BELØB=0:SÆSON=SÆSON,2013-12-01,5506.0
DST:FIKS22:BRANCHE07=M:BELØB=0:SÆSON=SÆSON,2014-01-01,5721.0
DST:FIKS22:BRANCHE07=M:BELØB=0:SÆSON=SÆSON,2014-02-01,5603.0
DST:FIKS22:BRANCHE07=M:BELØB=0:SÆSON=SÆSON,2014-03-01,5573.0
DST:FIKS22:BRANCHE07=M:BELØB=0:SÆSON=SÆSON,2014-04-01,5563.0
DST:FIKS22:BRANCHE07=M:BELØB=0:SÆSON=SÆSON,2014-05-01,5530.0
DST:FIKS22:BRANCHE07=M:BELØB=0:SÆSON=SÆSON,2014-06-01,5588.0
DST:FIKS22:BRANCHE07=M:BELØB=0:SÆSON=SÆSON,2014-07-01,5288.0
DST:FIKS22:BRANCHE07=M:BELØB=0:SÆSON=SÆSON,2014-08-01,5337.0
DST:FIKS22:BRANCHE07=M:BELØB=0:SÆSON=SÆSON,2014-09-01,5646.0
DST:FIKS22:BRANCHE07=M:BELØB=0:SÆSON=SÆSON,2014-10-01,5696.0
DST:FIKS22:BRANCHE07=M:BELØB=0:SÆSON=SÆSON,2014-11-01,5728.0
DST:FIKS22:BRANCHE07=M:BELØB=0:SÆSON=SÆSON,2014-12-01,5715.0
DST:FIKS22:BRANCHE07=M:BELØB=0:SÆSON=SÆSON,2015-01-01,5205.0
DST:FIKS22:BRANCHE07=M:BELØB=0:SÆSON=SÆSON,2015-02-01,6218.0
DST:FIKS22:BRANCHE07=M:BELØB=0:SÆSON=SÆSON,2015-03-01,5610.0
DST:FIKS22:BRANCHE07=M:BELØB=0:SÆSON=SÆSON,2015-04-01,5660.0
DST:FIKS22:BRANCHE07=M:BELØB=0:SÆSON=SÆSON,2015-05-01,5638.0
DST:FIKS22:BRANCHE07=M:BELØB=0:SÆSON=SÆSON,2015-06-01,5552.0
DST:FIKS22:BRANCHE07=M:BELØB=0:SÆSON=SÆSON,2015-07-01,5564.0
DST:FIKS22:BRANCHE07=M:BELØB=0:SÆSON=SÆSON,2015-08-01,5380.0
DST:FIKS22:BRANCHE07=M:BELØB=0:SÆSON=SÆSON,2015-09-01,5568.0
DST:FIKS22:BRANCHE07=M:BELØB=0:SÆSON=SÆSON,2015-10-01,5187.0
DST:FIKS22:BRANCHE07=M:BELØB=0:SÆSON=SÆSON,2015-11-01,5768.0
DST:FIKS22:BRANCHE07=M:BELØB=0:SÆSON=SÆSON,2015-12-01,5535.0
DST:FIKS22:BRANCHE07=M:BELØB=0:SÆSON=SÆSON,2016-01-01,5571.0
DST:FIKS22:BRANCHE07=M:BELØB=0:SÆSON=SÆSON,2016-02-01,5725.0
DST:FIKS22:BRANCHE07=M:BELØB=0:SÆSON=SÆSON,2016-03-01,5715.0
DST:FIKS22:BRANCHE07=M:BELØB=0:SÆSON=SÆSON,2016-04-01,5693.0
DST:FIKS22:BRANCHE07=M:BELØB=0:SÆSON=SÆSON,2016-05-01,6204.0
DST:FIKS22:BRANCHE07=M:BELØB=0:SÆSON=SÆSON,2016-06-01,5514.0
DST:FIKS22:BRANCHE07=M:BELØB=0:SÆSON=SÆSON,2016-07-01,6045.0
DST:FIKS22:BRANCHE07=M:BELØB=0:SÆSON=SÆSON,2016-08-01,6099.0
DST:FIKS22:BRANCHE07=M:BELØB=0:SÆSON=SÆSON,2016-09-01,6051.0
DST:FIKS22:BRANCHE07=M:BELØB=0:SÆSON=SÆSON,2016-10-01,6172.0
DST:FIKS22:BRANCHE07=M:BELØB=0:SÆSON=SÆSON,2016-11-01,5994.0
DST:FIKS22:BRANCHE07=M:BELØB=0:SÆSON=SÆSON,2016-12-01,6338.0
DST:FIKS22:BRANCHE07=M:BELØB=0:SÆSON=SÆSON,2017-01-01,6054.0
DST:FIKS22:BRANCHE07=M:BELØB=0:SÆSON=SÆSON,2017-02-01,6240.0
DST:FIKS22:BRANCHE07=M:BELØB=0:SÆSON=SÆSON,2017-03-01,6474.0
DST:FIKS22:BRANCHE07=M:BELØB=0:SÆSON=SÆSON,2017-04-01,6488.0
DST:FIKS22:BRANCHE07=M:BELØB=0:SÆSON=SÆSON,2017-05-01,6458.0
DST:FIKS22:BRANCHE07=M:BELØB=0:SÆSON=SÆSON,2017-06-01,6302.0
DST:FIKS22:BRANCHE07=M:BELØB=0:SÆSON=SÆSON,2017-07-01,5769.0
DST:FIKS22:BRANCHE07=M:BELØB=0:SÆSON=SÆSON,2017-08-01,6587.0
DST:FIKS22:BRANCHE07=M:BELØB=0:SÆSON=SÆSON,2017-09-01,6344.0
DST:FIKS22:BRANCHE07=M:BELØB=0:SÆSON=SÆSON,2017-10-01,6274.0
DST:FIKS22:BRANCHE07=M:BELØB=0:SÆSON=SÆSON,2017-11-01,6497.0
DST:FIKS22:BRANCHE07=M:BELØB=0:SÆSON=SÆSON,2017-12-01,7039.0
DST:FIKS22:BRANCHE07=M:BELØB=0:SÆSON=SÆSON,2018-01-01,6521.0
DST:FIKS22:BRANCHE07=M:BELØB=0:SÆSON=SÆSON,2018-02-01,6245.0
DST:FIKS22:BRANCHE07=M:BELØB=0:SÆSON=SÆSON,2018-03-01,6421.0
DST:FIKS22:BRANCHE07=M:BELØB=0:SÆSON=SÆSON,2018-04-01,6481.0
DST:FIKS22:BRANCHE07=M:BELØB=0:SÆSON=SÆSON,2018-05-01,6477.0
DST:FIKS22:BRANCHE07=M:BELØB=0:SÆSON=SÆSON,2018-06-01,6755.0
DST:FIKS22:BRANCHE07=M:BELØB=0:SÆSON=SÆSON,2018-07-01,6612.0
DST:FIKS22:BRANCHE07=M:BELØB=0:SÆSON=SÆSON,2018-08-01,6644.0
DST:FIKS22:BRANCHE07=M:BELØB=0:SÆSON=SÆSON,2018-09-01,6652.0
DST:FIKS22:BRANCHE07=M:BELØB=0:SÆSON=SÆSON,2018-10-01,6828.0
DST:FIKS22:BRANCHE07=M:BELØB=0:SÆSON=SÆSON,2018-11-01,6515.0
DST:FIKS22:BRANCHE07=M:BELØB=0:SÆSON=SÆSON,2018-12-01,6774.0
DST:FIKS22:BRANCHE07=M:BELØB=0:SÆSON=SÆSON,2019-01-01,6860.0
DST:FIKS22:BRANCHE07=M:BELØB=0:SÆSON=SÆSON,2019-02-01,7167.0
DST:FIKS22:BRANCHE07=M:BELØB=0:SÆSON=SÆSON,2019-03-01,6860.0
DST:FIKS22:BRANCHE07=M:BELØB=0:SÆSON=SÆSON,2019-04-01,7058.0
DST:FIKS22:BRANCHE07=M:BELØB=0:SÆSON=SÆSON,2019-05-01,7000.0
DST:FIKS22:BRANCHE07=M:BELØB=0:SÆSON=SÆSON,2019-06-01,7082.0
DST:FIKS22:BRANCHE07=M:BELØB=0:SÆSON=SÆSON,2019-07-01,7240.0
DST:FIKS22:BRANCHE07=M:BELØB=0:SÆSON=SÆSON,2019-08-01,7050.0
DST:FIKS22:BRANCHE07=M:BELØB=0:SÆSON=SÆSON,2019-09-01,6955.0
DST:FIKS22:BRANCHE07=M:BELØB=0:SÆSON=SÆSON,2019-10-01,7112.0
DST:FIKS22:BRANCHE07=M:BELØB=0:SÆSON=SÆSON,2019-11-01,7075.0
DST:FIKS22:BRANCHE07=M:BELØB=0:SÆSON=SÆSON,2019-12-01,6967.0
DST:FIKS22:BRANCHE07=M:BELØB=0:SÆSON=SÆSON,2020-01-01,7186.0
DST:FIKS22:BRANCHE07=M:BELØB=0:SÆSON=SÆSON,2020-02-01,7666.0
DST:FIKS22:BRANCHE07=M:BELØB=0:SÆSON=SÆSON,2020-03-01,7033.0
DST:FIKS22:BRANCHE07=M:BELØB=0:SÆSON=SÆSON,2020-04-01,7023.0
DST:FIKS22:BRANCHE07=M:BELØB=0:SÆSON=SÆSON,2020-05-01,6058.0
DST:FIKS22:BRANCHE07=M:BELØB=0:SÆSON=SÆSON,2020-06-01,6846.0
DST:FIKS22:BRANCHE07=M:BELØB=0:SÆSON=SÆSON,2020-07-01,6740.0
DST:FIKS22:BRANCHE07=M:BELØB=0:SÆSON=SÆSON,2020-08-01,7691.0
DST:FIKS22:BRANCHE07=M:BELØB=0:SÆSON=SÆSON,2020-09-01,7128.0
DST:FIKS22:BRANCHE07=M:BELØB=0:SÆSON=SÆSON,2020-10-01,6840.0
DST:FIKS22:BRANCHE07=M:BELØB=0:SÆSON=SÆSON,2020-11-01,7202.0
DST:FIKS22:BRANCHE07=M:BELØB=0:SÆSON=SÆSON,2020-12-01,7428.0
DST:FIKS22:BRANCHE07=M:BELØB=0:SÆSON=SÆSON,2021-01-01,6673.0
DST:FIKS22:BRANCHE07=M:BELØB=0:SÆSON=SÆSON,2021-02-01,6514.0
DST:FIKS22:BRANCHE07=M:BELØB=0:SÆSON=SÆSON,2021-03-01,7667.0
DST:FIKS22:BRANCHE07=M:BELØB=0:SÆSON=SÆSON,2021-04-01,7918.0
DST:FIKS22:BRANCHE07=M:BELØB=0:SÆSON=SÆSON,2021-05-01,8426.0
DST:FIKS22:BRANCHE07=M:BELØB=0:SÆSON=SÆSON,2021-06-01,8036.0
DST:FIKS22:BRANCHE07=M:BELØB=0:SÆSON=SÆSON,2021-07-01,8473.0
DST:FIKS22:BRANCHE07=M:BELØB=0:SÆSON=SÆSON,2021-08-01,8082.0
DST:FIKS22:BRANCHE07=M:BELØB=0:SÆSON=SÆSON,2021-09-01,8445.0
DST:FIKS22:BRANCHE07=M:BELØB=0:SÆSON=SÆSON,2021-10-01,8290.0
DST:FIKS22:BRANCHE07=M:BELØB=0:SÆSON=SÆSON,2021-11-01,8184.0
DST:FIKS22:BRANCHE07=M:BELØB=0:SÆSON=SÆSON,2021-12-01,8041.0
DST:FIKS22:BRANCHE07=M:BELØB=0:SÆSON=SÆSON,2022-01-01,8250.0
DST:FIKS22:BRANCHE07=M:BELØB=0:SÆSON=SÆSON,2022-02-01,8197.0
DST:FIKS22:BRANCHE07=M:BELØB=0:SÆSON=SÆSON,2022-03-01,8502.0
DST:FIKS22:BRANCHE07=M:BELØB=0:SÆSON=SÆSON,2022-04-01,8174.0
DST:FIKS22:BRANCHE07=M:BELØB=0:SÆSON=SÆSON,2022-05-01,8546.0
DST:FIKS22:BRANCHE07=M:BELØB=0:SÆSON=SÆSON,2022-06-01,8544.0
DST:FIKS22:BRANCHE07=M:BELØB=0:SÆSON=SÆSON,2022-07-01,8479.0
DST:FIKS22:BRANCHE07=M:BELØB=0:SÆSON=SÆSON,2022-08-01,9176.0
DST:FIKS22:BRANCHE07=M:BELØB=0:SÆSON=SÆSON,2022-09-01,9010.0
DST:FIKS22:BRANCHE07=M:BELØB=0:SÆSON=SÆSON,2022-10-01,9036.0
DST:FIKS22:BRANCHE07=M:BELØB=0:SÆSON=SÆSON,2022-11-01,8989.0
DST:FIKS22:BRANCHE07=M:BELØB=0:SÆSON=SÆSON,2022-12-01,9962.0
DST:FIKS22:BRANCHE07=M:BELØB=0:SÆSON=SÆSON,2023-01-01,9289.0
DST:FIKS22:BRANCHE07=M:BELØB=0:SÆSON=SÆSON,2023-02-01,8973.0
DST:FIKS22:BRANCHE07=M:BELØB=0:SÆSON=SÆSON,2023-03-01,9256.0
DST:FIKS22:BRANCHE07=M:BELØB=0:SÆSON=SÆSON,2023-04-01,9233.0
DST:FIKS22:BRANCHE07=M:BELØB=0:SÆSON=SÆSON,2023-05-01,8820.0
DST:FIKS22:BRANCHE07=M:BELØB=0:SÆSON=SÆSON,2023-06-01,9068.0
DST:FIKS22:BRANCHE07=M:BELØB=0:SÆSON=SÆSON,2023-07-01,8951.0
DST:FIKS22:BRANCHE07=M:BELØB=0:SÆSON=SÆSON,2023-08-01,8204.0
DST:FIKS22:BRANCHE07=M:BELØB=0:SÆSON=SÆSON,2023-09-01,8793.0
DST:FIKS22:BRANCHE07=M:BELØB=0:SÆSON=SÆSON,2023-10-01,9134.0
DST:FIKS22:BRANCHE07=M:BELØB=0:SÆSON=SÆSON,2023-11-01,8913.0
DST:FIKS22:BRANCHE07=M:BELØB=0:SÆSON=SÆSON,2023-12-01,8987.0
DST:FIKS22:BRANCHE07=M:BELØB=0:SÆSON=SÆSON,2024-01-01,9059.0
DST:FIKS22:BRANCHE07=M:BELØB=0:SÆSON=SÆSON,2024-02-01,9532.0
DST:FIKS22:BRANCHE07=M:BELØB=0:SÆSON=SÆSON,2024-03-01,9131.0
DST:FIKS22:BRANCHE07=M:BELØB=0:SÆSON=SÆSON,2024-04-01,9015.0
DST:FIKS22:BRANCHE07=M:BELØB=0:SÆSON=SÆSON,2024-05-01,9157.0
DST:FIKS22:BRANCHE07=M:BELØB=0:SÆSON=SÆSON,2024-06-01,9010.0
DST:FIKS22:BRANCHE07=M:BELØB=0:SÆSON=SÆSON,2024-07-01,9233.0
DST:FIKS22:BRANCHE07=M:BELØB=0:SÆSON=SÆSON,2024-08-01,8928.0
DST:FIKS22:BRANCHE07=M:BELØB=0:SÆSON=SÆSON,2024-09-01,8985.0
DST:FIKS22:BRANCHE07=M:BELØB=0:SÆSON=SÆSON,2024-10-01,8833.0
DST:FIKS22:BRANCHE07=M:BELØB=0:SÆSON=SÆSON,2024-11-01,9186.0
DST:FIKS22:BRANCHE07=M:BELØB=0:SÆSON=SÆSON,2024-12-01,9282.0
DST:FIKS22:BRANCHE07=M:BELØB=0:SÆSON=SÆSON,2025-01-01,9454.0
DST:FIKS22:BRANCHE07=M:BELØB=0:SÆSON=SÆSON,2025-02-01,9181.0
DST:FIKS22:BRANCHE07=M:BELØB=0:SÆSON=SÆSON,2025-03-01,9147.0
DST:FIKS22:BRANCHE07=M:BELØB=0:SÆSON=SÆSON,2025-04-01,9178.0
DST:FIKS22:BRANCHE07=M:BELØB=0:SÆSON=SÆSON,2025-05-01,9020.0
DST:FIKS22:BRANCHE07=M:BELØB=0:SÆSON=SÆSON,2025-06-01,9271.0
DST:FIKS22:BRANCHE07=M:BELØB=0:SÆSON=SÆSON,2025-07-01,9117.0
DST:FIKS22:BRANCHE07=M:BELØB=0:SÆSON=SÆSON,2025-08-01,9238.0
DST:FIKS22:BRANCHE07=M:BELØB=0:SÆSON=SÆSON,2025-09-01,9065.0
DST:FIKS22:BRANCHE07=M:BELØB=0:SÆSON=SÆSON,2025-10-01,9222.0
DST:FIKS22:BRANCHE07=M:BELØB=0:SÆSON=SÆSON,2025-11-01,8881.0
DST:FIKS22:BRANCHE07=M:BELØB=0:SÆSON=SÆSON,2025-12-01,8832.0
DST:FIKS22:BRANCHE07=M:BELØB=0:SÆSON=SÆSON,2026-01-01,8345.0
DST:FIKS22:BRANCHE07=M:BELØB=0:SÆSON=SÆSON,2026-02-01,8999.0
DST:FIKS22:BRANCHE07=M:BELØB=0:SÆSON=SÆSON,2026-03-01,8912.0
DST:FIKS22:BRANCHE07=M:BELØB=1:SÆSON=EJSÆSON,2009-01-01,10017.0
DST:FIKS22:BRANCHE07=M:BELØB=1:SÆSON=EJSÆSON,2009-02-01,9434.0
DST:FIKS22:BRANCHE07=M:BELØB=1:SÆSON=EJSÆSON,2009-03-01,10700.0
DST:FIKS22:BRANCHE07=M:BELØB=1:SÆSON=EJSÆSON,2009-04-01,10317.0
DST:FIKS22:BRANCHE07=M:BELØB=1:SÆSON=EJSÆSON,2009-05-01,9997.0
DST:FIKS22:BRANCHE07=M:BELØB=1:SÆSON=EJSÆSON,2009-06-01,11403.0
DST:FIKS22:BRANCHE07=M:BELØB=1:SÆSON=EJSÆSON,2009-07-01,8962.0
DST:FIKS22:BRANCHE07=M:BELØB=1:SÆSON=EJSÆSON,2009-08-01,8367.0
DST:FIKS22:BRANCHE07=M:BELØB=1:SÆSON=EJSÆSON,2009-09-01,9784.0
DST:FIKS22:BRANCHE07=M:BELØB=1:SÆSON=EJSÆSON,2009-10-01,11203.0
DST:FIKS22:BRANCHE07=M:BELØB=1:SÆSON=EJSÆSON,2009-11-01,10799.0
DST:FIKS22:BRANCHE07=M:BELØB=1:SÆSON=EJSÆSON,2009-12-01,14768.0
DST:FIKS22:BRANCHE07=M:BELØB=1:SÆSON=EJSÆSON,2010-01-01,8540.0
DST:FIKS22:BRANCHE07=M:BELØB=1:SÆSON=EJSÆSON,2010-02-01,10976.0
DST:FIKS22:BRANCHE07=M:BELØB=1:SÆSON=EJSÆSON,2010-03-01,10918.0
DST:FIKS22:BRANCHE07=M:BELØB=1:SÆSON=EJSÆSON,2010-04-01,9557.0
DST:FIKS22:BRANCHE07=M:BELØB=1:SÆSON=EJSÆSON,2010-05-01,8993.0
DST:FIKS22:BRANCHE07=M:BELØB=1:SÆSON=EJSÆSON,2010-06-01,10798.0
DST:FIKS22:BRANCHE07=M:BELØB=1:SÆSON=EJSÆSON,2010-07-01,7447.0
DST:FIKS22:BRANCHE07=M:BELØB=1:SÆSON=EJSÆSON,2010-08-01,8735.0
DST:FIKS22:BRANCHE07=M:BELØB=1:SÆSON=EJSÆSON,2010-09-01,9291.0
DST:FIKS22:BRANCHE07=M:BELØB=1:SÆSON=EJSÆSON,2010-10-01,10907.0
DST:FIKS22:BRANCHE07=M:BELØB=1:SÆSON=EJSÆSON,2010-11-01,10285.0
DST:FIKS22:BRANCHE07=M:BELØB=1:SÆSON=EJSÆSON,2010-12-01,14128.0
DST:FIKS22:BRANCHE07=M:BELØB=1:SÆSON=EJSÆSON,2011-01-01,8095.0
DST:FIKS22:BRANCHE07=M:BELØB=1:SÆSON=EJSÆSON,2011-02-01,7812.0
DST:FIKS22:BRANCHE07=M:BELØB=1:SÆSON=EJSÆSON,2011-03-01,10296.0
DST:FIKS22:BRANCHE07=M:BELØB=1:SÆSON=EJSÆSON,2011-04-01,8920.0
DST:FIKS22:BRANCHE07=M:BELØB=1:SÆSON=EJSÆSON,2011-05-01,9847.0
DST:FIKS22:BRANCHE07=M:BELØB=1:SÆSON=EJSÆSON,2011-06-01,10844.0
DST:FIKS22:BRANCHE07=M:BELØB=1:SÆSON=EJSÆSON,2011-07-01,8344.0
DST:FIKS22:BRANCHE07=M:BELØB=1:SÆSON=EJSÆSON,2011-08-01,8296.0
DST:FIKS22:BRANCHE07=M:BELØB=1:SÆSON=EJSÆSON,2011-09-01,9647.0
DST:FIKS22:BRANCHE07=M:BELØB=1:SÆSON=EJSÆSON,2011-10-01,10162.0
DST:FIKS22:BRANCHE07=M:BELØB=1:SÆSON=EJSÆSON,2011-11-01,10230.0
DST:FIKS22:BRANCHE07=M:BELØB=1:SÆSON=EJSÆSON,2011-12-01,15166.0
DST:FIKS22:BRANCHE07=M:BELØB=1:SÆSON=EJSÆSON,2012-01-01,8950.0
DST:FIKS22:BRANCHE07=M:BELØB=1:SÆSON=EJSÆSON,2012-02-01,8240.0
DST:FIKS22:BRANCHE07=M:BELØB=1:SÆSON=EJSÆSON,2012-03-01,10254.0
DST:FIKS22:BRANCHE07=M:BELØB=1:SÆSON=EJSÆSON,2012-04-01,10160.0
DST:FIKS22:BRANCHE07=M:BELØB=1:SÆSON=EJSÆSON,2012-05-01,9743.0
DST:FIKS22:BRANCHE07=M:BELØB=1:SÆSON=EJSÆSON,2012-06-01,11587.0
DST:FIKS22:BRANCHE07=M:BELØB=1:SÆSON=EJSÆSON,2012-07-01,8527.0
DST:FIKS22:BRANCHE07=M:BELØB=1:SÆSON=EJSÆSON,2012-08-01,8822.0
DST:FIKS22:BRANCHE07=M:BELØB=1:SÆSON=EJSÆSON,2012-09-01,9433.0
DST:FIKS22:BRANCHE07=M:BELØB=1:SÆSON=EJSÆSON,2012-10-01,11748.0
DST:FIKS22:BRANCHE07=M:BELØB=1:SÆSON=EJSÆSON,2012-11-01,10751.0
DST:FIKS22:BRANCHE07=M:BELØB=1:SÆSON=EJSÆSON,2012-12-01,14153.0
DST:FIKS22:BRANCHE07=M:BELØB=1:SÆSON=EJSÆSON,2013-01-01,9862.0
DST:FIKS22:BRANCHE07=M:BELØB=1:SÆSON=EJSÆSON,2013-02-01,8924.0
DST:FIKS22:BRANCHE07=M:BELØB=1:SÆSON=EJSÆSON,2013-03-01,10566.0
DST:FIKS22:BRANCHE07=M:BELØB=1:SÆSON=EJSÆSON,2013-04-01,10826.0
DST:FIKS22:BRANCHE07=M:BELØB=1:SÆSON=EJSÆSON,2013-05-01,10518.0
DST:FIKS22:BRANCHE07=M:BELØB=1:SÆSON=EJSÆSON,2013-06-01,11728.0
DST:FIKS22:BRANCHE07=M:BELØB=1:SÆSON=EJSÆSON,2013-07-01,9313.0
DST:FIKS22:BRANCHE07=M:BELØB=1:SÆSON=EJSÆSON,2013-08-01,8894.0
DST:FIKS22:BRANCHE07=M:BELØB=1:SÆSON=EJSÆSON,2013-09-01,10739.0
DST:FIKS22:BRANCHE07=M:BELØB=1:SÆSON=EJSÆSON,2013-10-01,13245.0
DST:FIKS22:BRANCHE07=M:BELØB=1:SÆSON=EJSÆSON,2013-11-01,11269.0
DST:FIKS22:BRANCHE07=M:BELØB=1:SÆSON=EJSÆSON,2013-12-01,15223.0
DST:FIKS22:BRANCHE07=M:BELØB=1:SÆSON=EJSÆSON,2014-01-01,9305.0
DST:FIKS22:BRANCHE07=M:BELØB=1:SÆSON=EJSÆSON,2014-02-01,9220.0
DST:FIKS22:BRANCHE07=M:BELØB=1:SÆSON=EJSÆSON,2014-03-01,11172.0
DST:FIKS22:BRANCHE07=M:BELØB=1:SÆSON=EJSÆSON,2014-04-01,10332.0
DST:FIKS22:BRANCHE07=M:BELØB=1:SÆSON=EJSÆSON,2014-05-01,11640.0
DST:FIKS22:BRANCHE07=M:BELØB=1:SÆSON=EJSÆSON,2014-06-01,11763.0
DST:FIKS22:BRANCHE07=M:BELØB=1:SÆSON=EJSÆSON,2014-07-01,8612.0
DST:FIKS22:BRANCHE07=M:BELØB=1:SÆSON=EJSÆSON,2014-08-01,8952.0
DST:FIKS22:BRANCHE07=M:BELØB=1:SÆSON=EJSÆSON,2014-09-01,11283.0
DST:FIKS22:BRANCHE07=M:BELØB=1:SÆSON=EJSÆSON,2014-10-01,11101.0
DST:FIKS22:BRANCHE07=M:BELØB=1:SÆSON=EJSÆSON,2014-11-01,15666.0
DST:FIKS22:BRANCHE07=M:BELØB=1:SÆSON=EJSÆSON,2014-12-01,15935.0
DST:FIKS22:BRANCHE07=M:BELØB=1:SÆSON=EJSÆSON,2015-01-01,10483.0
DST:FIKS22:BRANCHE07=M:BELØB=1:SÆSON=EJSÆSON,2015-02-01,10192.0
DST:FIKS22:BRANCHE07=M:BELØB=1:SÆSON=EJSÆSON,2015-03-01,12997.0
DST:FIKS22:BRANCHE07=M:BELØB=1:SÆSON=EJSÆSON,2015-04-01,11697.0
DST:FIKS22:BRANCHE07=M:BELØB=1:SÆSON=EJSÆSON,2015-05-01,11372.0
DST:FIKS22:BRANCHE07=M:BELØB=1:SÆSON=EJSÆSON,2015-06-01,13771.0
DST:FIKS22:BRANCHE07=M:BELØB=1:SÆSON=EJSÆSON,2015-07-01,11683.0
DST:FIKS22:BRANCHE07=M:BELØB=1:SÆSON=EJSÆSON,2015-08-01,10465.0
DST:FIKS22:BRANCHE07=M:BELØB=1:SÆSON=EJSÆSON,2015-09-01,12209.0
DST:FIKS22:BRANCHE07=M:BELØB=1:SÆSON=EJSÆSON,2015-10-01,11505.0
DST:FIKS22:BRANCHE07=M:BELØB=1:SÆSON=EJSÆSON,2015-11-01,12924.0
DST:FIKS22:BRANCHE07=M:BELØB=1:SÆSON=EJSÆSON,2015-12-01,17570.0
DST:FIKS22:BRANCHE07=M:BELØB=1:SÆSON=EJSÆSON,2016-01-01,11378.0
DST:FIKS22:BRANCHE07=M:BELØB=1:SÆSON=EJSÆSON,2016-02-01,12783.0
DST:FIKS22:BRANCHE07=M:BELØB=1:SÆSON=EJSÆSON,2016-03-01,13379.0
DST:FIKS22:BRANCHE07=M:BELØB=1:SÆSON=EJSÆSON,2016-04-01,13397.0
DST:FIKS22:BRANCHE07=M:BELØB=1:SÆSON=EJSÆSON,2016-05-01,14589.0
DST:FIKS22:BRANCHE07=M:BELØB=1:SÆSON=EJSÆSON,2016-06-01,15515.0
DST:FIKS22:BRANCHE07=M:BELØB=1:SÆSON=EJSÆSON,2016-07-01,11216.0
DST:FIKS22:BRANCHE07=M:BELØB=1:SÆSON=EJSÆSON,2016-08-01,12549.0
DST:FIKS22:BRANCHE07=M:BELØB=1:SÆSON=EJSÆSON,2016-09-01,14393.0
DST:FIKS22:BRANCHE07=M:BELØB=1:SÆSON=EJSÆSON,2016-10-01,13848.0
DST:FIKS22:BRANCHE07=M:BELØB=1:SÆSON=EJSÆSON,2016-11-01,14180.0
DST:FIKS22:BRANCHE07=M:BELØB=1:SÆSON=EJSÆSON,2016-12-01,19687.0
DST:FIKS22:BRANCHE07=M:BELØB=1:SÆSON=EJSÆSON,2017-01-01,10818.0
DST:FIKS22:BRANCHE07=M:BELØB=1:SÆSON=EJSÆSON,2017-02-01,11281.0
DST:FIKS22:BRANCHE07=M:BELØB=1:SÆSON=EJSÆSON,2017-03-01,13838.0
DST:FIKS22:BRANCHE07=M:BELØB=1:SÆSON=EJSÆSON,2017-04-01,12569.0
DST:FIKS22:BRANCHE07=M:BELØB=1:SÆSON=EJSÆSON,2017-05-01,12663.0
DST:FIKS22:BRANCHE07=M:BELØB=1:SÆSON=EJSÆSON,2017-06-01,15455.0
DST:FIKS22:BRANCHE07=M:BELØB=1:SÆSON=EJSÆSON,2017-07-01,14636.0
DST:FIKS22:BRANCHE07=M:BELØB=1:SÆSON=EJSÆSON,2017-08-01,11451.0
DST:FIKS22:BRANCHE07=M:BELØB=1:SÆSON=EJSÆSON,2017-09-01,13255.0
DST:FIKS22:BRANCHE07=M:BELØB=1:SÆSON=EJSÆSON,2017-10-01,16530.0
DST:FIKS22:BRANCHE07=M:BELØB=1:SÆSON=EJSÆSON,2017-11-01,13675.0
DST:FIKS22:BRANCHE07=M:BELØB=1:SÆSON=EJSÆSON,2017-12-01,19414.0
DST:FIKS22:BRANCHE07=M:BELØB=1:SÆSON=EJSÆSON,2018-01-01,13215.0
DST:FIKS22:BRANCHE07=M:BELØB=1:SÆSON=EJSÆSON,2018-02-01,10309.0
DST:FIKS22:BRANCHE07=M:BELØB=1:SÆSON=EJSÆSON,2018-03-01,13193.0
DST:FIKS22:BRANCHE07=M:BELØB=1:SÆSON=EJSÆSON,2018-04-01,15463.0
DST:FIKS22:BRANCHE07=M:BELØB=1:SÆSON=EJSÆSON,2018-05-01,13040.0
DST:FIKS22:BRANCHE07=M:BELØB=1:SÆSON=EJSÆSON,2018-06-01,15760.0
DST:FIKS22:BRANCHE07=M:BELØB=1:SÆSON=EJSÆSON,2018-07-01,12853.0
DST:FIKS22:BRANCHE07=M:BELØB=1:SÆSON=EJSÆSON,2018-08-01,13674.0
DST:FIKS22:BRANCHE07=M:BELØB=1:SÆSON=EJSÆSON,2018-09-01,13430.0
DST:FIKS22:BRANCHE07=M:BELØB=1:SÆSON=EJSÆSON,2018-10-01,14815.0
DST:FIKS22:BRANCHE07=M:BELØB=1:SÆSON=EJSÆSON,2018-11-01,14443.0
DST:FIKS22:BRANCHE07=M:BELØB=1:SÆSON=EJSÆSON,2018-12-01,18650.0
DST:FIKS22:BRANCHE07=M:BELØB=1:SÆSON=EJSÆSON,2019-01-01,15317.0
DST:FIKS22:BRANCHE07=M:BELØB=1:SÆSON=EJSÆSON,2019-02-01,12507.0
DST:FIKS22:BRANCHE07=M:BELØB=1:SÆSON=EJSÆSON,2019-03-01,14576.0
DST:FIKS22:BRANCHE07=M:BELØB=1:SÆSON=EJSÆSON,2019-04-01,16294.0
DST:FIKS22:BRANCHE07=M:BELØB=1:SÆSON=EJSÆSON,2019-05-01,13763.0
DST:FIKS22:BRANCHE07=M:BELØB=1:SÆSON=EJSÆSON,2019-06-01,14986.0
DST:FIKS22:BRANCHE07=M:BELØB=1:SÆSON=EJSÆSON,2019-07-01,14245.0
DST:FIKS22:BRANCHE07=M:BELØB=1:SÆSON=EJSÆSON,2019-08-01,12396.0
DST:FIKS22:BRANCHE07=M:BELØB=1:SÆSON=EJSÆSON,2019-09-01,14473.0
DST:FIKS22:BRANCHE07=M:BELØB=1:SÆSON=EJSÆSON,2019-10-01,18154.0
DST:FIKS22:BRANCHE07=M:BELØB=1:SÆSON=EJSÆSON,2019-11-01,15530.0
DST:FIKS22:BRANCHE07=M:BELØB=1:SÆSON=EJSÆSON,2019-12-01,19308.0
DST:FIKS22:BRANCHE07=M:BELØB=1:SÆSON=EJSÆSON,2020-01-01,17325.0
DST:FIKS22:BRANCHE07=M:BELØB=1:SÆSON=EJSÆSON,2020-02-01,12464.0
DST:FIKS22:BRANCHE07=M:BELØB=1:SÆSON=EJSÆSON,2020-03-01,15207.0
DST:FIKS22:BRANCHE07=M:BELØB=1:SÆSON=EJSÆSON,2020-04-01,13747.0
DST:FIKS22:BRANCHE07=M:BELØB=1:SÆSON=EJSÆSON,2020-05-01,12038.0
DST:FIKS22:BRANCHE07=M:BELØB=1:SÆSON=EJSÆSON,2020-06-01,15166.0
DST:FIKS22:BRANCHE07=M:BELØB=1:SÆSON=EJSÆSON,2020-07-01,14976.0
DST:FIKS22:BRANCHE07=M:BELØB=1:SÆSON=EJSÆSON,2020-08-01,12865.0
DST:FIKS22:BRANCHE07=M:BELØB=1:SÆSON=EJSÆSON,2020-09-01,15946.0
DST:FIKS22:BRANCHE07=M:BELØB=1:SÆSON=EJSÆSON,2020-10-01,17847.0
DST:FIKS22:BRANCHE07=M:BELØB=1:SÆSON=EJSÆSON,2020-11-01,16119.0
DST:FIKS22:BRANCHE07=M:BELØB=1:SÆSON=EJSÆSON,2020-12-01,21552.0
DST:FIKS22:BRANCHE07=M:BELØB=1:SÆSON=EJSÆSON,2021-01-01,12760.0
DST:FIKS22:BRANCHE07=M:BELØB=1:SÆSON=EJSÆSON,2021-02-01,13621.0
DST:FIKS22:BRANCHE07=M:BELØB=1:SÆSON=EJSÆSON,2021-03-01,16669.0
DST:FIKS22:BRANCHE07=M:BELØB=1:SÆSON=EJSÆSON,2021-04-01,18251.0
DST:FIKS22:BRANCHE07=M:BELØB=1:SÆSON=EJSÆSON,2021-05-01,15370.0
DST:FIKS22:BRANCHE07=M:BELØB=1:SÆSON=EJSÆSON,2021-06-01,18302.0
DST:FIKS22:BRANCHE07=M:BELØB=1:SÆSON=EJSÆSON,2021-07-01,16150.0
DST:FIKS22:BRANCHE07=M:BELØB=1:SÆSON=EJSÆSON,2021-08-01,14035.0
DST:FIKS22:BRANCHE07=M:BELØB=1:SÆSON=EJSÆSON,2021-09-01,16426.0
DST:FIKS22:BRANCHE07=M:BELØB=1:SÆSON=EJSÆSON,2021-10-01,19004.0
DST:FIKS22:BRANCHE07=M:BELØB=1:SÆSON=EJSÆSON,2021-11-01,17519.0
DST:FIKS22:BRANCHE07=M:BELØB=1:SÆSON=EJSÆSON,2021-12-01,24167.0
DST:FIKS22:BRANCHE07=M:BELØB=1:SÆSON=EJSÆSON,2022-01-01,14403.0
DST:FIKS22:BRANCHE07=M:BELØB=1:SÆSON=EJSÆSON,2022-02-01,14308.0
DST:FIKS22:BRANCHE07=M:BELØB=1:SÆSON=EJSÆSON,2022-03-01,18008.0
DST:FIKS22:BRANCHE07=M:BELØB=1:SÆSON=EJSÆSON,2022-04-01,18751.0
DST:FIKS22:BRANCHE07=M:BELØB=1:SÆSON=EJSÆSON,2022-05-01,15477.0
DST:FIKS22:BRANCHE07=M:BELØB=1:SÆSON=EJSÆSON,2022-06-01,18938.0
DST:FIKS22:BRANCHE07=M:BELØB=1:SÆSON=EJSÆSON,2022-07-01,15464.0
DST:FIKS22:BRANCHE07=M:BELØB=1:SÆSON=EJSÆSON,2022-08-01,15284.0
DST:FIKS22:BRANCHE07=M:BELØB=1:SÆSON=EJSÆSON,2022-09-01,18180.0
DST:FIKS22:BRANCHE07=M:BELØB=1:SÆSON=EJSÆSON,2022-10-01,18421.0
DST:FIKS22:BRANCHE07=M:BELØB=1:SÆSON=EJSÆSON,2022-11-01,18021.0
DST:FIKS22:BRANCHE07=M:BELØB=1:SÆSON=EJSÆSON,2022-12-01,24728.0
DST:FIKS22:BRANCHE07=M:BELØB=1:SÆSON=EJSÆSON,2023-01-01,15547.0
DST:FIKS22:BRANCHE07=M:BELØB=1:SÆSON=EJSÆSON,2023-02-01,15971.0
DST:FIKS22:BRANCHE07=M:BELØB=1:SÆSON=EJSÆSON,2023-03-01,19609.0
DST:FIKS22:BRANCHE07=M:BELØB=1:SÆSON=EJSÆSON,2023-04-01,19088.0
DST:FIKS22:BRANCHE07=M:BELØB=1:SÆSON=EJSÆSON,2023-05-01,16693.0
DST:FIKS22:BRANCHE07=M:BELØB=1:SÆSON=EJSÆSON,2023-06-01,19927.0
DST:FIKS22:BRANCHE07=M:BELØB=1:SÆSON=EJSÆSON,2023-07-01,16282.0
DST:FIKS22:BRANCHE07=M:BELØB=1:SÆSON=EJSÆSON,2023-08-01,15675.0
DST:FIKS22:BRANCHE07=M:BELØB=1:SÆSON=EJSÆSON,2023-09-01,17425.0
DST:FIKS22:BRANCHE07=M:BELØB=1:SÆSON=EJSÆSON,2023-10-01,20206.0
DST:FIKS22:BRANCHE07=M:BELØB=1:SÆSON=EJSÆSON,2023-11-01,19016.0
DST:FIKS22:BRANCHE07=M:BELØB=1:SÆSON=EJSÆSON,2023-12-01,24230.0
DST:FIKS22:BRANCHE07=M:BELØB=1:SÆSON=EJSÆSON,2024-01-01,18680.0
DST:FIKS22:BRANCHE07=M:BELØB=1:SÆSON=EJSÆSON,2024-02-01,17572.0
DST:FIKS22:BRANCHE07=M:BELØB=1:SÆSON=EJSÆSON,2024-03-01,17966.0
DST:FIKS22:BRANCHE07=M:BELØB=1:SÆSON=EJSÆSON,2024-04-01,20828.0
DST:FIKS22:BRANCHE07=M:BELØB=1:SÆSON=EJSÆSON,2024-05-01,18118.0
DST:FIKS22:BRANCHE07=M:BELØB=1:SÆSON=EJSÆSON,2024-06-01,19968.0
DST:FIKS22:BRANCHE07=M:BELØB=1:SÆSON=EJSÆSON,2024-07-01,17936.0
DST:FIKS22:BRANCHE07=M:BELØB=1:SÆSON=EJSÆSON,2024-08-01,16019.0
DST:FIKS22:BRANCHE07=M:BELØB=1:SÆSON=EJSÆSON,2024-09-01,18411.0
DST:FIKS22:BRANCHE07=M:BELØB=1:SÆSON=EJSÆSON,2024-10-01,21825.0
DST:FIKS22:BRANCHE07=M:BELØB=1:SÆSON=EJSÆSON,2024-11-01,19777.0
DST:FIKS22:BRANCHE07=M:BELØB=1:SÆSON=EJSÆSON,2024-12-01,26601.0
DST:FIKS22:BRANCHE07=M:BELØB=1:SÆSON=EJSÆSON,2025-01-01,22852.0
DST:FIKS22:BRANCHE07=M:BELØB=1:SÆSON=EJSÆSON,2025-02-01,17122.0
DST:FIKS22:BRANCHE07=M:BELØB=1:SÆSON=EJSÆSON,2025-03-01,19030.0
DST:FIKS22:BRANCHE07=M:BELØB=1:SÆSON=EJSÆSON,2025-04-01,23960.0
DST:FIKS22:BRANCHE07=M:BELØB=1:SÆSON=EJSÆSON,2025-05-01,18602.0
DST:FIKS22:BRANCHE07=M:BELØB=1:SÆSON=EJSÆSON,2025-06-01,20979.0
DST:FIKS22:BRANCHE07=M:BELØB=1:SÆSON=EJSÆSON,2025-07-01,21530.0
DST:FIKS22:BRANCHE07=M:BELØB=1:SÆSON=EJSÆSON,2025-08-01,16836.0
DST:FIKS22:BRANCHE07=M:BELØB=1:SÆSON=EJSÆSON,2025-09-01,19947.0
DST:FIKS22:BRANCHE07=M:BELØB=1:SÆSON=EJSÆSON,2025-10-01,24792.0
DST:FIKS22:BRANCHE07=M:BELØB=1:SÆSON=EJSÆSON,2025-11-01,20167.0
DST:FIKS22:BRANCHE07=M:BELØB=1:SÆSON=EJSÆSON,2025-12-01,26380.0
DST:FIKS22:BRANCHE07=M:BELØB=1:SÆSON=EJSÆSON,2026-01-01,21022.0
DST:FIKS22:BRANCHE07=M:BELØB=1:SÆSON=EJSÆSON,2026-02-01,16337.0
DST:FIKS22:BRANCHE07=M:BELØB=1:SÆSON=EJSÆSON,2026-03-01,19485.0
DST:FIKS22:BRANCHE07=M:BELØB=1:SÆSON=SÆSON,2009-01-01,11489.0
DST:FIKS22:BRANCHE07=M:BELØB=1:SÆSON=SÆSON,2009-02-01,11383.0
DST:FIKS22:BRANCHE07=M:BELØB=1:SÆSON=SÆSON,2009-03-01,10149.0
DST:FIKS22:BRANCHE07=M:BELØB=1:SÆSON=SÆSON,2009-04-01,10610.0
DST:FIKS22:BRANCHE07=M:BELØB=1:SÆSON=SÆSON,2009-05-01,10575.0
DST:FIKS22:BRANCHE07=M:BELØB=1:SÆSON=SÆSON,2009-06-01,10539.0
DST:FIKS22:BRANCHE07=M:BELØB=1:SÆSON=SÆSON,2009-07-01,10181.0
DST:FIKS22:BRANCHE07=M:BELØB=1:SÆSON=SÆSON,2009-08-01,10403.0
DST:FIKS22:BRANCHE07=M:BELØB=1:SÆSON=SÆSON,2009-09-01,10212.0
DST:FIKS22:BRANCHE07=M:BELØB=1:SÆSON=SÆSON,2009-10-01,10005.0
DST:FIKS22:BRANCHE07=M:BELØB=1:SÆSON=SÆSON,2009-11-01,10394.0
DST:FIKS22:BRANCHE07=M:BELØB=1:SÆSON=SÆSON,2009-12-01,10303.0
DST:FIKS22:BRANCHE07=M:BELØB=1:SÆSON=SÆSON,2010-01-01,10127.0
DST:FIKS22:BRANCHE07=M:BELØB=1:SÆSON=SÆSON,2010-02-01,13261.0
DST:FIKS22:BRANCHE07=M:BELØB=1:SÆSON=SÆSON,2010-03-01,10245.0
DST:FIKS22:BRANCHE07=M:BELØB=1:SÆSON=SÆSON,2010-04-01,9914.0
DST:FIKS22:BRANCHE07=M:BELØB=1:SÆSON=SÆSON,2010-05-01,9548.0
DST:FIKS22:BRANCHE07=M:BELØB=1:SÆSON=SÆSON,2010-06-01,9264.0
DST:FIKS22:BRANCHE07=M:BELØB=1:SÆSON=SÆSON,2010-07-01,8759.0
DST:FIKS22:BRANCHE07=M:BELØB=1:SÆSON=SÆSON,2010-08-01,10478.0
DST:FIKS22:BRANCHE07=M:BELØB=1:SÆSON=SÆSON,2010-09-01,9599.0
DST:FIKS22:BRANCHE07=M:BELØB=1:SÆSON=SÆSON,2010-10-01,9983.0
DST:FIKS22:BRANCHE07=M:BELØB=1:SÆSON=SÆSON,2010-11-01,9771.0
DST:FIKS22:BRANCHE07=M:BELØB=1:SÆSON=SÆSON,2010-12-01,9311.0
DST:FIKS22:BRANCHE07=M:BELØB=1:SÆSON=SÆSON,2011-01-01,9216.0
DST:FIKS22:BRANCHE07=M:BELØB=1:SÆSON=SÆSON,2011-02-01,9452.0
DST:FIKS22:BRANCHE07=M:BELØB=1:SÆSON=SÆSON,2011-03-01,9572.0
DST:FIKS22:BRANCHE07=M:BELØB=1:SÆSON=SÆSON,2011-04-01,9307.0
DST:FIKS22:BRANCHE07=M:BELØB=1:SÆSON=SÆSON,2011-05-01,10053.0
DST:FIKS22:BRANCHE07=M:BELØB=1:SÆSON=SÆSON,2011-06-01,9802.0
DST:FIKS22:BRANCHE07=M:BELØB=1:SÆSON=SÆSON,2011-07-01,10070.0
DST:FIKS22:BRANCHE07=M:BELØB=1:SÆSON=SÆSON,2011-08-01,9877.0
DST:FIKS22:BRANCHE07=M:BELØB=1:SÆSON=SÆSON,2011-09-01,9676.0
DST:FIKS22:BRANCHE07=M:BELØB=1:SÆSON=SÆSON,2011-10-01,9498.0
DST:FIKS22:BRANCHE07=M:BELØB=1:SÆSON=SÆSON,2011-11-01,9827.0
DST:FIKS22:BRANCHE07=M:BELØB=1:SÆSON=SÆSON,2011-12-01,10724.0
DST:FIKS22:BRANCHE07=M:BELØB=1:SÆSON=SÆSON,2012-01-01,9972.0
DST:FIKS22:BRANCHE07=M:BELØB=1:SÆSON=SÆSON,2012-02-01,9603.0
DST:FIKS22:BRANCHE07=M:BELØB=1:SÆSON=SÆSON,2012-03-01,9670.0
DST:FIKS22:BRANCHE07=M:BELØB=1:SÆSON=SÆSON,2012-04-01,10609.0
DST:FIKS22:BRANCHE07=M:BELØB=1:SÆSON=SÆSON,2012-05-01,10172.0
DST:FIKS22:BRANCHE07=M:BELØB=1:SÆSON=SÆSON,2012-06-01,10437.0
DST:FIKS22:BRANCHE07=M:BELØB=1:SÆSON=SÆSON,2012-07-01,10065.0
DST:FIKS22:BRANCHE07=M:BELØB=1:SÆSON=SÆSON,2012-08-01,10221.0
DST:FIKS22:BRANCHE07=M:BELØB=1:SÆSON=SÆSON,2012-09-01,10237.0
DST:FIKS22:BRANCHE07=M:BELØB=1:SÆSON=SÆSON,2012-10-01,10473.0
DST:FIKS22:BRANCHE07=M:BELØB=1:SÆSON=SÆSON,2012-11-01,10076.0
DST:FIKS22:BRANCHE07=M:BELØB=1:SÆSON=SÆSON,2012-12-01,10670.0
DST:FIKS22:BRANCHE07=M:BELØB=1:SÆSON=SÆSON,2013-01-01,10878.0
DST:FIKS22:BRANCHE07=M:BELØB=1:SÆSON=SÆSON,2013-02-01,10685.0
DST:FIKS22:BRANCHE07=M:BELØB=1:SÆSON=SÆSON,2013-03-01,10745.0
DST:FIKS22:BRANCHE07=M:BELØB=1:SÆSON=SÆSON,2013-04-01,10984.0
DST:FIKS22:BRANCHE07=M:BELØB=1:SÆSON=SÆSON,2013-05-01,10409.0
DST:FIKS22:BRANCHE07=M:BELØB=1:SÆSON=SÆSON,2013-06-01,10908.0
DST:FIKS22:BRANCHE07=M:BELØB=1:SÆSON=SÆSON,2013-07-01,10840.0
DST:FIKS22:BRANCHE07=M:BELØB=1:SÆSON=SÆSON,2013-08-01,10614.0
DST:FIKS22:BRANCHE07=M:BELØB=1:SÆSON=SÆSON,2013-09-01,11154.0
DST:FIKS22:BRANCHE07=M:BELØB=1:SÆSON=SÆSON,2013-10-01,11791.0
DST:FIKS22:BRANCHE07=M:BELØB=1:SÆSON=SÆSON,2013-11-01,11160.0
DST:FIKS22:BRANCHE07=M:BELØB=1:SÆSON=SÆSON,2013-12-01,11136.0
DST:FIKS22:BRANCHE07=M:BELØB=1:SÆSON=SÆSON,2014-01-01,9959.0
DST:FIKS22:BRANCHE07=M:BELØB=1:SÆSON=SÆSON,2014-02-01,10916.0
DST:FIKS22:BRANCHE07=M:BELØB=1:SÆSON=SÆSON,2014-03-01,11098.0
DST:FIKS22:BRANCHE07=M:BELØB=1:SÆSON=SÆSON,2014-04-01,10646.0
DST:FIKS22:BRANCHE07=M:BELØB=1:SÆSON=SÆSON,2014-05-01,12219.0
DST:FIKS22:BRANCHE07=M:BELØB=1:SÆSON=SÆSON,2014-06-01,10870.0
DST:FIKS22:BRANCHE07=M:BELØB=1:SÆSON=SÆSON,2014-07-01,9876.0
DST:FIKS22:BRANCHE07=M:BELØB=1:SÆSON=SÆSON,2014-08-01,10890.0
DST:FIKS22:BRANCHE07=M:BELØB=1:SÆSON=SÆSON,2014-09-01,11455.0
DST:FIKS22:BRANCHE07=M:BELØB=1:SÆSON=SÆSON,2014-10-01,9789.0
DST:FIKS22:BRANCHE07=M:BELØB=1:SÆSON=SÆSON,2014-11-01,16197.0
DST:FIKS22:BRANCHE07=M:BELØB=1:SÆSON=SÆSON,2014-12-01,11794.0
DST:FIKS22:BRANCHE07=M:BELØB=1:SÆSON=SÆSON,2015-01-01,11692.0
DST:FIKS22:BRANCHE07=M:BELØB=1:SÆSON=SÆSON,2015-02-01,11949.0
DST:FIKS22:BRANCHE07=M:BELØB=1:SÆSON=SÆSON,2015-03-01,12516.0
DST:FIKS22:BRANCHE07=M:BELØB=1:SÆSON=SÆSON,2015-04-01,11888.0
DST:FIKS22:BRANCHE07=M:BELØB=1:SÆSON=SÆSON,2015-05-01,12520.0
DST:FIKS22:BRANCHE07=M:BELØB=1:SÆSON=SÆSON,2015-06-01,12504.0
DST:FIKS22:BRANCHE07=M:BELØB=1:SÆSON=SÆSON,2015-07-01,13064.0
DST:FIKS22:BRANCHE07=M:BELØB=1:SÆSON=SÆSON,2015-08-01,12893.0
DST:FIKS22:BRANCHE07=M:BELØB=1:SÆSON=SÆSON,2015-09-01,12362.0
DST:FIKS22:BRANCHE07=M:BELØB=1:SÆSON=SÆSON,2015-10-01,10599.0
DST:FIKS22:BRANCHE07=M:BELØB=1:SÆSON=SÆSON,2015-11-01,12957.0
DST:FIKS22:BRANCHE07=M:BELØB=1:SÆSON=SÆSON,2015-12-01,12280.0
DST:FIKS22:BRANCHE07=M:BELØB=1:SÆSON=SÆSON,2016-01-01,13053.0
DST:FIKS22:BRANCHE07=M:BELØB=1:SÆSON=SÆSON,2016-02-01,14382.0
DST:FIKS22:BRANCHE07=M:BELØB=1:SÆSON=SÆSON,2016-03-01,13575.0
DST:FIKS22:BRANCHE07=M:BELØB=1:SÆSON=SÆSON,2016-04-01,13391.0
DST:FIKS22:BRANCHE07=M:BELØB=1:SÆSON=SÆSON,2016-05-01,15344.0
DST:FIKS22:BRANCHE07=M:BELØB=1:SÆSON=SÆSON,2016-06-01,13595.0
DST:FIKS22:BRANCHE07=M:BELØB=1:SÆSON=SÆSON,2016-07-01,13102.0
DST:FIKS22:BRANCHE07=M:BELØB=1:SÆSON=SÆSON,2016-08-01,14624.0
DST:FIKS22:BRANCHE07=M:BELØB=1:SÆSON=SÆSON,2016-09-01,14112.0
DST:FIKS22:BRANCHE07=M:BELØB=1:SÆSON=SÆSON,2016-10-01,13397.0
DST:FIKS22:BRANCHE07=M:BELØB=1:SÆSON=SÆSON,2016-11-01,14065.0
DST:FIKS22:BRANCHE07=M:BELØB=1:SÆSON=SÆSON,2016-12-01,14041.0
DST:FIKS22:BRANCHE07=M:BELØB=1:SÆSON=SÆSON,2017-01-01,11598.0
DST:FIKS22:BRANCHE07=M:BELØB=1:SÆSON=SÆSON,2017-02-01,13231.0
DST:FIKS22:BRANCHE07=M:BELØB=1:SÆSON=SÆSON,2017-03-01,13125.0
DST:FIKS22:BRANCHE07=M:BELØB=1:SÆSON=SÆSON,2017-04-01,13101.0
DST:FIKS22:BRANCHE07=M:BELØB=1:SÆSON=SÆSON,2017-05-01,13595.0
DST:FIKS22:BRANCHE07=M:BELØB=1:SÆSON=SÆSON,2017-06-01,13519.0
DST:FIKS22:BRANCHE07=M:BELØB=1:SÆSON=SÆSON,2017-07-01,17190.0
DST:FIKS22:BRANCHE07=M:BELØB=1:SÆSON=SÆSON,2017-08-01,13170.0
DST:FIKS22:BRANCHE07=M:BELØB=1:SÆSON=SÆSON,2017-09-01,13617.0
DST:FIKS22:BRANCHE07=M:BELØB=1:SÆSON=SÆSON,2017-10-01,15352.0
DST:FIKS22:BRANCHE07=M:BELØB=1:SÆSON=SÆSON,2017-11-01,13515.0
DST:FIKS22:BRANCHE07=M:BELØB=1:SÆSON=SÆSON,2017-12-01,14584.0
DST:FIKS22:BRANCHE07=M:BELØB=1:SÆSON=SÆSON,2018-01-01,14007.0
DST:FIKS22:BRANCHE07=M:BELØB=1:SÆSON=SÆSON,2018-02-01,12214.0
DST:FIKS22:BRANCHE07=M:BELØB=1:SÆSON=SÆSON,2018-03-01,13775.0
DST:FIKS22:BRANCHE07=M:BELØB=1:SÆSON=SÆSON,2018-04-01,14975.0
DST:FIKS22:BRANCHE07=M:BELØB=1:SÆSON=SÆSON,2018-05-01,13714.0
DST:FIKS22:BRANCHE07=M:BELØB=1:SÆSON=SÆSON,2018-06-01,14623.0
DST:FIKS22:BRANCHE07=M:BELØB=1:SÆSON=SÆSON,2018-07-01,14219.0
DST:FIKS22:BRANCHE07=M:BELØB=1:SÆSON=SÆSON,2018-08-01,15524.0
DST:FIKS22:BRANCHE07=M:BELØB=1:SÆSON=SÆSON,2018-09-01,14370.0
DST:FIKS22:BRANCHE07=M:BELØB=1:SÆSON=SÆSON,2018-10-01,13420.0
DST:FIKS22:BRANCHE07=M:BELØB=1:SÆSON=SÆSON,2018-11-01,13956.0
DST:FIKS22:BRANCHE07=M:BELØB=1:SÆSON=SÆSON,2018-12-01,14457.0
DST:FIKS22:BRANCHE07=M:BELØB=1:SÆSON=SÆSON,2019-01-01,15935.0
DST:FIKS22:BRANCHE07=M:BELØB=1:SÆSON=SÆSON,2019-02-01,14983.0
DST:FIKS22:BRANCHE07=M:BELØB=1:SÆSON=SÆSON,2019-03-01,14988.0
DST:FIKS22:BRANCHE07=M:BELØB=1:SÆSON=SÆSON,2019-04-01,15323.0
DST:FIKS22:BRANCHE07=M:BELØB=1:SÆSON=SÆSON,2019-05-01,14638.0
DST:FIKS22:BRANCHE07=M:BELØB=1:SÆSON=SÆSON,2019-06-01,14710.0
DST:FIKS22:BRANCHE07=M:BELØB=1:SÆSON=SÆSON,2019-07-01,15341.0
DST:FIKS22:BRANCHE07=M:BELØB=1:SÆSON=SÆSON,2019-08-01,14617.0
DST:FIKS22:BRANCHE07=M:BELØB=1:SÆSON=SÆSON,2019-09-01,14939.0
DST:FIKS22:BRANCHE07=M:BELØB=1:SÆSON=SÆSON,2019-10-01,16181.0
DST:FIKS22:BRANCHE07=M:BELØB=1:SÆSON=SÆSON,2019-11-01,15742.0
DST:FIKS22:BRANCHE07=M:BELØB=1:SÆSON=SÆSON,2019-12-01,14695.0
DST:FIKS22:BRANCHE07=M:BELØB=1:SÆSON=SÆSON,2020-01-01,17461.0
DST:FIKS22:BRANCHE07=M:BELØB=1:SÆSON=SÆSON,2020-02-01,15011.0
DST:FIKS22:BRANCHE07=M:BELØB=1:SÆSON=SÆSON,2020-03-01,15331.0
DST:FIKS22:BRANCHE07=M:BELØB=1:SÆSON=SÆSON,2020-04-01,12657.0
DST:FIKS22:BRANCHE07=M:BELØB=1:SÆSON=SÆSON,2020-05-01,13637.0
DST:FIKS22:BRANCHE07=M:BELØB=1:SÆSON=SÆSON,2020-06-01,14597.0
DST:FIKS22:BRANCHE07=M:BELØB=1:SÆSON=SÆSON,2020-07-01,15489.0
DST:FIKS22:BRANCHE07=M:BELØB=1:SÆSON=SÆSON,2020-08-01,15990.0
DST:FIKS22:BRANCHE07=M:BELØB=1:SÆSON=SÆSON,2020-09-01,16315.0
DST:FIKS22:BRANCHE07=M:BELØB=1:SÆSON=SÆSON,2020-10-01,16041.0
DST:FIKS22:BRANCHE07=M:BELØB=1:SÆSON=SÆSON,2020-11-01,16295.0
DST:FIKS22:BRANCHE07=M:BELØB=1:SÆSON=SÆSON,2020-12-01,15865.0
DST:FIKS22:BRANCHE07=M:BELØB=1:SÆSON=SÆSON,2021-01-01,13924.0
DST:FIKS22:BRANCHE07=M:BELØB=1:SÆSON=SÆSON,2021-02-01,16401.0
DST:FIKS22:BRANCHE07=M:BELØB=1:SÆSON=SÆSON,2021-03-01,16499.0
DST:FIKS22:BRANCHE07=M:BELØB=1:SÆSON=SÆSON,2021-04-01,16886.0
DST:FIKS22:BRANCHE07=M:BELØB=1:SÆSON=SÆSON,2021-05-01,17418.0
DST:FIKS22:BRANCHE07=M:BELØB=1:SÆSON=SÆSON,2021-06-01,16502.0
DST:FIKS22:BRANCHE07=M:BELØB=1:SÆSON=SÆSON,2021-07-01,17280.0
DST:FIKS22:BRANCHE07=M:BELØB=1:SÆSON=SÆSON,2021-08-01,16777.0
DST:FIKS22:BRANCHE07=M:BELØB=1:SÆSON=SÆSON,2021-09-01,16737.0
DST:FIKS22:BRANCHE07=M:BELØB=1:SÆSON=SÆSON,2021-10-01,17592.0
DST:FIKS22:BRANCHE07=M:BELØB=1:SÆSON=SÆSON,2021-11-01,17355.0
DST:FIKS22:BRANCHE07=M:BELØB=1:SÆSON=SÆSON,2021-12-01,16891.0
DST:FIKS22:BRANCHE07=M:BELØB=1:SÆSON=SÆSON,2022-01-01,15079.0
DST:FIKS22:BRANCHE07=M:BELØB=1:SÆSON=SÆSON,2022-02-01,17147.0
DST:FIKS22:BRANCHE07=M:BELØB=1:SÆSON=SÆSON,2022-03-01,17583.0
DST:FIKS22:BRANCHE07=M:BELØB=1:SÆSON=SÆSON,2022-04-01,17428.0
DST:FIKS22:BRANCHE07=M:BELØB=1:SÆSON=SÆSON,2022-05-01,17188.0
DST:FIKS22:BRANCHE07=M:BELØB=1:SÆSON=SÆSON,2022-06-01,17673.0
DST:FIKS22:BRANCHE07=M:BELØB=1:SÆSON=SÆSON,2022-07-01,17007.0
DST:FIKS22:BRANCHE07=M:BELØB=1:SÆSON=SÆSON,2022-08-01,18131.0
DST:FIKS22:BRANCHE07=M:BELØB=1:SÆSON=SÆSON,2022-09-01,18213.0
DST:FIKS22:BRANCHE07=M:BELØB=1:SÆSON=SÆSON,2022-10-01,17426.0
DST:FIKS22:BRANCHE07=M:BELØB=1:SÆSON=SÆSON,2022-11-01,17877.0
DST:FIKS22:BRANCHE07=M:BELØB=1:SÆSON=SÆSON,2022-12-01,18541.0
DST:FIKS22:BRANCHE07=M:BELØB=1:SÆSON=SÆSON,2023-01-01,15872.0
DST:FIKS22:BRANCHE07=M:BELØB=1:SÆSON=SÆSON,2023-02-01,19067.0
DST:FIKS22:BRANCHE07=M:BELØB=1:SÆSON=SÆSON,2023-03-01,18836.0
DST:FIKS22:BRANCHE07=M:BELØB=1:SÆSON=SÆSON,2023-04-01,18324.0
DST:FIKS22:BRANCHE07=M:BELØB=1:SÆSON=SÆSON,2023-05-01,18633.0
DST:FIKS22:BRANCHE07=M:BELØB=1:SÆSON=SÆSON,2023-06-01,18141.0
DST:FIKS22:BRANCHE07=M:BELØB=1:SÆSON=SÆSON,2023-07-01,18353.0
DST:FIKS22:BRANCHE07=M:BELØB=1:SÆSON=SÆSON,2023-08-01,18468.0
DST:FIKS22:BRANCHE07=M:BELØB=1:SÆSON=SÆSON,2023-09-01,18382.0
DST:FIKS22:BRANCHE07=M:BELØB=1:SÆSON=SÆSON,2023-10-01,18455.0
DST:FIKS22:BRANCHE07=M:BELØB=1:SÆSON=SÆSON,2023-11-01,18730.0
DST:FIKS22:BRANCHE07=M:BELØB=1:SÆSON=SÆSON,2023-12-01,18898.0
DST:FIKS22:BRANCHE07=M:BELØB=1:SÆSON=SÆSON,2024-01-01,18950.0
DST:FIKS22:BRANCHE07=M:BELØB=1:SÆSON=SÆSON,2024-02-01,19933.0
DST:FIKS22:BRANCHE07=M:BELØB=1:SÆSON=SÆSON,2024-03-01,19365.0
DST:FIKS22:BRANCHE07=M:BELØB=1:SÆSON=SÆSON,2024-04-01,18613.0
DST:FIKS22:BRANCHE07=M:BELØB=1:SÆSON=SÆSON,2024-05-01,18969.0
DST:FIKS22:BRANCHE07=M:BELØB=1:SÆSON=SÆSON,2024-06-01,19756.0
DST:FIKS22:BRANCHE07=M:BELØB=1:SÆSON=SÆSON,2024-07-01,19184.0
DST:FIKS22:BRANCHE07=M:BELØB=1:SÆSON=SÆSON,2024-08-01,19267.0
DST:FIKS22:BRANCHE07=M:BELØB=1:SÆSON=SÆSON,2024-09-01,19540.0
DST:FIKS22:BRANCHE07=M:BELØB=1:SÆSON=SÆSON,2024-10-01,19437.0
DST:FIKS22:BRANCHE07=M:BELØB=1:SÆSON=SÆSON,2024-11-01,19909.0
DST:FIKS22:BRANCHE07=M:BELØB=1:SÆSON=SÆSON,2024-12-01,20446.0
DST:FIKS22:BRANCHE07=M:BELØB=1:SÆSON=SÆSON,2025-01-01,22231.0
DST:FIKS22:BRANCHE07=M:BELØB=1:SÆSON=SÆSON,2025-02-01,20396.0
DST:FIKS22:BRANCHE07=M:BELØB=1:SÆSON=SÆSON,2025-03-01,20145.0
DST:FIKS22:BRANCHE07=M:BELØB=1:SÆSON=SÆSON,2025-04-01,21662.0
DST:FIKS22:BRANCHE07=M:BELØB=1:SÆSON=SÆSON,2025-05-01,20653.0
DST:FIKS22:BRANCHE07=M:BELØB=1:SÆSON=SÆSON,2025-06-01,20560.0
DST:FIKS22:BRANCHE07=M:BELØB=1:SÆSON=SÆSON,2025-07-01,22752.0
DST:FIKS22:BRANCHE07=M:BELØB=1:SÆSON=SÆSON,2025-08-01,20850.0
DST:FIKS22:BRANCHE07=M:BELØB=1:SÆSON=SÆSON,2025-09-01,20846.0
DST:FIKS22:BRANCHE07=M:BELØB=1:SÆSON=SÆSON,2025-10-01,21634.0
DST:FIKS22:BRANCHE07=M:BELØB=1:SÆSON=SÆSON,2025-11-01,21047.0
DST:FIKS22:BRANCHE07=M:BELØB=1:SÆSON=SÆSON,2025-12-01,20480.0
DST:FIKS22:BRANCHE07=M:BELØB=1:SÆSON=SÆSON,2026-01-01,21308.0
DST:FIKS22:BRANCHE07=M:BELØB=1:SÆSON=SÆSON,2026-02-01,19502.0
DST:FIKS22:BRANCHE07=M:BELØB=1:SÆSON=SÆSON,2026-03-01,19989.0
DST:FIKS22:BRANCHE07=M:BELØB=3:SÆSON=EJSÆSON,2009-01-01,6022.0
DST:FIKS22:BRANCHE07=M:BELØB=3:SÆSON=EJSÆSON,2009-02-01,5951.0
DST:FIKS22:BRANCHE07=M:BELØB=3:SÆSON=EJSÆSON,2009-03-01,7139.0
DST:FIKS22:BRANCHE07=M:BELØB=3:SÆSON=EJSÆSON,2009-04-01,5745.0
DST:FIKS22:BRANCHE07=M:BELØB=3:SÆSON=EJSÆSON,2009-05-01,5439.0
DST:FIKS22:BRANCHE07=M:BELØB=3:SÆSON=EJSÆSON,2009-06-01,7102.0
DST:FIKS22:BRANCHE07=M:BELØB=3:SÆSON=EJSÆSON,2009-07-01,5613.0
DST:FIKS22:BRANCHE07=M:BELØB=3:SÆSON=EJSÆSON,2009-08-01,5240.0
DST:FIKS22:BRANCHE07=M:BELØB=3:SÆSON=EJSÆSON,2009-09-01,6079.0
DST:FIKS22:BRANCHE07=M:BELØB=3:SÆSON=EJSÆSON,2009-10-01,7239.0
DST:FIKS22:BRANCHE07=M:BELØB=3:SÆSON=EJSÆSON,2009-11-01,6276.0
DST:FIKS22:BRANCHE07=M:BELØB=3:SÆSON=EJSÆSON,2009-12-01,7659.0
DST:FIKS22:BRANCHE07=M:BELØB=3:SÆSON=EJSÆSON,2010-01-01,5977.0
DST:FIKS22:BRANCHE07=M:BELØB=3:SÆSON=EJSÆSON,2010-02-01,5894.0
DST:FIKS22:BRANCHE07=M:BELØB=3:SÆSON=EJSÆSON,2010-03-01,7169.0
DST:FIKS22:BRANCHE07=M:BELØB=3:SÆSON=EJSÆSON,2010-04-01,5519.0
DST:FIKS22:BRANCHE07=M:BELØB=3:SÆSON=EJSÆSON,2010-05-01,5163.0
DST:FIKS22:BRANCHE07=M:BELØB=3:SÆSON=EJSÆSON,2010-06-01,6221.0
DST:FIKS22:BRANCHE07=M:BELØB=3:SÆSON=EJSÆSON,2010-07-01,5173.0
DST:FIKS22:BRANCHE07=M:BELØB=3:SÆSON=EJSÆSON,2010-08-01,5365.0
DST:FIKS22:BRANCHE07=M:BELØB=3:SÆSON=EJSÆSON,2010-09-01,6658.0
DST:FIKS22:BRANCHE07=M:BELØB=3:SÆSON=EJSÆSON,2010-10-01,6551.0
DST:FIKS22:BRANCHE07=M:BELØB=3:SÆSON=EJSÆSON,2010-11-01,6391.0
DST:FIKS22:BRANCHE07=M:BELØB=3:SÆSON=EJSÆSON,2010-12-01,8080.0
DST:FIKS22:BRANCHE07=M:BELØB=3:SÆSON=EJSÆSON,2011-01-01,5201.0
DST:FIKS22:BRANCHE07=M:BELØB=3:SÆSON=EJSÆSON,2011-02-01,5067.0
DST:FIKS22:BRANCHE07=M:BELØB=3:SÆSON=EJSÆSON,2011-03-01,6322.0
DST:FIKS22:BRANCHE07=M:BELØB=3:SÆSON=EJSÆSON,2011-04-01,5795.0
DST:FIKS22:BRANCHE07=M:BELØB=3:SÆSON=EJSÆSON,2011-05-01,5808.0
DST:FIKS22:BRANCHE07=M:BELØB=3:SÆSON=EJSÆSON,2011-06-01,6214.0
DST:FIKS22:BRANCHE07=M:BELØB=3:SÆSON=EJSÆSON,2011-07-01,5248.0
DST:FIKS22:BRANCHE07=M:BELØB=3:SÆSON=EJSÆSON,2011-08-01,5325.0
DST:FIKS22:BRANCHE07=M:BELØB=3:SÆSON=EJSÆSON,2011-09-01,6004.0
DST:FIKS22:BRANCHE07=M:BELØB=3:SÆSON=EJSÆSON,2011-10-01,6331.0
DST:FIKS22:BRANCHE07=M:BELØB=3:SÆSON=EJSÆSON,2011-11-01,6512.0
DST:FIKS22:BRANCHE07=M:BELØB=3:SÆSON=EJSÆSON,2011-12-01,9272.0
DST:FIKS22:BRANCHE07=M:BELØB=3:SÆSON=EJSÆSON,2012-01-01,6553.0
DST:FIKS22:BRANCHE07=M:BELØB=3:SÆSON=EJSÆSON,2012-02-01,5961.0
DST:FIKS22:BRANCHE07=M:BELØB=3:SÆSON=EJSÆSON,2012-03-01,6957.0
DST:FIKS22:BRANCHE07=M:BELØB=3:SÆSON=EJSÆSON,2012-04-01,6600.0
DST:FIKS22:BRANCHE07=M:BELØB=3:SÆSON=EJSÆSON,2012-05-01,6605.0
DST:FIKS22:BRANCHE07=M:BELØB=3:SÆSON=EJSÆSON,2012-06-01,6819.0
DST:FIKS22:BRANCHE07=M:BELØB=3:SÆSON=EJSÆSON,2012-07-01,5884.0
DST:FIKS22:BRANCHE07=M:BELØB=3:SÆSON=EJSÆSON,2012-08-01,6022.0
DST:FIKS22:BRANCHE07=M:BELØB=3:SÆSON=EJSÆSON,2012-09-01,6232.0
DST:FIKS22:BRANCHE07=M:BELØB=3:SÆSON=EJSÆSON,2012-10-01,7956.0
DST:FIKS22:BRANCHE07=M:BELØB=3:SÆSON=EJSÆSON,2012-11-01,7204.0
DST:FIKS22:BRANCHE07=M:BELØB=3:SÆSON=EJSÆSON,2012-12-01,9281.0
DST:FIKS22:BRANCHE07=M:BELØB=3:SÆSON=EJSÆSON,2013-01-01,6714.0
DST:FIKS22:BRANCHE07=M:BELØB=3:SÆSON=EJSÆSON,2013-02-01,6278.0
DST:FIKS22:BRANCHE07=M:BELØB=3:SÆSON=EJSÆSON,2013-03-01,7065.0
DST:FIKS22:BRANCHE07=M:BELØB=3:SÆSON=EJSÆSON,2013-04-01,7691.0
DST:FIKS22:BRANCHE07=M:BELØB=3:SÆSON=EJSÆSON,2013-05-01,7038.0
DST:FIKS22:BRANCHE07=M:BELØB=3:SÆSON=EJSÆSON,2013-06-01,7339.0
DST:FIKS22:BRANCHE07=M:BELØB=3:SÆSON=EJSÆSON,2013-07-01,6487.0
DST:FIKS22:BRANCHE07=M:BELØB=3:SÆSON=EJSÆSON,2013-08-01,6274.0
DST:FIKS22:BRANCHE07=M:BELØB=3:SÆSON=EJSÆSON,2013-09-01,7307.0
DST:FIKS22:BRANCHE07=M:BELØB=3:SÆSON=EJSÆSON,2013-10-01,8018.0
DST:FIKS22:BRANCHE07=M:BELØB=3:SÆSON=EJSÆSON,2013-11-01,7925.0
DST:FIKS22:BRANCHE07=M:BELØB=3:SÆSON=EJSÆSON,2013-12-01,9852.0
DST:FIKS22:BRANCHE07=M:BELØB=3:SÆSON=EJSÆSON,2014-01-01,7193.0
DST:FIKS22:BRANCHE07=M:BELØB=3:SÆSON=EJSÆSON,2014-02-01,6584.0
DST:FIKS22:BRANCHE07=M:BELØB=3:SÆSON=EJSÆSON,2014-03-01,7578.0
DST:FIKS22:BRANCHE07=M:BELØB=3:SÆSON=EJSÆSON,2014-04-01,7633.0
DST:FIKS22:BRANCHE07=M:BELØB=3:SÆSON=EJSÆSON,2014-05-01,6792.0
DST:FIKS22:BRANCHE07=M:BELØB=3:SÆSON=EJSÆSON,2014-06-01,7477.0
DST:FIKS22:BRANCHE07=M:BELØB=3:SÆSON=EJSÆSON,2014-07-01,6238.0
DST:FIKS22:BRANCHE07=M:BELØB=3:SÆSON=EJSÆSON,2014-08-01,6089.0
DST:FIKS22:BRANCHE07=M:BELØB=3:SÆSON=EJSÆSON,2014-09-01,7681.0
DST:FIKS22:BRANCHE07=M:BELØB=3:SÆSON=EJSÆSON,2014-10-01,8490.0
DST:FIKS22:BRANCHE07=M:BELØB=3:SÆSON=EJSÆSON,2014-11-01,8041.0
DST:FIKS22:BRANCHE07=M:BELØB=3:SÆSON=EJSÆSON,2014-12-01,10473.0
DST:FIKS22:BRANCHE07=M:BELØB=3:SÆSON=EJSÆSON,2015-01-01,7296.0
DST:FIKS22:BRANCHE07=M:BELØB=3:SÆSON=EJSÆSON,2015-02-01,7442.0
DST:FIKS22:BRANCHE07=M:BELØB=3:SÆSON=EJSÆSON,2015-03-01,7978.0
DST:FIKS22:BRANCHE07=M:BELØB=3:SÆSON=EJSÆSON,2015-04-01,7873.0
DST:FIKS22:BRANCHE07=M:BELØB=3:SÆSON=EJSÆSON,2015-05-01,7056.0
DST:FIKS22:BRANCHE07=M:BELØB=3:SÆSON=EJSÆSON,2015-06-01,7976.0
DST:FIKS22:BRANCHE07=M:BELØB=3:SÆSON=EJSÆSON,2015-07-01,6693.0
DST:FIKS22:BRANCHE07=M:BELØB=3:SÆSON=EJSÆSON,2015-08-01,6115.0
DST:FIKS22:BRANCHE07=M:BELØB=3:SÆSON=EJSÆSON,2015-09-01,7899.0
DST:FIKS22:BRANCHE07=M:BELØB=3:SÆSON=EJSÆSON,2015-10-01,7982.0
DST:FIKS22:BRANCHE07=M:BELØB=3:SÆSON=EJSÆSON,2015-11-01,8362.0
DST:FIKS22:BRANCHE07=M:BELØB=3:SÆSON=EJSÆSON,2015-12-01,10529.0
DST:FIKS22:BRANCHE07=M:BELØB=3:SÆSON=EJSÆSON,2016-01-01,7397.0
DST:FIKS22:BRANCHE07=M:BELØB=3:SÆSON=EJSÆSON,2016-02-01,7278.0
DST:FIKS22:BRANCHE07=M:BELØB=3:SÆSON=EJSÆSON,2016-03-01,7720.0
DST:FIKS22:BRANCHE07=M:BELØB=3:SÆSON=EJSÆSON,2016-04-01,8223.0
DST:FIKS22:BRANCHE07=M:BELØB=3:SÆSON=EJSÆSON,2016-05-01,7942.0
DST:FIKS22:BRANCHE07=M:BELØB=3:SÆSON=EJSÆSON,2016-06-01,7945.0
DST:FIKS22:BRANCHE07=M:BELØB=3:SÆSON=EJSÆSON,2016-07-01,6781.0
DST:FIKS22:BRANCHE07=M:BELØB=3:SÆSON=EJSÆSON,2016-08-01,7400.0
DST:FIKS22:BRANCHE07=M:BELØB=3:SÆSON=EJSÆSON,2016-09-01,8590.0
DST:FIKS22:BRANCHE07=M:BELØB=3:SÆSON=EJSÆSON,2016-10-01,9002.0
DST:FIKS22:BRANCHE07=M:BELØB=3:SÆSON=EJSÆSON,2016-11-01,9245.0
DST:FIKS22:BRANCHE07=M:BELØB=3:SÆSON=EJSÆSON,2016-12-01,11727.0
DST:FIKS22:BRANCHE07=M:BELØB=3:SÆSON=EJSÆSON,2017-01-01,8238.0
DST:FIKS22:BRANCHE07=M:BELØB=3:SÆSON=EJSÆSON,2017-02-01,7670.0
DST:FIKS22:BRANCHE07=M:BELØB=3:SÆSON=EJSÆSON,2017-03-01,9390.0
DST:FIKS22:BRANCHE07=M:BELØB=3:SÆSON=EJSÆSON,2017-04-01,8566.0
DST:FIKS22:BRANCHE07=M:BELØB=3:SÆSON=EJSÆSON,2017-05-01,8587.0
DST:FIKS22:BRANCHE07=M:BELØB=3:SÆSON=EJSÆSON,2017-06-01,9197.0
DST:FIKS22:BRANCHE07=M:BELØB=3:SÆSON=EJSÆSON,2017-07-01,6785.0
DST:FIKS22:BRANCHE07=M:BELØB=3:SÆSON=EJSÆSON,2017-08-01,8301.0
DST:FIKS22:BRANCHE07=M:BELØB=3:SÆSON=EJSÆSON,2017-09-01,8934.0
DST:FIKS22:BRANCHE07=M:BELØB=3:SÆSON=EJSÆSON,2017-10-01,9684.0
DST:FIKS22:BRANCHE07=M:BELØB=3:SÆSON=EJSÆSON,2017-11-01,9772.0
DST:FIKS22:BRANCHE07=M:BELØB=3:SÆSON=EJSÆSON,2017-12-01,12948.0
DST:FIKS22:BRANCHE07=M:BELØB=3:SÆSON=EJSÆSON,2018-01-01,8925.0
DST:FIKS22:BRANCHE07=M:BELØB=3:SÆSON=EJSÆSON,2018-02-01,7753.0
DST:FIKS22:BRANCHE07=M:BELØB=3:SÆSON=EJSÆSON,2018-03-01,8685.0
DST:FIKS22:BRANCHE07=M:BELØB=3:SÆSON=EJSÆSON,2018-04-01,9377.0
DST:FIKS22:BRANCHE07=M:BELØB=3:SÆSON=EJSÆSON,2018-05-01,8808.0
DST:FIKS22:BRANCHE07=M:BELØB=3:SÆSON=EJSÆSON,2018-06-01,9643.0
DST:FIKS22:BRANCHE07=M:BELØB=3:SÆSON=EJSÆSON,2018-07-01,8371.0
DST:FIKS22:BRANCHE07=M:BELØB=3:SÆSON=EJSÆSON,2018-08-01,8379.0
DST:FIKS22:BRANCHE07=M:BELØB=3:SÆSON=EJSÆSON,2018-09-01,9248.0
DST:FIKS22:BRANCHE07=M:BELØB=3:SÆSON=EJSÆSON,2018-10-01,10823.0
DST:FIKS22:BRANCHE07=M:BELØB=3:SÆSON=EJSÆSON,2018-11-01,9953.0
DST:FIKS22:BRANCHE07=M:BELØB=3:SÆSON=EJSÆSON,2018-12-01,12334.0
DST:FIKS22:BRANCHE07=M:BELØB=3:SÆSON=EJSÆSON,2019-01-01,10237.0
DST:FIKS22:BRANCHE07=M:BELØB=3:SÆSON=EJSÆSON,2019-02-01,9323.0
DST:FIKS22:BRANCHE07=M:BELØB=3:SÆSON=EJSÆSON,2019-03-01,10668.0
DST:FIKS22:BRANCHE07=M:BELØB=3:SÆSON=EJSÆSON,2019-04-01,10716.0
DST:FIKS22:BRANCHE07=M:BELØB=3:SÆSON=EJSÆSON,2019-05-01,9876.0
DST:FIKS22:BRANCHE07=M:BELØB=3:SÆSON=EJSÆSON,2019-06-01,10318.0
DST:FIKS22:BRANCHE07=M:BELØB=3:SÆSON=EJSÆSON,2019-07-01,9608.0
DST:FIKS22:BRANCHE07=M:BELØB=3:SÆSON=EJSÆSON,2019-08-01,9535.0
DST:FIKS22:BRANCHE07=M:BELØB=3:SÆSON=EJSÆSON,2019-09-01,10884.0
DST:FIKS22:BRANCHE07=M:BELØB=3:SÆSON=EJSÆSON,2019-10-01,12064.0
DST:FIKS22:BRANCHE07=M:BELØB=3:SÆSON=EJSÆSON,2019-11-01,11240.0
DST:FIKS22:BRANCHE07=M:BELØB=3:SÆSON=EJSÆSON,2019-12-01,14566.0
DST:FIKS22:BRANCHE07=M:BELØB=3:SÆSON=EJSÆSON,2020-01-01,10989.0
DST:FIKS22:BRANCHE07=M:BELØB=3:SÆSON=EJSÆSON,2020-02-01,10280.0
DST:FIKS22:BRANCHE07=M:BELØB=3:SÆSON=EJSÆSON,2020-03-01,11443.0
DST:FIKS22:BRANCHE07=M:BELØB=3:SÆSON=EJSÆSON,2020-04-01,10693.0
DST:FIKS22:BRANCHE07=M:BELØB=3:SÆSON=EJSÆSON,2020-05-01,8431.0
DST:FIKS22:BRANCHE07=M:BELØB=3:SÆSON=EJSÆSON,2020-06-01,10736.0
DST:FIKS22:BRANCHE07=M:BELØB=3:SÆSON=EJSÆSON,2020-07-01,9001.0
DST:FIKS22:BRANCHE07=M:BELØB=3:SÆSON=EJSÆSON,2020-08-01,9573.0
DST:FIKS22:BRANCHE07=M:BELØB=3:SÆSON=EJSÆSON,2020-09-01,11725.0
DST:FIKS22:BRANCHE07=M:BELØB=3:SÆSON=EJSÆSON,2020-10-01,11631.0
DST:FIKS22:BRANCHE07=M:BELØB=3:SÆSON=EJSÆSON,2020-11-01,11693.0
DST:FIKS22:BRANCHE07=M:BELØB=3:SÆSON=EJSÆSON,2020-12-01,15655.0
DST:FIKS22:BRANCHE07=M:BELØB=3:SÆSON=EJSÆSON,2021-01-01,10748.0
DST:FIKS22:BRANCHE07=M:BELØB=3:SÆSON=EJSÆSON,2021-02-01,9647.0
DST:FIKS22:BRANCHE07=M:BELØB=3:SÆSON=EJSÆSON,2021-03-01,12503.0
DST:FIKS22:BRANCHE07=M:BELØB=3:SÆSON=EJSÆSON,2021-04-01,11988.0
DST:FIKS22:BRANCHE07=M:BELØB=3:SÆSON=EJSÆSON,2021-05-01,12180.0
DST:FIKS22:BRANCHE07=M:BELØB=3:SÆSON=EJSÆSON,2021-06-01,13637.0
DST:FIKS22:BRANCHE07=M:BELØB=3:SÆSON=EJSÆSON,2021-07-01,12129.0
DST:FIKS22:BRANCHE07=M:BELØB=3:SÆSON=EJSÆSON,2021-08-01,11327.0
DST:FIKS22:BRANCHE07=M:BELØB=3:SÆSON=EJSÆSON,2021-09-01,13720.0
DST:FIKS22:BRANCHE07=M:BELØB=3:SÆSON=EJSÆSON,2021-10-01,14587.0
DST:FIKS22:BRANCHE07=M:BELØB=3:SÆSON=EJSÆSON,2021-11-01,13762.0
DST:FIKS22:BRANCHE07=M:BELØB=3:SÆSON=EJSÆSON,2021-12-01,19547.0
DST:FIKS22:BRANCHE07=M:BELØB=3:SÆSON=EJSÆSON,2022-01-01,11154.0
DST:FIKS22:BRANCHE07=M:BELØB=3:SÆSON=EJSÆSON,2022-02-01,10858.0
DST:FIKS22:BRANCHE07=M:BELØB=3:SÆSON=EJSÆSON,2022-03-01,14148.0
DST:FIKS22:BRANCHE07=M:BELØB=3:SÆSON=EJSÆSON,2022-04-01,12097.0
DST:FIKS22:BRANCHE07=M:BELØB=3:SÆSON=EJSÆSON,2022-05-01,12399.0
DST:FIKS22:BRANCHE07=M:BELØB=3:SÆSON=EJSÆSON,2022-06-01,14375.0
DST:FIKS22:BRANCHE07=M:BELØB=3:SÆSON=EJSÆSON,2022-07-01,11174.0
DST:FIKS22:BRANCHE07=M:BELØB=3:SÆSON=EJSÆSON,2022-08-01,12621.0
DST:FIKS22:BRANCHE07=M:BELØB=3:SÆSON=EJSÆSON,2022-09-01,14426.0
DST:FIKS22:BRANCHE07=M:BELØB=3:SÆSON=EJSÆSON,2022-10-01,14834.0
DST:FIKS22:BRANCHE07=M:BELØB=3:SÆSON=EJSÆSON,2022-11-01,15103.0
DST:FIKS22:BRANCHE07=M:BELØB=3:SÆSON=EJSÆSON,2022-12-01,20236.0
DST:FIKS22:BRANCHE07=M:BELØB=3:SÆSON=EJSÆSON,2023-01-01,14329.0
DST:FIKS22:BRANCHE07=M:BELØB=3:SÆSON=EJSÆSON,2023-02-01,12804.0
DST:FIKS22:BRANCHE07=M:BELØB=3:SÆSON=EJSÆSON,2023-03-01,16412.0
DST:FIKS22:BRANCHE07=M:BELØB=3:SÆSON=EJSÆSON,2023-04-01,13674.0
DST:FIKS22:BRANCHE07=M:BELØB=3:SÆSON=EJSÆSON,2023-05-01,13245.0
DST:FIKS22:BRANCHE07=M:BELØB=3:SÆSON=EJSÆSON,2023-06-01,15358.0
DST:FIKS22:BRANCHE07=M:BELØB=3:SÆSON=EJSÆSON,2023-07-01,11878.0
DST:FIKS22:BRANCHE07=M:BELØB=3:SÆSON=EJSÆSON,2023-08-01,12053.0
DST:FIKS22:BRANCHE07=M:BELØB=3:SÆSON=EJSÆSON,2023-09-01,15531.0
DST:FIKS22:BRANCHE07=M:BELØB=3:SÆSON=EJSÆSON,2023-10-01,16617.0
DST:FIKS22:BRANCHE07=M:BELØB=3:SÆSON=EJSÆSON,2023-11-01,14703.0
DST:FIKS22:BRANCHE07=M:BELØB=3:SÆSON=EJSÆSON,2023-12-01,17841.0
DST:FIKS22:BRANCHE07=M:BELØB=3:SÆSON=EJSÆSON,2024-01-01,17378.0
DST:FIKS22:BRANCHE07=M:BELØB=3:SÆSON=EJSÆSON,2024-02-01,13629.0
DST:FIKS22:BRANCHE07=M:BELØB=3:SÆSON=EJSÆSON,2024-03-01,14450.0
DST:FIKS22:BRANCHE07=M:BELØB=3:SÆSON=EJSÆSON,2024-04-01,15592.0
DST:FIKS22:BRANCHE07=M:BELØB=3:SÆSON=EJSÆSON,2024-05-01,14408.0
DST:FIKS22:BRANCHE07=M:BELØB=3:SÆSON=EJSÆSON,2024-06-01,14992.0
DST:FIKS22:BRANCHE07=M:BELØB=3:SÆSON=EJSÆSON,2024-07-01,14816.0
DST:FIKS22:BRANCHE07=M:BELØB=3:SÆSON=EJSÆSON,2024-08-01,12600.0
DST:FIKS22:BRANCHE07=M:BELØB=3:SÆSON=EJSÆSON,2024-09-01,14771.0
DST:FIKS22:BRANCHE07=M:BELØB=3:SÆSON=EJSÆSON,2024-10-01,17626.0
DST:FIKS22:BRANCHE07=M:BELØB=3:SÆSON=EJSÆSON,2024-11-01,15568.0
DST:FIKS22:BRANCHE07=M:BELØB=3:SÆSON=EJSÆSON,2024-12-01,33646.0
DST:FIKS22:BRANCHE07=M:BELØB=3:SÆSON=EJSÆSON,2025-01-01,18574.0
DST:FIKS22:BRANCHE07=M:BELØB=3:SÆSON=EJSÆSON,2025-02-01,12709.0
DST:FIKS22:BRANCHE07=M:BELØB=3:SÆSON=EJSÆSON,2025-03-01,15645.0
DST:FIKS22:BRANCHE07=M:BELØB=3:SÆSON=EJSÆSON,2025-04-01,14760.0
DST:FIKS22:BRANCHE07=M:BELØB=3:SÆSON=EJSÆSON,2025-05-01,17801.0
DST:FIKS22:BRANCHE07=M:BELØB=3:SÆSON=EJSÆSON,2025-06-01,15120.0
DST:FIKS22:BRANCHE07=M:BELØB=3:SÆSON=EJSÆSON,2025-07-01,15366.0
DST:FIKS22:BRANCHE07=M:BELØB=3:SÆSON=EJSÆSON,2025-08-01,14022.0
DST:FIKS22:BRANCHE07=M:BELØB=3:SÆSON=EJSÆSON,2025-09-01,14448.0
DST:FIKS22:BRANCHE07=M:BELØB=3:SÆSON=EJSÆSON,2025-10-01,20807.0
DST:FIKS22:BRANCHE07=M:BELØB=3:SÆSON=EJSÆSON,2025-11-01,17112.0
DST:FIKS22:BRANCHE07=M:BELØB=3:SÆSON=EJSÆSON,2025-12-01,22530.0
DST:FIKS22:BRANCHE07=M:BELØB=3:SÆSON=EJSÆSON,2026-01-01,18557.0
DST:FIKS22:BRANCHE07=M:BELØB=3:SÆSON=EJSÆSON,2026-02-01,17552.0
DST:FIKS22:BRANCHE07=M:BELØB=3:SÆSON=EJSÆSON,2026-03-01,19195.0
DST:FIKS22:BRANCHE07=M:BELØB=3:SÆSON=SÆSON,2009-01-01,6355.0
DST:FIKS22:BRANCHE07=M:BELØB=3:SÆSON=SÆSON,2009-02-01,6594.0
DST:FIKS22:BRANCHE07=M:BELØB=3:SÆSON=SÆSON,2009-03-01,6553.0
DST:FIKS22:BRANCHE07=M:BELØB=3:SÆSON=SÆSON,2009-04-01,5953.0
DST:FIKS22:BRANCHE07=M:BELØB=3:SÆSON=SÆSON,2009-05-01,6131.0
DST:FIKS22:BRANCHE07=M:BELØB=3:SÆSON=SÆSON,2009-06-01,6997.0
DST:FIKS22:BRANCHE07=M:BELØB=3:SÆSON=SÆSON,2009-07-01,6345.0
DST:FIKS22:BRANCHE07=M:BELØB=3:SÆSON=SÆSON,2009-08-01,6258.0
DST:FIKS22:BRANCHE07=M:BELØB=3:SÆSON=SÆSON,2009-09-01,6146.0
DST:FIKS22:BRANCHE07=M:BELØB=3:SÆSON=SÆSON,2009-10-01,6600.0
DST:FIKS22:BRANCHE07=M:BELØB=3:SÆSON=SÆSON,2009-11-01,6302.0
DST:FIKS22:BRANCHE07=M:BELØB=3:SÆSON=SÆSON,2009-12-01,5522.0
DST:FIKS22:BRANCHE07=M:BELØB=3:SÆSON=SÆSON,2010-01-01,6536.0
DST:FIKS22:BRANCHE07=M:BELØB=3:SÆSON=SÆSON,2010-02-01,6559.0
DST:FIKS22:BRANCHE07=M:BELØB=3:SÆSON=SÆSON,2010-03-01,6436.0
DST:FIKS22:BRANCHE07=M:BELØB=3:SÆSON=SÆSON,2010-04-01,5837.0
DST:FIKS22:BRANCHE07=M:BELØB=3:SÆSON=SÆSON,2010-05-01,5793.0
DST:FIKS22:BRANCHE07=M:BELØB=3:SÆSON=SÆSON,2010-06-01,5853.0
DST:FIKS22:BRANCHE07=M:BELØB=3:SÆSON=SÆSON,2010-07-01,5921.0
DST:FIKS22:BRANCHE07=M:BELØB=3:SÆSON=SÆSON,2010-08-01,6201.0
DST:FIKS22:BRANCHE07=M:BELØB=3:SÆSON=SÆSON,2010-09-01,6858.0
DST:FIKS22:BRANCHE07=M:BELØB=3:SÆSON=SÆSON,2010-10-01,6154.0
DST:FIKS22:BRANCHE07=M:BELØB=3:SÆSON=SÆSON,2010-11-01,6096.0
DST:FIKS22:BRANCHE07=M:BELØB=3:SÆSON=SÆSON,2010-12-01,5692.0
DST:FIKS22:BRANCHE07=M:BELØB=3:SÆSON=SÆSON,2011-01-01,5630.0
DST:FIKS22:BRANCHE07=M:BELØB=3:SÆSON=SÆSON,2011-02-01,5675.0
DST:FIKS22:BRANCHE07=M:BELØB=3:SÆSON=SÆSON,2011-03-01,5659.0
DST:FIKS22:BRANCHE07=M:BELØB=3:SÆSON=SÆSON,2011-04-01,5958.0
DST:FIKS22:BRANCHE07=M:BELØB=3:SÆSON=SÆSON,2011-05-01,6160.0
DST:FIKS22:BRANCHE07=M:BELØB=3:SÆSON=SÆSON,2011-06-01,6183.0
DST:FIKS22:BRANCHE07=M:BELØB=3:SÆSON=SÆSON,2011-07-01,6225.0
DST:FIKS22:BRANCHE07=M:BELØB=3:SÆSON=SÆSON,2011-08-01,6055.0
DST:FIKS22:BRANCHE07=M:BELØB=3:SÆSON=SÆSON,2011-09-01,6069.0
DST:FIKS22:BRANCHE07=M:BELØB=3:SÆSON=SÆSON,2011-10-01,6050.0
DST:FIKS22:BRANCHE07=M:BELØB=3:SÆSON=SÆSON,2011-11-01,6165.0
DST:FIKS22:BRANCHE07=M:BELØB=3:SÆSON=SÆSON,2011-12-01,6639.0
DST:FIKS22:BRANCHE07=M:BELØB=3:SÆSON=SÆSON,2012-01-01,6755.0
DST:FIKS22:BRANCHE07=M:BELØB=3:SÆSON=SÆSON,2012-02-01,6499.0
DST:FIKS22:BRANCHE07=M:BELØB=3:SÆSON=SÆSON,2012-03-01,6426.0
DST:FIKS22:BRANCHE07=M:BELØB=3:SÆSON=SÆSON,2012-04-01,6918.0
DST:FIKS22:BRANCHE07=M:BELØB=3:SÆSON=SÆSON,2012-05-01,7074.0
DST:FIKS22:BRANCHE07=M:BELØB=3:SÆSON=SÆSON,2012-06-01,6779.0
DST:FIKS22:BRANCHE07=M:BELØB=3:SÆSON=SÆSON,2012-07-01,6884.0
DST:FIKS22:BRANCHE07=M:BELØB=3:SÆSON=SÆSON,2012-08-01,6966.0
DST:FIKS22:BRANCHE07=M:BELØB=3:SÆSON=SÆSON,2012-09-01,6581.0
DST:FIKS22:BRANCHE07=M:BELØB=3:SÆSON=SÆSON,2012-10-01,7217.0
DST:FIKS22:BRANCHE07=M:BELØB=3:SÆSON=SÆSON,2012-11-01,6823.0
DST:FIKS22:BRANCHE07=M:BELØB=3:SÆSON=SÆSON,2012-12-01,7313.0
DST:FIKS22:BRANCHE07=M:BELØB=3:SÆSON=SÆSON,2013-01-01,7032.0
DST:FIKS22:BRANCHE07=M:BELØB=3:SÆSON=SÆSON,2013-02-01,7110.0
DST:FIKS22:BRANCHE07=M:BELØB=3:SÆSON=SÆSON,2013-03-01,7411.0
DST:FIKS22:BRANCHE07=M:BELØB=3:SÆSON=SÆSON,2013-04-01,7221.0
DST:FIKS22:BRANCHE07=M:BELØB=3:SÆSON=SÆSON,2013-05-01,7308.0
DST:FIKS22:BRANCHE07=M:BELØB=3:SÆSON=SÆSON,2013-06-01,7362.0
DST:FIKS22:BRANCHE07=M:BELØB=3:SÆSON=SÆSON,2013-07-01,7481.0
DST:FIKS22:BRANCHE07=M:BELØB=3:SÆSON=SÆSON,2013-08-01,7385.0
DST:FIKS22:BRANCHE07=M:BELØB=3:SÆSON=SÆSON,2013-09-01,7607.0
DST:FIKS22:BRANCHE07=M:BELØB=3:SÆSON=SÆSON,2013-10-01,7239.0
DST:FIKS22:BRANCHE07=M:BELØB=3:SÆSON=SÆSON,2013-11-01,7550.0
DST:FIKS22:BRANCHE07=M:BELØB=3:SÆSON=SÆSON,2013-12-01,7341.0
DST:FIKS22:BRANCHE07=M:BELØB=3:SÆSON=SÆSON,2014-01-01,7446.0
DST:FIKS22:BRANCHE07=M:BELØB=3:SÆSON=SÆSON,2014-02-01,7463.0
DST:FIKS22:BRANCHE07=M:BELØB=3:SÆSON=SÆSON,2014-03-01,7424.0
DST:FIKS22:BRANCHE07=M:BELØB=3:SÆSON=SÆSON,2014-04-01,7514.0
DST:FIKS22:BRANCHE07=M:BELØB=3:SÆSON=SÆSON,2014-05-01,7200.0
DST:FIKS22:BRANCHE07=M:BELØB=3:SÆSON=SÆSON,2014-06-01,7646.0
DST:FIKS22:BRANCHE07=M:BELØB=3:SÆSON=SÆSON,2014-07-01,7171.0
DST:FIKS22:BRANCHE07=M:BELØB=3:SÆSON=SÆSON,2014-08-01,7390.0
DST:FIKS22:BRANCHE07=M:BELØB=3:SÆSON=SÆSON,2014-09-01,7564.0
DST:FIKS22:BRANCHE07=M:BELØB=3:SÆSON=SÆSON,2014-10-01,7805.0
DST:FIKS22:BRANCHE07=M:BELØB=3:SÆSON=SÆSON,2014-11-01,7871.0
DST:FIKS22:BRANCHE07=M:BELØB=3:SÆSON=SÆSON,2014-12-01,7760.0
DST:FIKS22:BRANCHE07=M:BELØB=3:SÆSON=SÆSON,2015-01-01,7642.0
DST:FIKS22:BRANCHE07=M:BELØB=3:SÆSON=SÆSON,2015-02-01,8425.0
DST:FIKS22:BRANCHE07=M:BELØB=3:SÆSON=SÆSON,2015-03-01,7568.0
DST:FIKS22:BRANCHE07=M:BELØB=3:SÆSON=SÆSON,2015-04-01,7926.0
DST:FIKS22:BRANCHE07=M:BELØB=3:SÆSON=SÆSON,2015-05-01,7874.0
DST:FIKS22:BRANCHE07=M:BELØB=3:SÆSON=SÆSON,2015-06-01,7666.0
DST:FIKS22:BRANCHE07=M:BELØB=3:SÆSON=SÆSON,2015-07-01,7808.0
DST:FIKS22:BRANCHE07=M:BELØB=3:SÆSON=SÆSON,2015-08-01,7505.0
DST:FIKS22:BRANCHE07=M:BELØB=3:SÆSON=SÆSON,2015-09-01,7739.0
DST:FIKS22:BRANCHE07=M:BELØB=3:SÆSON=SÆSON,2015-10-01,7390.0
DST:FIKS22:BRANCHE07=M:BELØB=3:SÆSON=SÆSON,2015-11-01,8096.0
DST:FIKS22:BRANCHE07=M:BELØB=3:SÆSON=SÆSON,2015-12-01,7683.0
DST:FIKS22:BRANCHE07=M:BELØB=3:SÆSON=SÆSON,2016-01-01,8016.0
DST:FIKS22:BRANCHE07=M:BELØB=3:SÆSON=SÆSON,2016-02-01,7975.0
DST:FIKS22:BRANCHE07=M:BELØB=3:SÆSON=SÆSON,2016-03-01,7984.0
DST:FIKS22:BRANCHE07=M:BELØB=3:SÆSON=SÆSON,2016-04-01,7690.0
DST:FIKS22:BRANCHE07=M:BELØB=3:SÆSON=SÆSON,2016-05-01,8394.0
DST:FIKS22:BRANCHE07=M:BELØB=3:SÆSON=SÆSON,2016-06-01,7524.0
DST:FIKS22:BRANCHE07=M:BELØB=3:SÆSON=SÆSON,2016-07-01,8168.0
DST:FIKS22:BRANCHE07=M:BELØB=3:SÆSON=SÆSON,2016-08-01,8505.0
DST:FIKS22:BRANCHE07=M:BELØB=3:SÆSON=SÆSON,2016-09-01,8471.0
DST:FIKS22:BRANCHE07=M:BELØB=3:SÆSON=SÆSON,2016-10-01,8715.0
DST:FIKS22:BRANCHE07=M:BELØB=3:SÆSON=SÆSON,2016-11-01,8527.0
DST:FIKS22:BRANCHE07=M:BELØB=3:SÆSON=SÆSON,2016-12-01,8538.0
DST:FIKS22:BRANCHE07=M:BELØB=3:SÆSON=SÆSON,2017-01-01,8359.0
DST:FIKS22:BRANCHE07=M:BELØB=3:SÆSON=SÆSON,2017-02-01,8658.0
DST:FIKS22:BRANCHE07=M:BELØB=3:SÆSON=SÆSON,2017-03-01,8834.0
DST:FIKS22:BRANCHE07=M:BELØB=3:SÆSON=SÆSON,2017-04-01,8972.0
DST:FIKS22:BRANCHE07=M:BELØB=3:SÆSON=SÆSON,2017-05-01,9045.0
DST:FIKS22:BRANCHE07=M:BELØB=3:SÆSON=SÆSON,2017-06-01,8803.0
DST:FIKS22:BRANCHE07=M:BELØB=3:SÆSON=SÆSON,2017-07-01,8272.0
DST:FIKS22:BRANCHE07=M:BELØB=3:SÆSON=SÆSON,2017-08-01,9410.0
DST:FIKS22:BRANCHE07=M:BELØB=3:SÆSON=SÆSON,2017-09-01,8911.0
DST:FIKS22:BRANCHE07=M:BELØB=3:SÆSON=SÆSON,2017-10-01,9022.0
DST:FIKS22:BRANCHE07=M:BELØB=3:SÆSON=SÆSON,2017-11-01,9310.0
DST:FIKS22:BRANCHE07=M:BELØB=3:SÆSON=SÆSON,2017-12-01,10186.0
DST:FIKS22:BRANCHE07=M:BELØB=3:SÆSON=SÆSON,2018-01-01,8967.0
DST:FIKS22:BRANCHE07=M:BELØB=3:SÆSON=SÆSON,2018-02-01,8749.0
DST:FIKS22:BRANCHE07=M:BELØB=3:SÆSON=SÆSON,2018-03-01,9014.0
DST:FIKS22:BRANCHE07=M:BELØB=3:SÆSON=SÆSON,2018-04-01,9275.0
DST:FIKS22:BRANCHE07=M:BELØB=3:SÆSON=SÆSON,2018-05-01,9103.0
DST:FIKS22:BRANCHE07=M:BELØB=3:SÆSON=SÆSON,2018-06-01,9698.0
DST:FIKS22:BRANCHE07=M:BELØB=3:SÆSON=SÆSON,2018-07-01,9793.0
DST:FIKS22:BRANCHE07=M:BELØB=3:SÆSON=SÆSON,2018-08-01,9595.0
DST:FIKS22:BRANCHE07=M:BELØB=3:SÆSON=SÆSON,2018-09-01,9521.0
DST:FIKS22:BRANCHE07=M:BELØB=3:SÆSON=SÆSON,2018-10-01,9854.0
DST:FIKS22:BRANCHE07=M:BELØB=3:SÆSON=SÆSON,2018-11-01,9461.0
DST:FIKS22:BRANCHE07=M:BELØB=3:SÆSON=SÆSON,2018-12-01,9848.0
DST:FIKS22:BRANCHE07=M:BELØB=3:SÆSON=SÆSON,2019-01-01,10423.0
DST:FIKS22:BRANCHE07=M:BELØB=3:SÆSON=SÆSON,2019-02-01,10517.0
DST:FIKS22:BRANCHE07=M:BELØB=3:SÆSON=SÆSON,2019-03-01,10350.0
DST:FIKS22:BRANCHE07=M:BELØB=3:SÆSON=SÆSON,2019-04-01,10732.0
DST:FIKS22:BRANCHE07=M:BELØB=3:SÆSON=SÆSON,2019-05-01,10553.0
DST:FIKS22:BRANCHE07=M:BELØB=3:SÆSON=SÆSON,2019-06-01,10715.0
DST:FIKS22:BRANCHE07=M:BELØB=3:SÆSON=SÆSON,2019-07-01,10989.0
DST:FIKS22:BRANCHE07=M:BELØB=3:SÆSON=SÆSON,2019-08-01,11019.0
DST:FIKS22:BRANCHE07=M:BELØB=3:SÆSON=SÆSON,2019-09-01,11080.0
DST:FIKS22:BRANCHE07=M:BELØB=3:SÆSON=SÆSON,2019-10-01,10888.0
DST:FIKS22:BRANCHE07=M:BELØB=3:SÆSON=SÆSON,2019-11-01,10949.0
DST:FIKS22:BRANCHE07=M:BELØB=3:SÆSON=SÆSON,2019-12-01,10926.0
DST:FIKS22:BRANCHE07=M:BELØB=3:SÆSON=SÆSON,2020-01-01,10983.0
DST:FIKS22:BRANCHE07=M:BELØB=3:SÆSON=SÆSON,2020-02-01,11324.0
DST:FIKS22:BRANCHE07=M:BELØB=3:SÆSON=SÆSON,2020-03-01,10789.0
DST:FIKS22:BRANCHE07=M:BELØB=3:SÆSON=SÆSON,2020-04-01,11017.0
DST:FIKS22:BRANCHE07=M:BELØB=3:SÆSON=SÆSON,2020-05-01,9378.0
DST:FIKS22:BRANCHE07=M:BELØB=3:SÆSON=SÆSON,2020-06-01,10684.0
DST:FIKS22:BRANCHE07=M:BELØB=3:SÆSON=SÆSON,2020-07-01,10371.0
DST:FIKS22:BRANCHE07=M:BELØB=3:SÆSON=SÆSON,2020-08-01,11622.0
DST:FIKS22:BRANCHE07=M:BELØB=3:SÆSON=SÆSON,2020-09-01,11260.0
DST:FIKS22:BRANCHE07=M:BELØB=3:SÆSON=SÆSON,2020-10-01,10705.0
DST:FIKS22:BRANCHE07=M:BELØB=3:SÆSON=SÆSON,2020-11-01,11811.0
DST:FIKS22:BRANCHE07=M:BELØB=3:SÆSON=SÆSON,2020-12-01,11361.0
DST:FIKS22:BRANCHE07=M:BELØB=3:SÆSON=SÆSON,2021-01-01,11242.0
DST:FIKS22:BRANCHE07=M:BELØB=3:SÆSON=SÆSON,2021-02-01,10881.0
DST:FIKS22:BRANCHE07=M:BELØB=3:SÆSON=SÆSON,2021-03-01,11426.0
DST:FIKS22:BRANCHE07=M:BELØB=3:SÆSON=SÆSON,2021-04-01,12772.0
DST:FIKS22:BRANCHE07=M:BELØB=3:SÆSON=SÆSON,2021-05-01,13564.0
DST:FIKS22:BRANCHE07=M:BELØB=3:SÆSON=SÆSON,2021-06-01,12938.0
DST:FIKS22:BRANCHE07=M:BELØB=3:SÆSON=SÆSON,2021-07-01,14168.0
DST:FIKS22:BRANCHE07=M:BELØB=3:SÆSON=SÆSON,2021-08-01,13361.0
DST:FIKS22:BRANCHE07=M:BELØB=3:SÆSON=SÆSON,2021-09-01,13412.0
DST:FIKS22:BRANCHE07=M:BELØB=3:SÆSON=SÆSON,2021-10-01,13713.0
DST:FIKS22:BRANCHE07=M:BELØB=3:SÆSON=SÆSON,2021-11-01,13275.0
DST:FIKS22:BRANCHE07=M:BELØB=3:SÆSON=SÆSON,2021-12-01,13857.0
DST:FIKS22:BRANCHE07=M:BELØB=3:SÆSON=SÆSON,2022-01-01,11535.0
DST:FIKS22:BRANCHE07=M:BELØB=3:SÆSON=SÆSON,2022-02-01,12272.0
DST:FIKS22:BRANCHE07=M:BELØB=3:SÆSON=SÆSON,2022-03-01,12770.0
DST:FIKS22:BRANCHE07=M:BELØB=3:SÆSON=SÆSON,2022-04-01,12726.0
DST:FIKS22:BRANCHE07=M:BELØB=3:SÆSON=SÆSON,2022-05-01,13501.0
DST:FIKS22:BRANCHE07=M:BELØB=3:SÆSON=SÆSON,2022-06-01,14083.0
DST:FIKS22:BRANCHE07=M:BELØB=3:SÆSON=SÆSON,2022-07-01,13371.0
DST:FIKS22:BRANCHE07=M:BELØB=3:SÆSON=SÆSON,2022-08-01,14677.0
DST:FIKS22:BRANCHE07=M:BELØB=3:SÆSON=SÆSON,2022-09-01,13906.0
DST:FIKS22:BRANCHE07=M:BELØB=3:SÆSON=SÆSON,2022-10-01,13978.0
DST:FIKS22:BRANCHE07=M:BELØB=3:SÆSON=SÆSON,2022-11-01,14576.0
DST:FIKS22:BRANCHE07=M:BELØB=3:SÆSON=SÆSON,2022-12-01,14675.0
DST:FIKS22:BRANCHE07=M:BELØB=3:SÆSON=SÆSON,2023-01-01,14007.0
DST:FIKS22:BRANCHE07=M:BELØB=3:SÆSON=SÆSON,2023-02-01,14481.0
DST:FIKS22:BRANCHE07=M:BELØB=3:SÆSON=SÆSON,2023-03-01,15027.0
DST:FIKS22:BRANCHE07=M:BELØB=3:SÆSON=SÆSON,2023-04-01,15031.0
DST:FIKS22:BRANCHE07=M:BELØB=3:SÆSON=SÆSON,2023-05-01,14357.0
DST:FIKS22:BRANCHE07=M:BELØB=3:SÆSON=SÆSON,2023-06-01,14866.0
DST:FIKS22:BRANCHE07=M:BELØB=3:SÆSON=SÆSON,2023-07-01,14355.0
DST:FIKS22:BRANCHE07=M:BELØB=3:SÆSON=SÆSON,2023-08-01,13980.0
DST:FIKS22:BRANCHE07=M:BELØB=3:SÆSON=SÆSON,2023-09-01,15235.0
DST:FIKS22:BRANCHE07=M:BELØB=3:SÆSON=SÆSON,2023-10-01,14932.0
DST:FIKS22:BRANCHE07=M:BELØB=3:SÆSON=SÆSON,2023-11-01,14523.0
DST:FIKS22:BRANCHE07=M:BELØB=3:SÆSON=SÆSON,2023-12-01,14083.0
DST:FIKS22:BRANCHE07=M:BELØB=3:SÆSON=SÆSON,2024-01-01,16809.0
DST:FIKS22:BRANCHE07=M:BELØB=3:SÆSON=SÆSON,2024-02-01,14826.0
DST:FIKS22:BRANCHE07=M:BELØB=3:SÆSON=SÆSON,2024-03-01,15112.0
DST:FIKS22:BRANCHE07=M:BELØB=3:SÆSON=SÆSON,2024-04-01,15391.0
DST:FIKS22:BRANCHE07=M:BELØB=3:SÆSON=SÆSON,2024-05-01,15133.0
DST:FIKS22:BRANCHE07=M:BELØB=3:SÆSON=SÆSON,2024-06-01,15364.0
DST:FIKS22:BRANCHE07=M:BELØB=3:SÆSON=SÆSON,2024-07-01,16728.0
DST:FIKS22:BRANCHE07=M:BELØB=3:SÆSON=SÆSON,2024-08-01,15028.0
DST:FIKS22:BRANCHE07=M:BELØB=3:SÆSON=SÆSON,2024-09-01,14920.0
DST:FIKS22:BRANCHE07=M:BELØB=3:SÆSON=SÆSON,2024-10-01,15193.0
DST:FIKS22:BRANCHE07=M:BELØB=3:SÆSON=SÆSON,2024-11-01,15430.0
DST:FIKS22:BRANCHE07=M:BELØB=3:SÆSON=SÆSON,2024-12-01,25781.0
DST:FIKS22:BRANCHE07=M:BELØB=3:SÆSON=SÆSON,2025-01-01,17952.0
DST:FIKS22:BRANCHE07=M:BELØB=3:SÆSON=SÆSON,2025-02-01,14328.0
DST:FIKS22:BRANCHE07=M:BELØB=3:SÆSON=SÆSON,2025-03-01,15297.0
DST:FIKS22:BRANCHE07=M:BELØB=3:SÆSON=SÆSON,2025-04-01,15344.0
DST:FIKS22:BRANCHE07=M:BELØB=3:SÆSON=SÆSON,2025-05-01,19139.0
DST:FIKS22:BRANCHE07=M:BELØB=3:SÆSON=SÆSON,2025-06-01,15832.0
DST:FIKS22:BRANCHE07=M:BELØB=3:SÆSON=SÆSON,2025-07-01,17147.0
DST:FIKS22:BRANCHE07=M:BELØB=3:SÆSON=SÆSON,2025-08-01,17225.0
DST:FIKS22:BRANCHE07=M:BELØB=3:SÆSON=SÆSON,2025-09-01,13894.0
DST:FIKS22:BRANCHE07=M:BELØB=3:SÆSON=SÆSON,2025-10-01,18094.0
DST:FIKS22:BRANCHE07=M:BELØB=3:SÆSON=SÆSON,2025-11-01,17577.0
DST:FIKS22:BRANCHE07=M:BELØB=3:SÆSON=SÆSON,2025-12-01,17176.0
DST:FIKS22:BRANCHE07=M:BELØB=3:SÆSON=SÆSON,2026-01-01,18061.0
DST:FIKS22:BRANCHE07=M:BELØB=3:SÆSON=SÆSON,2026-02-01,19776.0
DST:FIKS22:BRANCHE07=M:BELØB=3:SÆSON=SÆSON,2026-03-01,18219.0
DST:FIKS22:BRANCHE07=M:BELØB=4:SÆSON=EJSÆSON,2009-01-01,13171.0
DST:FIKS22:BRANCHE07=M:BELØB=4:SÆSON=EJSÆSON,2009-02-01,12822.0
DST:FIKS22:BRANCHE07=M:BELØB=4:SÆSON=EJSÆSON,2009-03-01,14524.0
DST:FIKS22:BRANCHE07=M:BELØB=4:SÆSON=EJSÆSON,2009-04-01,13070.0
DST:FIKS22:BRANCHE07=M:BELØB=4:SÆSON=EJSÆSON,2009-05-01,12507.0
DST:FIKS22:BRANCHE07=M:BELØB=4:SÆSON=EJSÆSON,2009-06-01,14300.0
DST:FIKS22:BRANCHE07=M:BELØB=4:SÆSON=EJSÆSON,2009-07-01,11633.0
DST:FIKS22:BRANCHE07=M:BELØB=4:SÆSON=EJSÆSON,2009-08-01,11086.0
DST:FIKS22:BRANCHE07=M:BELØB=4:SÆSON=EJSÆSON,2009-09-01,13105.0
DST:FIKS22:BRANCHE07=M:BELØB=4:SÆSON=EJSÆSON,2009-10-01,14198.0
DST:FIKS22:BRANCHE07=M:BELØB=4:SÆSON=EJSÆSON,2009-11-01,14312.0
DST:FIKS22:BRANCHE07=M:BELØB=4:SÆSON=EJSÆSON,2009-12-01,18935.0
DST:FIKS22:BRANCHE07=M:BELØB=4:SÆSON=EJSÆSON,2010-01-01,12772.0
DST:FIKS22:BRANCHE07=M:BELØB=4:SÆSON=EJSÆSON,2010-02-01,15274.0
DST:FIKS22:BRANCHE07=M:BELØB=4:SÆSON=EJSÆSON,2010-03-01,15891.0
DST:FIKS22:BRANCHE07=M:BELØB=4:SÆSON=EJSÆSON,2010-04-01,12667.0
DST:FIKS22:BRANCHE07=M:BELØB=4:SÆSON=EJSÆSON,2010-05-01,11888.0
DST:FIKS22:BRANCHE07=M:BELØB=4:SÆSON=EJSÆSON,2010-06-01,14192.0
DST:FIKS22:BRANCHE07=M:BELØB=4:SÆSON=EJSÆSON,2010-07-01,10526.0
DST:FIKS22:BRANCHE07=M:BELØB=4:SÆSON=EJSÆSON,2010-08-01,11180.0
DST:FIKS22:BRANCHE07=M:BELØB=4:SÆSON=EJSÆSON,2010-09-01,12995.0
DST:FIKS22:BRANCHE07=M:BELØB=4:SÆSON=EJSÆSON,2010-10-01,14157.0
DST:FIKS22:BRANCHE07=M:BELØB=4:SÆSON=EJSÆSON,2010-11-01,13973.0
DST:FIKS22:BRANCHE07=M:BELØB=4:SÆSON=EJSÆSON,2010-12-01,19194.0
DST:FIKS22:BRANCHE07=M:BELØB=4:SÆSON=EJSÆSON,2011-01-01,10823.0
DST:FIKS22:BRANCHE07=M:BELØB=4:SÆSON=EJSÆSON,2011-02-01,10868.0
DST:FIKS22:BRANCHE07=M:BELØB=4:SÆSON=EJSÆSON,2011-03-01,13612.0
DST:FIKS22:BRANCHE07=M:BELØB=4:SÆSON=EJSÆSON,2011-04-01,11663.0
DST:FIKS22:BRANCHE07=M:BELØB=4:SÆSON=EJSÆSON,2011-05-01,12674.0
DST:FIKS22:BRANCHE07=M:BELØB=4:SÆSON=EJSÆSON,2011-06-01,13798.0
DST:FIKS22:BRANCHE07=M:BELØB=4:SÆSON=EJSÆSON,2011-07-01,11837.0
DST:FIKS22:BRANCHE07=M:BELØB=4:SÆSON=EJSÆSON,2011-08-01,11181.0
DST:FIKS22:BRANCHE07=M:BELØB=4:SÆSON=EJSÆSON,2011-09-01,12775.0
DST:FIKS22:BRANCHE07=M:BELØB=4:SÆSON=EJSÆSON,2011-10-01,13302.0
DST:FIKS22:BRANCHE07=M:BELØB=4:SÆSON=EJSÆSON,2011-11-01,14474.0
DST:FIKS22:BRANCHE07=M:BELØB=4:SÆSON=EJSÆSON,2011-12-01,20955.0
DST:FIKS22:BRANCHE07=M:BELØB=4:SÆSON=EJSÆSON,2012-01-01,12160.0
DST:FIKS22:BRANCHE07=M:BELØB=4:SÆSON=EJSÆSON,2012-02-01,11614.0
DST:FIKS22:BRANCHE07=M:BELØB=4:SÆSON=EJSÆSON,2012-03-01,13691.0
DST:FIKS22:BRANCHE07=M:BELØB=4:SÆSON=EJSÆSON,2012-04-01,13404.0
DST:FIKS22:BRANCHE07=M:BELØB=4:SÆSON=EJSÆSON,2012-05-01,12769.0
DST:FIKS22:BRANCHE07=M:BELØB=4:SÆSON=EJSÆSON,2012-06-01,15243.0
DST:FIKS22:BRANCHE07=M:BELØB=4:SÆSON=EJSÆSON,2012-07-01,11659.0
DST:FIKS22:BRANCHE07=M:BELØB=4:SÆSON=EJSÆSON,2012-08-01,12300.0
DST:FIKS22:BRANCHE07=M:BELØB=4:SÆSON=EJSÆSON,2012-09-01,13282.0
DST:FIKS22:BRANCHE07=M:BELØB=4:SÆSON=EJSÆSON,2012-10-01,15419.0
DST:FIKS22:BRANCHE07=M:BELØB=4:SÆSON=EJSÆSON,2012-11-01,15740.0
DST:FIKS22:BRANCHE07=M:BELØB=4:SÆSON=EJSÆSON,2012-12-01,20116.0
DST:FIKS22:BRANCHE07=M:BELØB=4:SÆSON=EJSÆSON,2013-01-01,13411.0
DST:FIKS22:BRANCHE07=M:BELØB=4:SÆSON=EJSÆSON,2013-02-01,12025.0
DST:FIKS22:BRANCHE07=M:BELØB=4:SÆSON=EJSÆSON,2013-03-01,14815.0
DST:FIKS22:BRANCHE07=M:BELØB=4:SÆSON=EJSÆSON,2013-04-01,14930.0
DST:FIKS22:BRANCHE07=M:BELØB=4:SÆSON=EJSÆSON,2013-05-01,14919.0
DST:FIKS22:BRANCHE07=M:BELØB=4:SÆSON=EJSÆSON,2013-06-01,16128.0
DST:FIKS22:BRANCHE07=M:BELØB=4:SÆSON=EJSÆSON,2013-07-01,13605.0
DST:FIKS22:BRANCHE07=M:BELØB=4:SÆSON=EJSÆSON,2013-08-01,13200.0
DST:FIKS22:BRANCHE07=M:BELØB=4:SÆSON=EJSÆSON,2013-09-01,14791.0
DST:FIKS22:BRANCHE07=M:BELØB=4:SÆSON=EJSÆSON,2013-10-01,18086.0
DST:FIKS22:BRANCHE07=M:BELØB=4:SÆSON=EJSÆSON,2013-11-01,17141.0
DST:FIKS22:BRANCHE07=M:BELØB=4:SÆSON=EJSÆSON,2013-12-01,23002.0
DST:FIKS22:BRANCHE07=M:BELØB=4:SÆSON=EJSÆSON,2014-01-01,13119.0
DST:FIKS22:BRANCHE07=M:BELØB=4:SÆSON=EJSÆSON,2014-02-01,13165.0
DST:FIKS22:BRANCHE07=M:BELØB=4:SÆSON=EJSÆSON,2014-03-01,15565.0
DST:FIKS22:BRANCHE07=M:BELØB=4:SÆSON=EJSÆSON,2014-04-01,14951.0
DST:FIKS22:BRANCHE07=M:BELØB=4:SÆSON=EJSÆSON,2014-05-01,16194.0
DST:FIKS22:BRANCHE07=M:BELØB=4:SÆSON=EJSÆSON,2014-06-01,15955.0
DST:FIKS22:BRANCHE07=M:BELØB=4:SÆSON=EJSÆSON,2014-07-01,12792.0
DST:FIKS22:BRANCHE07=M:BELØB=4:SÆSON=EJSÆSON,2014-08-01,12820.0
DST:FIKS22:BRANCHE07=M:BELØB=4:SÆSON=EJSÆSON,2014-09-01,15875.0
DST:FIKS22:BRANCHE07=M:BELØB=4:SÆSON=EJSÆSON,2014-10-01,15805.0
DST:FIKS22:BRANCHE07=M:BELØB=4:SÆSON=EJSÆSON,2014-11-01,21770.0
DST:FIKS22:BRANCHE07=M:BELØB=4:SÆSON=EJSÆSON,2014-12-01,24796.0
DST:FIKS22:BRANCHE07=M:BELØB=4:SÆSON=EJSÆSON,2015-01-01,14533.0
DST:FIKS22:BRANCHE07=M:BELØB=4:SÆSON=EJSÆSON,2015-02-01,14391.0
DST:FIKS22:BRANCHE07=M:BELØB=4:SÆSON=EJSÆSON,2015-03-01,17868.0
DST:FIKS22:BRANCHE07=M:BELØB=4:SÆSON=EJSÆSON,2015-04-01,15903.0
DST:FIKS22:BRANCHE07=M:BELØB=4:SÆSON=EJSÆSON,2015-05-01,15744.0
DST:FIKS22:BRANCHE07=M:BELØB=4:SÆSON=EJSÆSON,2015-06-01,18539.0
DST:FIKS22:BRANCHE07=M:BELØB=4:SÆSON=EJSÆSON,2015-07-01,15686.0
DST:FIKS22:BRANCHE07=M:BELØB=4:SÆSON=EJSÆSON,2015-08-01,14665.0
DST:FIKS22:BRANCHE07=M:BELØB=4:SÆSON=EJSÆSON,2015-09-01,16639.0
DST:FIKS22:BRANCHE07=M:BELØB=4:SÆSON=EJSÆSON,2015-10-01,15945.0
DST:FIKS22:BRANCHE07=M:BELØB=4:SÆSON=EJSÆSON,2015-11-01,18348.0
DST:FIKS22:BRANCHE07=M:BELØB=4:SÆSON=EJSÆSON,2015-12-01,27717.0
DST:FIKS22:BRANCHE07=M:BELØB=4:SÆSON=EJSÆSON,2016-01-01,15533.0
DST:FIKS22:BRANCHE07=M:BELØB=4:SÆSON=EJSÆSON,2016-02-01,16674.0
DST:FIKS22:BRANCHE07=M:BELØB=4:SÆSON=EJSÆSON,2016-03-01,17761.0
DST:FIKS22:BRANCHE07=M:BELØB=4:SÆSON=EJSÆSON,2016-04-01,17744.0
DST:FIKS22:BRANCHE07=M:BELØB=4:SÆSON=EJSÆSON,2016-05-01,19164.0
DST:FIKS22:BRANCHE07=M:BELØB=4:SÆSON=EJSÆSON,2016-06-01,20266.0
DST:FIKS22:BRANCHE07=M:BELØB=4:SÆSON=EJSÆSON,2016-07-01,14882.0
DST:FIKS22:BRANCHE07=M:BELØB=4:SÆSON=EJSÆSON,2016-08-01,17014.0
DST:FIKS22:BRANCHE07=M:BELØB=4:SÆSON=EJSÆSON,2016-09-01,19384.0
DST:FIKS22:BRANCHE07=M:BELØB=4:SÆSON=EJSÆSON,2016-10-01,18219.0
DST:FIKS22:BRANCHE07=M:BELØB=4:SÆSON=EJSÆSON,2016-11-01,19671.0
DST:FIKS22:BRANCHE07=M:BELØB=4:SÆSON=EJSÆSON,2016-12-01,29711.0
DST:FIKS22:BRANCHE07=M:BELØB=4:SÆSON=EJSÆSON,2017-01-01,14607.0
DST:FIKS22:BRANCHE07=M:BELØB=4:SÆSON=EJSÆSON,2017-02-01,24370.0
DST:FIKS22:BRANCHE07=M:BELØB=4:SÆSON=EJSÆSON,2017-03-01,19202.0
DST:FIKS22:BRANCHE07=M:BELØB=4:SÆSON=EJSÆSON,2017-04-01,16890.0
DST:FIKS22:BRANCHE07=M:BELØB=4:SÆSON=EJSÆSON,2017-05-01,17926.0
DST:FIKS22:BRANCHE07=M:BELØB=4:SÆSON=EJSÆSON,2017-06-01,20532.0
DST:FIKS22:BRANCHE07=M:BELØB=4:SÆSON=EJSÆSON,2017-07-01,19196.0
DST:FIKS22:BRANCHE07=M:BELØB=4:SÆSON=EJSÆSON,2017-08-01,16410.0
DST:FIKS22:BRANCHE07=M:BELØB=4:SÆSON=EJSÆSON,2017-09-01,17877.0
DST:FIKS22:BRANCHE07=M:BELØB=4:SÆSON=EJSÆSON,2017-10-01,21746.0
DST:FIKS22:BRANCHE07=M:BELØB=4:SÆSON=EJSÆSON,2017-11-01,20819.0
DST:FIKS22:BRANCHE07=M:BELØB=4:SÆSON=EJSÆSON,2017-12-01,28409.0
DST:FIKS22:BRANCHE07=M:BELØB=4:SÆSON=EJSÆSON,2018-01-01,17982.0
DST:FIKS22:BRANCHE07=M:BELØB=4:SÆSON=EJSÆSON,2018-02-01,14769.0
DST:FIKS22:BRANCHE07=M:BELØB=4:SÆSON=EJSÆSON,2018-03-01,18463.0
DST:FIKS22:BRANCHE07=M:BELØB=4:SÆSON=EJSÆSON,2018-04-01,20909.0
DST:FIKS22:BRANCHE07=M:BELØB=4:SÆSON=EJSÆSON,2018-05-01,18199.0
DST:FIKS22:BRANCHE07=M:BELØB=4:SÆSON=EJSÆSON,2018-06-01,21368.0
DST:FIKS22:BRANCHE07=M:BELØB=4:SÆSON=EJSÆSON,2018-07-01,18504.0
DST:FIKS22:BRANCHE07=M:BELØB=4:SÆSON=EJSÆSON,2018-08-01,19510.0
DST:FIKS22:BRANCHE07=M:BELØB=4:SÆSON=EJSÆSON,2018-09-01,19256.0
DST:FIKS22:BRANCHE07=M:BELØB=4:SÆSON=EJSÆSON,2018-10-01,20623.0
DST:FIKS22:BRANCHE07=M:BELØB=4:SÆSON=EJSÆSON,2018-11-01,20441.0
DST:FIKS22:BRANCHE07=M:BELØB=4:SÆSON=EJSÆSON,2018-12-01,29539.0
DST:FIKS22:BRANCHE07=M:BELØB=4:SÆSON=EJSÆSON,2019-01-01,21466.0
DST:FIKS22:BRANCHE07=M:BELØB=4:SÆSON=EJSÆSON,2019-02-01,19093.0
DST:FIKS22:BRANCHE07=M:BELØB=4:SÆSON=EJSÆSON,2019-03-01,21634.0
DST:FIKS22:BRANCHE07=M:BELØB=4:SÆSON=EJSÆSON,2019-04-01,23149.0
DST:FIKS22:BRANCHE07=M:BELØB=4:SÆSON=EJSÆSON,2019-05-01,20604.0
DST:FIKS22:BRANCHE07=M:BELØB=4:SÆSON=EJSÆSON,2019-06-01,21692.0
DST:FIKS22:BRANCHE07=M:BELØB=4:SÆSON=EJSÆSON,2019-07-01,20675.0
DST:FIKS22:BRANCHE07=M:BELØB=4:SÆSON=EJSÆSON,2019-08-01,18383.0
DST:FIKS22:BRANCHE07=M:BELØB=4:SÆSON=EJSÆSON,2019-09-01,22514.0
DST:FIKS22:BRANCHE07=M:BELØB=4:SÆSON=EJSÆSON,2019-10-01,26273.0
DST:FIKS22:BRANCHE07=M:BELØB=4:SÆSON=EJSÆSON,2019-11-01,23952.0
DST:FIKS22:BRANCHE07=M:BELØB=4:SÆSON=EJSÆSON,2019-12-01,33754.0
DST:FIKS22:BRANCHE07=M:BELØB=4:SÆSON=EJSÆSON,2020-01-01,24813.0
DST:FIKS22:BRANCHE07=M:BELØB=4:SÆSON=EJSÆSON,2020-02-01,18791.0
DST:FIKS22:BRANCHE07=M:BELØB=4:SÆSON=EJSÆSON,2020-03-01,22413.0
DST:FIKS22:BRANCHE07=M:BELØB=4:SÆSON=EJSÆSON,2020-04-01,20239.0
DST:FIKS22:BRANCHE07=M:BELØB=4:SÆSON=EJSÆSON,2020-05-01,17519.0
DST:FIKS22:BRANCHE07=M:BELØB=4:SÆSON=EJSÆSON,2020-06-01,21791.0
DST:FIKS22:BRANCHE07=M:BELØB=4:SÆSON=EJSÆSON,2020-07-01,20982.0
DST:FIKS22:BRANCHE07=M:BELØB=4:SÆSON=EJSÆSON,2020-08-01,18983.0
DST:FIKS22:BRANCHE07=M:BELØB=4:SÆSON=EJSÆSON,2020-09-01,22268.0
DST:FIKS22:BRANCHE07=M:BELØB=4:SÆSON=EJSÆSON,2020-10-01,24807.0
DST:FIKS22:BRANCHE07=M:BELØB=4:SÆSON=EJSÆSON,2020-11-01,23609.0
DST:FIKS22:BRANCHE07=M:BELØB=4:SÆSON=EJSÆSON,2020-12-01,33021.0
DST:FIKS22:BRANCHE07=M:BELØB=4:SÆSON=EJSÆSON,2021-01-01,18790.0
DST:FIKS22:BRANCHE07=M:BELØB=4:SÆSON=EJSÆSON,2021-02-01,20053.0
DST:FIKS22:BRANCHE07=M:BELØB=4:SÆSON=EJSÆSON,2021-03-01,24894.0
DST:FIKS22:BRANCHE07=M:BELØB=4:SÆSON=EJSÆSON,2021-04-01,25556.0
DST:FIKS22:BRANCHE07=M:BELØB=4:SÆSON=EJSÆSON,2021-05-01,22151.0
DST:FIKS22:BRANCHE07=M:BELØB=4:SÆSON=EJSÆSON,2021-06-01,27745.0
DST:FIKS22:BRANCHE07=M:BELØB=4:SÆSON=EJSÆSON,2021-07-01,23540.0
DST:FIKS22:BRANCHE07=M:BELØB=4:SÆSON=EJSÆSON,2021-08-01,22351.0
DST:FIKS22:BRANCHE07=M:BELØB=4:SÆSON=EJSÆSON,2021-09-01,26917.0
DST:FIKS22:BRANCHE07=M:BELØB=4:SÆSON=EJSÆSON,2021-10-01,28428.0
DST:FIKS22:BRANCHE07=M:BELØB=4:SÆSON=EJSÆSON,2021-11-01,26477.0
DST:FIKS22:BRANCHE07=M:BELØB=4:SÆSON=EJSÆSON,2021-12-01,37438.0
DST:FIKS22:BRANCHE07=M:BELØB=4:SÆSON=EJSÆSON,2022-01-01,20427.0
DST:FIKS22:BRANCHE07=M:BELØB=4:SÆSON=EJSÆSON,2022-02-01,20328.0
DST:FIKS22:BRANCHE07=M:BELØB=4:SÆSON=EJSÆSON,2022-03-01,27807.0
DST:FIKS22:BRANCHE07=M:BELØB=4:SÆSON=EJSÆSON,2022-04-01,26001.0
DST:FIKS22:BRANCHE07=M:BELØB=4:SÆSON=EJSÆSON,2022-05-01,22154.0
DST:FIKS22:BRANCHE07=M:BELØB=4:SÆSON=EJSÆSON,2022-06-01,29636.0
DST:FIKS22:BRANCHE07=M:BELØB=4:SÆSON=EJSÆSON,2022-07-01,22690.0
DST:FIKS22:BRANCHE07=M:BELØB=4:SÆSON=EJSÆSON,2022-08-01,22946.0
DST:FIKS22:BRANCHE07=M:BELØB=4:SÆSON=EJSÆSON,2022-09-01,31430.0
DST:FIKS22:BRANCHE07=M:BELØB=4:SÆSON=EJSÆSON,2022-10-01,28282.0
DST:FIKS22:BRANCHE07=M:BELØB=4:SÆSON=EJSÆSON,2022-11-01,26841.0
DST:FIKS22:BRANCHE07=M:BELØB=4:SÆSON=EJSÆSON,2022-12-01,42018.0
DST:FIKS22:BRANCHE07=M:BELØB=4:SÆSON=EJSÆSON,2023-01-01,22880.0
DST:FIKS22:BRANCHE07=M:BELØB=4:SÆSON=EJSÆSON,2023-02-01,23091.0
DST:FIKS22:BRANCHE07=M:BELØB=4:SÆSON=EJSÆSON,2023-03-01,31864.0
DST:FIKS22:BRANCHE07=M:BELØB=4:SÆSON=EJSÆSON,2023-04-01,26532.0
DST:FIKS22:BRANCHE07=M:BELØB=4:SÆSON=EJSÆSON,2023-05-01,25146.0
DST:FIKS22:BRANCHE07=M:BELØB=4:SÆSON=EJSÆSON,2023-06-01,31264.0
DST:FIKS22:BRANCHE07=M:BELØB=4:SÆSON=EJSÆSON,2023-07-01,23972.0
DST:FIKS22:BRANCHE07=M:BELØB=4:SÆSON=EJSÆSON,2023-08-01,22669.0
DST:FIKS22:BRANCHE07=M:BELØB=4:SÆSON=EJSÆSON,2023-09-01,29221.0
DST:FIKS22:BRANCHE07=M:BELØB=4:SÆSON=EJSÆSON,2023-10-01,28856.0
DST:FIKS22:BRANCHE07=M:BELØB=4:SÆSON=EJSÆSON,2023-11-01,27754.0
DST:FIKS22:BRANCHE07=M:BELØB=4:SÆSON=EJSÆSON,2023-12-01,43880.0
DST:FIKS22:BRANCHE07=M:BELØB=4:SÆSON=EJSÆSON,2024-01-01,26779.0
DST:FIKS22:BRANCHE07=M:BELØB=4:SÆSON=EJSÆSON,2024-02-01,24885.0
DST:FIKS22:BRANCHE07=M:BELØB=4:SÆSON=EJSÆSON,2024-03-01,29472.0
DST:FIKS22:BRANCHE07=M:BELØB=4:SÆSON=EJSÆSON,2024-04-01,30029.0
DST:FIKS22:BRANCHE07=M:BELØB=4:SÆSON=EJSÆSON,2024-05-01,25638.0
DST:FIKS22:BRANCHE07=M:BELØB=4:SÆSON=EJSÆSON,2024-06-01,33299.0
DST:FIKS22:BRANCHE07=M:BELØB=4:SÆSON=EJSÆSON,2024-07-01,26193.0
DST:FIKS22:BRANCHE07=M:BELØB=4:SÆSON=EJSÆSON,2024-08-01,23485.0
DST:FIKS22:BRANCHE07=M:BELØB=4:SÆSON=EJSÆSON,2024-09-01,31534.0
DST:FIKS22:BRANCHE07=M:BELØB=4:SÆSON=EJSÆSON,2024-10-01,32397.0
DST:FIKS22:BRANCHE07=M:BELØB=4:SÆSON=EJSÆSON,2024-11-01,30856.0
DST:FIKS22:BRANCHE07=M:BELØB=4:SÆSON=EJSÆSON,2024-12-01,47366.0
DST:FIKS22:BRANCHE07=M:BELØB=4:SÆSON=EJSÆSON,2025-01-01,32461.0
DST:FIKS22:BRANCHE07=M:BELØB=4:SÆSON=EJSÆSON,2025-02-01,25615.0
DST:FIKS22:BRANCHE07=M:BELØB=4:SÆSON=EJSÆSON,2025-03-01,31387.0
DST:FIKS22:BRANCHE07=M:BELØB=4:SÆSON=EJSÆSON,2025-04-01,35129.0
DST:FIKS22:BRANCHE07=M:BELØB=4:SÆSON=EJSÆSON,2025-05-01,27148.0
DST:FIKS22:BRANCHE07=M:BELØB=4:SÆSON=EJSÆSON,2025-06-01,34996.0
DST:FIKS22:BRANCHE07=M:BELØB=4:SÆSON=EJSÆSON,2025-07-01,31548.0
DST:FIKS22:BRANCHE07=M:BELØB=4:SÆSON=EJSÆSON,2025-08-01,24327.0
DST:FIKS22:BRANCHE07=M:BELØB=4:SÆSON=EJSÆSON,2025-09-01,35520.0
DST:FIKS22:BRANCHE07=M:BELØB=4:SÆSON=EJSÆSON,2025-10-01,38716.0
DST:FIKS22:BRANCHE07=M:BELØB=4:SÆSON=EJSÆSON,2025-11-01,30983.0
DST:FIKS22:BRANCHE07=M:BELØB=4:SÆSON=EJSÆSON,2025-12-01,47451.0
DST:FIKS22:BRANCHE07=M:BELØB=4:SÆSON=EJSÆSON,2026-01-01,32750.0
DST:FIKS22:BRANCHE07=M:BELØB=4:SÆSON=EJSÆSON,2026-02-01,26258.0
DST:FIKS22:BRANCHE07=M:BELØB=4:SÆSON=EJSÆSON,2026-03-01,36197.0
DST:FIKS22:BRANCHE07=M:BELØB=4:SÆSON=SÆSON,2009-01-01,14744.0
DST:FIKS22:BRANCHE07=M:BELØB=4:SÆSON=SÆSON,2009-02-01,14629.0
DST:FIKS22:BRANCHE07=M:BELØB=4:SÆSON=SÆSON,2009-03-01,13842.0
DST:FIKS22:BRANCHE07=M:BELØB=4:SÆSON=SÆSON,2009-04-01,13800.0
DST:FIKS22:BRANCHE07=M:BELØB=4:SÆSON=SÆSON,2009-05-01,13433.0
DST:FIKS22:BRANCHE07=M:BELØB=4:SÆSON=SÆSON,2009-06-01,13650.0
DST:FIKS22:BRANCHE07=M:BELØB=4:SÆSON=SÆSON,2009-07-01,13616.0
DST:FIKS22:BRANCHE07=M:BELØB=4:SÆSON=SÆSON,2009-08-01,13534.0
DST:FIKS22:BRANCHE07=M:BELØB=4:SÆSON=SÆSON,2009-09-01,13522.0
DST:FIKS22:BRANCHE07=M:BELØB=4:SÆSON=SÆSON,2009-10-01,13244.0
DST:FIKS22:BRANCHE07=M:BELØB=4:SÆSON=SÆSON,2009-11-01,13657.0
DST:FIKS22:BRANCHE07=M:BELØB=4:SÆSON=SÆSON,2009-12-01,12971.0
DST:FIKS22:BRANCHE07=M:BELØB=4:SÆSON=SÆSON,2010-01-01,14969.0
DST:FIKS22:BRANCHE07=M:BELØB=4:SÆSON=SÆSON,2010-02-01,17529.0
DST:FIKS22:BRANCHE07=M:BELØB=4:SÆSON=SÆSON,2010-03-01,15668.0
DST:FIKS22:BRANCHE07=M:BELØB=4:SÆSON=SÆSON,2010-04-01,12895.0
DST:FIKS22:BRANCHE07=M:BELØB=4:SÆSON=SÆSON,2010-05-01,12789.0
DST:FIKS22:BRANCHE07=M:BELØB=4:SÆSON=SÆSON,2010-06-01,12652.0
DST:FIKS22:BRANCHE07=M:BELØB=4:SÆSON=SÆSON,2010-07-01,12514.0
DST:FIKS22:BRANCHE07=M:BELØB=4:SÆSON=SÆSON,2010-08-01,13166.0
DST:FIKS22:BRANCHE07=M:BELØB=4:SÆSON=SÆSON,2010-09-01,13359.0
DST:FIKS22:BRANCHE07=M:BELØB=4:SÆSON=SÆSON,2010-10-01,13539.0
DST:FIKS22:BRANCHE07=M:BELØB=4:SÆSON=SÆSON,2010-11-01,13038.0
DST:FIKS22:BRANCHE07=M:BELØB=4:SÆSON=SÆSON,2010-12-01,12198.0
DST:FIKS22:BRANCHE07=M:BELØB=4:SÆSON=SÆSON,2011-01-01,12255.0
DST:FIKS22:BRANCHE07=M:BELØB=4:SÆSON=SÆSON,2011-02-01,12598.0
DST:FIKS22:BRANCHE07=M:BELØB=4:SÆSON=SÆSON,2011-03-01,12866.0
DST:FIKS22:BRANCHE07=M:BELØB=4:SÆSON=SÆSON,2011-04-01,12178.0
DST:FIKS22:BRANCHE07=M:BELØB=4:SÆSON=SÆSON,2011-05-01,13141.0
DST:FIKS22:BRANCHE07=M:BELØB=4:SÆSON=SÆSON,2011-06-01,13022.0
DST:FIKS22:BRANCHE07=M:BELØB=4:SÆSON=SÆSON,2011-07-01,14387.0
DST:FIKS22:BRANCHE07=M:BELØB=4:SÆSON=SÆSON,2011-08-01,13182.0
DST:FIKS22:BRANCHE07=M:BELØB=4:SÆSON=SÆSON,2011-09-01,12551.0
DST:FIKS22:BRANCHE07=M:BELØB=4:SÆSON=SÆSON,2011-10-01,13155.0
DST:FIKS22:BRANCHE07=M:BELØB=4:SÆSON=SÆSON,2011-11-01,13694.0
DST:FIKS22:BRANCHE07=M:BELØB=4:SÆSON=SÆSON,2011-12-01,13973.0
DST:FIKS22:BRANCHE07=M:BELØB=4:SÆSON=SÆSON,2012-01-01,13512.0
DST:FIKS22:BRANCHE07=M:BELØB=4:SÆSON=SÆSON,2012-02-01,13616.0
DST:FIKS22:BRANCHE07=M:BELØB=4:SÆSON=SÆSON,2012-03-01,12927.0
DST:FIKS22:BRANCHE07=M:BELØB=4:SÆSON=SÆSON,2012-04-01,14092.0
DST:FIKS22:BRANCHE07=M:BELØB=4:SÆSON=SÆSON,2012-05-01,13615.0
DST:FIKS22:BRANCHE07=M:BELØB=4:SÆSON=SÆSON,2012-06-01,14066.0
DST:FIKS22:BRANCHE07=M:BELØB=4:SÆSON=SÆSON,2012-07-01,13948.0
DST:FIKS22:BRANCHE07=M:BELØB=4:SÆSON=SÆSON,2012-08-01,14048.0
DST:FIKS22:BRANCHE07=M:BELØB=4:SÆSON=SÆSON,2012-09-01,14324.0
DST:FIKS22:BRANCHE07=M:BELØB=4:SÆSON=SÆSON,2012-10-01,14767.0
DST:FIKS22:BRANCHE07=M:BELØB=4:SÆSON=SÆSON,2012-11-01,14197.0
DST:FIKS22:BRANCHE07=M:BELØB=4:SÆSON=SÆSON,2012-12-01,14100.0
DST:FIKS22:BRANCHE07=M:BELØB=4:SÆSON=SÆSON,2013-01-01,15087.0
DST:FIKS22:BRANCHE07=M:BELØB=4:SÆSON=SÆSON,2013-02-01,14146.0
DST:FIKS22:BRANCHE07=M:BELØB=4:SÆSON=SÆSON,2013-03-01,15128.0
DST:FIKS22:BRANCHE07=M:BELØB=4:SÆSON=SÆSON,2013-04-01,15382.0
DST:FIKS22:BRANCHE07=M:BELØB=4:SÆSON=SÆSON,2013-05-01,14678.0
DST:FIKS22:BRANCHE07=M:BELØB=4:SÆSON=SÆSON,2013-06-01,15381.0
DST:FIKS22:BRANCHE07=M:BELØB=4:SÆSON=SÆSON,2013-07-01,16191.0
DST:FIKS22:BRANCHE07=M:BELØB=4:SÆSON=SÆSON,2013-08-01,15350.0
DST:FIKS22:BRANCHE07=M:BELØB=4:SÆSON=SÆSON,2013-09-01,15404.0
DST:FIKS22:BRANCHE07=M:BELØB=4:SÆSON=SÆSON,2013-10-01,17369.0
DST:FIKS22:BRANCHE07=M:BELØB=4:SÆSON=SÆSON,2013-11-01,16217.0
DST:FIKS22:BRANCHE07=M:BELØB=4:SÆSON=SÆSON,2013-12-01,15375.0
DST:FIKS22:BRANCHE07=M:BELØB=4:SÆSON=SÆSON,2014-01-01,14110.0
DST:FIKS22:BRANCHE07=M:BELØB=4:SÆSON=SÆSON,2014-02-01,15502.0
DST:FIKS22:BRANCHE07=M:BELØB=4:SÆSON=SÆSON,2014-03-01,15526.0
DST:FIKS22:BRANCHE07=M:BELØB=4:SÆSON=SÆSON,2014-04-01,15873.0
DST:FIKS22:BRANCHE07=M:BELØB=4:SÆSON=SÆSON,2014-05-01,16714.0
DST:FIKS22:BRANCHE07=M:BELØB=4:SÆSON=SÆSON,2014-06-01,15374.0
DST:FIKS22:BRANCHE07=M:BELØB=4:SÆSON=SÆSON,2014-07-01,14983.0
DST:FIKS22:BRANCHE07=M:BELØB=4:SÆSON=SÆSON,2014-08-01,15228.0
DST:FIKS22:BRANCHE07=M:BELØB=4:SÆSON=SÆSON,2014-09-01,16266.0
DST:FIKS22:BRANCHE07=M:BELØB=4:SÆSON=SÆSON,2014-10-01,14857.0
DST:FIKS22:BRANCHE07=M:BELØB=4:SÆSON=SÆSON,2014-11-01,21676.0
DST:FIKS22:BRANCHE07=M:BELØB=4:SÆSON=SÆSON,2014-12-01,17116.0
DST:FIKS22:BRANCHE07=M:BELØB=4:SÆSON=SÆSON,2015-01-01,16257.0
DST:FIKS22:BRANCHE07=M:BELØB=4:SÆSON=SÆSON,2015-02-01,16880.0
DST:FIKS22:BRANCHE07=M:BELØB=4:SÆSON=SÆSON,2015-03-01,17802.0
DST:FIKS22:BRANCHE07=M:BELØB=4:SÆSON=SÆSON,2015-04-01,16411.0
DST:FIKS22:BRANCHE07=M:BELØB=4:SÆSON=SÆSON,2015-05-01,16967.0
DST:FIKS22:BRANCHE07=M:BELØB=4:SÆSON=SÆSON,2015-06-01,17711.0
DST:FIKS22:BRANCHE07=M:BELØB=4:SÆSON=SÆSON,2015-07-01,17796.0
DST:FIKS22:BRANCHE07=M:BELØB=4:SÆSON=SÆSON,2015-08-01,17758.0
DST:FIKS22:BRANCHE07=M:BELØB=4:SÆSON=SÆSON,2015-09-01,17267.0
DST:FIKS22:BRANCHE07=M:BELØB=4:SÆSON=SÆSON,2015-10-01,15328.0
DST:FIKS22:BRANCHE07=M:BELØB=4:SÆSON=SÆSON,2015-11-01,17792.0
DST:FIKS22:BRANCHE07=M:BELØB=4:SÆSON=SÆSON,2015-12-01,18110.0
DST:FIKS22:BRANCHE07=M:BELØB=4:SÆSON=SÆSON,2016-01-01,18047.0
DST:FIKS22:BRANCHE07=M:BELØB=4:SÆSON=SÆSON,2016-02-01,19221.0
DST:FIKS22:BRANCHE07=M:BELØB=4:SÆSON=SÆSON,2016-03-01,18477.0
DST:FIKS22:BRANCHE07=M:BELØB=4:SÆSON=SÆSON,2016-04-01,18325.0
DST:FIKS22:BRANCHE07=M:BELØB=4:SÆSON=SÆSON,2016-05-01,19734.0
DST:FIKS22:BRANCHE07=M:BELØB=4:SÆSON=SÆSON,2016-06-01,18813.0
DST:FIKS22:BRANCHE07=M:BELØB=4:SÆSON=SÆSON,2016-07-01,17424.0
DST:FIKS22:BRANCHE07=M:BELØB=4:SÆSON=SÆSON,2016-08-01,19662.0
DST:FIKS22:BRANCHE07=M:BELØB=4:SÆSON=SÆSON,2016-09-01,19173.0
DST:FIKS22:BRANCHE07=M:BELØB=4:SÆSON=SÆSON,2016-10-01,18323.0
DST:FIKS22:BRANCHE07=M:BELØB=4:SÆSON=SÆSON,2016-11-01,19058.0
DST:FIKS22:BRANCHE07=M:BELØB=4:SÆSON=SÆSON,2016-12-01,19117.0
DST:FIKS22:BRANCHE07=M:BELØB=4:SÆSON=SÆSON,2017-01-01,15841.0
DST:FIKS22:BRANCHE07=M:BELØB=4:SÆSON=SÆSON,2017-02-01,28333.0
DST:FIKS22:BRANCHE07=M:BELØB=4:SÆSON=SÆSON,2017-03-01,18302.0
DST:FIKS22:BRANCHE07=M:BELØB=4:SÆSON=SÆSON,2017-04-01,18706.0
DST:FIKS22:BRANCHE07=M:BELØB=4:SÆSON=SÆSON,2017-05-01,19340.0
DST:FIKS22:BRANCHE07=M:BELØB=4:SÆSON=SÆSON,2017-06-01,18694.0
DST:FIKS22:BRANCHE07=M:BELØB=4:SÆSON=SÆSON,2017-07-01,22814.0
DST:FIKS22:BRANCHE07=M:BELØB=4:SÆSON=SÆSON,2017-08-01,18666.0
DST:FIKS22:BRANCHE07=M:BELØB=4:SÆSON=SÆSON,2017-09-01,18343.0
DST:FIKS22:BRANCHE07=M:BELØB=4:SÆSON=SÆSON,2017-10-01,20797.0
DST:FIKS22:BRANCHE07=M:BELØB=4:SÆSON=SÆSON,2017-11-01,20211.0
DST:FIKS22:BRANCHE07=M:BELØB=4:SÆSON=SÆSON,2017-12-01,19357.0
DST:FIKS22:BRANCHE07=M:BELØB=4:SÆSON=SÆSON,2018-01-01,19495.0
DST:FIKS22:BRANCHE07=M:BELØB=4:SÆSON=SÆSON,2018-02-01,17216.0
DST:FIKS22:BRANCHE07=M:BELØB=4:SÆSON=SÆSON,2018-03-01,19125.0
DST:FIKS22:BRANCHE07=M:BELØB=4:SÆSON=SÆSON,2018-04-01,21936.0
DST:FIKS22:BRANCHE07=M:BELØB=4:SÆSON=SÆSON,2018-05-01,19375.0
DST:FIKS22:BRANCHE07=M:BELØB=4:SÆSON=SÆSON,2018-06-01,20522.0
DST:FIKS22:BRANCHE07=M:BELØB=4:SÆSON=SÆSON,2018-07-01,20781.0
DST:FIKS22:BRANCHE07=M:BELØB=4:SÆSON=SÆSON,2018-08-01,21653.0
DST:FIKS22:BRANCHE07=M:BELØB=4:SÆSON=SÆSON,2018-09-01,20568.0
DST:FIKS22:BRANCHE07=M:BELØB=4:SÆSON=SÆSON,2018-10-01,19255.0
DST:FIKS22:BRANCHE07=M:BELØB=4:SÆSON=SÆSON,2018-11-01,18993.0
DST:FIKS22:BRANCHE07=M:BELØB=4:SÆSON=SÆSON,2018-12-01,20846.0
DST:FIKS22:BRANCHE07=M:BELØB=4:SÆSON=SÆSON,2019-01-01,22981.0
DST:FIKS22:BRANCHE07=M:BELØB=4:SÆSON=SÆSON,2019-02-01,22421.0
DST:FIKS22:BRANCHE07=M:BELØB=4:SÆSON=SÆSON,2019-03-01,21654.0
DST:FIKS22:BRANCHE07=M:BELØB=4:SÆSON=SÆSON,2019-04-01,23749.0
DST:FIKS22:BRANCHE07=M:BELØB=4:SÆSON=SÆSON,2019-05-01,22564.0
DST:FIKS22:BRANCHE07=M:BELØB=4:SÆSON=SÆSON,2019-06-01,21801.0
DST:FIKS22:BRANCHE07=M:BELØB=4:SÆSON=SÆSON,2019-07-01,22967.0
DST:FIKS22:BRANCHE07=M:BELØB=4:SÆSON=SÆSON,2019-08-01,20834.0
DST:FIKS22:BRANCHE07=M:BELØB=4:SÆSON=SÆSON,2019-09-01,22812.0
DST:FIKS22:BRANCHE07=M:BELØB=4:SÆSON=SÆSON,2019-10-01,24148.0
DST:FIKS22:BRANCHE07=M:BELØB=4:SÆSON=SÆSON,2019-11-01,23395.0
DST:FIKS22:BRANCHE07=M:BELØB=4:SÆSON=SÆSON,2019-12-01,23369.0
DST:FIKS22:BRANCHE07=M:BELØB=4:SÆSON=SÆSON,2020-01-01,25347.0
DST:FIKS22:BRANCHE07=M:BELØB=4:SÆSON=SÆSON,2020-02-01,22769.0
DST:FIKS22:BRANCHE07=M:BELØB=4:SÆSON=SÆSON,2020-03-01,21939.0
DST:FIKS22:BRANCHE07=M:BELØB=4:SÆSON=SÆSON,2020-04-01,20737.0
DST:FIKS22:BRANCHE07=M:BELØB=4:SÆSON=SÆSON,2020-05-01,20470.0
DST:FIKS22:BRANCHE07=M:BELØB=4:SÆSON=SÆSON,2020-06-01,21550.0
DST:FIKS22:BRANCHE07=M:BELØB=4:SÆSON=SÆSON,2020-07-01,22470.0
DST:FIKS22:BRANCHE07=M:BELØB=4:SÆSON=SÆSON,2020-08-01,23022.0
DST:FIKS22:BRANCHE07=M:BELØB=4:SÆSON=SÆSON,2020-09-01,22024.0
DST:FIKS22:BRANCHE07=M:BELØB=4:SÆSON=SÆSON,2020-10-01,22560.0
DST:FIKS22:BRANCHE07=M:BELØB=4:SÆSON=SÆSON,2020-11-01,23543.0
DST:FIKS22:BRANCHE07=M:BELØB=4:SÆSON=SÆSON,2020-12-01,22779.0
DST:FIKS22:BRANCHE07=M:BELØB=4:SÆSON=SÆSON,2021-01-01,21099.0
DST:FIKS22:BRANCHE07=M:BELØB=4:SÆSON=SÆSON,2021-02-01,23998.0
DST:FIKS22:BRANCHE07=M:BELØB=4:SÆSON=SÆSON,2021-03-01,24717.0
DST:FIKS22:BRANCHE07=M:BELØB=4:SÆSON=SÆSON,2021-04-01,25206.0
DST:FIKS22:BRANCHE07=M:BELØB=4:SÆSON=SÆSON,2021-05-01,26272.0
DST:FIKS22:BRANCHE07=M:BELØB=4:SÆSON=SÆSON,2021-06-01,25319.0
DST:FIKS22:BRANCHE07=M:BELØB=4:SÆSON=SÆSON,2021-07-01,25892.0
DST:FIKS22:BRANCHE07=M:BELØB=4:SÆSON=SÆSON,2021-08-01,26415.0
DST:FIKS22:BRANCHE07=M:BELØB=4:SÆSON=SÆSON,2021-09-01,26057.0
DST:FIKS22:BRANCHE07=M:BELØB=4:SÆSON=SÆSON,2021-10-01,26725.0
DST:FIKS22:BRANCHE07=M:BELØB=4:SÆSON=SÆSON,2021-11-01,26102.0
DST:FIKS22:BRANCHE07=M:BELØB=4:SÆSON=SÆSON,2021-12-01,23882.0
DST:FIKS22:BRANCHE07=M:BELØB=4:SÆSON=SÆSON,2022-01-01,22230.0
DST:FIKS22:BRANCHE07=M:BELØB=4:SÆSON=SÆSON,2022-02-01,24592.0
DST:FIKS22:BRANCHE07=M:BELØB=4:SÆSON=SÆSON,2022-03-01,26049.0
DST:FIKS22:BRANCHE07=M:BELØB=4:SÆSON=SÆSON,2022-04-01,26205.0
DST:FIKS22:BRANCHE07=M:BELØB=4:SÆSON=SÆSON,2022-05-01,26284.0
DST:FIKS22:BRANCHE07=M:BELØB=4:SÆSON=SÆSON,2022-06-01,27605.0
DST:FIKS22:BRANCHE07=M:BELØB=4:SÆSON=SÆSON,2022-07-01,25707.0
DST:FIKS22:BRANCHE07=M:BELØB=4:SÆSON=SÆSON,2022-08-01,27593.0
DST:FIKS22:BRANCHE07=M:BELØB=4:SÆSON=SÆSON,2022-09-01,28851.0
DST:FIKS22:BRANCHE07=M:BELØB=4:SÆSON=SÆSON,2022-10-01,27503.0
DST:FIKS22:BRANCHE07=M:BELØB=4:SÆSON=SÆSON,2022-11-01,27086.0
DST:FIKS22:BRANCHE07=M:BELØB=4:SÆSON=SÆSON,2022-12-01,28102.0
DST:FIKS22:BRANCHE07=M:BELØB=4:SÆSON=SÆSON,2023-01-01,24365.0
DST:FIKS22:BRANCHE07=M:BELØB=4:SÆSON=SÆSON,2023-02-01,28302.0
DST:FIKS22:BRANCHE07=M:BELØB=4:SÆSON=SÆSON,2023-03-01,28776.0
DST:FIKS22:BRANCHE07=M:BELØB=4:SÆSON=SÆSON,2023-04-01,27743.0
DST:FIKS22:BRANCHE07=M:BELØB=4:SÆSON=SÆSON,2023-05-01,30607.0
DST:FIKS22:BRANCHE07=M:BELØB=4:SÆSON=SÆSON,2023-06-01,27502.0
DST:FIKS22:BRANCHE07=M:BELØB=4:SÆSON=SÆSON,2023-07-01,28116.0
DST:FIKS22:BRANCHE07=M:BELØB=4:SÆSON=SÆSON,2023-08-01,27497.0
DST:FIKS22:BRANCHE07=M:BELØB=4:SÆSON=SÆSON,2023-09-01,27869.0
DST:FIKS22:BRANCHE07=M:BELØB=4:SÆSON=SÆSON,2023-10-01,27200.0
DST:FIKS22:BRANCHE07=M:BELØB=4:SÆSON=SÆSON,2023-11-01,28207.0
DST:FIKS22:BRANCHE07=M:BELØB=4:SÆSON=SÆSON,2023-12-01,30449.0
DST:FIKS22:BRANCHE07=M:BELØB=4:SÆSON=SÆSON,2024-01-01,28749.0
DST:FIKS22:BRANCHE07=M:BELØB=4:SÆSON=SÆSON,2024-02-01,30123.0
DST:FIKS22:BRANCHE07=M:BELØB=4:SÆSON=SÆSON,2024-03-01,29386.0
DST:FIKS22:BRANCHE07=M:BELØB=4:SÆSON=SÆSON,2024-04-01,29056.0
DST:FIKS22:BRANCHE07=M:BELØB=4:SÆSON=SÆSON,2024-05-01,28991.0
DST:FIKS22:BRANCHE07=M:BELØB=4:SÆSON=SÆSON,2024-06-01,31449.0
DST:FIKS22:BRANCHE07=M:BELØB=4:SÆSON=SÆSON,2024-07-01,29426.0
DST:FIKS22:BRANCHE07=M:BELØB=4:SÆSON=SÆSON,2024-08-01,28818.0
DST:FIKS22:BRANCHE07=M:BELØB=4:SÆSON=SÆSON,2024-09-01,30530.0
DST:FIKS22:BRANCHE07=M:BELØB=4:SÆSON=SÆSON,2024-10-01,30253.0
DST:FIKS22:BRANCHE07=M:BELØB=4:SÆSON=SÆSON,2024-11-01,31559.0
DST:FIKS22:BRANCHE07=M:BELØB=4:SÆSON=SÆSON,2024-12-01,31981.0
DST:FIKS22:BRANCHE07=M:BELØB=4:SÆSON=SÆSON,2025-01-01,32981.0
DST:FIKS22:BRANCHE07=M:BELØB=4:SÆSON=SÆSON,2025-02-01,31862.0
DST:FIKS22:BRANCHE07=M:BELØB=4:SÆSON=SÆSON,2025-03-01,30460.0
DST:FIKS22:BRANCHE07=M:BELØB=4:SÆSON=SÆSON,2025-04-01,34528.0
DST:FIKS22:BRANCHE07=M:BELØB=4:SÆSON=SÆSON,2025-05-01,32606.0
DST:FIKS22:BRANCHE07=M:BELØB=4:SÆSON=SÆSON,2025-06-01,33077.0
DST:FIKS22:BRANCHE07=M:BELØB=4:SÆSON=SÆSON,2025-07-01,35074.0
DST:FIKS22:BRANCHE07=M:BELØB=4:SÆSON=SÆSON,2025-08-01,30944.0
DST:FIKS22:BRANCHE07=M:BELØB=4:SÆSON=SÆSON,2025-09-01,33809.0
DST:FIKS22:BRANCHE07=M:BELØB=4:SÆSON=SÆSON,2025-10-01,35231.0
DST:FIKS22:BRANCHE07=M:BELØB=4:SÆSON=SÆSON,2025-11-01,33295.0
DST:FIKS22:BRANCHE07=M:BELØB=4:SÆSON=SÆSON,2025-12-01,33220.0
DST:FIKS22:BRANCHE07=M:BELØB=4:SÆSON=SÆSON,2026-01-01,34565.0
DST:FIKS22:BRANCHE07=M:BELØB=4:SÆSON=SÆSON,2026-02-01,32750.0
DST:FIKS22:BRANCHE07=M:BELØB=4:SÆSON=SÆSON,2026-03-01,34857.0
DST:FIKS22:BRANCHE07=N:BELØB=0:SÆSON=EJSÆSON,2009-01-01,2475.0
DST:FIKS22:BRANCHE07=N:BELØB=0:SÆSON=EJSÆSON,2009-02-01,2180.0
DST:FIKS22:BRANCHE07=N:BELØB=0:SÆSON=EJSÆSON,2009-03-01,2574.0
DST:FIKS22:BRANCHE07=N:BELØB=0:SÆSON=EJSÆSON,2009-04-01,2384.0
DST:FIKS22:BRANCHE07=N:BELØB=0:SÆSON=EJSÆSON,2009-05-01,2378.0
DST:FIKS22:BRANCHE07=N:BELØB=0:SÆSON=EJSÆSON,2009-06-01,2578.0
DST:FIKS22:BRANCHE07=N:BELØB=0:SÆSON=EJSÆSON,2009-07-01,2735.0
DST:FIKS22:BRANCHE07=N:BELØB=0:SÆSON=EJSÆSON,2009-08-01,2555.0
DST:FIKS22:BRANCHE07=N:BELØB=0:SÆSON=EJSÆSON,2009-09-01,2775.0
DST:FIKS22:BRANCHE07=N:BELØB=0:SÆSON=EJSÆSON,2009-10-01,3152.0
DST:FIKS22:BRANCHE07=N:BELØB=0:SÆSON=EJSÆSON,2009-11-01,2423.0
DST:FIKS22:BRANCHE07=N:BELØB=0:SÆSON=EJSÆSON,2009-12-01,2963.0
DST:FIKS22:BRANCHE07=N:BELØB=0:SÆSON=EJSÆSON,2010-01-01,2332.0
DST:FIKS22:BRANCHE07=N:BELØB=0:SÆSON=EJSÆSON,2010-02-01,2047.0
DST:FIKS22:BRANCHE07=N:BELØB=0:SÆSON=EJSÆSON,2010-03-01,2600.0
DST:FIKS22:BRANCHE07=N:BELØB=0:SÆSON=EJSÆSON,2010-04-01,2539.0
DST:FIKS22:BRANCHE07=N:BELØB=0:SÆSON=EJSÆSON,2010-05-01,2377.0
DST:FIKS22:BRANCHE07=N:BELØB=0:SÆSON=EJSÆSON,2010-06-01,2881.0
DST:FIKS22:BRANCHE07=N:BELØB=0:SÆSON=EJSÆSON,2010-07-01,2390.0
DST:FIKS22:BRANCHE07=N:BELØB=0:SÆSON=EJSÆSON,2010-08-01,2394.0
DST:FIKS22:BRANCHE07=N:BELØB=0:SÆSON=EJSÆSON,2010-09-01,2776.0
DST:FIKS22:BRANCHE07=N:BELØB=0:SÆSON=EJSÆSON,2010-10-01,2557.0
DST:FIKS22:BRANCHE07=N:BELØB=0:SÆSON=EJSÆSON,2010-11-01,2893.0
DST:FIKS22:BRANCHE07=N:BELØB=0:SÆSON=EJSÆSON,2010-12-01,3664.0
DST:FIKS22:BRANCHE07=N:BELØB=0:SÆSON=EJSÆSON,2011-01-01,2687.0
DST:FIKS22:BRANCHE07=N:BELØB=0:SÆSON=EJSÆSON,2011-02-01,2356.0
DST:FIKS22:BRANCHE07=N:BELØB=0:SÆSON=EJSÆSON,2011-03-01,2901.0
DST:FIKS22:BRANCHE07=N:BELØB=0:SÆSON=EJSÆSON,2011-04-01,2627.0
DST:FIKS22:BRANCHE07=N:BELØB=0:SÆSON=EJSÆSON,2011-05-01,2870.0
DST:FIKS22:BRANCHE07=N:BELØB=0:SÆSON=EJSÆSON,2011-06-01,3161.0
DST:FIKS22:BRANCHE07=N:BELØB=0:SÆSON=EJSÆSON,2011-07-01,2606.0
DST:FIKS22:BRANCHE07=N:BELØB=0:SÆSON=EJSÆSON,2011-08-01,2734.0
DST:FIKS22:BRANCHE07=N:BELØB=0:SÆSON=EJSÆSON,2011-09-01,3250.0
DST:FIKS22:BRANCHE07=N:BELØB=0:SÆSON=EJSÆSON,2011-10-01,3151.0
DST:FIKS22:BRANCHE07=N:BELØB=0:SÆSON=EJSÆSON,2011-11-01,3168.0
DST:FIKS22:BRANCHE07=N:BELØB=0:SÆSON=EJSÆSON,2011-12-01,3692.0
DST:FIKS22:BRANCHE07=N:BELØB=0:SÆSON=EJSÆSON,2012-01-01,2594.0
DST:FIKS22:BRANCHE07=N:BELØB=0:SÆSON=EJSÆSON,2012-02-01,2383.0
DST:FIKS22:BRANCHE07=N:BELØB=0:SÆSON=EJSÆSON,2012-03-01,3003.0
DST:FIKS22:BRANCHE07=N:BELØB=0:SÆSON=EJSÆSON,2012-04-01,2682.0
DST:FIKS22:BRANCHE07=N:BELØB=0:SÆSON=EJSÆSON,2012-05-01,2740.0
DST:FIKS22:BRANCHE07=N:BELØB=0:SÆSON=EJSÆSON,2012-06-01,3075.0
DST:FIKS22:BRANCHE07=N:BELØB=0:SÆSON=EJSÆSON,2012-07-01,2724.0
DST:FIKS22:BRANCHE07=N:BELØB=0:SÆSON=EJSÆSON,2012-08-01,2595.0
DST:FIKS22:BRANCHE07=N:BELØB=0:SÆSON=EJSÆSON,2012-09-01,2926.0
DST:FIKS22:BRANCHE07=N:BELØB=0:SÆSON=EJSÆSON,2012-10-01,3428.0
DST:FIKS22:BRANCHE07=N:BELØB=0:SÆSON=EJSÆSON,2012-11-01,3042.0
DST:FIKS22:BRANCHE07=N:BELØB=0:SÆSON=EJSÆSON,2012-12-01,3301.0
DST:FIKS22:BRANCHE07=N:BELØB=0:SÆSON=EJSÆSON,2013-01-01,2652.0
DST:FIKS22:BRANCHE07=N:BELØB=0:SÆSON=EJSÆSON,2013-02-01,2418.0
DST:FIKS22:BRANCHE07=N:BELØB=0:SÆSON=EJSÆSON,2013-03-01,2643.0
DST:FIKS22:BRANCHE07=N:BELØB=0:SÆSON=EJSÆSON,2013-04-01,2995.0
DST:FIKS22:BRANCHE07=N:BELØB=0:SÆSON=EJSÆSON,2013-05-01,2888.0
DST:FIKS22:BRANCHE07=N:BELØB=0:SÆSON=EJSÆSON,2013-06-01,3183.0
DST:FIKS22:BRANCHE07=N:BELØB=0:SÆSON=EJSÆSON,2013-07-01,2716.0
DST:FIKS22:BRANCHE07=N:BELØB=0:SÆSON=EJSÆSON,2013-08-01,2670.0
DST:FIKS22:BRANCHE07=N:BELØB=0:SÆSON=EJSÆSON,2013-09-01,2937.0
DST:FIKS22:BRANCHE07=N:BELØB=0:SÆSON=EJSÆSON,2013-10-01,3004.0
DST:FIKS22:BRANCHE07=N:BELØB=0:SÆSON=EJSÆSON,2013-11-01,2988.0
DST:FIKS22:BRANCHE07=N:BELØB=0:SÆSON=EJSÆSON,2013-12-01,3809.0
DST:FIKS22:BRANCHE07=N:BELØB=0:SÆSON=EJSÆSON,2014-01-01,2852.0
DST:FIKS22:BRANCHE07=N:BELØB=0:SÆSON=EJSÆSON,2014-02-01,2556.0
DST:FIKS22:BRANCHE07=N:BELØB=0:SÆSON=EJSÆSON,2014-03-01,2998.0
DST:FIKS22:BRANCHE07=N:BELØB=0:SÆSON=EJSÆSON,2014-04-01,3258.0
DST:FIKS22:BRANCHE07=N:BELØB=0:SÆSON=EJSÆSON,2014-05-01,2928.0
DST:FIKS22:BRANCHE07=N:BELØB=0:SÆSON=EJSÆSON,2014-06-01,3257.0
DST:FIKS22:BRANCHE07=N:BELØB=0:SÆSON=EJSÆSON,2014-07-01,2977.0
DST:FIKS22:BRANCHE07=N:BELØB=0:SÆSON=EJSÆSON,2014-08-01,2961.0
DST:FIKS22:BRANCHE07=N:BELØB=0:SÆSON=EJSÆSON,2014-09-01,3203.0
DST:FIKS22:BRANCHE07=N:BELØB=0:SÆSON=EJSÆSON,2014-10-01,3318.0
DST:FIKS22:BRANCHE07=N:BELØB=0:SÆSON=EJSÆSON,2014-11-01,3058.0
DST:FIKS22:BRANCHE07=N:BELØB=0:SÆSON=EJSÆSON,2014-12-01,3922.0
DST:FIKS22:BRANCHE07=N:BELØB=0:SÆSON=EJSÆSON,2015-01-01,2790.0
DST:FIKS22:BRANCHE07=N:BELØB=0:SÆSON=EJSÆSON,2015-02-01,2875.0
DST:FIKS22:BRANCHE07=N:BELØB=0:SÆSON=EJSÆSON,2015-03-01,3449.0
DST:FIKS22:BRANCHE07=N:BELØB=0:SÆSON=EJSÆSON,2015-04-01,3239.0
DST:FIKS22:BRANCHE07=N:BELØB=0:SÆSON=EJSÆSON,2015-05-01,3125.0
DST:FIKS22:BRANCHE07=N:BELØB=0:SÆSON=EJSÆSON,2015-06-01,3644.0
DST:FIKS22:BRANCHE07=N:BELØB=0:SÆSON=EJSÆSON,2015-07-01,3076.0
DST:FIKS22:BRANCHE07=N:BELØB=0:SÆSON=EJSÆSON,2015-08-01,2949.0
DST:FIKS22:BRANCHE07=N:BELØB=0:SÆSON=EJSÆSON,2015-09-01,3521.0
DST:FIKS22:BRANCHE07=N:BELØB=0:SÆSON=EJSÆSON,2015-10-01,3489.0
DST:FIKS22:BRANCHE07=N:BELØB=0:SÆSON=EJSÆSON,2015-11-01,3668.0
DST:FIKS22:BRANCHE07=N:BELØB=0:SÆSON=EJSÆSON,2015-12-01,4455.0
DST:FIKS22:BRANCHE07=N:BELØB=0:SÆSON=EJSÆSON,2016-01-01,3019.0
DST:FIKS22:BRANCHE07=N:BELØB=0:SÆSON=EJSÆSON,2016-02-01,3095.0
DST:FIKS22:BRANCHE07=N:BELØB=0:SÆSON=EJSÆSON,2016-03-01,3739.0
DST:FIKS22:BRANCHE07=N:BELØB=0:SÆSON=EJSÆSON,2016-04-01,3573.0
DST:FIKS22:BRANCHE07=N:BELØB=0:SÆSON=EJSÆSON,2016-05-01,3591.0
DST:FIKS22:BRANCHE07=N:BELØB=0:SÆSON=EJSÆSON,2016-06-01,4107.0
DST:FIKS22:BRANCHE07=N:BELØB=0:SÆSON=EJSÆSON,2016-07-01,3125.0
DST:FIKS22:BRANCHE07=N:BELØB=0:SÆSON=EJSÆSON,2016-08-01,3459.0
DST:FIKS22:BRANCHE07=N:BELØB=0:SÆSON=EJSÆSON,2016-09-01,3939.0
DST:FIKS22:BRANCHE07=N:BELØB=0:SÆSON=EJSÆSON,2016-10-01,3743.0
DST:FIKS22:BRANCHE07=N:BELØB=0:SÆSON=EJSÆSON,2016-11-01,3997.0
DST:FIKS22:BRANCHE07=N:BELØB=0:SÆSON=EJSÆSON,2016-12-01,5296.0
DST:FIKS22:BRANCHE07=N:BELØB=0:SÆSON=EJSÆSON,2017-01-01,3382.0
DST:FIKS22:BRANCHE07=N:BELØB=0:SÆSON=EJSÆSON,2017-02-01,3281.0
DST:FIKS22:BRANCHE07=N:BELØB=0:SÆSON=EJSÆSON,2017-03-01,4022.0
DST:FIKS22:BRANCHE07=N:BELØB=0:SÆSON=EJSÆSON,2017-04-01,3432.0
DST:FIKS22:BRANCHE07=N:BELØB=0:SÆSON=EJSÆSON,2017-05-01,3920.0
DST:FIKS22:BRANCHE07=N:BELØB=0:SÆSON=EJSÆSON,2017-06-01,5146.0
DST:FIKS22:BRANCHE07=N:BELØB=0:SÆSON=EJSÆSON,2017-07-01,3594.0
DST:FIKS22:BRANCHE07=N:BELØB=0:SÆSON=EJSÆSON,2017-08-01,3952.0
DST:FIKS22:BRANCHE07=N:BELØB=0:SÆSON=EJSÆSON,2017-09-01,4129.0
DST:FIKS22:BRANCHE07=N:BELØB=0:SÆSON=EJSÆSON,2017-10-01,4632.0
DST:FIKS22:BRANCHE07=N:BELØB=0:SÆSON=EJSÆSON,2017-11-01,4226.0
DST:FIKS22:BRANCHE07=N:BELØB=0:SÆSON=EJSÆSON,2017-12-01,5068.0
DST:FIKS22:BRANCHE07=N:BELØB=0:SÆSON=EJSÆSON,2018-01-01,3507.0
DST:FIKS22:BRANCHE07=N:BELØB=0:SÆSON=EJSÆSON,2018-02-01,3409.0
DST:FIKS22:BRANCHE07=N:BELØB=0:SÆSON=EJSÆSON,2018-03-01,4007.0
DST:FIKS22:BRANCHE07=N:BELØB=0:SÆSON=EJSÆSON,2018-04-01,4103.0
DST:FIKS22:BRANCHE07=N:BELØB=0:SÆSON=EJSÆSON,2018-05-01,4054.0
DST:FIKS22:BRANCHE07=N:BELØB=0:SÆSON=EJSÆSON,2018-06-01,4825.0
DST:FIKS22:BRANCHE07=N:BELØB=0:SÆSON=EJSÆSON,2018-07-01,3808.0
DST:FIKS22:BRANCHE07=N:BELØB=0:SÆSON=EJSÆSON,2018-08-01,4065.0
DST:FIKS22:BRANCHE07=N:BELØB=0:SÆSON=EJSÆSON,2018-09-01,4229.0
DST:FIKS22:BRANCHE07=N:BELØB=0:SÆSON=EJSÆSON,2018-10-01,4386.0
DST:FIKS22:BRANCHE07=N:BELØB=0:SÆSON=EJSÆSON,2018-11-01,4483.0
DST:FIKS22:BRANCHE07=N:BELØB=0:SÆSON=EJSÆSON,2018-12-01,5988.0
DST:FIKS22:BRANCHE07=N:BELØB=0:SÆSON=EJSÆSON,2019-01-01,3995.0
DST:FIKS22:BRANCHE07=N:BELØB=0:SÆSON=EJSÆSON,2019-02-01,3885.0
DST:FIKS22:BRANCHE07=N:BELØB=0:SÆSON=EJSÆSON,2019-03-01,4546.0
DST:FIKS22:BRANCHE07=N:BELØB=0:SÆSON=EJSÆSON,2019-04-01,4166.0
DST:FIKS22:BRANCHE07=N:BELØB=0:SÆSON=EJSÆSON,2019-05-01,4254.0
DST:FIKS22:BRANCHE07=N:BELØB=0:SÆSON=EJSÆSON,2019-06-01,4440.0
DST:FIKS22:BRANCHE07=N:BELØB=0:SÆSON=EJSÆSON,2019-07-01,4202.0
DST:FIKS22:BRANCHE07=N:BELØB=0:SÆSON=EJSÆSON,2019-08-01,4457.0
DST:FIKS22:BRANCHE07=N:BELØB=0:SÆSON=EJSÆSON,2019-09-01,4280.0
DST:FIKS22:BRANCHE07=N:BELØB=0:SÆSON=EJSÆSON,2019-10-01,4523.0
DST:FIKS22:BRANCHE07=N:BELØB=0:SÆSON=EJSÆSON,2019-11-01,6157.0
DST:FIKS22:BRANCHE07=N:BELØB=0:SÆSON=EJSÆSON,2019-12-01,6115.0
DST:FIKS22:BRANCHE07=N:BELØB=0:SÆSON=EJSÆSON,2020-01-01,4831.0
DST:FIKS22:BRANCHE07=N:BELØB=0:SÆSON=EJSÆSON,2020-02-01,4917.0
DST:FIKS22:BRANCHE07=N:BELØB=0:SÆSON=EJSÆSON,2020-03-01,4857.0
DST:FIKS22:BRANCHE07=N:BELØB=0:SÆSON=EJSÆSON,2020-04-01,3669.0
DST:FIKS22:BRANCHE07=N:BELØB=0:SÆSON=EJSÆSON,2020-05-01,4160.0
DST:FIKS22:BRANCHE07=N:BELØB=0:SÆSON=EJSÆSON,2020-06-01,4973.0
DST:FIKS22:BRANCHE07=N:BELØB=0:SÆSON=EJSÆSON,2020-07-01,4411.0
DST:FIKS22:BRANCHE07=N:BELØB=0:SÆSON=EJSÆSON,2020-08-01,4078.0
DST:FIKS22:BRANCHE07=N:BELØB=0:SÆSON=EJSÆSON,2020-09-01,5316.0
DST:FIKS22:BRANCHE07=N:BELØB=0:SÆSON=EJSÆSON,2020-10-01,5568.0
DST:FIKS22:BRANCHE07=N:BELØB=0:SÆSON=EJSÆSON,2020-11-01,5853.0
DST:FIKS22:BRANCHE07=N:BELØB=0:SÆSON=EJSÆSON,2020-12-01,6810.0
DST:FIKS22:BRANCHE07=N:BELØB=0:SÆSON=EJSÆSON,2021-01-01,4411.0
DST:FIKS22:BRANCHE07=N:BELØB=0:SÆSON=EJSÆSON,2021-02-01,4452.0
DST:FIKS22:BRANCHE07=N:BELØB=0:SÆSON=EJSÆSON,2021-03-01,5503.0
DST:FIKS22:BRANCHE07=N:BELØB=0:SÆSON=EJSÆSON,2021-04-01,4694.0
DST:FIKS22:BRANCHE07=N:BELØB=0:SÆSON=EJSÆSON,2021-05-01,4724.0
DST:FIKS22:BRANCHE07=N:BELØB=0:SÆSON=EJSÆSON,2021-06-01,4944.0
DST:FIKS22:BRANCHE07=N:BELØB=0:SÆSON=EJSÆSON,2021-07-01,4390.0
DST:FIKS22:BRANCHE07=N:BELØB=0:SÆSON=EJSÆSON,2021-08-01,4222.0
DST:FIKS22:BRANCHE07=N:BELØB=0:SÆSON=EJSÆSON,2021-09-01,5220.0
DST:FIKS22:BRANCHE07=N:BELØB=0:SÆSON=EJSÆSON,2021-10-01,5102.0
DST:FIKS22:BRANCHE07=N:BELØB=0:SÆSON=EJSÆSON,2021-11-01,5961.0
DST:FIKS22:BRANCHE07=N:BELØB=0:SÆSON=EJSÆSON,2021-12-01,6656.0
DST:FIKS22:BRANCHE07=N:BELØB=0:SÆSON=EJSÆSON,2022-01-01,4341.0
DST:FIKS22:BRANCHE07=N:BELØB=0:SÆSON=EJSÆSON,2022-02-01,4376.0
DST:FIKS22:BRANCHE07=N:BELØB=0:SÆSON=EJSÆSON,2022-03-01,5576.0
DST:FIKS22:BRANCHE07=N:BELØB=0:SÆSON=EJSÆSON,2022-04-01,5130.0
DST:FIKS22:BRANCHE07=N:BELØB=0:SÆSON=EJSÆSON,2022-05-01,5142.0
DST:FIKS22:BRANCHE07=N:BELØB=0:SÆSON=EJSÆSON,2022-06-01,5781.0
DST:FIKS22:BRANCHE07=N:BELØB=0:SÆSON=EJSÆSON,2022-07-01,4689.0
DST:FIKS22:BRANCHE07=N:BELØB=0:SÆSON=EJSÆSON,2022-08-01,5082.0
DST:FIKS22:BRANCHE07=N:BELØB=0:SÆSON=EJSÆSON,2022-09-01,6090.0
DST:FIKS22:BRANCHE07=N:BELØB=0:SÆSON=EJSÆSON,2022-10-01,5434.0
DST:FIKS22:BRANCHE07=N:BELØB=0:SÆSON=EJSÆSON,2022-11-01,5424.0
DST:FIKS22:BRANCHE07=N:BELØB=0:SÆSON=EJSÆSON,2022-12-01,6648.0
DST:FIKS22:BRANCHE07=N:BELØB=0:SÆSON=EJSÆSON,2023-01-01,4679.0
DST:FIKS22:BRANCHE07=N:BELØB=0:SÆSON=EJSÆSON,2023-02-01,4762.0
DST:FIKS22:BRANCHE07=N:BELØB=0:SÆSON=EJSÆSON,2023-03-01,5787.0
DST:FIKS22:BRANCHE07=N:BELØB=0:SÆSON=EJSÆSON,2023-04-01,5105.0
DST:FIKS22:BRANCHE07=N:BELØB=0:SÆSON=EJSÆSON,2023-05-01,5410.0
DST:FIKS22:BRANCHE07=N:BELØB=0:SÆSON=EJSÆSON,2023-06-01,5948.0
DST:FIKS22:BRANCHE07=N:BELØB=0:SÆSON=EJSÆSON,2023-07-01,4567.0
DST:FIKS22:BRANCHE07=N:BELØB=0:SÆSON=EJSÆSON,2023-08-01,5424.0
DST:FIKS22:BRANCHE07=N:BELØB=0:SÆSON=EJSÆSON,2023-09-01,5912.0
DST:FIKS22:BRANCHE07=N:BELØB=0:SÆSON=EJSÆSON,2023-10-01,5911.0
DST:FIKS22:BRANCHE07=N:BELØB=0:SÆSON=EJSÆSON,2023-11-01,6608.0
DST:FIKS22:BRANCHE07=N:BELØB=0:SÆSON=EJSÆSON,2023-12-01,6702.0
DST:FIKS22:BRANCHE07=N:BELØB=0:SÆSON=EJSÆSON,2024-01-01,5358.0
DST:FIKS22:BRANCHE07=N:BELØB=0:SÆSON=EJSÆSON,2024-02-01,5102.0
DST:FIKS22:BRANCHE07=N:BELØB=0:SÆSON=EJSÆSON,2024-03-01,5541.0
DST:FIKS22:BRANCHE07=N:BELØB=0:SÆSON=EJSÆSON,2024-04-01,6137.0
DST:FIKS22:BRANCHE07=N:BELØB=0:SÆSON=EJSÆSON,2024-05-01,5832.0
DST:FIKS22:BRANCHE07=N:BELØB=0:SÆSON=EJSÆSON,2024-06-01,6053.0
DST:FIKS22:BRANCHE07=N:BELØB=0:SÆSON=EJSÆSON,2024-07-01,5254.0
DST:FIKS22:BRANCHE07=N:BELØB=0:SÆSON=EJSÆSON,2024-08-01,5148.0
DST:FIKS22:BRANCHE07=N:BELØB=0:SÆSON=EJSÆSON,2024-09-01,5812.0
DST:FIKS22:BRANCHE07=N:BELØB=0:SÆSON=EJSÆSON,2024-10-01,5928.0
DST:FIKS22:BRANCHE07=N:BELØB=0:SÆSON=EJSÆSON,2024-11-01,5762.0
DST:FIKS22:BRANCHE07=N:BELØB=0:SÆSON=EJSÆSON,2024-12-01,6744.0
DST:FIKS22:BRANCHE07=N:BELØB=0:SÆSON=EJSÆSON,2025-01-01,5404.0
DST:FIKS22:BRANCHE07=N:BELØB=0:SÆSON=EJSÆSON,2025-02-01,5092.0
DST:FIKS22:BRANCHE07=N:BELØB=0:SÆSON=EJSÆSON,2025-03-01,6040.0
DST:FIKS22:BRANCHE07=N:BELØB=0:SÆSON=EJSÆSON,2025-04-01,5924.0
DST:FIKS22:BRANCHE07=N:BELØB=0:SÆSON=EJSÆSON,2025-05-01,5772.0
DST:FIKS22:BRANCHE07=N:BELØB=0:SÆSON=EJSÆSON,2025-06-01,5853.0
DST:FIKS22:BRANCHE07=N:BELØB=0:SÆSON=EJSÆSON,2025-07-01,5801.0
DST:FIKS22:BRANCHE07=N:BELØB=0:SÆSON=EJSÆSON,2025-08-01,5538.0
DST:FIKS22:BRANCHE07=N:BELØB=0:SÆSON=EJSÆSON,2025-09-01,6403.0
DST:FIKS22:BRANCHE07=N:BELØB=0:SÆSON=EJSÆSON,2025-10-01,6782.0
DST:FIKS22:BRANCHE07=N:BELØB=0:SÆSON=EJSÆSON,2025-11-01,6647.0
DST:FIKS22:BRANCHE07=N:BELØB=0:SÆSON=EJSÆSON,2025-12-01,6879.0
DST:FIKS22:BRANCHE07=N:BELØB=0:SÆSON=EJSÆSON,2026-01-01,5794.0
DST:FIKS22:BRANCHE07=N:BELØB=0:SÆSON=EJSÆSON,2026-02-01,5630.0
DST:FIKS22:BRANCHE07=N:BELØB=0:SÆSON=EJSÆSON,2026-03-01,7526.0
DST:FIKS22:BRANCHE07=N:BELØB=0:SÆSON=SÆSON,2009-01-01,2618.0
DST:FIKS22:BRANCHE07=N:BELØB=0:SÆSON=SÆSON,2009-02-01,2657.0
DST:FIKS22:BRANCHE07=N:BELØB=0:SÆSON=SÆSON,2009-03-01,2580.0
DST:FIKS22:BRANCHE07=N:BELØB=0:SÆSON=SÆSON,2009-04-01,2506.0
DST:FIKS22:BRANCHE07=N:BELØB=0:SÆSON=SÆSON,2009-05-01,2565.0
DST:FIKS22:BRANCHE07=N:BELØB=0:SÆSON=SÆSON,2009-06-01,2377.0
DST:FIKS22:BRANCHE07=N:BELØB=0:SÆSON=SÆSON,2009-07-01,2895.0
DST:FIKS22:BRANCHE07=N:BELØB=0:SÆSON=SÆSON,2009-08-01,2797.0
DST:FIKS22:BRANCHE07=N:BELØB=0:SÆSON=SÆSON,2009-09-01,2637.0
DST:FIKS22:BRANCHE07=N:BELØB=0:SÆSON=SÆSON,2009-10-01,2916.0
DST:FIKS22:BRANCHE07=N:BELØB=0:SÆSON=SÆSON,2009-11-01,2358.0
DST:FIKS22:BRANCHE07=N:BELØB=0:SÆSON=SÆSON,2009-12-01,2378.0
DST:FIKS22:BRANCHE07=N:BELØB=0:SÆSON=SÆSON,2010-01-01,2563.0
DST:FIKS22:BRANCHE07=N:BELØB=0:SÆSON=SÆSON,2010-02-01,2494.0
DST:FIKS22:BRANCHE07=N:BELØB=0:SÆSON=SÆSON,2010-03-01,2577.0
DST:FIKS22:BRANCHE07=N:BELØB=0:SÆSON=SÆSON,2010-04-01,2687.0
DST:FIKS22:BRANCHE07=N:BELØB=0:SÆSON=SÆSON,2010-05-01,2561.0
DST:FIKS22:BRANCHE07=N:BELØB=0:SÆSON=SÆSON,2010-06-01,2555.0
DST:FIKS22:BRANCHE07=N:BELØB=0:SÆSON=SÆSON,2010-07-01,2536.0
DST:FIKS22:BRANCHE07=N:BELØB=0:SÆSON=SÆSON,2010-08-01,2554.0
DST:FIKS22:BRANCHE07=N:BELØB=0:SÆSON=SÆSON,2010-09-01,2617.0
DST:FIKS22:BRANCHE07=N:BELØB=0:SÆSON=SÆSON,2010-10-01,2474.0
DST:FIKS22:BRANCHE07=N:BELØB=0:SÆSON=SÆSON,2010-11-01,2733.0
DST:FIKS22:BRANCHE07=N:BELØB=0:SÆSON=SÆSON,2010-12-01,2833.0
DST:FIKS22:BRANCHE07=N:BELØB=0:SÆSON=SÆSON,2011-01-01,2929.0
DST:FIKS22:BRANCHE07=N:BELØB=0:SÆSON=SÆSON,2011-02-01,2868.0
DST:FIKS22:BRANCHE07=N:BELØB=0:SÆSON=SÆSON,2011-03-01,2807.0
DST:FIKS22:BRANCHE07=N:BELØB=0:SÆSON=SÆSON,2011-04-01,2770.0
DST:FIKS22:BRANCHE07=N:BELØB=0:SÆSON=SÆSON,2011-05-01,2917.0
DST:FIKS22:BRANCHE07=N:BELØB=0:SÆSON=SÆSON,2011-06-01,2938.0
DST:FIKS22:BRANCHE07=N:BELØB=0:SÆSON=SÆSON,2011-07-01,2872.0
DST:FIKS22:BRANCHE07=N:BELØB=0:SÆSON=SÆSON,2011-08-01,2903.0
DST:FIKS22:BRANCHE07=N:BELØB=0:SÆSON=SÆSON,2011-09-01,3003.0
DST:FIKS22:BRANCHE07=N:BELØB=0:SÆSON=SÆSON,2011-10-01,3110.0
DST:FIKS22:BRANCHE07=N:BELØB=0:SÆSON=SÆSON,2011-11-01,3042.0
DST:FIKS22:BRANCHE07=N:BELØB=0:SÆSON=SÆSON,2011-12-01,2892.0
DST:FIKS22:BRANCHE07=N:BELØB=0:SÆSON=SÆSON,2012-01-01,2766.0
DST:FIKS22:BRANCHE07=N:BELØB=0:SÆSON=SÆSON,2012-02-01,2808.0
DST:FIKS22:BRANCHE07=N:BELØB=0:SÆSON=SÆSON,2012-03-01,2908.0
DST:FIKS22:BRANCHE07=N:BELØB=0:SÆSON=SÆSON,2012-04-01,2863.0
DST:FIKS22:BRANCHE07=N:BELØB=0:SÆSON=SÆSON,2012-05-01,2855.0
DST:FIKS22:BRANCHE07=N:BELØB=0:SÆSON=SÆSON,2012-06-01,2812.0
DST:FIKS22:BRANCHE07=N:BELØB=0:SÆSON=SÆSON,2012-07-01,2956.0
DST:FIKS22:BRANCHE07=N:BELØB=0:SÆSON=SÆSON,2012-08-01,2713.0
DST:FIKS22:BRANCHE07=N:BELØB=0:SÆSON=SÆSON,2012-09-01,2910.0
DST:FIKS22:BRANCHE07=N:BELØB=0:SÆSON=SÆSON,2012-10-01,3281.0
DST:FIKS22:BRANCHE07=N:BELØB=0:SÆSON=SÆSON,2012-11-01,2845.0
DST:FIKS22:BRANCHE07=N:BELØB=0:SÆSON=SÆSON,2012-12-01,2768.0
DST:FIKS22:BRANCHE07=N:BELØB=0:SÆSON=SÆSON,2013-01-01,2870.0
DST:FIKS22:BRANCHE07=N:BELØB=0:SÆSON=SÆSON,2013-02-01,2897.0
DST:FIKS22:BRANCHE07=N:BELØB=0:SÆSON=SÆSON,2013-03-01,2853.0
DST:FIKS22:BRANCHE07=N:BELØB=0:SÆSON=SÆSON,2013-04-01,2952.0
DST:FIKS22:BRANCHE07=N:BELØB=0:SÆSON=SÆSON,2013-05-01,2893.0
DST:FIKS22:BRANCHE07=N:BELØB=0:SÆSON=SÆSON,2013-06-01,2943.0
DST:FIKS22:BRANCHE07=N:BELØB=0:SÆSON=SÆSON,2013-07-01,2928.0
DST:FIKS22:BRANCHE07=N:BELØB=0:SÆSON=SÆSON,2013-08-01,2814.0
DST:FIKS22:BRANCHE07=N:BELØB=0:SÆSON=SÆSON,2013-09-01,2892.0
DST:FIKS22:BRANCHE07=N:BELØB=0:SÆSON=SÆSON,2013-10-01,2837.0
DST:FIKS22:BRANCHE07=N:BELØB=0:SÆSON=SÆSON,2013-11-01,2910.0
DST:FIKS22:BRANCHE07=N:BELØB=0:SÆSON=SÆSON,2013-12-01,3095.0
DST:FIKS22:BRANCHE07=N:BELØB=0:SÆSON=SÆSON,2014-01-01,3057.0
DST:FIKS22:BRANCHE07=N:BELØB=0:SÆSON=SÆSON,2014-02-01,3029.0
DST:FIKS22:BRANCHE07=N:BELØB=0:SÆSON=SÆSON,2014-03-01,3023.0
DST:FIKS22:BRANCHE07=N:BELØB=0:SÆSON=SÆSON,2014-04-01,3394.0
DST:FIKS22:BRANCHE07=N:BELØB=0:SÆSON=SÆSON,2014-05-01,2968.0
DST:FIKS22:BRANCHE07=N:BELØB=0:SÆSON=SÆSON,2014-06-01,3120.0
DST:FIKS22:BRANCHE07=N:BELØB=0:SÆSON=SÆSON,2014-07-01,3160.0
DST:FIKS22:BRANCHE07=N:BELØB=0:SÆSON=SÆSON,2014-08-01,3252.0
DST:FIKS22:BRANCHE07=N:BELØB=0:SÆSON=SÆSON,2014-09-01,3069.0
DST:FIKS22:BRANCHE07=N:BELØB=0:SÆSON=SÆSON,2014-10-01,3156.0
DST:FIKS22:BRANCHE07=N:BELØB=0:SÆSON=SÆSON,2014-11-01,3081.0
DST:FIKS22:BRANCHE07=N:BELØB=0:SÆSON=SÆSON,2014-12-01,3189.0
DST:FIKS22:BRANCHE07=N:BELØB=0:SÆSON=SÆSON,2015-01-01,3137.0
DST:FIKS22:BRANCHE07=N:BELØB=0:SÆSON=SÆSON,2015-02-01,3389.0
DST:FIKS22:BRANCHE07=N:BELØB=0:SÆSON=SÆSON,2015-03-01,3366.0
DST:FIKS22:BRANCHE07=N:BELØB=0:SÆSON=SÆSON,2015-04-01,3354.0
DST:FIKS22:BRANCHE07=N:BELØB=0:SÆSON=SÆSON,2015-05-01,3358.0
DST:FIKS22:BRANCHE07=N:BELØB=0:SÆSON=SÆSON,2015-06-01,3278.0
DST:FIKS22:BRANCHE07=N:BELØB=0:SÆSON=SÆSON,2015-07-01,3290.0
DST:FIKS22:BRANCHE07=N:BELØB=0:SÆSON=SÆSON,2015-08-01,3272.0
DST:FIKS22:BRANCHE07=N:BELØB=0:SÆSON=SÆSON,2015-09-01,3427.0
DST:FIKS22:BRANCHE07=N:BELØB=0:SÆSON=SÆSON,2015-10-01,3359.0
DST:FIKS22:BRANCHE07=N:BELØB=0:SÆSON=SÆSON,2015-11-01,3625.0
DST:FIKS22:BRANCHE07=N:BELØB=0:SÆSON=SÆSON,2015-12-01,3382.0
DST:FIKS22:BRANCHE07=N:BELØB=0:SÆSON=SÆSON,2016-01-01,3537.0
DST:FIKS22:BRANCHE07=N:BELØB=0:SÆSON=SÆSON,2016-02-01,3504.0
DST:FIKS22:BRANCHE07=N:BELØB=0:SÆSON=SÆSON,2016-03-01,3882.0
DST:FIKS22:BRANCHE07=N:BELØB=0:SÆSON=SÆSON,2016-04-01,3546.0
DST:FIKS22:BRANCHE07=N:BELØB=0:SÆSON=SÆSON,2016-05-01,3679.0
DST:FIKS22:BRANCHE07=N:BELØB=0:SÆSON=SÆSON,2016-06-01,3581.0
DST:FIKS22:BRANCHE07=N:BELØB=0:SÆSON=SÆSON,2016-07-01,3514.0
DST:FIKS22:BRANCHE07=N:BELØB=0:SÆSON=SÆSON,2016-08-01,3692.0
DST:FIKS22:BRANCHE07=N:BELØB=0:SÆSON=SÆSON,2016-09-01,3731.0
DST:FIKS22:BRANCHE07=N:BELØB=0:SÆSON=SÆSON,2016-10-01,3814.0
DST:FIKS22:BRANCHE07=N:BELØB=0:SÆSON=SÆSON,2016-11-01,3810.0
DST:FIKS22:BRANCHE07=N:BELØB=0:SÆSON=SÆSON,2016-12-01,3970.0
DST:FIKS22:BRANCHE07=N:BELØB=0:SÆSON=SÆSON,2017-01-01,3779.0
DST:FIKS22:BRANCHE07=N:BELØB=0:SÆSON=SÆSON,2017-02-01,3837.0
DST:FIKS22:BRANCHE07=N:BELØB=0:SÆSON=SÆSON,2017-03-01,3792.0
DST:FIKS22:BRANCHE07=N:BELØB=0:SÆSON=SÆSON,2017-04-01,3774.0
DST:FIKS22:BRANCHE07=N:BELØB=0:SÆSON=SÆSON,2017-05-01,4040.0
DST:FIKS22:BRANCHE07=N:BELØB=0:SÆSON=SÆSON,2017-06-01,4479.0
DST:FIKS22:BRANCHE07=N:BELØB=0:SÆSON=SÆSON,2017-07-01,4103.0
DST:FIKS22:BRANCHE07=N:BELØB=0:SÆSON=SÆSON,2017-08-01,4137.0
DST:FIKS22:BRANCHE07=N:BELØB=0:SÆSON=SÆSON,2017-09-01,4067.0
DST:FIKS22:BRANCHE07=N:BELØB=0:SÆSON=SÆSON,2017-10-01,4582.0
DST:FIKS22:BRANCHE07=N:BELØB=0:SÆSON=SÆSON,2017-11-01,3925.0
DST:FIKS22:BRANCHE07=N:BELØB=0:SÆSON=SÆSON,2017-12-01,4107.0
DST:FIKS22:BRANCHE07=N:BELØB=0:SÆSON=SÆSON,2018-01-01,3952.0
DST:FIKS22:BRANCHE07=N:BELØB=0:SÆSON=SÆSON,2018-02-01,3974.0
DST:FIKS22:BRANCHE07=N:BELØB=0:SÆSON=SÆSON,2018-03-01,4095.0
DST:FIKS22:BRANCHE07=N:BELØB=0:SÆSON=SÆSON,2018-04-01,4287.0
DST:FIKS22:BRANCHE07=N:BELØB=0:SÆSON=SÆSON,2018-05-01,4042.0
DST:FIKS22:BRANCHE07=N:BELØB=0:SÆSON=SÆSON,2018-06-01,4447.0
DST:FIKS22:BRANCHE07=N:BELØB=0:SÆSON=SÆSON,2018-07-01,4214.0
DST:FIKS22:BRANCHE07=N:BELØB=0:SÆSON=SÆSON,2018-08-01,4285.0
DST:FIKS22:BRANCHE07=N:BELØB=0:SÆSON=SÆSON,2018-09-01,4299.0
DST:FIKS22:BRANCHE07=N:BELØB=0:SÆSON=SÆSON,2018-10-01,4283.0
DST:FIKS22:BRANCHE07=N:BELØB=0:SÆSON=SÆSON,2018-11-01,3986.0
DST:FIKS22:BRANCHE07=N:BELØB=0:SÆSON=SÆSON,2018-12-01,4913.0
DST:FIKS22:BRANCHE07=N:BELØB=0:SÆSON=SÆSON,2019-01-01,4455.0
DST:FIKS22:BRANCHE07=N:BELØB=0:SÆSON=SÆSON,2019-02-01,4530.0
DST:FIKS22:BRANCHE07=N:BELØB=0:SÆSON=SÆSON,2019-03-01,4484.0
DST:FIKS22:BRANCHE07=N:BELØB=0:SÆSON=SÆSON,2019-04-01,4400.0
DST:FIKS22:BRANCHE07=N:BELØB=0:SÆSON=SÆSON,2019-05-01,4307.0
DST:FIKS22:BRANCHE07=N:BELØB=0:SÆSON=SÆSON,2019-06-01,4251.0
DST:FIKS22:BRANCHE07=N:BELØB=0:SÆSON=SÆSON,2019-07-01,4615.0
DST:FIKS22:BRANCHE07=N:BELØB=0:SÆSON=SÆSON,2019-08-01,4758.0
DST:FIKS22:BRANCHE07=N:BELØB=0:SÆSON=SÆSON,2019-09-01,4259.0
DST:FIKS22:BRANCHE07=N:BELØB=0:SÆSON=SÆSON,2019-10-01,4304.0
DST:FIKS22:BRANCHE07=N:BELØB=0:SÆSON=SÆSON,2019-11-01,5583.0
DST:FIKS22:BRANCHE07=N:BELØB=0:SÆSON=SÆSON,2019-12-01,4972.0
DST:FIKS22:BRANCHE07=N:BELØB=0:SÆSON=SÆSON,2020-01-01,5279.0
DST:FIKS22:BRANCHE07=N:BELØB=0:SÆSON=SÆSON,2020-02-01,5605.0
DST:FIKS22:BRANCHE07=N:BELØB=0:SÆSON=SÆSON,2020-03-01,4702.0
DST:FIKS22:BRANCHE07=N:BELØB=0:SÆSON=SÆSON,2020-04-01,3866.0
DST:FIKS22:BRANCHE07=N:BELØB=0:SÆSON=SÆSON,2020-05-01,4404.0
DST:FIKS22:BRANCHE07=N:BELØB=0:SÆSON=SÆSON,2020-06-01,4717.0
DST:FIKS22:BRANCHE07=N:BELØB=0:SÆSON=SÆSON,2020-07-01,4753.0
DST:FIKS22:BRANCHE07=N:BELØB=0:SÆSON=SÆSON,2020-08-01,4619.0
DST:FIKS22:BRANCHE07=N:BELØB=0:SÆSON=SÆSON,2020-09-01,5131.0
DST:FIKS22:BRANCHE07=N:BELØB=0:SÆSON=SÆSON,2020-10-01,5303.0
DST:FIKS22:BRANCHE07=N:BELØB=0:SÆSON=SÆSON,2020-11-01,5324.0
DST:FIKS22:BRANCHE07=N:BELØB=0:SÆSON=SÆSON,2020-12-01,5380.0
DST:FIKS22:BRANCHE07=N:BELØB=0:SÆSON=SÆSON,2021-01-01,5166.0
DST:FIKS22:BRANCHE07=N:BELØB=0:SÆSON=SÆSON,2021-02-01,5166.0
DST:FIKS22:BRANCHE07=N:BELØB=0:SÆSON=SÆSON,2021-03-01,5267.0
DST:FIKS22:BRANCHE07=N:BELØB=0:SÆSON=SÆSON,2021-04-01,4954.0
DST:FIKS22:BRANCHE07=N:BELØB=0:SÆSON=SÆSON,2021-05-01,4977.0
DST:FIKS22:BRANCHE07=N:BELØB=0:SÆSON=SÆSON,2021-06-01,4558.0
DST:FIKS22:BRANCHE07=N:BELØB=0:SÆSON=SÆSON,2021-07-01,4788.0
DST:FIKS22:BRANCHE07=N:BELØB=0:SÆSON=SÆSON,2021-08-01,4670.0
DST:FIKS22:BRANCHE07=N:BELØB=0:SÆSON=SÆSON,2021-09-01,4954.0
DST:FIKS22:BRANCHE07=N:BELØB=0:SÆSON=SÆSON,2021-10-01,5046.0
DST:FIKS22:BRANCHE07=N:BELØB=0:SÆSON=SÆSON,2021-11-01,5223.0
DST:FIKS22:BRANCHE07=N:BELØB=0:SÆSON=SÆSON,2021-12-01,5143.0
DST:FIKS22:BRANCHE07=N:BELØB=0:SÆSON=SÆSON,2022-01-01,5013.0
DST:FIKS22:BRANCHE07=N:BELØB=0:SÆSON=SÆSON,2022-02-01,5070.0
DST:FIKS22:BRANCHE07=N:BELØB=0:SÆSON=SÆSON,2022-03-01,5209.0
DST:FIKS22:BRANCHE07=N:BELØB=0:SÆSON=SÆSON,2022-04-01,5378.0
DST:FIKS22:BRANCHE07=N:BELØB=0:SÆSON=SÆSON,2022-05-01,5316.0
DST:FIKS22:BRANCHE07=N:BELØB=0:SÆSON=SÆSON,2022-06-01,5425.0
DST:FIKS22:BRANCHE07=N:BELØB=0:SÆSON=SÆSON,2022-07-01,5334.0
DST:FIKS22:BRANCHE07=N:BELØB=0:SÆSON=SÆSON,2022-08-01,5572.0
DST:FIKS22:BRANCHE07=N:BELØB=0:SÆSON=SÆSON,2022-09-01,5628.0
DST:FIKS22:BRANCHE07=N:BELØB=0:SÆSON=SÆSON,2022-10-01,5431.0
DST:FIKS22:BRANCHE07=N:BELØB=0:SÆSON=SÆSON,2022-11-01,4810.0
DST:FIKS22:BRANCHE07=N:BELØB=0:SÆSON=SÆSON,2022-12-01,5293.0
DST:FIKS22:BRANCHE07=N:BELØB=0:SÆSON=SÆSON,2023-01-01,5223.0
DST:FIKS22:BRANCHE07=N:BELØB=0:SÆSON=SÆSON,2023-02-01,5521.0
DST:FIKS22:BRANCHE07=N:BELØB=0:SÆSON=SÆSON,2023-03-01,5393.0
DST:FIKS22:BRANCHE07=N:BELØB=0:SÆSON=SÆSON,2023-04-01,5459.0
DST:FIKS22:BRANCHE07=N:BELØB=0:SÆSON=SÆSON,2023-05-01,5655.0
DST:FIKS22:BRANCHE07=N:BELØB=0:SÆSON=SÆSON,2023-06-01,5460.0
DST:FIKS22:BRANCHE07=N:BELØB=0:SÆSON=SÆSON,2023-07-01,5264.0
DST:FIKS22:BRANCHE07=N:BELØB=0:SÆSON=SÆSON,2023-08-01,5818.0
DST:FIKS22:BRANCHE07=N:BELØB=0:SÆSON=SÆSON,2023-09-01,5665.0
DST:FIKS22:BRANCHE07=N:BELØB=0:SÆSON=SÆSON,2023-10-01,5740.0
DST:FIKS22:BRANCHE07=N:BELØB=0:SÆSON=SÆSON,2023-11-01,5873.0
DST:FIKS22:BRANCHE07=N:BELØB=0:SÆSON=SÆSON,2023-12-01,5774.0
DST:FIKS22:BRANCHE07=N:BELØB=0:SÆSON=SÆSON,2024-01-01,6024.0
DST:FIKS22:BRANCHE07=N:BELØB=0:SÆSON=SÆSON,2024-02-01,5581.0
DST:FIKS22:BRANCHE07=N:BELØB=0:SÆSON=SÆSON,2024-03-01,5808.0
DST:FIKS22:BRANCHE07=N:BELØB=0:SÆSON=SÆSON,2024-04-01,5933.0
DST:FIKS22:BRANCHE07=N:BELØB=0:SÆSON=SÆSON,2024-05-01,5785.0
DST:FIKS22:BRANCHE07=N:BELØB=0:SÆSON=SÆSON,2024-06-01,5915.0
DST:FIKS22:BRANCHE07=N:BELØB=0:SÆSON=SÆSON,2024-07-01,5797.0
DST:FIKS22:BRANCHE07=N:BELØB=0:SÆSON=SÆSON,2024-08-01,5533.0
DST:FIKS22:BRANCHE07=N:BELØB=0:SÆSON=SÆSON,2024-09-01,5701.0
DST:FIKS22:BRANCHE07=N:BELØB=0:SÆSON=SÆSON,2024-10-01,5582.0
DST:FIKS22:BRANCHE07=N:BELØB=0:SÆSON=SÆSON,2024-11-01,5241.0
DST:FIKS22:BRANCHE07=N:BELØB=0:SÆSON=SÆSON,2024-12-01,5745.0
DST:FIKS22:BRANCHE07=N:BELØB=0:SÆSON=SÆSON,2025-01-01,5842.0
DST:FIKS22:BRANCHE07=N:BELØB=0:SÆSON=SÆSON,2025-02-01,5884.0
DST:FIKS22:BRANCHE07=N:BELØB=0:SÆSON=SÆSON,2025-03-01,5929.0
DST:FIKS22:BRANCHE07=N:BELØB=0:SÆSON=SÆSON,2025-04-01,6004.0
DST:FIKS22:BRANCHE07=N:BELØB=0:SÆSON=SÆSON,2025-05-01,5847.0
DST:FIKS22:BRANCHE07=N:BELØB=0:SÆSON=SÆSON,2025-06-01,5908.0
DST:FIKS22:BRANCHE07=N:BELØB=0:SÆSON=SÆSON,2025-07-01,6242.0
DST:FIKS22:BRANCHE07=N:BELØB=0:SÆSON=SÆSON,2025-08-01,6202.0
DST:FIKS22:BRANCHE07=N:BELØB=0:SÆSON=SÆSON,2025-09-01,6107.0
DST:FIKS22:BRANCHE07=N:BELØB=0:SÆSON=SÆSON,2025-10-01,6388.0
DST:FIKS22:BRANCHE07=N:BELØB=0:SÆSON=SÆSON,2025-11-01,6304.0
DST:FIKS22:BRANCHE07=N:BELØB=0:SÆSON=SÆSON,2025-12-01,5944.0
DST:FIKS22:BRANCHE07=N:BELØB=0:SÆSON=SÆSON,2026-01-01,6465.0
DST:FIKS22:BRANCHE07=N:BELØB=0:SÆSON=SÆSON,2026-02-01,6499.0
DST:FIKS22:BRANCHE07=N:BELØB=0:SÆSON=SÆSON,2026-03-01,7146.0
DST:FIKS22:BRANCHE07=N:BELØB=1:SÆSON=EJSÆSON,2009-01-01,5019.0
DST:FIKS22:BRANCHE07=N:BELØB=1:SÆSON=EJSÆSON,2009-02-01,4490.0
DST:FIKS22:BRANCHE07=N:BELØB=1:SÆSON=EJSÆSON,2009-03-01,4716.0
DST:FIKS22:BRANCHE07=N:BELØB=1:SÆSON=EJSÆSON,2009-04-01,4840.0
DST:FIKS22:BRANCHE07=N:BELØB=1:SÆSON=EJSÆSON,2009-05-01,4664.0
DST:FIKS22:BRANCHE07=N:BELØB=1:SÆSON=EJSÆSON,2009-06-01,5156.0
DST:FIKS22:BRANCHE07=N:BELØB=1:SÆSON=EJSÆSON,2009-07-01,5083.0
DST:FIKS22:BRANCHE07=N:BELØB=1:SÆSON=EJSÆSON,2009-08-01,5130.0
DST:FIKS22:BRANCHE07=N:BELØB=1:SÆSON=EJSÆSON,2009-09-01,4998.0
DST:FIKS22:BRANCHE07=N:BELØB=1:SÆSON=EJSÆSON,2009-10-01,5072.0
DST:FIKS22:BRANCHE07=N:BELØB=1:SÆSON=EJSÆSON,2009-11-01,4623.0
DST:FIKS22:BRANCHE07=N:BELØB=1:SÆSON=EJSÆSON,2009-12-01,5333.0
DST:FIKS22:BRANCHE07=N:BELØB=1:SÆSON=EJSÆSON,2010-01-01,4648.0
DST:FIKS22:BRANCHE07=N:BELØB=1:SÆSON=EJSÆSON,2010-02-01,4370.0
DST:FIKS22:BRANCHE07=N:BELØB=1:SÆSON=EJSÆSON,2010-03-01,4700.0
DST:FIKS22:BRANCHE07=N:BELØB=1:SÆSON=EJSÆSON,2010-04-01,4861.0
DST:FIKS22:BRANCHE07=N:BELØB=1:SÆSON=EJSÆSON,2010-05-01,4752.0
DST:FIKS22:BRANCHE07=N:BELØB=1:SÆSON=EJSÆSON,2010-06-01,5034.0
DST:FIKS22:BRANCHE07=N:BELØB=1:SÆSON=EJSÆSON,2010-07-01,4888.0
DST:FIKS22:BRANCHE07=N:BELØB=1:SÆSON=EJSÆSON,2010-08-01,4889.0
DST:FIKS22:BRANCHE07=N:BELØB=1:SÆSON=EJSÆSON,2010-09-01,5389.0
DST:FIKS22:BRANCHE07=N:BELØB=1:SÆSON=EJSÆSON,2010-10-01,5250.0
DST:FIKS22:BRANCHE07=N:BELØB=1:SÆSON=EJSÆSON,2010-11-01,5105.0
DST:FIKS22:BRANCHE07=N:BELØB=1:SÆSON=EJSÆSON,2010-12-01,5546.0
DST:FIKS22:BRANCHE07=N:BELØB=1:SÆSON=EJSÆSON,2011-01-01,4856.0
DST:FIKS22:BRANCHE07=N:BELØB=1:SÆSON=EJSÆSON,2011-02-01,4502.0
DST:FIKS22:BRANCHE07=N:BELØB=1:SÆSON=EJSÆSON,2011-03-01,5038.0
DST:FIKS22:BRANCHE07=N:BELØB=1:SÆSON=EJSÆSON,2011-04-01,5094.0
DST:FIKS22:BRANCHE07=N:BELØB=1:SÆSON=EJSÆSON,2011-05-01,5230.0
DST:FIKS22:BRANCHE07=N:BELØB=1:SÆSON=EJSÆSON,2011-06-01,5475.0
DST:FIKS22:BRANCHE07=N:BELØB=1:SÆSON=EJSÆSON,2011-07-01,5497.0
DST:FIKS22:BRANCHE07=N:BELØB=1:SÆSON=EJSÆSON,2011-08-01,5455.0
DST:FIKS22:BRANCHE07=N:BELØB=1:SÆSON=EJSÆSON,2011-09-01,5793.0
DST:FIKS22:BRANCHE07=N:BELØB=1:SÆSON=EJSÆSON,2011-10-01,6033.0
DST:FIKS22:BRANCHE07=N:BELØB=1:SÆSON=EJSÆSON,2011-11-01,5612.0
DST:FIKS22:BRANCHE07=N:BELØB=1:SÆSON=EJSÆSON,2011-12-01,6193.0
DST:FIKS22:BRANCHE07=N:BELØB=1:SÆSON=EJSÆSON,2012-01-01,5232.0
DST:FIKS22:BRANCHE07=N:BELØB=1:SÆSON=EJSÆSON,2012-02-01,4763.0
DST:FIKS22:BRANCHE07=N:BELØB=1:SÆSON=EJSÆSON,2012-03-01,5121.0
DST:FIKS22:BRANCHE07=N:BELØB=1:SÆSON=EJSÆSON,2012-04-01,5425.0
DST:FIKS22:BRANCHE07=N:BELØB=1:SÆSON=EJSÆSON,2012-05-01,5382.0
DST:FIKS22:BRANCHE07=N:BELØB=1:SÆSON=EJSÆSON,2012-06-01,5536.0
DST:FIKS22:BRANCHE07=N:BELØB=1:SÆSON=EJSÆSON,2012-07-01,5612.0
DST:FIKS22:BRANCHE07=N:BELØB=1:SÆSON=EJSÆSON,2012-08-01,5464.0
DST:FIKS22:BRANCHE07=N:BELØB=1:SÆSON=EJSÆSON,2012-09-01,5724.0
DST:FIKS22:BRANCHE07=N:BELØB=1:SÆSON=EJSÆSON,2012-10-01,6250.0
DST:FIKS22:BRANCHE07=N:BELØB=1:SÆSON=EJSÆSON,2012-11-01,5703.0
DST:FIKS22:BRANCHE07=N:BELØB=1:SÆSON=EJSÆSON,2012-12-01,6486.0
DST:FIKS22:BRANCHE07=N:BELØB=1:SÆSON=EJSÆSON,2013-01-01,5655.0
DST:FIKS22:BRANCHE07=N:BELØB=1:SÆSON=EJSÆSON,2013-02-01,5136.0
DST:FIKS22:BRANCHE07=N:BELØB=1:SÆSON=EJSÆSON,2013-03-01,5167.0
DST:FIKS22:BRANCHE07=N:BELØB=1:SÆSON=EJSÆSON,2013-04-01,6234.0
DST:FIKS22:BRANCHE07=N:BELØB=1:SÆSON=EJSÆSON,2013-05-01,5775.0
DST:FIKS22:BRANCHE07=N:BELØB=1:SÆSON=EJSÆSON,2013-06-01,6181.0
DST:FIKS22:BRANCHE07=N:BELØB=1:SÆSON=EJSÆSON,2013-07-01,5838.0
DST:FIKS22:BRANCHE07=N:BELØB=1:SÆSON=EJSÆSON,2013-08-01,5724.0
DST:FIKS22:BRANCHE07=N:BELØB=1:SÆSON=EJSÆSON,2013-09-01,6111.0
DST:FIKS22:BRANCHE07=N:BELØB=1:SÆSON=EJSÆSON,2013-10-01,6305.0
DST:FIKS22:BRANCHE07=N:BELØB=1:SÆSON=EJSÆSON,2013-11-01,5698.0
DST:FIKS22:BRANCHE07=N:BELØB=1:SÆSON=EJSÆSON,2013-12-01,7566.0
DST:FIKS22:BRANCHE07=N:BELØB=1:SÆSON=EJSÆSON,2014-01-01,5762.0
DST:FIKS22:BRANCHE07=N:BELØB=1:SÆSON=EJSÆSON,2014-02-01,5467.0
DST:FIKS22:BRANCHE07=N:BELØB=1:SÆSON=EJSÆSON,2014-03-01,5910.0
DST:FIKS22:BRANCHE07=N:BELØB=1:SÆSON=EJSÆSON,2014-04-01,6019.0
DST:FIKS22:BRANCHE07=N:BELØB=1:SÆSON=EJSÆSON,2014-05-01,5724.0
DST:FIKS22:BRANCHE07=N:BELØB=1:SÆSON=EJSÆSON,2014-06-01,6795.0
DST:FIKS22:BRANCHE07=N:BELØB=1:SÆSON=EJSÆSON,2014-07-01,6206.0
DST:FIKS22:BRANCHE07=N:BELØB=1:SÆSON=EJSÆSON,2014-08-01,5961.0
DST:FIKS22:BRANCHE07=N:BELØB=1:SÆSON=EJSÆSON,2014-09-01,6722.0
DST:FIKS22:BRANCHE07=N:BELØB=1:SÆSON=EJSÆSON,2014-10-01,6593.0
DST:FIKS22:BRANCHE07=N:BELØB=1:SÆSON=EJSÆSON,2014-11-01,6273.0
DST:FIKS22:BRANCHE07=N:BELØB=1:SÆSON=EJSÆSON,2014-12-01,7494.0
DST:FIKS22:BRANCHE07=N:BELØB=1:SÆSON=EJSÆSON,2015-01-01,6135.0
DST:FIKS22:BRANCHE07=N:BELØB=1:SÆSON=EJSÆSON,2015-02-01,5469.0
DST:FIKS22:BRANCHE07=N:BELØB=1:SÆSON=EJSÆSON,2015-03-01,6317.0
DST:FIKS22:BRANCHE07=N:BELØB=1:SÆSON=EJSÆSON,2015-04-01,6474.0
DST:FIKS22:BRANCHE07=N:BELØB=1:SÆSON=EJSÆSON,2015-05-01,6486.0
DST:FIKS22:BRANCHE07=N:BELØB=1:SÆSON=EJSÆSON,2015-06-01,6797.0
DST:FIKS22:BRANCHE07=N:BELØB=1:SÆSON=EJSÆSON,2015-07-01,6562.0
DST:FIKS22:BRANCHE07=N:BELØB=1:SÆSON=EJSÆSON,2015-08-01,6271.0
DST:FIKS22:BRANCHE07=N:BELØB=1:SÆSON=EJSÆSON,2015-09-01,7330.0
DST:FIKS22:BRANCHE07=N:BELØB=1:SÆSON=EJSÆSON,2015-10-01,7009.0
DST:FIKS22:BRANCHE07=N:BELØB=1:SÆSON=EJSÆSON,2015-11-01,6642.0
DST:FIKS22:BRANCHE07=N:BELØB=1:SÆSON=EJSÆSON,2015-12-01,7911.0
DST:FIKS22:BRANCHE07=N:BELØB=1:SÆSON=EJSÆSON,2016-01-01,6353.0
DST:FIKS22:BRANCHE07=N:BELØB=1:SÆSON=EJSÆSON,2016-02-01,6285.0
DST:FIKS22:BRANCHE07=N:BELØB=1:SÆSON=EJSÆSON,2016-03-01,7037.0
DST:FIKS22:BRANCHE07=N:BELØB=1:SÆSON=EJSÆSON,2016-04-01,7016.0
DST:FIKS22:BRANCHE07=N:BELØB=1:SÆSON=EJSÆSON,2016-05-01,7052.0
DST:FIKS22:BRANCHE07=N:BELØB=1:SÆSON=EJSÆSON,2016-06-01,7935.0
DST:FIKS22:BRANCHE07=N:BELØB=1:SÆSON=EJSÆSON,2016-07-01,6847.0
DST:FIKS22:BRANCHE07=N:BELØB=1:SÆSON=EJSÆSON,2016-08-01,7121.0
DST:FIKS22:BRANCHE07=N:BELØB=1:SÆSON=EJSÆSON,2016-09-01,7808.0
DST:FIKS22:BRANCHE07=N:BELØB=1:SÆSON=EJSÆSON,2016-10-01,7307.0
DST:FIKS22:BRANCHE07=N:BELØB=1:SÆSON=EJSÆSON,2016-11-01,7460.0
DST:FIKS22:BRANCHE07=N:BELØB=1:SÆSON=EJSÆSON,2016-12-01,9153.0
DST:FIKS22:BRANCHE07=N:BELØB=1:SÆSON=EJSÆSON,2017-01-01,6633.0
DST:FIKS22:BRANCHE07=N:BELØB=1:SÆSON=EJSÆSON,2017-02-01,6363.0
DST:FIKS22:BRANCHE07=N:BELØB=1:SÆSON=EJSÆSON,2017-03-01,7618.0
DST:FIKS22:BRANCHE07=N:BELØB=1:SÆSON=EJSÆSON,2017-04-01,6875.0
DST:FIKS22:BRANCHE07=N:BELØB=1:SÆSON=EJSÆSON,2017-05-01,7544.0
DST:FIKS22:BRANCHE07=N:BELØB=1:SÆSON=EJSÆSON,2017-06-01,8194.0
DST:FIKS22:BRANCHE07=N:BELØB=1:SÆSON=EJSÆSON,2017-07-01,7364.0
DST:FIKS22:BRANCHE07=N:BELØB=1:SÆSON=EJSÆSON,2017-08-01,7726.0
DST:FIKS22:BRANCHE07=N:BELØB=1:SÆSON=EJSÆSON,2017-09-01,8096.0
DST:FIKS22:BRANCHE07=N:BELØB=1:SÆSON=EJSÆSON,2017-10-01,8595.0
DST:FIKS22:BRANCHE07=N:BELØB=1:SÆSON=EJSÆSON,2017-11-01,7843.0
DST:FIKS22:BRANCHE07=N:BELØB=1:SÆSON=EJSÆSON,2017-12-01,9097.0
DST:FIKS22:BRANCHE07=N:BELØB=1:SÆSON=EJSÆSON,2018-01-01,7041.0
DST:FIKS22:BRANCHE07=N:BELØB=1:SÆSON=EJSÆSON,2018-02-01,6588.0
DST:FIKS22:BRANCHE07=N:BELØB=1:SÆSON=EJSÆSON,2018-03-01,7715.0
DST:FIKS22:BRANCHE07=N:BELØB=1:SÆSON=EJSÆSON,2018-04-01,7387.0
DST:FIKS22:BRANCHE07=N:BELØB=1:SÆSON=EJSÆSON,2018-05-01,7800.0
DST:FIKS22:BRANCHE07=N:BELØB=1:SÆSON=EJSÆSON,2018-06-01,8498.0
DST:FIKS22:BRANCHE07=N:BELØB=1:SÆSON=EJSÆSON,2018-07-01,7570.0
DST:FIKS22:BRANCHE07=N:BELØB=1:SÆSON=EJSÆSON,2018-08-01,7931.0
DST:FIKS22:BRANCHE07=N:BELØB=1:SÆSON=EJSÆSON,2018-09-01,8569.0
DST:FIKS22:BRANCHE07=N:BELØB=1:SÆSON=EJSÆSON,2018-10-01,8411.0
DST:FIKS22:BRANCHE07=N:BELØB=1:SÆSON=EJSÆSON,2018-11-01,8496.0
DST:FIKS22:BRANCHE07=N:BELØB=1:SÆSON=EJSÆSON,2018-12-01,9535.0
DST:FIKS22:BRANCHE07=N:BELØB=1:SÆSON=EJSÆSON,2019-01-01,7467.0
DST:FIKS22:BRANCHE07=N:BELØB=1:SÆSON=EJSÆSON,2019-02-01,7116.0
DST:FIKS22:BRANCHE07=N:BELØB=1:SÆSON=EJSÆSON,2019-03-01,8563.0
DST:FIKS22:BRANCHE07=N:BELØB=1:SÆSON=EJSÆSON,2019-04-01,8103.0
DST:FIKS22:BRANCHE07=N:BELØB=1:SÆSON=EJSÆSON,2019-05-01,7949.0
DST:FIKS22:BRANCHE07=N:BELØB=1:SÆSON=EJSÆSON,2019-06-01,8714.0
DST:FIKS22:BRANCHE07=N:BELØB=1:SÆSON=EJSÆSON,2019-07-01,8441.0
DST:FIKS22:BRANCHE07=N:BELØB=1:SÆSON=EJSÆSON,2019-08-01,8008.0
DST:FIKS22:BRANCHE07=N:BELØB=1:SÆSON=EJSÆSON,2019-09-01,8402.0
DST:FIKS22:BRANCHE07=N:BELØB=1:SÆSON=EJSÆSON,2019-10-01,9108.0
DST:FIKS22:BRANCHE07=N:BELØB=1:SÆSON=EJSÆSON,2019-11-01,8505.0
DST:FIKS22:BRANCHE07=N:BELØB=1:SÆSON=EJSÆSON,2019-12-01,9839.0
DST:FIKS22:BRANCHE07=N:BELØB=1:SÆSON=EJSÆSON,2020-01-01,8465.0
DST:FIKS22:BRANCHE07=N:BELØB=1:SÆSON=EJSÆSON,2020-02-01,8048.0
DST:FIKS22:BRANCHE07=N:BELØB=1:SÆSON=EJSÆSON,2020-03-01,8829.0
DST:FIKS22:BRANCHE07=N:BELØB=1:SÆSON=EJSÆSON,2020-04-01,7343.0
DST:FIKS22:BRANCHE07=N:BELØB=1:SÆSON=EJSÆSON,2020-05-01,7424.0
DST:FIKS22:BRANCHE07=N:BELØB=1:SÆSON=EJSÆSON,2020-06-01,9242.0
DST:FIKS22:BRANCHE07=N:BELØB=1:SÆSON=EJSÆSON,2020-07-01,8931.0
DST:FIKS22:BRANCHE07=N:BELØB=1:SÆSON=EJSÆSON,2020-08-01,8539.0
DST:FIKS22:BRANCHE07=N:BELØB=1:SÆSON=EJSÆSON,2020-09-01,9185.0
DST:FIKS22:BRANCHE07=N:BELØB=1:SÆSON=EJSÆSON,2020-10-01,9885.0
DST:FIKS22:BRANCHE07=N:BELØB=1:SÆSON=EJSÆSON,2020-11-01,9892.0
DST:FIKS22:BRANCHE07=N:BELØB=1:SÆSON=EJSÆSON,2020-12-01,10966.0
DST:FIKS22:BRANCHE07=N:BELØB=1:SÆSON=EJSÆSON,2021-01-01,7825.0
DST:FIKS22:BRANCHE07=N:BELØB=1:SÆSON=EJSÆSON,2021-02-01,7758.0
DST:FIKS22:BRANCHE07=N:BELØB=1:SÆSON=EJSÆSON,2021-03-01,9890.0
DST:FIKS22:BRANCHE07=N:BELØB=1:SÆSON=EJSÆSON,2021-04-01,8907.0
DST:FIKS22:BRANCHE07=N:BELØB=1:SÆSON=EJSÆSON,2021-05-01,8988.0
DST:FIKS22:BRANCHE07=N:BELØB=1:SÆSON=EJSÆSON,2021-06-01,9422.0
DST:FIKS22:BRANCHE07=N:BELØB=1:SÆSON=EJSÆSON,2021-07-01,8968.0
DST:FIKS22:BRANCHE07=N:BELØB=1:SÆSON=EJSÆSON,2021-08-01,9091.0
DST:FIKS22:BRANCHE07=N:BELØB=1:SÆSON=EJSÆSON,2021-09-01,9816.0
DST:FIKS22:BRANCHE07=N:BELØB=1:SÆSON=EJSÆSON,2021-10-01,9976.0
DST:FIKS22:BRANCHE07=N:BELØB=1:SÆSON=EJSÆSON,2021-11-01,9930.0
DST:FIKS22:BRANCHE07=N:BELØB=1:SÆSON=EJSÆSON,2021-12-01,11663.0
DST:FIKS22:BRANCHE07=N:BELØB=1:SÆSON=EJSÆSON,2022-01-01,8924.0
DST:FIKS22:BRANCHE07=N:BELØB=1:SÆSON=EJSÆSON,2022-02-01,8706.0
DST:FIKS22:BRANCHE07=N:BELØB=1:SÆSON=EJSÆSON,2022-03-01,9887.0
DST:FIKS22:BRANCHE07=N:BELØB=1:SÆSON=EJSÆSON,2022-04-01,9479.0
DST:FIKS22:BRANCHE07=N:BELØB=1:SÆSON=EJSÆSON,2022-05-01,9998.0
DST:FIKS22:BRANCHE07=N:BELØB=1:SÆSON=EJSÆSON,2022-06-01,10640.0
DST:FIKS22:BRANCHE07=N:BELØB=1:SÆSON=EJSÆSON,2022-07-01,9588.0
DST:FIKS22:BRANCHE07=N:BELØB=1:SÆSON=EJSÆSON,2022-08-01,10359.0
DST:FIKS22:BRANCHE07=N:BELØB=1:SÆSON=EJSÆSON,2022-09-01,10652.0
DST:FIKS22:BRANCHE07=N:BELØB=1:SÆSON=EJSÆSON,2022-10-01,10689.0
DST:FIKS22:BRANCHE07=N:BELØB=1:SÆSON=EJSÆSON,2022-11-01,10806.0
DST:FIKS22:BRANCHE07=N:BELØB=1:SÆSON=EJSÆSON,2022-12-01,11434.0
DST:FIKS22:BRANCHE07=N:BELØB=1:SÆSON=EJSÆSON,2023-01-01,9306.0
DST:FIKS22:BRANCHE07=N:BELØB=1:SÆSON=EJSÆSON,2023-02-01,8844.0
DST:FIKS22:BRANCHE07=N:BELØB=1:SÆSON=EJSÆSON,2023-03-01,10376.0
DST:FIKS22:BRANCHE07=N:BELØB=1:SÆSON=EJSÆSON,2023-04-01,9947.0
DST:FIKS22:BRANCHE07=N:BELØB=1:SÆSON=EJSÆSON,2023-05-01,10496.0
DST:FIKS22:BRANCHE07=N:BELØB=1:SÆSON=EJSÆSON,2023-06-01,10490.0
DST:FIKS22:BRANCHE07=N:BELØB=1:SÆSON=EJSÆSON,2023-07-01,9758.0
DST:FIKS22:BRANCHE07=N:BELØB=1:SÆSON=EJSÆSON,2023-08-01,10105.0
DST:FIKS22:BRANCHE07=N:BELØB=1:SÆSON=EJSÆSON,2023-09-01,10625.0
DST:FIKS22:BRANCHE07=N:BELØB=1:SÆSON=EJSÆSON,2023-10-01,10996.0
DST:FIKS22:BRANCHE07=N:BELØB=1:SÆSON=EJSÆSON,2023-11-01,10746.0
DST:FIKS22:BRANCHE07=N:BELØB=1:SÆSON=EJSÆSON,2023-12-01,11981.0
DST:FIKS22:BRANCHE07=N:BELØB=1:SÆSON=EJSÆSON,2024-01-01,9604.0
DST:FIKS22:BRANCHE07=N:BELØB=1:SÆSON=EJSÆSON,2024-02-01,9692.0
DST:FIKS22:BRANCHE07=N:BELØB=1:SÆSON=EJSÆSON,2024-03-01,9958.0
DST:FIKS22:BRANCHE07=N:BELØB=1:SÆSON=EJSÆSON,2024-04-01,11243.0
DST:FIKS22:BRANCHE07=N:BELØB=1:SÆSON=EJSÆSON,2024-05-01,11190.0
DST:FIKS22:BRANCHE07=N:BELØB=1:SÆSON=EJSÆSON,2024-06-01,11114.0
DST:FIKS22:BRANCHE07=N:BELØB=1:SÆSON=EJSÆSON,2024-07-01,11243.0
DST:FIKS22:BRANCHE07=N:BELØB=1:SÆSON=EJSÆSON,2024-08-01,10797.0
DST:FIKS22:BRANCHE07=N:BELØB=1:SÆSON=EJSÆSON,2024-09-01,11419.0
DST:FIKS22:BRANCHE07=N:BELØB=1:SÆSON=EJSÆSON,2024-10-01,12307.0
DST:FIKS22:BRANCHE07=N:BELØB=1:SÆSON=EJSÆSON,2024-11-01,11300.0
DST:FIKS22:BRANCHE07=N:BELØB=1:SÆSON=EJSÆSON,2024-12-01,12294.0
DST:FIKS22:BRANCHE07=N:BELØB=1:SÆSON=EJSÆSON,2025-01-01,10753.0
DST:FIKS22:BRANCHE07=N:BELØB=1:SÆSON=EJSÆSON,2025-02-01,10414.0
DST:FIKS22:BRANCHE07=N:BELØB=1:SÆSON=EJSÆSON,2025-03-01,11178.0
DST:FIKS22:BRANCHE07=N:BELØB=1:SÆSON=EJSÆSON,2025-04-01,11978.0
DST:FIKS22:BRANCHE07=N:BELØB=1:SÆSON=EJSÆSON,2025-05-01,11658.0
DST:FIKS22:BRANCHE07=N:BELØB=1:SÆSON=EJSÆSON,2025-06-01,11870.0
DST:FIKS22:BRANCHE07=N:BELØB=1:SÆSON=EJSÆSON,2025-07-01,12124.0
DST:FIKS22:BRANCHE07=N:BELØB=1:SÆSON=EJSÆSON,2025-08-01,11666.0
DST:FIKS22:BRANCHE07=N:BELØB=1:SÆSON=EJSÆSON,2025-09-01,12374.0
DST:FIKS22:BRANCHE07=N:BELØB=1:SÆSON=EJSÆSON,2025-10-01,12895.0
DST:FIKS22:BRANCHE07=N:BELØB=1:SÆSON=EJSÆSON,2025-11-01,12197.0
DST:FIKS22:BRANCHE07=N:BELØB=1:SÆSON=EJSÆSON,2025-12-01,12372.0
DST:FIKS22:BRANCHE07=N:BELØB=1:SÆSON=EJSÆSON,2026-01-01,10910.0
DST:FIKS22:BRANCHE07=N:BELØB=1:SÆSON=EJSÆSON,2026-02-01,10401.0
DST:FIKS22:BRANCHE07=N:BELØB=1:SÆSON=EJSÆSON,2026-03-01,12810.0
DST:FIKS22:BRANCHE07=N:BELØB=1:SÆSON=SÆSON,2009-01-01,5199.0
DST:FIKS22:BRANCHE07=N:BELØB=1:SÆSON=SÆSON,2009-02-01,5095.0
DST:FIKS22:BRANCHE07=N:BELØB=1:SÆSON=SÆSON,2009-03-01,4946.0
DST:FIKS22:BRANCHE07=N:BELØB=1:SÆSON=SÆSON,2009-04-01,4921.0
DST:FIKS22:BRANCHE07=N:BELØB=1:SÆSON=SÆSON,2009-05-01,4874.0
DST:FIKS22:BRANCHE07=N:BELØB=1:SÆSON=SÆSON,2009-06-01,5037.0
DST:FIKS22:BRANCHE07=N:BELØB=1:SÆSON=SÆSON,2009-07-01,5027.0
DST:FIKS22:BRANCHE07=N:BELØB=1:SÆSON=SÆSON,2009-08-01,5310.0
DST:FIKS22:BRANCHE07=N:BELØB=1:SÆSON=SÆSON,2009-09-01,4747.0
DST:FIKS22:BRANCHE07=N:BELØB=1:SÆSON=SÆSON,2009-10-01,4697.0
DST:FIKS22:BRANCHE07=N:BELØB=1:SÆSON=SÆSON,2009-11-01,4671.0
DST:FIKS22:BRANCHE07=N:BELØB=1:SÆSON=SÆSON,2009-12-01,4695.0
DST:FIKS22:BRANCHE07=N:BELØB=1:SÆSON=SÆSON,2010-01-01,4848.0
DST:FIKS22:BRANCHE07=N:BELØB=1:SÆSON=SÆSON,2010-02-01,4970.0
DST:FIKS22:BRANCHE07=N:BELØB=1:SÆSON=SÆSON,2010-03-01,4936.0
DST:FIKS22:BRANCHE07=N:BELØB=1:SÆSON=SÆSON,2010-04-01,4924.0
DST:FIKS22:BRANCHE07=N:BELØB=1:SÆSON=SÆSON,2010-05-01,4967.0
DST:FIKS22:BRANCHE07=N:BELØB=1:SÆSON=SÆSON,2010-06-01,4840.0
DST:FIKS22:BRANCHE07=N:BELØB=1:SÆSON=SÆSON,2010-07-01,4877.0
DST:FIKS22:BRANCHE07=N:BELØB=1:SÆSON=SÆSON,2010-08-01,4950.0
DST:FIKS22:BRANCHE07=N:BELØB=1:SÆSON=SÆSON,2010-09-01,5165.0
DST:FIKS22:BRANCHE07=N:BELØB=1:SÆSON=SÆSON,2010-10-01,4898.0
DST:FIKS22:BRANCHE07=N:BELØB=1:SÆSON=SÆSON,2010-11-01,5091.0
DST:FIKS22:BRANCHE07=N:BELØB=1:SÆSON=SÆSON,2010-12-01,4880.0
DST:FIKS22:BRANCHE07=N:BELØB=1:SÆSON=SÆSON,2011-01-01,5071.0
DST:FIKS22:BRANCHE07=N:BELØB=1:SÆSON=SÆSON,2011-02-01,5132.0
DST:FIKS22:BRANCHE07=N:BELØB=1:SÆSON=SÆSON,2011-03-01,5221.0
DST:FIKS22:BRANCHE07=N:BELØB=1:SÆSON=SÆSON,2011-04-01,5195.0
DST:FIKS22:BRANCHE07=N:BELØB=1:SÆSON=SÆSON,2011-05-01,5357.0
DST:FIKS22:BRANCHE07=N:BELØB=1:SÆSON=SÆSON,2011-06-01,5336.0
DST:FIKS22:BRANCHE07=N:BELØB=1:SÆSON=SÆSON,2011-07-01,5533.0
DST:FIKS22:BRANCHE07=N:BELØB=1:SÆSON=SÆSON,2011-08-01,5546.0
DST:FIKS22:BRANCHE07=N:BELØB=1:SÆSON=SÆSON,2011-09-01,5521.0
DST:FIKS22:BRANCHE07=N:BELØB=1:SÆSON=SÆSON,2011-10-01,5712.0
DST:FIKS22:BRANCHE07=N:BELØB=1:SÆSON=SÆSON,2011-11-01,5581.0
DST:FIKS22:BRANCHE07=N:BELØB=1:SÆSON=SÆSON,2011-12-01,5461.0
DST:FIKS22:BRANCHE07=N:BELØB=1:SÆSON=SÆSON,2012-01-01,5411.0
DST:FIKS22:BRANCHE07=N:BELØB=1:SÆSON=SÆSON,2012-02-01,5276.0
DST:FIKS22:BRANCHE07=N:BELØB=1:SÆSON=SÆSON,2012-03-01,5378.0
DST:FIKS22:BRANCHE07=N:BELØB=1:SÆSON=SÆSON,2012-04-01,5537.0
DST:FIKS22:BRANCHE07=N:BELØB=1:SÆSON=SÆSON,2012-05-01,5452.0
DST:FIKS22:BRANCHE07=N:BELØB=1:SÆSON=SÆSON,2012-06-01,5480.0
DST:FIKS22:BRANCHE07=N:BELØB=1:SÆSON=SÆSON,2012-07-01,5599.0
DST:FIKS22:BRANCHE07=N:BELØB=1:SÆSON=SÆSON,2012-08-01,5573.0
DST:FIKS22:BRANCHE07=N:BELØB=1:SÆSON=SÆSON,2012-09-01,5549.0
DST:FIKS22:BRANCHE07=N:BELØB=1:SÆSON=SÆSON,2012-10-01,5829.0
DST:FIKS22:BRANCHE07=N:BELØB=1:SÆSON=SÆSON,2012-11-01,5695.0
DST:FIKS22:BRANCHE07=N:BELØB=1:SÆSON=SÆSON,2012-12-01,5869.0
DST:FIKS22:BRANCHE07=N:BELØB=1:SÆSON=SÆSON,2013-01-01,5918.0
DST:FIKS22:BRANCHE07=N:BELØB=1:SÆSON=SÆSON,2013-02-01,5899.0
DST:FIKS22:BRANCHE07=N:BELØB=1:SÆSON=SÆSON,2013-03-01,5691.0
DST:FIKS22:BRANCHE07=N:BELØB=1:SÆSON=SÆSON,2013-04-01,6007.0
DST:FIKS22:BRANCHE07=N:BELØB=1:SÆSON=SÆSON,2013-05-01,5862.0
DST:FIKS22:BRANCHE07=N:BELØB=1:SÆSON=SÆSON,2013-06-01,6004.0
DST:FIKS22:BRANCHE07=N:BELØB=1:SÆSON=SÆSON,2013-07-01,5870.0
DST:FIKS22:BRANCHE07=N:BELØB=1:SÆSON=SÆSON,2013-08-01,5909.0
DST:FIKS22:BRANCHE07=N:BELØB=1:SÆSON=SÆSON,2013-09-01,5877.0
DST:FIKS22:BRANCHE07=N:BELØB=1:SÆSON=SÆSON,2013-10-01,5871.0
DST:FIKS22:BRANCHE07=N:BELØB=1:SÆSON=SÆSON,2013-11-01,5778.0
DST:FIKS22:BRANCHE07=N:BELØB=1:SÆSON=SÆSON,2013-12-01,6569.0
DST:FIKS22:BRANCHE07=N:BELØB=1:SÆSON=SÆSON,2014-01-01,6036.0
DST:FIKS22:BRANCHE07=N:BELØB=1:SÆSON=SÆSON,2014-02-01,6301.0
DST:FIKS22:BRANCHE07=N:BELØB=1:SÆSON=SÆSON,2014-03-01,6190.0
DST:FIKS22:BRANCHE07=N:BELØB=1:SÆSON=SÆSON,2014-04-01,6085.0
DST:FIKS22:BRANCHE07=N:BELØB=1:SÆSON=SÆSON,2014-05-01,5900.0
DST:FIKS22:BRANCHE07=N:BELØB=1:SÆSON=SÆSON,2014-06-01,6530.0
DST:FIKS22:BRANCHE07=N:BELØB=1:SÆSON=SÆSON,2014-07-01,6218.0
DST:FIKS22:BRANCHE07=N:BELØB=1:SÆSON=SÆSON,2014-08-01,6201.0
DST:FIKS22:BRANCHE07=N:BELØB=1:SÆSON=SÆSON,2014-09-01,6335.0
DST:FIKS22:BRANCHE07=N:BELØB=1:SÆSON=SÆSON,2014-10-01,6252.0
DST:FIKS22:BRANCHE07=N:BELØB=1:SÆSON=SÆSON,2014-11-01,6393.0
DST:FIKS22:BRANCHE07=N:BELØB=1:SÆSON=SÆSON,2014-12-01,6509.0
DST:FIKS22:BRANCHE07=N:BELØB=1:SÆSON=SÆSON,2015-01-01,6593.0
DST:FIKS22:BRANCHE07=N:BELØB=1:SÆSON=SÆSON,2015-02-01,6313.0
DST:FIKS22:BRANCHE07=N:BELØB=1:SÆSON=SÆSON,2015-03-01,6361.0
DST:FIKS22:BRANCHE07=N:BELØB=1:SÆSON=SÆSON,2015-04-01,6691.0
DST:FIKS22:BRANCHE07=N:BELØB=1:SÆSON=SÆSON,2015-05-01,6679.0
DST:FIKS22:BRANCHE07=N:BELØB=1:SÆSON=SÆSON,2015-06-01,6402.0
DST:FIKS22:BRANCHE07=N:BELØB=1:SÆSON=SÆSON,2015-07-01,6696.0
DST:FIKS22:BRANCHE07=N:BELØB=1:SÆSON=SÆSON,2015-08-01,6585.0
DST:FIKS22:BRANCHE07=N:BELØB=1:SÆSON=SÆSON,2015-09-01,6847.0
DST:FIKS22:BRANCHE07=N:BELØB=1:SÆSON=SÆSON,2015-10-01,6757.0
DST:FIKS22:BRANCHE07=N:BELØB=1:SÆSON=SÆSON,2015-11-01,6715.0
DST:FIKS22:BRANCHE07=N:BELØB=1:SÆSON=SÆSON,2015-12-01,6656.0
DST:FIKS22:BRANCHE07=N:BELØB=1:SÆSON=SÆSON,2016-01-01,6948.0
DST:FIKS22:BRANCHE07=N:BELØB=1:SÆSON=SÆSON,2016-02-01,7081.0
DST:FIKS22:BRANCHE07=N:BELØB=1:SÆSON=SÆSON,2016-03-01,7231.0
DST:FIKS22:BRANCHE07=N:BELØB=1:SÆSON=SÆSON,2016-04-01,7107.0
DST:FIKS22:BRANCHE07=N:BELØB=1:SÆSON=SÆSON,2016-05-01,7124.0
DST:FIKS22:BRANCHE07=N:BELØB=1:SÆSON=SÆSON,2016-06-01,7436.0
DST:FIKS22:BRANCHE07=N:BELØB=1:SÆSON=SÆSON,2016-07-01,7102.0
DST:FIKS22:BRANCHE07=N:BELØB=1:SÆSON=SÆSON,2016-08-01,7301.0
DST:FIKS22:BRANCHE07=N:BELØB=1:SÆSON=SÆSON,2016-09-01,7308.0
DST:FIKS22:BRANCHE07=N:BELØB=1:SÆSON=SÆSON,2016-10-01,7171.0
DST:FIKS22:BRANCHE07=N:BELØB=1:SÆSON=SÆSON,2016-11-01,7363.0
DST:FIKS22:BRANCHE07=N:BELØB=1:SÆSON=SÆSON,2016-12-01,7798.0
DST:FIKS22:BRANCHE07=N:BELØB=1:SÆSON=SÆSON,2017-01-01,7210.0
DST:FIKS22:BRANCHE07=N:BELØB=1:SÆSON=SÆSON,2017-02-01,7388.0
DST:FIKS22:BRANCHE07=N:BELØB=1:SÆSON=SÆSON,2017-03-01,7465.0
DST:FIKS22:BRANCHE07=N:BELØB=1:SÆSON=SÆSON,2017-04-01,7359.0
DST:FIKS22:BRANCHE07=N:BELØB=1:SÆSON=SÆSON,2017-05-01,7724.0
DST:FIKS22:BRANCHE07=N:BELØB=1:SÆSON=SÆSON,2017-06-01,7559.0
DST:FIKS22:BRANCHE07=N:BELØB=1:SÆSON=SÆSON,2017-07-01,7711.0
DST:FIKS22:BRANCHE07=N:BELØB=1:SÆSON=SÆSON,2017-08-01,7825.0
DST:FIKS22:BRANCHE07=N:BELØB=1:SÆSON=SÆSON,2017-09-01,7735.0
DST:FIKS22:BRANCHE07=N:BELØB=1:SÆSON=SÆSON,2017-10-01,8212.0
DST:FIKS22:BRANCHE07=N:BELØB=1:SÆSON=SÆSON,2017-11-01,7761.0
DST:FIKS22:BRANCHE07=N:BELØB=1:SÆSON=SÆSON,2017-12-01,7893.0
DST:FIKS22:BRANCHE07=N:BELØB=1:SÆSON=SÆSON,2018-01-01,7702.0
DST:FIKS22:BRANCHE07=N:BELØB=1:SÆSON=SÆSON,2018-02-01,7659.0
DST:FIKS22:BRANCHE07=N:BELØB=1:SÆSON=SÆSON,2018-03-01,7977.0
DST:FIKS22:BRANCHE07=N:BELØB=1:SÆSON=SÆSON,2018-04-01,7548.0
DST:FIKS22:BRANCHE07=N:BELØB=1:SÆSON=SÆSON,2018-05-01,7829.0
DST:FIKS22:BRANCHE07=N:BELØB=1:SÆSON=SÆSON,2018-06-01,8131.0
DST:FIKS22:BRANCHE07=N:BELØB=1:SÆSON=SÆSON,2018-07-01,7706.0
DST:FIKS22:BRANCHE07=N:BELØB=1:SÆSON=SÆSON,2018-08-01,8102.0
DST:FIKS22:BRANCHE07=N:BELØB=1:SÆSON=SÆSON,2018-09-01,8309.0
DST:FIKS22:BRANCHE07=N:BELØB=1:SÆSON=SÆSON,2018-10-01,7986.0
DST:FIKS22:BRANCHE07=N:BELØB=1:SÆSON=SÆSON,2018-11-01,8316.0
DST:FIKS22:BRANCHE07=N:BELØB=1:SÆSON=SÆSON,2018-12-01,8385.0
DST:FIKS22:BRANCHE07=N:BELØB=1:SÆSON=SÆSON,2019-01-01,8289.0
DST:FIKS22:BRANCHE07=N:BELØB=1:SÆSON=SÆSON,2019-02-01,8244.0
DST:FIKS22:BRANCHE07=N:BELØB=1:SÆSON=SÆSON,2019-03-01,8491.0
DST:FIKS22:BRANCHE07=N:BELØB=1:SÆSON=SÆSON,2019-04-01,8530.0
DST:FIKS22:BRANCHE07=N:BELØB=1:SÆSON=SÆSON,2019-05-01,8133.0
DST:FIKS22:BRANCHE07=N:BELØB=1:SÆSON=SÆSON,2019-06-01,8242.0
DST:FIKS22:BRANCHE07=N:BELØB=1:SÆSON=SÆSON,2019-07-01,8577.0
DST:FIKS22:BRANCHE07=N:BELØB=1:SÆSON=SÆSON,2019-08-01,8226.0
DST:FIKS22:BRANCHE07=N:BELØB=1:SÆSON=SÆSON,2019-09-01,8183.0
DST:FIKS22:BRANCHE07=N:BELØB=1:SÆSON=SÆSON,2019-10-01,8508.0
DST:FIKS22:BRANCHE07=N:BELØB=1:SÆSON=SÆSON,2019-11-01,8400.0
DST:FIKS22:BRANCHE07=N:BELØB=1:SÆSON=SÆSON,2019-12-01,8400.0
DST:FIKS22:BRANCHE07=N:BELØB=1:SÆSON=SÆSON,2020-01-01,9348.0
DST:FIKS22:BRANCHE07=N:BELØB=1:SÆSON=SÆSON,2020-02-01,9084.0
DST:FIKS22:BRANCHE07=N:BELØB=1:SÆSON=SÆSON,2020-03-01,8700.0
DST:FIKS22:BRANCHE07=N:BELØB=1:SÆSON=SÆSON,2020-04-01,7704.0
DST:FIKS22:BRANCHE07=N:BELØB=1:SÆSON=SÆSON,2020-05-01,7663.0
DST:FIKS22:BRANCHE07=N:BELØB=1:SÆSON=SÆSON,2020-06-01,8734.0
DST:FIKS22:BRANCHE07=N:BELØB=1:SÆSON=SÆSON,2020-07-01,9031.0
DST:FIKS22:BRANCHE07=N:BELØB=1:SÆSON=SÆSON,2020-08-01,8905.0
DST:FIKS22:BRANCHE07=N:BELØB=1:SÆSON=SÆSON,2020-09-01,8820.0
DST:FIKS22:BRANCHE07=N:BELØB=1:SÆSON=SÆSON,2020-10-01,9341.0
DST:FIKS22:BRANCHE07=N:BELØB=1:SÆSON=SÆSON,2020-11-01,9751.0
DST:FIKS22:BRANCHE07=N:BELØB=1:SÆSON=SÆSON,2020-12-01,9260.0
DST:FIKS22:BRANCHE07=N:BELØB=1:SÆSON=SÆSON,2021-01-01,8798.0
DST:FIKS22:BRANCHE07=N:BELØB=1:SÆSON=SÆSON,2021-02-01,8942.0
DST:FIKS22:BRANCHE07=N:BELØB=1:SÆSON=SÆSON,2021-03-01,9842.0
DST:FIKS22:BRANCHE07=N:BELØB=1:SÆSON=SÆSON,2021-04-01,9262.0
DST:FIKS22:BRANCHE07=N:BELØB=1:SÆSON=SÆSON,2021-05-01,9215.0
DST:FIKS22:BRANCHE07=N:BELØB=1:SÆSON=SÆSON,2021-06-01,8867.0
DST:FIKS22:BRANCHE07=N:BELØB=1:SÆSON=SÆSON,2021-07-01,9123.0
DST:FIKS22:BRANCHE07=N:BELØB=1:SÆSON=SÆSON,2021-08-01,9248.0
DST:FIKS22:BRANCHE07=N:BELØB=1:SÆSON=SÆSON,2021-09-01,9526.0
DST:FIKS22:BRANCHE07=N:BELØB=1:SÆSON=SÆSON,2021-10-01,9450.0
DST:FIKS22:BRANCHE07=N:BELØB=1:SÆSON=SÆSON,2021-11-01,9623.0
DST:FIKS22:BRANCHE07=N:BELØB=1:SÆSON=SÆSON,2021-12-01,9981.0
DST:FIKS22:BRANCHE07=N:BELØB=1:SÆSON=SÆSON,2022-01-01,9972.0
DST:FIKS22:BRANCHE07=N:BELØB=1:SÆSON=SÆSON,2022-02-01,10023.0
DST:FIKS22:BRANCHE07=N:BELØB=1:SÆSON=SÆSON,2022-03-01,9803.0
DST:FIKS22:BRANCHE07=N:BELØB=1:SÆSON=SÆSON,2022-04-01,9840.0
DST:FIKS22:BRANCHE07=N:BELØB=1:SÆSON=SÆSON,2022-05-01,10034.0
DST:FIKS22:BRANCHE07=N:BELØB=1:SÆSON=SÆSON,2022-06-01,10251.0
DST:FIKS22:BRANCHE07=N:BELØB=1:SÆSON=SÆSON,2022-07-01,9793.0
DST:FIKS22:BRANCHE07=N:BELØB=1:SÆSON=SÆSON,2022-08-01,10533.0
DST:FIKS22:BRANCHE07=N:BELØB=1:SÆSON=SÆSON,2022-09-01,10262.0
DST:FIKS22:BRANCHE07=N:BELØB=1:SÆSON=SÆSON,2022-10-01,10212.0
DST:FIKS22:BRANCHE07=N:BELØB=1:SÆSON=SÆSON,2022-11-01,10432.0
DST:FIKS22:BRANCHE07=N:BELØB=1:SÆSON=SÆSON,2022-12-01,9991.0
DST:FIKS22:BRANCHE07=N:BELØB=1:SÆSON=SÆSON,2023-01-01,10212.0
DST:FIKS22:BRANCHE07=N:BELØB=1:SÆSON=SÆSON,2023-02-01,10177.0
DST:FIKS22:BRANCHE07=N:BELØB=1:SÆSON=SÆSON,2023-03-01,10439.0
DST:FIKS22:BRANCHE07=N:BELØB=1:SÆSON=SÆSON,2023-04-01,10301.0
DST:FIKS22:BRANCHE07=N:BELØB=1:SÆSON=SÆSON,2023-05-01,10436.0
DST:FIKS22:BRANCHE07=N:BELØB=1:SÆSON=SÆSON,2023-06-01,10092.0
DST:FIKS22:BRANCHE07=N:BELØB=1:SÆSON=SÆSON,2023-07-01,10054.0
DST:FIKS22:BRANCHE07=N:BELØB=1:SÆSON=SÆSON,2023-08-01,10142.0
DST:FIKS22:BRANCHE07=N:BELØB=1:SÆSON=SÆSON,2023-09-01,10364.0
DST:FIKS22:BRANCHE07=N:BELØB=1:SÆSON=SÆSON,2023-10-01,10261.0
DST:FIKS22:BRANCHE07=N:BELØB=1:SÆSON=SÆSON,2023-11-01,10466.0
DST:FIKS22:BRANCHE07=N:BELØB=1:SÆSON=SÆSON,2023-12-01,10822.0
DST:FIKS22:BRANCHE07=N:BELØB=1:SÆSON=SÆSON,2024-01-01,10467.0
DST:FIKS22:BRANCHE07=N:BELØB=1:SÆSON=SÆSON,2024-02-01,10743.0
DST:FIKS22:BRANCHE07=N:BELØB=1:SÆSON=SÆSON,2024-03-01,10676.0
DST:FIKS22:BRANCHE07=N:BELØB=1:SÆSON=SÆSON,2024-04-01,10833.0
DST:FIKS22:BRANCHE07=N:BELØB=1:SÆSON=SÆSON,2024-05-01,11022.0
DST:FIKS22:BRANCHE07=N:BELØB=1:SÆSON=SÆSON,2024-06-01,10994.0
DST:FIKS22:BRANCHE07=N:BELØB=1:SÆSON=SÆSON,2024-07-01,11291.0
DST:FIKS22:BRANCHE07=N:BELØB=1:SÆSON=SÆSON,2024-08-01,11020.0
DST:FIKS22:BRANCHE07=N:BELØB=1:SÆSON=SÆSON,2024-09-01,11141.0
DST:FIKS22:BRANCHE07=N:BELØB=1:SÆSON=SÆSON,2024-10-01,11366.0
DST:FIKS22:BRANCHE07=N:BELØB=1:SÆSON=SÆSON,2024-11-01,11104.0
DST:FIKS22:BRANCHE07=N:BELØB=1:SÆSON=SÆSON,2024-12-01,11018.0
DST:FIKS22:BRANCHE07=N:BELØB=1:SÆSON=SÆSON,2025-01-01,11725.0
DST:FIKS22:BRANCHE07=N:BELØB=1:SÆSON=SÆSON,2025-02-01,12006.0
DST:FIKS22:BRANCHE07=N:BELØB=1:SÆSON=SÆSON,2025-03-01,11519.0
DST:FIKS22:BRANCHE07=N:BELØB=1:SÆSON=SÆSON,2025-04-01,11960.0
DST:FIKS22:BRANCHE07=N:BELØB=1:SÆSON=SÆSON,2025-05-01,11687.0
DST:FIKS22:BRANCHE07=N:BELØB=1:SÆSON=SÆSON,2025-06-01,11726.0
DST:FIKS22:BRANCHE07=N:BELØB=1:SÆSON=SÆSON,2025-07-01,11987.0
DST:FIKS22:BRANCHE07=N:BELØB=1:SÆSON=SÆSON,2025-08-01,11994.0
DST:FIKS22:BRANCHE07=N:BELØB=1:SÆSON=SÆSON,2025-09-01,11908.0
DST:FIKS22:BRANCHE07=N:BELØB=1:SÆSON=SÆSON,2025-10-01,11992.0
DST:FIKS22:BRANCHE07=N:BELØB=1:SÆSON=SÆSON,2025-11-01,12068.0
DST:FIKS22:BRANCHE07=N:BELØB=1:SÆSON=SÆSON,2025-12-01,11257.0
DST:FIKS22:BRANCHE07=N:BELØB=1:SÆSON=SÆSON,2026-01-01,12051.0
DST:FIKS22:BRANCHE07=N:BELØB=1:SÆSON=SÆSON,2026-02-01,12000.0
DST:FIKS22:BRANCHE07=N:BELØB=1:SÆSON=SÆSON,2026-03-01,12885.0
DST:FIKS22:BRANCHE07=N:BELØB=3:SÆSON=EJSÆSON,2009-01-01,2642.0
DST:FIKS22:BRANCHE07=N:BELØB=3:SÆSON=EJSÆSON,2009-02-01,2355.0
DST:FIKS22:BRANCHE07=N:BELØB=3:SÆSON=EJSÆSON,2009-03-01,2765.0
DST:FIKS22:BRANCHE07=N:BELØB=3:SÆSON=EJSÆSON,2009-04-01,2559.0
DST:FIKS22:BRANCHE07=N:BELØB=3:SÆSON=EJSÆSON,2009-05-01,2719.0
DST:FIKS22:BRANCHE07=N:BELØB=3:SÆSON=EJSÆSON,2009-06-01,2798.0
DST:FIKS22:BRANCHE07=N:BELØB=3:SÆSON=EJSÆSON,2009-07-01,2932.0
DST:FIKS22:BRANCHE07=N:BELØB=3:SÆSON=EJSÆSON,2009-08-01,2742.0
DST:FIKS22:BRANCHE07=N:BELØB=3:SÆSON=EJSÆSON,2009-09-01,2973.0
DST:FIKS22:BRANCHE07=N:BELØB=3:SÆSON=EJSÆSON,2009-10-01,3382.0
DST:FIKS22:BRANCHE07=N:BELØB=3:SÆSON=EJSÆSON,2009-11-01,2622.0
DST:FIKS22:BRANCHE07=N:BELØB=3:SÆSON=EJSÆSON,2009-12-01,3210.0
DST:FIKS22:BRANCHE07=N:BELØB=3:SÆSON=EJSÆSON,2010-01-01,2514.0
DST:FIKS22:BRANCHE07=N:BELØB=3:SÆSON=EJSÆSON,2010-02-01,2256.0
DST:FIKS22:BRANCHE07=N:BELØB=3:SÆSON=EJSÆSON,2010-03-01,2900.0
DST:FIKS22:BRANCHE07=N:BELØB=3:SÆSON=EJSÆSON,2010-04-01,2776.0
DST:FIKS22:BRANCHE07=N:BELØB=3:SÆSON=EJSÆSON,2010-05-01,2636.0
DST:FIKS22:BRANCHE07=N:BELØB=3:SÆSON=EJSÆSON,2010-06-01,3103.0
DST:FIKS22:BRANCHE07=N:BELØB=3:SÆSON=EJSÆSON,2010-07-01,2614.0
DST:FIKS22:BRANCHE07=N:BELØB=3:SÆSON=EJSÆSON,2010-08-01,2627.0
DST:FIKS22:BRANCHE07=N:BELØB=3:SÆSON=EJSÆSON,2010-09-01,3066.0
DST:FIKS22:BRANCHE07=N:BELØB=3:SÆSON=EJSÆSON,2010-10-01,2883.0
DST:FIKS22:BRANCHE07=N:BELØB=3:SÆSON=EJSÆSON,2010-11-01,3546.0
DST:FIKS22:BRANCHE07=N:BELØB=3:SÆSON=EJSÆSON,2010-12-01,4157.0
DST:FIKS22:BRANCHE07=N:BELØB=3:SÆSON=EJSÆSON,2011-01-01,2960.0
DST:FIKS22:BRANCHE07=N:BELØB=3:SÆSON=EJSÆSON,2011-02-01,2643.0
DST:FIKS22:BRANCHE07=N:BELØB=3:SÆSON=EJSÆSON,2011-03-01,3278.0
DST:FIKS22:BRANCHE07=N:BELØB=3:SÆSON=EJSÆSON,2011-04-01,3002.0
DST:FIKS22:BRANCHE07=N:BELØB=3:SÆSON=EJSÆSON,2011-05-01,3313.0
DST:FIKS22:BRANCHE07=N:BELØB=3:SÆSON=EJSÆSON,2011-06-01,3561.0
DST:FIKS22:BRANCHE07=N:BELØB=3:SÆSON=EJSÆSON,2011-07-01,2951.0
DST:FIKS22:BRANCHE07=N:BELØB=3:SÆSON=EJSÆSON,2011-08-01,3048.0
DST:FIKS22:BRANCHE07=N:BELØB=3:SÆSON=EJSÆSON,2011-09-01,3533.0
DST:FIKS22:BRANCHE07=N:BELØB=3:SÆSON=EJSÆSON,2011-10-01,3571.0
DST:FIKS22:BRANCHE07=N:BELØB=3:SÆSON=EJSÆSON,2011-11-01,3630.0
DST:FIKS22:BRANCHE07=N:BELØB=3:SÆSON=EJSÆSON,2011-12-01,4215.0
DST:FIKS22:BRANCHE07=N:BELØB=3:SÆSON=EJSÆSON,2012-01-01,3075.0
DST:FIKS22:BRANCHE07=N:BELØB=3:SÆSON=EJSÆSON,2012-02-01,2810.0
DST:FIKS22:BRANCHE07=N:BELØB=3:SÆSON=EJSÆSON,2012-03-01,3474.0
DST:FIKS22:BRANCHE07=N:BELØB=3:SÆSON=EJSÆSON,2012-04-01,3209.0
DST:FIKS22:BRANCHE07=N:BELØB=3:SÆSON=EJSÆSON,2012-05-01,3265.0
DST:FIKS22:BRANCHE07=N:BELØB=3:SÆSON=EJSÆSON,2012-06-01,3695.0
DST:FIKS22:BRANCHE07=N:BELØB=3:SÆSON=EJSÆSON,2012-07-01,3404.0
DST:FIKS22:BRANCHE07=N:BELØB=3:SÆSON=EJSÆSON,2012-08-01,3228.0
DST:FIKS22:BRANCHE07=N:BELØB=3:SÆSON=EJSÆSON,2012-09-01,3634.0
DST:FIKS22:BRANCHE07=N:BELØB=3:SÆSON=EJSÆSON,2012-10-01,4090.0
DST:FIKS22:BRANCHE07=N:BELØB=3:SÆSON=EJSÆSON,2012-11-01,3966.0
DST:FIKS22:BRANCHE07=N:BELØB=3:SÆSON=EJSÆSON,2012-12-01,4060.0
DST:FIKS22:BRANCHE07=N:BELØB=3:SÆSON=EJSÆSON,2013-01-01,3295.0
DST:FIKS22:BRANCHE07=N:BELØB=3:SÆSON=EJSÆSON,2013-02-01,3053.0
DST:FIKS22:BRANCHE07=N:BELØB=3:SÆSON=EJSÆSON,2013-03-01,3506.0
DST:FIKS22:BRANCHE07=N:BELØB=3:SÆSON=EJSÆSON,2013-04-01,3657.0
DST:FIKS22:BRANCHE07=N:BELØB=3:SÆSON=EJSÆSON,2013-05-01,3509.0
DST:FIKS22:BRANCHE07=N:BELØB=3:SÆSON=EJSÆSON,2013-06-01,3766.0
DST:FIKS22:BRANCHE07=N:BELØB=3:SÆSON=EJSÆSON,2013-07-01,3313.0
DST:FIKS22:BRANCHE07=N:BELØB=3:SÆSON=EJSÆSON,2013-08-01,3196.0
DST:FIKS22:BRANCHE07=N:BELØB=3:SÆSON=EJSÆSON,2013-09-01,3523.0
DST:FIKS22:BRANCHE07=N:BELØB=3:SÆSON=EJSÆSON,2013-10-01,3788.0
DST:FIKS22:BRANCHE07=N:BELØB=3:SÆSON=EJSÆSON,2013-11-01,3620.0
DST:FIKS22:BRANCHE07=N:BELØB=3:SÆSON=EJSÆSON,2013-12-01,4554.0
DST:FIKS22:BRANCHE07=N:BELØB=3:SÆSON=EJSÆSON,2014-01-01,3467.0
DST:FIKS22:BRANCHE07=N:BELØB=3:SÆSON=EJSÆSON,2014-02-01,3186.0
DST:FIKS22:BRANCHE07=N:BELØB=3:SÆSON=EJSÆSON,2014-03-01,3636.0
DST:FIKS22:BRANCHE07=N:BELØB=3:SÆSON=EJSÆSON,2014-04-01,3939.0
DST:FIKS22:BRANCHE07=N:BELØB=3:SÆSON=EJSÆSON,2014-05-01,3619.0
DST:FIKS22:BRANCHE07=N:BELØB=3:SÆSON=EJSÆSON,2014-06-01,3875.0
DST:FIKS22:BRANCHE07=N:BELØB=3:SÆSON=EJSÆSON,2014-07-01,3652.0
DST:FIKS22:BRANCHE07=N:BELØB=3:SÆSON=EJSÆSON,2014-08-01,3722.0
DST:FIKS22:BRANCHE07=N:BELØB=3:SÆSON=EJSÆSON,2014-09-01,4026.0
DST:FIKS22:BRANCHE07=N:BELØB=3:SÆSON=EJSÆSON,2014-10-01,4114.0
DST:FIKS22:BRANCHE07=N:BELØB=3:SÆSON=EJSÆSON,2014-11-01,3827.0
DST:FIKS22:BRANCHE07=N:BELØB=3:SÆSON=EJSÆSON,2014-12-01,4962.0
DST:FIKS22:BRANCHE07=N:BELØB=3:SÆSON=EJSÆSON,2015-01-01,3451.0
DST:FIKS22:BRANCHE07=N:BELØB=3:SÆSON=EJSÆSON,2015-02-01,3534.0
DST:FIKS22:BRANCHE07=N:BELØB=3:SÆSON=EJSÆSON,2015-03-01,4155.0
DST:FIKS22:BRANCHE07=N:BELØB=3:SÆSON=EJSÆSON,2015-04-01,3808.0
DST:FIKS22:BRANCHE07=N:BELØB=3:SÆSON=EJSÆSON,2015-05-01,3679.0
DST:FIKS22:BRANCHE07=N:BELØB=3:SÆSON=EJSÆSON,2015-06-01,4349.0
DST:FIKS22:BRANCHE07=N:BELØB=3:SÆSON=EJSÆSON,2015-07-01,3704.0
DST:FIKS22:BRANCHE07=N:BELØB=3:SÆSON=EJSÆSON,2015-08-01,3467.0
DST:FIKS22:BRANCHE07=N:BELØB=3:SÆSON=EJSÆSON,2015-09-01,4130.0
DST:FIKS22:BRANCHE07=N:BELØB=3:SÆSON=EJSÆSON,2015-10-01,4043.0
DST:FIKS22:BRANCHE07=N:BELØB=3:SÆSON=EJSÆSON,2015-11-01,4263.0
DST:FIKS22:BRANCHE07=N:BELØB=3:SÆSON=EJSÆSON,2015-12-01,5136.0
DST:FIKS22:BRANCHE07=N:BELØB=3:SÆSON=EJSÆSON,2016-01-01,3674.0
DST:FIKS22:BRANCHE07=N:BELØB=3:SÆSON=EJSÆSON,2016-02-01,3808.0
DST:FIKS22:BRANCHE07=N:BELØB=3:SÆSON=EJSÆSON,2016-03-01,4595.0
DST:FIKS22:BRANCHE07=N:BELØB=3:SÆSON=EJSÆSON,2016-04-01,4303.0
DST:FIKS22:BRANCHE07=N:BELØB=3:SÆSON=EJSÆSON,2016-05-01,4282.0
DST:FIKS22:BRANCHE07=N:BELØB=3:SÆSON=EJSÆSON,2016-06-01,4910.0
DST:FIKS22:BRANCHE07=N:BELØB=3:SÆSON=EJSÆSON,2016-07-01,3874.0
DST:FIKS22:BRANCHE07=N:BELØB=3:SÆSON=EJSÆSON,2016-08-01,4048.0
DST:FIKS22:BRANCHE07=N:BELØB=3:SÆSON=EJSÆSON,2016-09-01,4619.0
DST:FIKS22:BRANCHE07=N:BELØB=3:SÆSON=EJSÆSON,2016-10-01,4329.0
DST:FIKS22:BRANCHE07=N:BELØB=3:SÆSON=EJSÆSON,2016-11-01,4761.0
DST:FIKS22:BRANCHE07=N:BELØB=3:SÆSON=EJSÆSON,2016-12-01,6340.0
DST:FIKS22:BRANCHE07=N:BELØB=3:SÆSON=EJSÆSON,2017-01-01,4031.0
DST:FIKS22:BRANCHE07=N:BELØB=3:SÆSON=EJSÆSON,2017-02-01,3911.0
DST:FIKS22:BRANCHE07=N:BELØB=3:SÆSON=EJSÆSON,2017-03-01,4667.0
DST:FIKS22:BRANCHE07=N:BELØB=3:SÆSON=EJSÆSON,2017-04-01,4040.0
DST:FIKS22:BRANCHE07=N:BELØB=3:SÆSON=EJSÆSON,2017-05-01,4561.0
DST:FIKS22:BRANCHE07=N:BELØB=3:SÆSON=EJSÆSON,2017-06-01,5856.0
DST:FIKS22:BRANCHE07=N:BELØB=3:SÆSON=EJSÆSON,2017-07-01,4222.0
DST:FIKS22:BRANCHE07=N:BELØB=3:SÆSON=EJSÆSON,2017-08-01,4634.0
DST:FIKS22:BRANCHE07=N:BELØB=3:SÆSON=EJSÆSON,2017-09-01,4835.0
DST:FIKS22:BRANCHE07=N:BELØB=3:SÆSON=EJSÆSON,2017-10-01,5275.0
DST:FIKS22:BRANCHE07=N:BELØB=3:SÆSON=EJSÆSON,2017-11-01,4945.0
DST:FIKS22:BRANCHE07=N:BELØB=3:SÆSON=EJSÆSON,2017-12-01,5877.0
DST:FIKS22:BRANCHE07=N:BELØB=3:SÆSON=EJSÆSON,2018-01-01,4247.0
DST:FIKS22:BRANCHE07=N:BELØB=3:SÆSON=EJSÆSON,2018-02-01,4032.0
DST:FIKS22:BRANCHE07=N:BELØB=3:SÆSON=EJSÆSON,2018-03-01,4709.0
DST:FIKS22:BRANCHE07=N:BELØB=3:SÆSON=EJSÆSON,2018-04-01,4843.0
DST:FIKS22:BRANCHE07=N:BELØB=3:SÆSON=EJSÆSON,2018-05-01,4750.0
DST:FIKS22:BRANCHE07=N:BELØB=3:SÆSON=EJSÆSON,2018-06-01,5628.0
DST:FIKS22:BRANCHE07=N:BELØB=3:SÆSON=EJSÆSON,2018-07-01,4601.0
DST:FIKS22:BRANCHE07=N:BELØB=3:SÆSON=EJSÆSON,2018-08-01,4853.0
DST:FIKS22:BRANCHE07=N:BELØB=3:SÆSON=EJSÆSON,2018-09-01,4991.0
DST:FIKS22:BRANCHE07=N:BELØB=3:SÆSON=EJSÆSON,2018-10-01,5366.0
DST:FIKS22:BRANCHE07=N:BELØB=3:SÆSON=EJSÆSON,2018-11-01,5485.0
DST:FIKS22:BRANCHE07=N:BELØB=3:SÆSON=EJSÆSON,2018-12-01,7161.0
DST:FIKS22:BRANCHE07=N:BELØB=3:SÆSON=EJSÆSON,2019-01-01,4870.0
DST:FIKS22:BRANCHE07=N:BELØB=3:SÆSON=EJSÆSON,2019-02-01,4779.0
DST:FIKS22:BRANCHE07=N:BELØB=3:SÆSON=EJSÆSON,2019-03-01,5396.0
DST:FIKS22:BRANCHE07=N:BELØB=3:SÆSON=EJSÆSON,2019-04-01,5008.0
DST:FIKS22:BRANCHE07=N:BELØB=3:SÆSON=EJSÆSON,2019-05-01,5183.0
DST:FIKS22:BRANCHE07=N:BELØB=3:SÆSON=EJSÆSON,2019-06-01,5348.0
DST:FIKS22:BRANCHE07=N:BELØB=3:SÆSON=EJSÆSON,2019-07-01,5096.0
DST:FIKS22:BRANCHE07=N:BELØB=3:SÆSON=EJSÆSON,2019-08-01,5213.0
DST:FIKS22:BRANCHE07=N:BELØB=3:SÆSON=EJSÆSON,2019-09-01,5069.0
DST:FIKS22:BRANCHE07=N:BELØB=3:SÆSON=EJSÆSON,2019-10-01,5521.0
DST:FIKS22:BRANCHE07=N:BELØB=3:SÆSON=EJSÆSON,2019-11-01,7504.0
DST:FIKS22:BRANCHE07=N:BELØB=3:SÆSON=EJSÆSON,2019-12-01,7134.0
DST:FIKS22:BRANCHE07=N:BELØB=3:SÆSON=EJSÆSON,2020-01-01,5875.0
DST:FIKS22:BRANCHE07=N:BELØB=3:SÆSON=EJSÆSON,2020-02-01,6008.0
DST:FIKS22:BRANCHE07=N:BELØB=3:SÆSON=EJSÆSON,2020-03-01,5793.0
DST:FIKS22:BRANCHE07=N:BELØB=3:SÆSON=EJSÆSON,2020-04-01,4452.0
DST:FIKS22:BRANCHE07=N:BELØB=3:SÆSON=EJSÆSON,2020-05-01,4974.0
DST:FIKS22:BRANCHE07=N:BELØB=3:SÆSON=EJSÆSON,2020-06-01,5969.0
DST:FIKS22:BRANCHE07=N:BELØB=3:SÆSON=EJSÆSON,2020-07-01,5467.0
DST:FIKS22:BRANCHE07=N:BELØB=3:SÆSON=EJSÆSON,2020-08-01,5054.0
DST:FIKS22:BRANCHE07=N:BELØB=3:SÆSON=EJSÆSON,2020-09-01,6580.0
DST:FIKS22:BRANCHE07=N:BELØB=3:SÆSON=EJSÆSON,2020-10-01,6727.0
DST:FIKS22:BRANCHE07=N:BELØB=3:SÆSON=EJSÆSON,2020-11-01,7025.0
DST:FIKS22:BRANCHE07=N:BELØB=3:SÆSON=EJSÆSON,2020-12-01,8227.0
DST:FIKS22:BRANCHE07=N:BELØB=3:SÆSON=EJSÆSON,2021-01-01,8479.0
DST:FIKS22:BRANCHE07=N:BELØB=3:SÆSON=EJSÆSON,2021-02-01,9944.0
DST:FIKS22:BRANCHE07=N:BELØB=3:SÆSON=EJSÆSON,2021-03-01,9875.0
DST:FIKS22:BRANCHE07=N:BELØB=3:SÆSON=EJSÆSON,2021-04-01,5607.0
DST:FIKS22:BRANCHE07=N:BELØB=3:SÆSON=EJSÆSON,2021-05-01,5669.0
DST:FIKS22:BRANCHE07=N:BELØB=3:SÆSON=EJSÆSON,2021-06-01,5918.0
DST:FIKS22:BRANCHE07=N:BELØB=3:SÆSON=EJSÆSON,2021-07-01,5319.0
DST:FIKS22:BRANCHE07=N:BELØB=3:SÆSON=EJSÆSON,2021-08-01,5111.0
DST:FIKS22:BRANCHE07=N:BELØB=3:SÆSON=EJSÆSON,2021-09-01,6245.0
DST:FIKS22:BRANCHE07=N:BELØB=3:SÆSON=EJSÆSON,2021-10-01,6108.0
DST:FIKS22:BRANCHE07=N:BELØB=3:SÆSON=EJSÆSON,2021-11-01,7140.0
DST:FIKS22:BRANCHE07=N:BELØB=3:SÆSON=EJSÆSON,2021-12-01,7889.0
DST:FIKS22:BRANCHE07=N:BELØB=3:SÆSON=EJSÆSON,2022-01-01,5456.0
DST:FIKS22:BRANCHE07=N:BELØB=3:SÆSON=EJSÆSON,2022-02-01,5740.0
DST:FIKS22:BRANCHE07=N:BELØB=3:SÆSON=EJSÆSON,2022-03-01,6992.0
DST:FIKS22:BRANCHE07=N:BELØB=3:SÆSON=EJSÆSON,2022-04-01,6458.0
DST:FIKS22:BRANCHE07=N:BELØB=3:SÆSON=EJSÆSON,2022-05-01,6433.0
DST:FIKS22:BRANCHE07=N:BELØB=3:SÆSON=EJSÆSON,2022-06-01,7117.0
DST:FIKS22:BRANCHE07=N:BELØB=3:SÆSON=EJSÆSON,2022-07-01,6002.0
DST:FIKS22:BRANCHE07=N:BELØB=3:SÆSON=EJSÆSON,2022-08-01,6249.0
DST:FIKS22:BRANCHE07=N:BELØB=3:SÆSON=EJSÆSON,2022-09-01,7644.0
DST:FIKS22:BRANCHE07=N:BELØB=3:SÆSON=EJSÆSON,2022-10-01,6743.0
DST:FIKS22:BRANCHE07=N:BELØB=3:SÆSON=EJSÆSON,2022-11-01,6812.0
DST:FIKS22:BRANCHE07=N:BELØB=3:SÆSON=EJSÆSON,2022-12-01,8677.0
DST:FIKS22:BRANCHE07=N:BELØB=3:SÆSON=EJSÆSON,2023-01-01,5733.0
DST:FIKS22:BRANCHE07=N:BELØB=3:SÆSON=EJSÆSON,2023-02-01,5867.0
DST:FIKS22:BRANCHE07=N:BELØB=3:SÆSON=EJSÆSON,2023-03-01,7080.0
DST:FIKS22:BRANCHE07=N:BELØB=3:SÆSON=EJSÆSON,2023-04-01,6157.0
DST:FIKS22:BRANCHE07=N:BELØB=3:SÆSON=EJSÆSON,2023-05-01,6509.0
DST:FIKS22:BRANCHE07=N:BELØB=3:SÆSON=EJSÆSON,2023-06-01,7157.0
DST:FIKS22:BRANCHE07=N:BELØB=3:SÆSON=EJSÆSON,2023-07-01,5578.0
DST:FIKS22:BRANCHE07=N:BELØB=3:SÆSON=EJSÆSON,2023-08-01,6532.0
DST:FIKS22:BRANCHE07=N:BELØB=3:SÆSON=EJSÆSON,2023-09-01,7104.0
DST:FIKS22:BRANCHE07=N:BELØB=3:SÆSON=EJSÆSON,2023-10-01,7196.0
DST:FIKS22:BRANCHE07=N:BELØB=3:SÆSON=EJSÆSON,2023-11-01,7841.0
DST:FIKS22:BRANCHE07=N:BELØB=3:SÆSON=EJSÆSON,2023-12-01,8462.0
DST:FIKS22:BRANCHE07=N:BELØB=3:SÆSON=EJSÆSON,2024-01-01,6383.0
DST:FIKS22:BRANCHE07=N:BELØB=3:SÆSON=EJSÆSON,2024-02-01,6224.0
DST:FIKS22:BRANCHE07=N:BELØB=3:SÆSON=EJSÆSON,2024-03-01,6668.0
DST:FIKS22:BRANCHE07=N:BELØB=3:SÆSON=EJSÆSON,2024-04-01,7362.0
DST:FIKS22:BRANCHE07=N:BELØB=3:SÆSON=EJSÆSON,2024-05-01,6994.0
DST:FIKS22:BRANCHE07=N:BELØB=3:SÆSON=EJSÆSON,2024-06-01,7450.0
DST:FIKS22:BRANCHE07=N:BELØB=3:SÆSON=EJSÆSON,2024-07-01,6433.0
DST:FIKS22:BRANCHE07=N:BELØB=3:SÆSON=EJSÆSON,2024-08-01,6203.0
DST:FIKS22:BRANCHE07=N:BELØB=3:SÆSON=EJSÆSON,2024-09-01,7077.0
DST:FIKS22:BRANCHE07=N:BELØB=3:SÆSON=EJSÆSON,2024-10-01,7242.0
DST:FIKS22:BRANCHE07=N:BELØB=3:SÆSON=EJSÆSON,2024-11-01,7078.0
DST:FIKS22:BRANCHE07=N:BELØB=3:SÆSON=EJSÆSON,2024-12-01,8976.0
DST:FIKS22:BRANCHE07=N:BELØB=3:SÆSON=EJSÆSON,2025-01-01,7322.0
DST:FIKS22:BRANCHE07=N:BELØB=3:SÆSON=EJSÆSON,2025-02-01,7167.0
DST:FIKS22:BRANCHE07=N:BELØB=3:SÆSON=EJSÆSON,2025-03-01,8097.0
DST:FIKS22:BRANCHE07=N:BELØB=3:SÆSON=EJSÆSON,2025-04-01,7832.0
DST:FIKS22:BRANCHE07=N:BELØB=3:SÆSON=EJSÆSON,2025-05-01,7629.0
DST:FIKS22:BRANCHE07=N:BELØB=3:SÆSON=EJSÆSON,2025-06-01,7900.0
DST:FIKS22:BRANCHE07=N:BELØB=3:SÆSON=EJSÆSON,2025-07-01,7695.0
DST:FIKS22:BRANCHE07=N:BELØB=3:SÆSON=EJSÆSON,2025-08-01,7452.0
DST:FIKS22:BRANCHE07=N:BELØB=3:SÆSON=EJSÆSON,2025-09-01,8405.0
DST:FIKS22:BRANCHE07=N:BELØB=3:SÆSON=EJSÆSON,2025-10-01,8933.0
DST:FIKS22:BRANCHE07=N:BELØB=3:SÆSON=EJSÆSON,2025-11-01,8754.0
DST:FIKS22:BRANCHE07=N:BELØB=3:SÆSON=EJSÆSON,2025-12-01,9034.0
DST:FIKS22:BRANCHE07=N:BELØB=3:SÆSON=EJSÆSON,2026-01-01,8243.0
DST:FIKS22:BRANCHE07=N:BELØB=3:SÆSON=EJSÆSON,2026-02-01,7981.0
DST:FIKS22:BRANCHE07=N:BELØB=3:SÆSON=EJSÆSON,2026-03-01,9738.0
DST:FIKS22:BRANCHE07=N:BELØB=3:SÆSON=SÆSON,2009-01-01,2771.0
DST:FIKS22:BRANCHE07=N:BELØB=3:SÆSON=SÆSON,2009-02-01,2823.0
DST:FIKS22:BRANCHE07=N:BELØB=3:SÆSON=SÆSON,2009-03-01,2734.0
DST:FIKS22:BRANCHE07=N:BELØB=3:SÆSON=SÆSON,2009-04-01,2701.0
DST:FIKS22:BRANCHE07=N:BELØB=3:SÆSON=SÆSON,2009-05-01,2873.0
DST:FIKS22:BRANCHE07=N:BELØB=3:SÆSON=SÆSON,2009-06-01,2627.0
DST:FIKS22:BRANCHE07=N:BELØB=3:SÆSON=SÆSON,2009-07-01,3149.0
DST:FIKS22:BRANCHE07=N:BELØB=3:SÆSON=SÆSON,2009-08-01,3105.0
DST:FIKS22:BRANCHE07=N:BELØB=3:SÆSON=SÆSON,2009-09-01,2929.0
DST:FIKS22:BRANCHE07=N:BELØB=3:SÆSON=SÆSON,2009-10-01,3034.0
DST:FIKS22:BRANCHE07=N:BELØB=3:SÆSON=SÆSON,2009-11-01,2535.0
DST:FIKS22:BRANCHE07=N:BELØB=3:SÆSON=SÆSON,2009-12-01,2569.0
DST:FIKS22:BRANCHE07=N:BELØB=3:SÆSON=SÆSON,2010-01-01,2747.0
DST:FIKS22:BRANCHE07=N:BELØB=3:SÆSON=SÆSON,2010-02-01,2704.0
DST:FIKS22:BRANCHE07=N:BELØB=3:SÆSON=SÆSON,2010-03-01,2858.0
DST:FIKS22:BRANCHE07=N:BELØB=3:SÆSON=SÆSON,2010-04-01,2926.0
DST:FIKS22:BRANCHE07=N:BELØB=3:SÆSON=SÆSON,2010-05-01,2792.0
DST:FIKS22:BRANCHE07=N:BELØB=3:SÆSON=SÆSON,2010-06-01,2810.0
DST:FIKS22:BRANCHE07=N:BELØB=3:SÆSON=SÆSON,2010-07-01,2797.0
DST:FIKS22:BRANCHE07=N:BELØB=3:SÆSON=SÆSON,2010-08-01,2885.0
DST:FIKS22:BRANCHE07=N:BELØB=3:SÆSON=SÆSON,2010-09-01,3004.0
DST:FIKS22:BRANCHE07=N:BELØB=3:SÆSON=SÆSON,2010-10-01,2691.0
DST:FIKS22:BRANCHE07=N:BELØB=3:SÆSON=SÆSON,2010-11-01,3324.0
DST:FIKS22:BRANCHE07=N:BELØB=3:SÆSON=SÆSON,2010-12-01,3196.0
DST:FIKS22:BRANCHE07=N:BELØB=3:SÆSON=SÆSON,2011-01-01,3213.0
DST:FIKS22:BRANCHE07=N:BELØB=3:SÆSON=SÆSON,2011-02-01,3165.0
DST:FIKS22:BRANCHE07=N:BELØB=3:SÆSON=SÆSON,2011-03-01,3152.0
DST:FIKS22:BRANCHE07=N:BELØB=3:SÆSON=SÆSON,2011-04-01,3145.0
DST:FIKS22:BRANCHE07=N:BELØB=3:SÆSON=SÆSON,2011-05-01,3347.0
DST:FIKS22:BRANCHE07=N:BELØB=3:SÆSON=SÆSON,2011-06-01,3392.0
DST:FIKS22:BRANCHE07=N:BELØB=3:SÆSON=SÆSON,2011-07-01,3255.0
DST:FIKS22:BRANCHE07=N:BELØB=3:SÆSON=SÆSON,2011-08-01,3362.0
DST:FIKS22:BRANCHE07=N:BELØB=3:SÆSON=SÆSON,2011-09-01,3337.0
DST:FIKS22:BRANCHE07=N:BELØB=3:SÆSON=SÆSON,2011-10-01,3424.0
DST:FIKS22:BRANCHE07=N:BELØB=3:SÆSON=SÆSON,2011-11-01,3463.0
DST:FIKS22:BRANCHE07=N:BELØB=3:SÆSON=SÆSON,2011-12-01,3264.0
DST:FIKS22:BRANCHE07=N:BELØB=3:SÆSON=SÆSON,2012-01-01,3270.0
DST:FIKS22:BRANCHE07=N:BELØB=3:SÆSON=SÆSON,2012-02-01,3278.0
DST:FIKS22:BRANCHE07=N:BELØB=3:SÆSON=SÆSON,2012-03-01,3331.0
DST:FIKS22:BRANCHE07=N:BELØB=3:SÆSON=SÆSON,2012-04-01,3417.0
DST:FIKS22:BRANCHE07=N:BELØB=3:SÆSON=SÆSON,2012-05-01,3407.0
DST:FIKS22:BRANCHE07=N:BELØB=3:SÆSON=SÆSON,2012-06-01,3460.0
DST:FIKS22:BRANCHE07=N:BELØB=3:SÆSON=SÆSON,2012-07-01,3686.0
DST:FIKS22:BRANCHE07=N:BELØB=3:SÆSON=SÆSON,2012-08-01,3498.0
DST:FIKS22:BRANCHE07=N:BELØB=3:SÆSON=SÆSON,2012-09-01,3679.0
DST:FIKS22:BRANCHE07=N:BELØB=3:SÆSON=SÆSON,2012-10-01,3833.0
DST:FIKS22:BRANCHE07=N:BELØB=3:SÆSON=SÆSON,2012-11-01,3661.0
DST:FIKS22:BRANCHE07=N:BELØB=3:SÆSON=SÆSON,2012-12-01,3357.0
DST:FIKS22:BRANCHE07=N:BELØB=3:SÆSON=SÆSON,2013-01-01,3590.0
DST:FIKS22:BRANCHE07=N:BELØB=3:SÆSON=SÆSON,2013-02-01,3598.0
DST:FIKS22:BRANCHE07=N:BELØB=3:SÆSON=SÆSON,2013-03-01,3674.0
DST:FIKS22:BRANCHE07=N:BELØB=3:SÆSON=SÆSON,2013-04-01,3673.0
DST:FIKS22:BRANCHE07=N:BELØB=3:SÆSON=SÆSON,2013-05-01,3537.0
DST:FIKS22:BRANCHE07=N:BELØB=3:SÆSON=SÆSON,2013-06-01,3533.0
DST:FIKS22:BRANCHE07=N:BELØB=3:SÆSON=SÆSON,2013-07-01,3571.0
DST:FIKS22:BRANCHE07=N:BELØB=3:SÆSON=SÆSON,2013-08-01,3476.0
DST:FIKS22:BRANCHE07=N:BELØB=3:SÆSON=SÆSON,2013-09-01,3508.0
DST:FIKS22:BRANCHE07=N:BELØB=3:SÆSON=SÆSON,2013-10-01,3534.0
DST:FIKS22:BRANCHE07=N:BELØB=3:SÆSON=SÆSON,2013-11-01,3474.0
DST:FIKS22:BRANCHE07=N:BELØB=3:SÆSON=SÆSON,2013-12-01,3598.0
DST:FIKS22:BRANCHE07=N:BELØB=3:SÆSON=SÆSON,2014-01-01,3703.0
DST:FIKS22:BRANCHE07=N:BELØB=3:SÆSON=SÆSON,2014-02-01,3714.0
DST:FIKS22:BRANCHE07=N:BELØB=3:SÆSON=SÆSON,2014-03-01,3667.0
DST:FIKS22:BRANCHE07=N:BELØB=3:SÆSON=SÆSON,2014-04-01,4112.0
DST:FIKS22:BRANCHE07=N:BELØB=3:SÆSON=SÆSON,2014-05-01,3717.0
DST:FIKS22:BRANCHE07=N:BELØB=3:SÆSON=SÆSON,2014-06-01,3753.0
DST:FIKS22:BRANCHE07=N:BELØB=3:SÆSON=SÆSON,2014-07-01,3863.0
DST:FIKS22:BRANCHE07=N:BELØB=3:SÆSON=SÆSON,2014-08-01,4177.0
DST:FIKS22:BRANCHE07=N:BELØB=3:SÆSON=SÆSON,2014-09-01,3885.0
DST:FIKS22:BRANCHE07=N:BELØB=3:SÆSON=SÆSON,2014-10-01,3895.0
DST:FIKS22:BRANCHE07=N:BELØB=3:SÆSON=SÆSON,2014-11-01,3810.0
DST:FIKS22:BRANCHE07=N:BELØB=3:SÆSON=SÆSON,2014-12-01,4003.0
DST:FIKS22:BRANCHE07=N:BELØB=3:SÆSON=SÆSON,2015-01-01,3847.0
DST:FIKS22:BRANCHE07=N:BELØB=3:SÆSON=SÆSON,2015-02-01,4095.0
DST:FIKS22:BRANCHE07=N:BELØB=3:SÆSON=SÆSON,2015-03-01,4053.0
DST:FIKS22:BRANCHE07=N:BELØB=3:SÆSON=SÆSON,2015-04-01,3968.0
DST:FIKS22:BRANCHE07=N:BELØB=3:SÆSON=SÆSON,2015-05-01,3982.0
DST:FIKS22:BRANCHE07=N:BELØB=3:SÆSON=SÆSON,2015-06-01,3977.0
DST:FIKS22:BRANCHE07=N:BELØB=3:SÆSON=SÆSON,2015-07-01,3934.0
DST:FIKS22:BRANCHE07=N:BELØB=3:SÆSON=SÆSON,2015-08-01,3935.0
DST:FIKS22:BRANCHE07=N:BELØB=3:SÆSON=SÆSON,2015-09-01,4058.0
DST:FIKS22:BRANCHE07=N:BELØB=3:SÆSON=SÆSON,2015-10-01,3879.0
DST:FIKS22:BRANCHE07=N:BELØB=3:SÆSON=SÆSON,2015-11-01,4184.0
DST:FIKS22:BRANCHE07=N:BELØB=3:SÆSON=SÆSON,2015-12-01,3877.0
DST:FIKS22:BRANCHE07=N:BELØB=3:SÆSON=SÆSON,2016-01-01,4257.0
DST:FIKS22:BRANCHE07=N:BELØB=3:SÆSON=SÆSON,2016-02-01,4246.0
DST:FIKS22:BRANCHE07=N:BELØB=3:SÆSON=SÆSON,2016-03-01,4716.0
DST:FIKS22:BRANCHE07=N:BELØB=3:SÆSON=SÆSON,2016-04-01,4359.0
DST:FIKS22:BRANCHE07=N:BELØB=3:SÆSON=SÆSON,2016-05-01,4404.0
DST:FIKS22:BRANCHE07=N:BELØB=3:SÆSON=SÆSON,2016-06-01,4366.0
DST:FIKS22:BRANCHE07=N:BELØB=3:SÆSON=SÆSON,2016-07-01,4291.0
DST:FIKS22:BRANCHE07=N:BELØB=3:SÆSON=SÆSON,2016-08-01,4389.0
DST:FIKS22:BRANCHE07=N:BELØB=3:SÆSON=SÆSON,2016-09-01,4407.0
DST:FIKS22:BRANCHE07=N:BELØB=3:SÆSON=SÆSON,2016-10-01,4427.0
DST:FIKS22:BRANCHE07=N:BELØB=3:SÆSON=SÆSON,2016-11-01,4558.0
DST:FIKS22:BRANCHE07=N:BELØB=3:SÆSON=SÆSON,2016-12-01,4695.0
DST:FIKS22:BRANCHE07=N:BELØB=3:SÆSON=SÆSON,2017-01-01,4435.0
DST:FIKS22:BRANCHE07=N:BELØB=3:SÆSON=SÆSON,2017-02-01,4491.0
DST:FIKS22:BRANCHE07=N:BELØB=3:SÆSON=SÆSON,2017-03-01,4470.0
DST:FIKS22:BRANCHE07=N:BELØB=3:SÆSON=SÆSON,2017-04-01,4407.0
DST:FIKS22:BRANCHE07=N:BELØB=3:SÆSON=SÆSON,2017-05-01,4769.0
DST:FIKS22:BRANCHE07=N:BELØB=3:SÆSON=SÆSON,2017-06-01,5110.0
DST:FIKS22:BRANCHE07=N:BELØB=3:SÆSON=SÆSON,2017-07-01,4768.0
DST:FIKS22:BRANCHE07=N:BELØB=3:SÆSON=SÆSON,2017-08-01,4904.0
DST:FIKS22:BRANCHE07=N:BELØB=3:SÆSON=SÆSON,2017-09-01,4803.0
DST:FIKS22:BRANCHE07=N:BELØB=3:SÆSON=SÆSON,2017-10-01,5226.0
DST:FIKS22:BRANCHE07=N:BELØB=3:SÆSON=SÆSON,2017-11-01,4686.0
DST:FIKS22:BRANCHE07=N:BELØB=3:SÆSON=SÆSON,2017-12-01,4698.0
DST:FIKS22:BRANCHE07=N:BELØB=3:SÆSON=SÆSON,2018-01-01,4733.0
DST:FIKS22:BRANCHE07=N:BELØB=3:SÆSON=SÆSON,2018-02-01,4602.0
DST:FIKS22:BRANCHE07=N:BELØB=3:SÆSON=SÆSON,2018-03-01,4802.0
DST:FIKS22:BRANCHE07=N:BELØB=3:SÆSON=SÆSON,2018-04-01,5098.0
DST:FIKS22:BRANCHE07=N:BELØB=3:SÆSON=SÆSON,2018-05-01,4744.0
DST:FIKS22:BRANCHE07=N:BELØB=3:SÆSON=SÆSON,2018-06-01,5226.0
DST:FIKS22:BRANCHE07=N:BELØB=3:SÆSON=SÆSON,2018-07-01,5011.0
DST:FIKS22:BRANCHE07=N:BELØB=3:SÆSON=SÆSON,2018-08-01,5139.0
DST:FIKS22:BRANCHE07=N:BELØB=3:SÆSON=SÆSON,2018-09-01,5130.0
DST:FIKS22:BRANCHE07=N:BELØB=3:SÆSON=SÆSON,2018-10-01,5297.0
DST:FIKS22:BRANCHE07=N:BELØB=3:SÆSON=SÆSON,2018-11-01,4975.0
DST:FIKS22:BRANCHE07=N:BELØB=3:SÆSON=SÆSON,2018-12-01,5832.0
DST:FIKS22:BRANCHE07=N:BELØB=3:SÆSON=SÆSON,2019-01-01,5400.0
DST:FIKS22:BRANCHE07=N:BELØB=3:SÆSON=SÆSON,2019-02-01,5421.0
DST:FIKS22:BRANCHE07=N:BELØB=3:SÆSON=SÆSON,2019-03-01,5415.0
DST:FIKS22:BRANCHE07=N:BELØB=3:SÆSON=SÆSON,2019-04-01,5169.0
DST:FIKS22:BRANCHE07=N:BELØB=3:SÆSON=SÆSON,2019-05-01,5252.0
DST:FIKS22:BRANCHE07=N:BELØB=3:SÆSON=SÆSON,2019-06-01,5110.0
DST:FIKS22:BRANCHE07=N:BELØB=3:SÆSON=SÆSON,2019-07-01,5546.0
DST:FIKS22:BRANCHE07=N:BELØB=3:SÆSON=SÆSON,2019-08-01,5568.0
DST:FIKS22:BRANCHE07=N:BELØB=3:SÆSON=SÆSON,2019-09-01,5085.0
DST:FIKS22:BRANCHE07=N:BELØB=3:SÆSON=SÆSON,2019-10-01,5311.0
DST:FIKS22:BRANCHE07=N:BELØB=3:SÆSON=SÆSON,2019-11-01,7014.0
DST:FIKS22:BRANCHE07=N:BELØB=3:SÆSON=SÆSON,2019-12-01,5706.0
DST:FIKS22:BRANCHE07=N:BELØB=3:SÆSON=SÆSON,2020-01-01,6325.0
DST:FIKS22:BRANCHE07=N:BELØB=3:SÆSON=SÆSON,2020-02-01,6636.0
DST:FIKS22:BRANCHE07=N:BELØB=3:SÆSON=SÆSON,2020-03-01,5716.0
DST:FIKS22:BRANCHE07=N:BELØB=3:SÆSON=SÆSON,2020-04-01,4619.0
DST:FIKS22:BRANCHE07=N:BELØB=3:SÆSON=SÆSON,2020-05-01,5198.0
DST:FIKS22:BRANCHE07=N:BELØB=3:SÆSON=SÆSON,2020-06-01,5704.0
DST:FIKS22:BRANCHE07=N:BELØB=3:SÆSON=SÆSON,2020-07-01,5843.0
DST:FIKS22:BRANCHE07=N:BELØB=3:SÆSON=SÆSON,2020-08-01,5740.0
DST:FIKS22:BRANCHE07=N:BELØB=3:SÆSON=SÆSON,2020-09-01,6410.0
DST:FIKS22:BRANCHE07=N:BELØB=3:SÆSON=SÆSON,2020-10-01,6461.0
DST:FIKS22:BRANCHE07=N:BELØB=3:SÆSON=SÆSON,2020-11-01,6640.0
DST:FIKS22:BRANCHE07=N:BELØB=3:SÆSON=SÆSON,2020-12-01,6488.0
DST:FIKS22:BRANCHE07=N:BELØB=3:SÆSON=SÆSON,2021-01-01,9845.0
DST:FIKS22:BRANCHE07=N:BELØB=3:SÆSON=SÆSON,2021-02-01,11114.0
DST:FIKS22:BRANCHE07=N:BELØB=3:SÆSON=SÆSON,2021-03-01,9679.0
DST:FIKS22:BRANCHE07=N:BELØB=3:SÆSON=SÆSON,2021-04-01,5779.0
DST:FIKS22:BRANCHE07=N:BELØB=3:SÆSON=SÆSON,2021-05-01,5900.0
DST:FIKS22:BRANCHE07=N:BELØB=3:SÆSON=SÆSON,2021-06-01,5503.0
DST:FIKS22:BRANCHE07=N:BELØB=3:SÆSON=SÆSON,2021-07-01,5739.0
DST:FIKS22:BRANCHE07=N:BELØB=3:SÆSON=SÆSON,2021-08-01,5659.0
DST:FIKS22:BRANCHE07=N:BELØB=3:SÆSON=SÆSON,2021-09-01,6009.0
DST:FIKS22:BRANCHE07=N:BELØB=3:SÆSON=SÆSON,2021-10-01,6084.0
DST:FIKS22:BRANCHE07=N:BELØB=3:SÆSON=SÆSON,2021-11-01,6498.0
DST:FIKS22:BRANCHE07=N:BELØB=3:SÆSON=SÆSON,2021-12-01,6040.0
DST:FIKS22:BRANCHE07=N:BELØB=3:SÆSON=SÆSON,2022-01-01,6255.0
DST:FIKS22:BRANCHE07=N:BELØB=3:SÆSON=SÆSON,2022-02-01,6382.0
DST:FIKS22:BRANCHE07=N:BELØB=3:SÆSON=SÆSON,2022-03-01,6668.0
DST:FIKS22:BRANCHE07=N:BELØB=3:SÆSON=SÆSON,2022-04-01,6616.0
DST:FIKS22:BRANCHE07=N:BELØB=3:SÆSON=SÆSON,2022-05-01,6584.0
DST:FIKS22:BRANCHE07=N:BELØB=3:SÆSON=SÆSON,2022-06-01,6758.0
DST:FIKS22:BRANCHE07=N:BELØB=3:SÆSON=SÆSON,2022-07-01,6758.0
DST:FIKS22:BRANCHE07=N:BELØB=3:SÆSON=SÆSON,2022-08-01,6928.0
DST:FIKS22:BRANCHE07=N:BELØB=3:SÆSON=SÆSON,2022-09-01,7110.0
DST:FIKS22:BRANCHE07=N:BELØB=3:SÆSON=SÆSON,2022-10-01,6848.0
DST:FIKS22:BRANCHE07=N:BELØB=3:SÆSON=SÆSON,2022-11-01,6284.0
DST:FIKS22:BRANCHE07=N:BELØB=3:SÆSON=SÆSON,2022-12-01,6798.0
DST:FIKS22:BRANCHE07=N:BELØB=3:SÆSON=SÆSON,2023-01-01,6326.0
DST:FIKS22:BRANCHE07=N:BELØB=3:SÆSON=SÆSON,2023-02-01,6510.0
DST:FIKS22:BRANCHE07=N:BELØB=3:SÆSON=SÆSON,2023-03-01,6675.0
DST:FIKS22:BRANCHE07=N:BELØB=3:SÆSON=SÆSON,2023-04-01,6488.0
DST:FIKS22:BRANCHE07=N:BELØB=3:SÆSON=SÆSON,2023-05-01,6804.0
DST:FIKS22:BRANCHE07=N:BELØB=3:SÆSON=SÆSON,2023-06-01,6569.0
DST:FIKS22:BRANCHE07=N:BELØB=3:SÆSON=SÆSON,2023-07-01,6423.0
DST:FIKS22:BRANCHE07=N:BELØB=3:SÆSON=SÆSON,2023-08-01,7106.0
DST:FIKS22:BRANCHE07=N:BELØB=3:SÆSON=SÆSON,2023-09-01,6878.0
DST:FIKS22:BRANCHE07=N:BELØB=3:SÆSON=SÆSON,2023-10-01,7072.0
DST:FIKS22:BRANCHE07=N:BELØB=3:SÆSON=SÆSON,2023-11-01,7268.0
DST:FIKS22:BRANCHE07=N:BELØB=3:SÆSON=SÆSON,2023-12-01,7130.0
DST:FIKS22:BRANCHE07=N:BELØB=3:SÆSON=SÆSON,2024-01-01,7084.0
DST:FIKS22:BRANCHE07=N:BELØB=3:SÆSON=SÆSON,2024-02-01,6519.0
DST:FIKS22:BRANCHE07=N:BELØB=3:SÆSON=SÆSON,2024-03-01,6821.0
DST:FIKS22:BRANCHE07=N:BELØB=3:SÆSON=SÆSON,2024-04-01,7214.0
DST:FIKS22:BRANCHE07=N:BELØB=3:SÆSON=SÆSON,2024-05-01,6951.0
DST:FIKS22:BRANCHE07=N:BELØB=3:SÆSON=SÆSON,2024-06-01,7255.0
DST:FIKS22:BRANCHE07=N:BELØB=3:SÆSON=SÆSON,2024-07-01,7146.0
DST:FIKS22:BRANCHE07=N:BELØB=3:SÆSON=SÆSON,2024-08-01,6730.0
DST:FIKS22:BRANCHE07=N:BELØB=3:SÆSON=SÆSON,2024-09-01,7069.0
DST:FIKS22:BRANCHE07=N:BELØB=3:SÆSON=SÆSON,2024-10-01,6968.0
DST:FIKS22:BRANCHE07=N:BELØB=3:SÆSON=SÆSON,2024-11-01,6620.0
DST:FIKS22:BRANCHE07=N:BELØB=3:SÆSON=SÆSON,2024-12-01,7383.0
DST:FIKS22:BRANCHE07=N:BELØB=3:SÆSON=SÆSON,2025-01-01,7744.0
DST:FIKS22:BRANCHE07=N:BELØB=3:SÆSON=SÆSON,2025-02-01,7902.0
DST:FIKS22:BRANCHE07=N:BELØB=3:SÆSON=SÆSON,2025-03-01,7915.0
DST:FIKS22:BRANCHE07=N:BELØB=3:SÆSON=SÆSON,2025-04-01,7946.0
DST:FIKS22:BRANCHE07=N:BELØB=3:SÆSON=SÆSON,2025-05-01,7796.0
DST:FIKS22:BRANCHE07=N:BELØB=3:SÆSON=SÆSON,2025-06-01,7946.0
DST:FIKS22:BRANCHE07=N:BELØB=3:SÆSON=SÆSON,2025-07-01,8351.0
DST:FIKS22:BRANCHE07=N:BELØB=3:SÆSON=SÆSON,2025-08-01,8402.0
DST:FIKS22:BRANCHE07=N:BELØB=3:SÆSON=SÆSON,2025-09-01,8183.0
DST:FIKS22:BRANCHE07=N:BELØB=3:SÆSON=SÆSON,2025-10-01,8605.0
DST:FIKS22:BRANCHE07=N:BELØB=3:SÆSON=SÆSON,2025-11-01,8524.0
DST:FIKS22:BRANCHE07=N:BELØB=3:SÆSON=SÆSON,2025-12-01,7678.0
DST:FIKS22:BRANCHE07=N:BELØB=3:SÆSON=SÆSON,2026-01-01,8957.0
DST:FIKS22:BRANCHE07=N:BELØB=3:SÆSON=SÆSON,2026-02-01,8766.0
DST:FIKS22:BRANCHE07=N:BELØB=3:SÆSON=SÆSON,2026-03-01,9159.0
DST:FIKS22:BRANCHE07=N:BELØB=4:SÆSON=EJSÆSON,2009-01-01,5529.0
DST:FIKS22:BRANCHE07=N:BELØB=4:SÆSON=EJSÆSON,2009-02-01,5046.0
DST:FIKS22:BRANCHE07=N:BELØB=4:SÆSON=EJSÆSON,2009-03-01,5161.0
DST:FIKS22:BRANCHE07=N:BELØB=4:SÆSON=EJSÆSON,2009-04-01,5322.0
DST:FIKS22:BRANCHE07=N:BELØB=4:SÆSON=EJSÆSON,2009-05-01,5069.0
DST:FIKS22:BRANCHE07=N:BELØB=4:SÆSON=EJSÆSON,2009-06-01,5611.0
DST:FIKS22:BRANCHE07=N:BELØB=4:SÆSON=EJSÆSON,2009-07-01,5615.0
DST:FIKS22:BRANCHE07=N:BELØB=4:SÆSON=EJSÆSON,2009-08-01,5690.0
DST:FIKS22:BRANCHE07=N:BELØB=4:SÆSON=EJSÆSON,2009-09-01,6038.0
DST:FIKS22:BRANCHE07=N:BELØB=4:SÆSON=EJSÆSON,2009-10-01,5854.0
DST:FIKS22:BRANCHE07=N:BELØB=4:SÆSON=EJSÆSON,2009-11-01,5321.0
DST:FIKS22:BRANCHE07=N:BELØB=4:SÆSON=EJSÆSON,2009-12-01,6111.0
DST:FIKS22:BRANCHE07=N:BELØB=4:SÆSON=EJSÆSON,2010-01-01,5180.0
DST:FIKS22:BRANCHE07=N:BELØB=4:SÆSON=EJSÆSON,2010-02-01,4877.0
DST:FIKS22:BRANCHE07=N:BELØB=4:SÆSON=EJSÆSON,2010-03-01,5291.0
DST:FIKS22:BRANCHE07=N:BELØB=4:SÆSON=EJSÆSON,2010-04-01,5654.0
DST:FIKS22:BRANCHE07=N:BELØB=4:SÆSON=EJSÆSON,2010-05-01,5313.0
DST:FIKS22:BRANCHE07=N:BELØB=4:SÆSON=EJSÆSON,2010-06-01,5677.0
DST:FIKS22:BRANCHE07=N:BELØB=4:SÆSON=EJSÆSON,2010-07-01,5465.0
DST:FIKS22:BRANCHE07=N:BELØB=4:SÆSON=EJSÆSON,2010-08-01,5572.0
DST:FIKS22:BRANCHE07=N:BELØB=4:SÆSON=EJSÆSON,2010-09-01,6097.0
DST:FIKS22:BRANCHE07=N:BELØB=4:SÆSON=EJSÆSON,2010-10-01,5883.0
DST:FIKS22:BRANCHE07=N:BELØB=4:SÆSON=EJSÆSON,2010-11-01,5757.0
DST:FIKS22:BRANCHE07=N:BELØB=4:SÆSON=EJSÆSON,2010-12-01,6273.0
DST:FIKS22:BRANCHE07=N:BELØB=4:SÆSON=EJSÆSON,2011-01-01,5810.0
DST:FIKS22:BRANCHE07=N:BELØB=4:SÆSON=EJSÆSON,2011-02-01,5483.0
DST:FIKS22:BRANCHE07=N:BELØB=4:SÆSON=EJSÆSON,2011-03-01,6058.0
DST:FIKS22:BRANCHE07=N:BELØB=4:SÆSON=EJSÆSON,2011-04-01,6211.0
DST:FIKS22:BRANCHE07=N:BELØB=4:SÆSON=EJSÆSON,2011-05-01,6169.0
DST:FIKS22:BRANCHE07=N:BELØB=4:SÆSON=EJSÆSON,2011-06-01,6867.0
DST:FIKS22:BRANCHE07=N:BELØB=4:SÆSON=EJSÆSON,2011-07-01,6586.0
DST:FIKS22:BRANCHE07=N:BELØB=4:SÆSON=EJSÆSON,2011-08-01,6385.0
DST:FIKS22:BRANCHE07=N:BELØB=4:SÆSON=EJSÆSON,2011-09-01,6820.0
DST:FIKS22:BRANCHE07=N:BELØB=4:SÆSON=EJSÆSON,2011-10-01,7122.0
DST:FIKS22:BRANCHE07=N:BELØB=4:SÆSON=EJSÆSON,2011-11-01,6715.0
DST:FIKS22:BRANCHE07=N:BELØB=4:SÆSON=EJSÆSON,2011-12-01,8125.0
DST:FIKS22:BRANCHE07=N:BELØB=4:SÆSON=EJSÆSON,2012-01-01,6388.0
DST:FIKS22:BRANCHE07=N:BELØB=4:SÆSON=EJSÆSON,2012-02-01,5905.0
DST:FIKS22:BRANCHE07=N:BELØB=4:SÆSON=EJSÆSON,2012-03-01,6406.0
DST:FIKS22:BRANCHE07=N:BELØB=4:SÆSON=EJSÆSON,2012-04-01,6530.0
DST:FIKS22:BRANCHE07=N:BELØB=4:SÆSON=EJSÆSON,2012-05-01,6427.0
DST:FIKS22:BRANCHE07=N:BELØB=4:SÆSON=EJSÆSON,2012-06-01,6609.0
DST:FIKS22:BRANCHE07=N:BELØB=4:SÆSON=EJSÆSON,2012-07-01,6823.0
DST:FIKS22:BRANCHE07=N:BELØB=4:SÆSON=EJSÆSON,2012-08-01,6651.0
DST:FIKS22:BRANCHE07=N:BELØB=4:SÆSON=EJSÆSON,2012-09-01,6914.0
DST:FIKS22:BRANCHE07=N:BELØB=4:SÆSON=EJSÆSON,2012-10-01,7642.0
DST:FIKS22:BRANCHE07=N:BELØB=4:SÆSON=EJSÆSON,2012-11-01,6913.0
DST:FIKS22:BRANCHE07=N:BELØB=4:SÆSON=EJSÆSON,2012-12-01,8106.0
DST:FIKS22:BRANCHE07=N:BELØB=4:SÆSON=EJSÆSON,2013-01-01,6847.0
DST:FIKS22:BRANCHE07=N:BELØB=4:SÆSON=EJSÆSON,2013-02-01,6258.0
DST:FIKS22:BRANCHE07=N:BELØB=4:SÆSON=EJSÆSON,2013-03-01,6731.0
DST:FIKS22:BRANCHE07=N:BELØB=4:SÆSON=EJSÆSON,2013-04-01,7560.0
DST:FIKS22:BRANCHE07=N:BELØB=4:SÆSON=EJSÆSON,2013-05-01,6879.0
DST:FIKS22:BRANCHE07=N:BELØB=4:SÆSON=EJSÆSON,2013-06-01,7278.0
DST:FIKS22:BRANCHE07=N:BELØB=4:SÆSON=EJSÆSON,2013-07-01,7113.0
DST:FIKS22:BRANCHE07=N:BELØB=4:SÆSON=EJSÆSON,2013-08-01,6759.0
DST:FIKS22:BRANCHE07=N:BELØB=4:SÆSON=EJSÆSON,2013-09-01,7396.0
DST:FIKS22:BRANCHE07=N:BELØB=4:SÆSON=EJSÆSON,2013-10-01,7735.0
DST:FIKS22:BRANCHE07=N:BELØB=4:SÆSON=EJSÆSON,2013-11-01,6969.0
DST:FIKS22:BRANCHE07=N:BELØB=4:SÆSON=EJSÆSON,2013-12-01,9085.0
DST:FIKS22:BRANCHE07=N:BELØB=4:SÆSON=EJSÆSON,2014-01-01,7055.0
DST:FIKS22:BRANCHE07=N:BELØB=4:SÆSON=EJSÆSON,2014-02-01,6796.0
DST:FIKS22:BRANCHE07=N:BELØB=4:SÆSON=EJSÆSON,2014-03-01,7398.0
DST:FIKS22:BRANCHE07=N:BELØB=4:SÆSON=EJSÆSON,2014-04-01,7286.0
DST:FIKS22:BRANCHE07=N:BELØB=4:SÆSON=EJSÆSON,2014-05-01,6908.0
DST:FIKS22:BRANCHE07=N:BELØB=4:SÆSON=EJSÆSON,2014-06-01,8034.0
DST:FIKS22:BRANCHE07=N:BELØB=4:SÆSON=EJSÆSON,2014-07-01,7578.0
DST:FIKS22:BRANCHE07=N:BELØB=4:SÆSON=EJSÆSON,2014-08-01,7069.0
DST:FIKS22:BRANCHE07=N:BELØB=4:SÆSON=EJSÆSON,2014-09-01,7944.0
DST:FIKS22:BRANCHE07=N:BELØB=4:SÆSON=EJSÆSON,2014-10-01,8485.0
DST:FIKS22:BRANCHE07=N:BELØB=4:SÆSON=EJSÆSON,2014-11-01,7765.0
DST:FIKS22:BRANCHE07=N:BELØB=4:SÆSON=EJSÆSON,2014-12-01,9291.0
DST:FIKS22:BRANCHE07=N:BELØB=4:SÆSON=EJSÆSON,2015-01-01,7552.0
DST:FIKS22:BRANCHE07=N:BELØB=4:SÆSON=EJSÆSON,2015-02-01,6908.0
DST:FIKS22:BRANCHE07=N:BELØB=4:SÆSON=EJSÆSON,2015-03-01,7935.0
DST:FIKS22:BRANCHE07=N:BELØB=4:SÆSON=EJSÆSON,2015-04-01,7755.0
DST:FIKS22:BRANCHE07=N:BELØB=4:SÆSON=EJSÆSON,2015-05-01,7698.0
DST:FIKS22:BRANCHE07=N:BELØB=4:SÆSON=EJSÆSON,2015-06-01,8164.0
DST:FIKS22:BRANCHE07=N:BELØB=4:SÆSON=EJSÆSON,2015-07-01,8019.0
DST:FIKS22:BRANCHE07=N:BELØB=4:SÆSON=EJSÆSON,2015-08-01,7504.0
DST:FIKS22:BRANCHE07=N:BELØB=4:SÆSON=EJSÆSON,2015-09-01,8930.0
DST:FIKS22:BRANCHE07=N:BELØB=4:SÆSON=EJSÆSON,2015-10-01,8414.0
DST:FIKS22:BRANCHE07=N:BELØB=4:SÆSON=EJSÆSON,2015-11-01,7875.0
DST:FIKS22:BRANCHE07=N:BELØB=4:SÆSON=EJSÆSON,2015-12-01,9261.0
DST:FIKS22:BRANCHE07=N:BELØB=4:SÆSON=EJSÆSON,2016-01-01,8287.0
DST:FIKS22:BRANCHE07=N:BELØB=4:SÆSON=EJSÆSON,2016-02-01,7811.0
DST:FIKS22:BRANCHE07=N:BELØB=4:SÆSON=EJSÆSON,2016-03-01,8881.0
DST:FIKS22:BRANCHE07=N:BELØB=4:SÆSON=EJSÆSON,2016-04-01,8577.0
DST:FIKS22:BRANCHE07=N:BELØB=4:SÆSON=EJSÆSON,2016-05-01,8498.0
DST:FIKS22:BRANCHE07=N:BELØB=4:SÆSON=EJSÆSON,2016-06-01,9689.0
DST:FIKS22:BRANCHE07=N:BELØB=4:SÆSON=EJSÆSON,2016-07-01,8516.0
DST:FIKS22:BRANCHE07=N:BELØB=4:SÆSON=EJSÆSON,2016-08-01,8505.0
DST:FIKS22:BRANCHE07=N:BELØB=4:SÆSON=EJSÆSON,2016-09-01,9332.0
DST:FIKS22:BRANCHE07=N:BELØB=4:SÆSON=EJSÆSON,2016-10-01,8793.0
DST:FIKS22:BRANCHE07=N:BELØB=4:SÆSON=EJSÆSON,2016-11-01,8869.0
DST:FIKS22:BRANCHE07=N:BELØB=4:SÆSON=EJSÆSON,2016-12-01,10812.0
DST:FIKS22:BRANCHE07=N:BELØB=4:SÆSON=EJSÆSON,2017-01-01,8549.0
DST:FIKS22:BRANCHE07=N:BELØB=4:SÆSON=EJSÆSON,2017-02-01,8272.0
DST:FIKS22:BRANCHE07=N:BELØB=4:SÆSON=EJSÆSON,2017-03-01,9632.0
DST:FIKS22:BRANCHE07=N:BELØB=4:SÆSON=EJSÆSON,2017-04-01,8412.0
DST:FIKS22:BRANCHE07=N:BELØB=4:SÆSON=EJSÆSON,2017-05-01,9306.0
DST:FIKS22:BRANCHE07=N:BELØB=4:SÆSON=EJSÆSON,2017-06-01,9943.0
DST:FIKS22:BRANCHE07=N:BELØB=4:SÆSON=EJSÆSON,2017-07-01,9836.0
DST:FIKS22:BRANCHE07=N:BELØB=4:SÆSON=EJSÆSON,2017-08-01,9644.0
DST:FIKS22:BRANCHE07=N:BELØB=4:SÆSON=EJSÆSON,2017-09-01,9903.0
DST:FIKS22:BRANCHE07=N:BELØB=4:SÆSON=EJSÆSON,2017-10-01,10223.0
DST:FIKS22:BRANCHE07=N:BELØB=4:SÆSON=EJSÆSON,2017-11-01,9181.0
DST:FIKS22:BRANCHE07=N:BELØB=4:SÆSON=EJSÆSON,2017-12-01,10826.0
DST:FIKS22:BRANCHE07=N:BELØB=4:SÆSON=EJSÆSON,2018-01-01,8436.0
DST:FIKS22:BRANCHE07=N:BELØB=4:SÆSON=EJSÆSON,2018-02-01,8073.0
DST:FIKS22:BRANCHE07=N:BELØB=4:SÆSON=EJSÆSON,2018-03-01,9417.0
DST:FIKS22:BRANCHE07=N:BELØB=4:SÆSON=EJSÆSON,2018-04-01,8663.0
DST:FIKS22:BRANCHE07=N:BELØB=4:SÆSON=EJSÆSON,2018-05-01,9192.0
DST:FIKS22:BRANCHE07=N:BELØB=4:SÆSON=EJSÆSON,2018-06-01,9944.0
DST:FIKS22:BRANCHE07=N:BELØB=4:SÆSON=EJSÆSON,2018-07-01,9166.0
DST:FIKS22:BRANCHE07=N:BELØB=4:SÆSON=EJSÆSON,2018-08-01,9306.0
DST:FIKS22:BRANCHE07=N:BELØB=4:SÆSON=EJSÆSON,2018-09-01,9993.0
DST:FIKS22:BRANCHE07=N:BELØB=4:SÆSON=EJSÆSON,2018-10-01,9822.0
DST:FIKS22:BRANCHE07=N:BELØB=4:SÆSON=EJSÆSON,2018-11-01,10040.0
DST:FIKS22:BRANCHE07=N:BELØB=4:SÆSON=EJSÆSON,2018-12-01,11362.0
DST:FIKS22:BRANCHE07=N:BELØB=4:SÆSON=EJSÆSON,2019-01-01,9268.0
DST:FIKS22:BRANCHE07=N:BELØB=4:SÆSON=EJSÆSON,2019-02-01,8860.0
DST:FIKS22:BRANCHE07=N:BELØB=4:SÆSON=EJSÆSON,2019-03-01,10293.0
DST:FIKS22:BRANCHE07=N:BELØB=4:SÆSON=EJSÆSON,2019-04-01,9670.0
DST:FIKS22:BRANCHE07=N:BELØB=4:SÆSON=EJSÆSON,2019-05-01,9559.0
DST:FIKS22:BRANCHE07=N:BELØB=4:SÆSON=EJSÆSON,2019-06-01,10208.0
DST:FIKS22:BRANCHE07=N:BELØB=4:SÆSON=EJSÆSON,2019-07-01,10175.0
DST:FIKS22:BRANCHE07=N:BELØB=4:SÆSON=EJSÆSON,2019-08-01,9402.0
DST:FIKS22:BRANCHE07=N:BELØB=4:SÆSON=EJSÆSON,2019-09-01,9919.0
DST:FIKS22:BRANCHE07=N:BELØB=4:SÆSON=EJSÆSON,2019-10-01,10598.0
DST:FIKS22:BRANCHE07=N:BELØB=4:SÆSON=EJSÆSON,2019-11-01,10093.0
DST:FIKS22:BRANCHE07=N:BELØB=4:SÆSON=EJSÆSON,2019-12-01,11613.0
DST:FIKS22:BRANCHE07=N:BELØB=4:SÆSON=EJSÆSON,2020-01-01,10309.0
DST:FIKS22:BRANCHE07=N:BELØB=4:SÆSON=EJSÆSON,2020-02-01,10009.0
DST:FIKS22:BRANCHE07=N:BELØB=4:SÆSON=EJSÆSON,2020-03-01,10323.0
DST:FIKS22:BRANCHE07=N:BELØB=4:SÆSON=EJSÆSON,2020-04-01,8759.0
DST:FIKS22:BRANCHE07=N:BELØB=4:SÆSON=EJSÆSON,2020-05-01,8633.0
DST:FIKS22:BRANCHE07=N:BELØB=4:SÆSON=EJSÆSON,2020-06-01,10597.0
DST:FIKS22:BRANCHE07=N:BELØB=4:SÆSON=EJSÆSON,2020-07-01,10194.0
DST:FIKS22:BRANCHE07=N:BELØB=4:SÆSON=EJSÆSON,2020-08-01,9667.0
DST:FIKS22:BRANCHE07=N:BELØB=4:SÆSON=EJSÆSON,2020-09-01,10289.0
DST:FIKS22:BRANCHE07=N:BELØB=4:SÆSON=EJSÆSON,2020-10-01,10914.0
DST:FIKS22:BRANCHE07=N:BELØB=4:SÆSON=EJSÆSON,2020-11-01,11052.0
DST:FIKS22:BRANCHE07=N:BELØB=4:SÆSON=EJSÆSON,2020-12-01,12837.0
DST:FIKS22:BRANCHE07=N:BELØB=4:SÆSON=EJSÆSON,2021-01-01,8799.0
DST:FIKS22:BRANCHE07=N:BELØB=4:SÆSON=EJSÆSON,2021-02-01,9535.0
DST:FIKS22:BRANCHE07=N:BELØB=4:SÆSON=EJSÆSON,2021-03-01,11828.0
DST:FIKS22:BRANCHE07=N:BELØB=4:SÆSON=EJSÆSON,2021-04-01,10442.0
DST:FIKS22:BRANCHE07=N:BELØB=4:SÆSON=EJSÆSON,2021-05-01,10499.0
DST:FIKS22:BRANCHE07=N:BELØB=4:SÆSON=EJSÆSON,2021-06-01,11359.0
DST:FIKS22:BRANCHE07=N:BELØB=4:SÆSON=EJSÆSON,2021-07-01,10270.0
DST:FIKS22:BRANCHE07=N:BELØB=4:SÆSON=EJSÆSON,2021-08-01,10480.0
DST:FIKS22:BRANCHE07=N:BELØB=4:SÆSON=EJSÆSON,2021-09-01,13540.0
DST:FIKS22:BRANCHE07=N:BELØB=4:SÆSON=EJSÆSON,2021-10-01,12012.0
DST:FIKS22:BRANCHE07=N:BELØB=4:SÆSON=EJSÆSON,2021-11-01,11941.0
DST:FIKS22:BRANCHE07=N:BELØB=4:SÆSON=EJSÆSON,2021-12-01,13781.0
DST:FIKS22:BRANCHE07=N:BELØB=4:SÆSON=EJSÆSON,2022-01-01,10510.0
DST:FIKS22:BRANCHE07=N:BELØB=4:SÆSON=EJSÆSON,2022-02-01,11277.0
DST:FIKS22:BRANCHE07=N:BELØB=4:SÆSON=EJSÆSON,2022-03-01,12203.0
DST:FIKS22:BRANCHE07=N:BELØB=4:SÆSON=EJSÆSON,2022-04-01,11839.0
DST:FIKS22:BRANCHE07=N:BELØB=4:SÆSON=EJSÆSON,2022-05-01,11808.0
DST:FIKS22:BRANCHE07=N:BELØB=4:SÆSON=EJSÆSON,2022-06-01,12441.0
DST:FIKS22:BRANCHE07=N:BELØB=4:SÆSON=EJSÆSON,2022-07-01,11794.0
DST:FIKS22:BRANCHE07=N:BELØB=4:SÆSON=EJSÆSON,2022-08-01,12665.0
DST:FIKS22:BRANCHE07=N:BELØB=4:SÆSON=EJSÆSON,2022-09-01,13297.0
DST:FIKS22:BRANCHE07=N:BELØB=4:SÆSON=EJSÆSON,2022-10-01,13193.0
DST:FIKS22:BRANCHE07=N:BELØB=4:SÆSON=EJSÆSON,2022-11-01,13135.0
DST:FIKS22:BRANCHE07=N:BELØB=4:SÆSON=EJSÆSON,2022-12-01,14025.0
DST:FIKS22:BRANCHE07=N:BELØB=4:SÆSON=EJSÆSON,2023-01-01,11349.0
DST:FIKS22:BRANCHE07=N:BELØB=4:SÆSON=EJSÆSON,2023-02-01,10977.0
DST:FIKS22:BRANCHE07=N:BELØB=4:SÆSON=EJSÆSON,2023-03-01,12370.0
DST:FIKS22:BRANCHE07=N:BELØB=4:SÆSON=EJSÆSON,2023-04-01,12074.0
DST:FIKS22:BRANCHE07=N:BELØB=4:SÆSON=EJSÆSON,2023-05-01,12911.0
DST:FIKS22:BRANCHE07=N:BELØB=4:SÆSON=EJSÆSON,2023-06-01,12425.0
DST:FIKS22:BRANCHE07=N:BELØB=4:SÆSON=EJSÆSON,2023-07-01,12278.0
DST:FIKS22:BRANCHE07=N:BELØB=4:SÆSON=EJSÆSON,2023-08-01,12524.0
DST:FIKS22:BRANCHE07=N:BELØB=4:SÆSON=EJSÆSON,2023-09-01,12925.0
DST:FIKS22:BRANCHE07=N:BELØB=4:SÆSON=EJSÆSON,2023-10-01,13773.0
DST:FIKS22:BRANCHE07=N:BELØB=4:SÆSON=EJSÆSON,2023-11-01,13337.0
DST:FIKS22:BRANCHE07=N:BELØB=4:SÆSON=EJSÆSON,2023-12-01,14427.0
DST:FIKS22:BRANCHE07=N:BELØB=4:SÆSON=EJSÆSON,2024-01-01,11772.0
DST:FIKS22:BRANCHE07=N:BELØB=4:SÆSON=EJSÆSON,2024-02-01,11991.0
DST:FIKS22:BRANCHE07=N:BELØB=4:SÆSON=EJSÆSON,2024-03-01,11916.0
DST:FIKS22:BRANCHE07=N:BELØB=4:SÆSON=EJSÆSON,2024-04-01,13962.0
DST:FIKS22:BRANCHE07=N:BELØB=4:SÆSON=EJSÆSON,2024-05-01,13312.0
DST:FIKS22:BRANCHE07=N:BELØB=4:SÆSON=EJSÆSON,2024-06-01,13113.0
DST:FIKS22:BRANCHE07=N:BELØB=4:SÆSON=EJSÆSON,2024-07-01,13787.0
DST:FIKS22:BRANCHE07=N:BELØB=4:SÆSON=EJSÆSON,2024-08-01,13261.0
DST:FIKS22:BRANCHE07=N:BELØB=4:SÆSON=EJSÆSON,2024-09-01,13624.0
DST:FIKS22:BRANCHE07=N:BELØB=4:SÆSON=EJSÆSON,2024-10-01,14774.0
DST:FIKS22:BRANCHE07=N:BELØB=4:SÆSON=EJSÆSON,2024-11-01,13450.0
DST:FIKS22:BRANCHE07=N:BELØB=4:SÆSON=EJSÆSON,2024-12-01,15133.0
DST:FIKS22:BRANCHE07=N:BELØB=4:SÆSON=EJSÆSON,2025-01-01,13985.0
DST:FIKS22:BRANCHE07=N:BELØB=4:SÆSON=EJSÆSON,2025-02-01,13610.0
DST:FIKS22:BRANCHE07=N:BELØB=4:SÆSON=EJSÆSON,2025-03-01,14509.0
DST:FIKS22:BRANCHE07=N:BELØB=4:SÆSON=EJSÆSON,2025-04-01,14986.0
DST:FIKS22:BRANCHE07=N:BELØB=4:SÆSON=EJSÆSON,2025-05-01,14574.0
DST:FIKS22:BRANCHE07=N:BELØB=4:SÆSON=EJSÆSON,2025-06-01,14969.0
DST:FIKS22:BRANCHE07=N:BELØB=4:SÆSON=EJSÆSON,2025-07-01,14867.0
DST:FIKS22:BRANCHE07=N:BELØB=4:SÆSON=EJSÆSON,2025-08-01,14392.0
DST:FIKS22:BRANCHE07=N:BELØB=4:SÆSON=EJSÆSON,2025-09-01,15185.0
DST:FIKS22:BRANCHE07=N:BELØB=4:SÆSON=EJSÆSON,2025-10-01,16059.0
DST:FIKS22:BRANCHE07=N:BELØB=4:SÆSON=EJSÆSON,2025-11-01,15601.0
DST:FIKS22:BRANCHE07=N:BELØB=4:SÆSON=EJSÆSON,2025-12-01,15459.0
DST:FIKS22:BRANCHE07=N:BELØB=4:SÆSON=EJSÆSON,2026-01-01,14013.0
DST:FIKS22:BRANCHE07=N:BELØB=4:SÆSON=EJSÆSON,2026-02-01,13308.0
DST:FIKS22:BRANCHE07=N:BELØB=4:SÆSON=EJSÆSON,2026-03-01,16163.0
DST:FIKS22:BRANCHE07=N:BELØB=4:SÆSON=SÆSON,2009-01-01,5746.0
DST:FIKS22:BRANCHE07=N:BELØB=4:SÆSON=SÆSON,2009-02-01,5661.0
DST:FIKS22:BRANCHE07=N:BELØB=4:SÆSON=SÆSON,2009-03-01,5411.0
DST:FIKS22:BRANCHE07=N:BELØB=4:SÆSON=SÆSON,2009-04-01,5341.0
DST:FIKS22:BRANCHE07=N:BELØB=4:SÆSON=SÆSON,2009-05-01,5363.0
DST:FIKS22:BRANCHE07=N:BELØB=4:SÆSON=SÆSON,2009-06-01,5465.0
DST:FIKS22:BRANCHE07=N:BELØB=4:SÆSON=SÆSON,2009-07-01,5564.0
DST:FIKS22:BRANCHE07=N:BELØB=4:SÆSON=SÆSON,2009-08-01,5929.0
DST:FIKS22:BRANCHE07=N:BELØB=4:SÆSON=SÆSON,2009-09-01,5786.0
DST:FIKS22:BRANCHE07=N:BELØB=4:SÆSON=SÆSON,2009-10-01,5526.0
DST:FIKS22:BRANCHE07=N:BELØB=4:SÆSON=SÆSON,2009-11-01,5463.0
DST:FIKS22:BRANCHE07=N:BELØB=4:SÆSON=SÆSON,2009-12-01,5167.0
DST:FIKS22:BRANCHE07=N:BELØB=4:SÆSON=SÆSON,2010-01-01,5413.0
DST:FIKS22:BRANCHE07=N:BELØB=4:SÆSON=SÆSON,2010-02-01,5484.0
DST:FIKS22:BRANCHE07=N:BELØB=4:SÆSON=SÆSON,2010-03-01,5498.0
DST:FIKS22:BRANCHE07=N:BELØB=4:SÆSON=SÆSON,2010-04-01,5695.0
DST:FIKS22:BRANCHE07=N:BELØB=4:SÆSON=SÆSON,2010-05-01,5626.0
DST:FIKS22:BRANCHE07=N:BELØB=4:SÆSON=SÆSON,2010-06-01,5459.0
DST:FIKS22:BRANCHE07=N:BELØB=4:SÆSON=SÆSON,2010-07-01,5469.0
DST:FIKS22:BRANCHE07=N:BELØB=4:SÆSON=SÆSON,2010-08-01,5728.0
DST:FIKS22:BRANCHE07=N:BELØB=4:SÆSON=SÆSON,2010-09-01,5879.0
DST:FIKS22:BRANCHE07=N:BELØB=4:SÆSON=SÆSON,2010-10-01,5584.0
DST:FIKS22:BRANCHE07=N:BELØB=4:SÆSON=SÆSON,2010-11-01,5845.0
DST:FIKS22:BRANCHE07=N:BELØB=4:SÆSON=SÆSON,2010-12-01,5312.0
DST:FIKS22:BRANCHE07=N:BELØB=4:SÆSON=SÆSON,2011-01-01,6080.0
DST:FIKS22:BRANCHE07=N:BELØB=4:SÆSON=SÆSON,2011-02-01,6178.0
DST:FIKS22:BRANCHE07=N:BELØB=4:SÆSON=SÆSON,2011-03-01,6190.0
DST:FIKS22:BRANCHE07=N:BELØB=4:SÆSON=SÆSON,2011-04-01,6281.0
DST:FIKS22:BRANCHE07=N:BELØB=4:SÆSON=SÆSON,2011-05-01,6436.0
DST:FIKS22:BRANCHE07=N:BELØB=4:SÆSON=SÆSON,2011-06-01,6694.0
DST:FIKS22:BRANCHE07=N:BELØB=4:SÆSON=SÆSON,2011-07-01,6652.0
DST:FIKS22:BRANCHE07=N:BELØB=4:SÆSON=SÆSON,2011-08-01,6565.0
DST:FIKS22:BRANCHE07=N:BELØB=4:SÆSON=SÆSON,2011-09-01,6604.0
DST:FIKS22:BRANCHE07=N:BELØB=4:SÆSON=SÆSON,2011-10-01,6785.0
DST:FIKS22:BRANCHE07=N:BELØB=4:SÆSON=SÆSON,2011-11-01,6766.0
DST:FIKS22:BRANCHE07=N:BELØB=4:SÆSON=SÆSON,2011-12-01,6933.0
DST:FIKS22:BRANCHE07=N:BELØB=4:SÆSON=SÆSON,2012-01-01,6618.0
DST:FIKS22:BRANCHE07=N:BELØB=4:SÆSON=SÆSON,2012-02-01,6472.0
DST:FIKS22:BRANCHE07=N:BELØB=4:SÆSON=SÆSON,2012-03-01,6588.0
DST:FIKS22:BRANCHE07=N:BELØB=4:SÆSON=SÆSON,2012-04-01,6631.0
DST:FIKS22:BRANCHE07=N:BELØB=4:SÆSON=SÆSON,2012-05-01,6652.0
DST:FIKS22:BRANCHE07=N:BELØB=4:SÆSON=SÆSON,2012-06-01,6546.0
DST:FIKS22:BRANCHE07=N:BELØB=4:SÆSON=SÆSON,2012-07-01,6840.0
DST:FIKS22:BRANCHE07=N:BELØB=4:SÆSON=SÆSON,2012-08-01,6893.0
DST:FIKS22:BRANCHE07=N:BELØB=4:SÆSON=SÆSON,2012-09-01,6805.0
DST:FIKS22:BRANCHE07=N:BELØB=4:SÆSON=SÆSON,2012-10-01,7122.0
DST:FIKS22:BRANCHE07=N:BELØB=4:SÆSON=SÆSON,2012-11-01,7017.0
DST:FIKS22:BRANCHE07=N:BELØB=4:SÆSON=SÆSON,2012-12-01,7109.0
DST:FIKS22:BRANCHE07=N:BELØB=4:SÆSON=SÆSON,2013-01-01,7112.0
DST:FIKS22:BRANCHE07=N:BELØB=4:SÆSON=SÆSON,2013-02-01,7069.0
DST:FIKS22:BRANCHE07=N:BELØB=4:SÆSON=SÆSON,2013-03-01,7144.0
DST:FIKS22:BRANCHE07=N:BELØB=4:SÆSON=SÆSON,2013-04-01,7365.0
DST:FIKS22:BRANCHE07=N:BELØB=4:SÆSON=SÆSON,2013-05-01,7146.0
DST:FIKS22:BRANCHE07=N:BELØB=4:SÆSON=SÆSON,2013-06-01,7160.0
DST:FIKS22:BRANCHE07=N:BELØB=4:SÆSON=SÆSON,2013-07-01,7115.0
DST:FIKS22:BRANCHE07=N:BELØB=4:SÆSON=SÆSON,2013-08-01,7113.0
DST:FIKS22:BRANCHE07=N:BELØB=4:SÆSON=SÆSON,2013-09-01,7267.0
DST:FIKS22:BRANCHE07=N:BELØB=4:SÆSON=SÆSON,2013-10-01,7173.0
DST:FIKS22:BRANCHE07=N:BELØB=4:SÆSON=SÆSON,2013-11-01,7148.0
DST:FIKS22:BRANCHE07=N:BELØB=4:SÆSON=SÆSON,2013-12-01,7767.0
DST:FIKS22:BRANCHE07=N:BELØB=4:SÆSON=SÆSON,2014-01-01,7362.0
DST:FIKS22:BRANCHE07=N:BELØB=4:SÆSON=SÆSON,2014-02-01,7672.0
DST:FIKS22:BRANCHE07=N:BELØB=4:SÆSON=SÆSON,2014-03-01,7503.0
DST:FIKS22:BRANCHE07=N:BELØB=4:SÆSON=SÆSON,2014-04-01,7375.0
DST:FIKS22:BRANCHE07=N:BELØB=4:SÆSON=SÆSON,2014-05-01,7269.0
DST:FIKS22:BRANCHE07=N:BELØB=4:SÆSON=SÆSON,2014-06-01,7844.0
DST:FIKS22:BRANCHE07=N:BELØB=4:SÆSON=SÆSON,2014-07-01,7526.0
DST:FIKS22:BRANCHE07=N:BELØB=4:SÆSON=SÆSON,2014-08-01,7501.0
DST:FIKS22:BRANCHE07=N:BELØB=4:SÆSON=SÆSON,2014-09-01,7683.0
DST:FIKS22:BRANCHE07=N:BELØB=4:SÆSON=SÆSON,2014-10-01,7977.0
DST:FIKS22:BRANCHE07=N:BELØB=4:SÆSON=SÆSON,2014-11-01,8023.0
DST:FIKS22:BRANCHE07=N:BELØB=4:SÆSON=SÆSON,2014-12-01,7872.0
DST:FIKS22:BRANCHE07=N:BELØB=4:SÆSON=SÆSON,2015-01-01,8026.0
DST:FIKS22:BRANCHE07=N:BELØB=4:SÆSON=SÆSON,2015-02-01,7784.0
DST:FIKS22:BRANCHE07=N:BELØB=4:SÆSON=SÆSON,2015-03-01,7806.0
DST:FIKS22:BRANCHE07=N:BELØB=4:SÆSON=SÆSON,2015-04-01,8007.0
DST:FIKS22:BRANCHE07=N:BELØB=4:SÆSON=SÆSON,2015-05-01,8109.0
DST:FIKS22:BRANCHE07=N:BELØB=4:SÆSON=SÆSON,2015-06-01,7817.0
DST:FIKS22:BRANCHE07=N:BELØB=4:SÆSON=SÆSON,2015-07-01,8050.0
DST:FIKS22:BRANCHE07=N:BELØB=4:SÆSON=SÆSON,2015-08-01,7988.0
DST:FIKS22:BRANCHE07=N:BELØB=4:SÆSON=SÆSON,2015-09-01,8540.0
DST:FIKS22:BRANCHE07=N:BELØB=4:SÆSON=SÆSON,2015-10-01,8061.0
DST:FIKS22:BRANCHE07=N:BELØB=4:SÆSON=SÆSON,2015-11-01,8110.0
DST:FIKS22:BRANCHE07=N:BELØB=4:SÆSON=SÆSON,2015-12-01,7702.0
DST:FIKS22:BRANCHE07=N:BELØB=4:SÆSON=SÆSON,2016-01-01,8916.0
DST:FIKS22:BRANCHE07=N:BELØB=4:SÆSON=SÆSON,2016-02-01,8609.0
DST:FIKS22:BRANCHE07=N:BELØB=4:SÆSON=SÆSON,2016-03-01,8853.0
DST:FIKS22:BRANCHE07=N:BELØB=4:SÆSON=SÆSON,2016-04-01,8771.0
DST:FIKS22:BRANCHE07=N:BELØB=4:SÆSON=SÆSON,2016-05-01,8785.0
DST:FIKS22:BRANCHE07=N:BELØB=4:SÆSON=SÆSON,2016-06-01,9182.0
DST:FIKS22:BRANCHE07=N:BELØB=4:SÆSON=SÆSON,2016-07-01,8669.0
DST:FIKS22:BRANCHE07=N:BELØB=4:SÆSON=SÆSON,2016-08-01,8829.0
DST:FIKS22:BRANCHE07=N:BELØB=4:SÆSON=SÆSON,2016-09-01,8978.0
DST:FIKS22:BRANCHE07=N:BELØB=4:SÆSON=SÆSON,2016-10-01,8590.0
DST:FIKS22:BRANCHE07=N:BELØB=4:SÆSON=SÆSON,2016-11-01,8931.0
DST:FIKS22:BRANCHE07=N:BELØB=4:SÆSON=SÆSON,2016-12-01,9140.0
DST:FIKS22:BRANCHE07=N:BELØB=4:SÆSON=SÆSON,2017-01-01,9152.0
DST:FIKS22:BRANCHE07=N:BELØB=4:SÆSON=SÆSON,2017-02-01,9292.0
DST:FIKS22:BRANCHE07=N:BELØB=4:SÆSON=SÆSON,2017-03-01,9255.0
DST:FIKS22:BRANCHE07=N:BELØB=4:SÆSON=SÆSON,2017-04-01,8998.0
DST:FIKS22:BRANCHE07=N:BELØB=4:SÆSON=SÆSON,2017-05-01,9616.0
DST:FIKS22:BRANCHE07=N:BELØB=4:SÆSON=SÆSON,2017-06-01,9371.0
DST:FIKS22:BRANCHE07=N:BELØB=4:SÆSON=SÆSON,2017-07-01,10066.0
DST:FIKS22:BRANCHE07=N:BELØB=4:SÆSON=SÆSON,2017-08-01,9906.0
DST:FIKS22:BRANCHE07=N:BELØB=4:SÆSON=SÆSON,2017-09-01,9650.0
DST:FIKS22:BRANCHE07=N:BELØB=4:SÆSON=SÆSON,2017-10-01,9888.0
DST:FIKS22:BRANCHE07=N:BELØB=4:SÆSON=SÆSON,2017-11-01,9213.0
DST:FIKS22:BRANCHE07=N:BELØB=4:SÆSON=SÆSON,2017-12-01,9337.0
DST:FIKS22:BRANCHE07=N:BELØB=4:SÆSON=SÆSON,2018-01-01,9034.0
DST:FIKS22:BRANCHE07=N:BELØB=4:SÆSON=SÆSON,2018-02-01,9041.0
DST:FIKS22:BRANCHE07=N:BELØB=4:SÆSON=SÆSON,2018-03-01,9496.0
DST:FIKS22:BRANCHE07=N:BELØB=4:SÆSON=SÆSON,2018-04-01,8926.0
DST:FIKS22:BRANCHE07=N:BELØB=4:SÆSON=SÆSON,2018-05-01,9357.0
DST:FIKS22:BRANCHE07=N:BELØB=4:SÆSON=SÆSON,2018-06-01,9614.0
DST:FIKS22:BRANCHE07=N:BELØB=4:SÆSON=SÆSON,2018-07-01,9221.0
DST:FIKS22:BRANCHE07=N:BELØB=4:SÆSON=SÆSON,2018-08-01,9629.0
DST:FIKS22:BRANCHE07=N:BELØB=4:SÆSON=SÆSON,2018-09-01,9826.0
DST:FIKS22:BRANCHE07=N:BELØB=4:SÆSON=SÆSON,2018-10-01,9430.0
DST:FIKS22:BRANCHE07=N:BELØB=4:SÆSON=SÆSON,2018-11-01,9990.0
DST:FIKS22:BRANCHE07=N:BELØB=4:SÆSON=SÆSON,2018-12-01,9958.0
DST:FIKS22:BRANCHE07=N:BELØB=4:SÆSON=SÆSON,2019-01-01,10062.0
DST:FIKS22:BRANCHE07=N:BELØB=4:SÆSON=SÆSON,2019-02-01,9842.0
DST:FIKS22:BRANCHE07=N:BELØB=4:SÆSON=SÆSON,2019-03-01,10087.0
DST:FIKS22:BRANCHE07=N:BELØB=4:SÆSON=SÆSON,2019-04-01,10145.0
DST:FIKS22:BRANCHE07=N:BELØB=4:SÆSON=SÆSON,2019-05-01,9882.0
DST:FIKS22:BRANCHE07=N:BELØB=4:SÆSON=SÆSON,2019-06-01,9860.0
DST:FIKS22:BRANCHE07=N:BELØB=4:SÆSON=SÆSON,2019-07-01,10231.0
DST:FIKS22:BRANCHE07=N:BELØB=4:SÆSON=SÆSON,2019-08-01,9810.0
DST:FIKS22:BRANCHE07=N:BELØB=4:SÆSON=SÆSON,2019-09-01,9755.0
DST:FIKS22:BRANCHE07=N:BELØB=4:SÆSON=SÆSON,2019-10-01,10053.0
DST:FIKS22:BRANCHE07=N:BELØB=4:SÆSON=SÆSON,2019-11-01,10013.0
DST:FIKS22:BRANCHE07=N:BELØB=4:SÆSON=SÆSON,2019-12-01,10009.0
DST:FIKS22:BRANCHE07=N:BELØB=4:SÆSON=SÆSON,2020-01-01,11253.0
DST:FIKS22:BRANCHE07=N:BELØB=4:SÆSON=SÆSON,2020-02-01,10852.0
DST:FIKS22:BRANCHE07=N:BELØB=4:SÆSON=SÆSON,2020-03-01,10107.0
DST:FIKS22:BRANCHE07=N:BELØB=4:SÆSON=SÆSON,2020-04-01,9084.0
DST:FIKS22:BRANCHE07=N:BELØB=4:SÆSON=SÆSON,2020-05-01,9051.0
DST:FIKS22:BRANCHE07=N:BELØB=4:SÆSON=SÆSON,2020-06-01,10195.0
DST:FIKS22:BRANCHE07=N:BELØB=4:SÆSON=SÆSON,2020-07-01,10276.0
DST:FIKS22:BRANCHE07=N:BELØB=4:SÆSON=SÆSON,2020-08-01,10195.0
DST:FIKS22:BRANCHE07=N:BELØB=4:SÆSON=SÆSON,2020-09-01,9940.0
DST:FIKS22:BRANCHE07=N:BELØB=4:SÆSON=SÆSON,2020-10-01,10435.0
DST:FIKS22:BRANCHE07=N:BELØB=4:SÆSON=SÆSON,2020-11-01,10886.0
DST:FIKS22:BRANCHE07=N:BELØB=4:SÆSON=SÆSON,2020-12-01,10870.0
DST:FIKS22:BRANCHE07=N:BELØB=4:SÆSON=SÆSON,2021-01-01,9780.0
DST:FIKS22:BRANCHE07=N:BELØB=4:SÆSON=SÆSON,2021-02-01,10498.0
DST:FIKS22:BRANCHE07=N:BELØB=4:SÆSON=SÆSON,2021-03-01,11651.0
DST:FIKS22:BRANCHE07=N:BELØB=4:SÆSON=SÆSON,2021-04-01,10762.0
DST:FIKS22:BRANCHE07=N:BELØB=4:SÆSON=SÆSON,2021-05-01,10980.0
DST:FIKS22:BRANCHE07=N:BELØB=4:SÆSON=SÆSON,2021-06-01,10899.0
DST:FIKS22:BRANCHE07=N:BELØB=4:SÆSON=SÆSON,2021-07-01,10474.0
DST:FIKS22:BRANCHE07=N:BELØB=4:SÆSON=SÆSON,2021-08-01,10829.0
DST:FIKS22:BRANCHE07=N:BELØB=4:SÆSON=SÆSON,2021-09-01,13152.0
DST:FIKS22:BRANCHE07=N:BELØB=4:SÆSON=SÆSON,2021-10-01,11492.0
DST:FIKS22:BRANCHE07=N:BELØB=4:SÆSON=SÆSON,2021-11-01,11534.0
DST:FIKS22:BRANCHE07=N:BELØB=4:SÆSON=SÆSON,2021-12-01,11822.0
DST:FIKS22:BRANCHE07=N:BELØB=4:SÆSON=SÆSON,2022-01-01,11669.0
DST:FIKS22:BRANCHE07=N:BELØB=4:SÆSON=SÆSON,2022-02-01,12406.0
DST:FIKS22:BRANCHE07=N:BELØB=4:SÆSON=SÆSON,2022-03-01,12037.0
DST:FIKS22:BRANCHE07=N:BELØB=4:SÆSON=SÆSON,2022-04-01,12146.0
DST:FIKS22:BRANCHE07=N:BELØB=4:SÆSON=SÆSON,2022-05-01,12155.0
DST:FIKS22:BRANCHE07=N:BELØB=4:SÆSON=SÆSON,2022-06-01,12168.0
DST:FIKS22:BRANCHE07=N:BELØB=4:SÆSON=SÆSON,2022-07-01,12095.0
DST:FIKS22:BRANCHE07=N:BELØB=4:SÆSON=SÆSON,2022-08-01,12954.0
DST:FIKS22:BRANCHE07=N:BELØB=4:SÆSON=SÆSON,2022-09-01,12938.0
DST:FIKS22:BRANCHE07=N:BELØB=4:SÆSON=SÆSON,2022-10-01,12606.0
DST:FIKS22:BRANCHE07=N:BELØB=4:SÆSON=SÆSON,2022-11-01,12562.0
DST:FIKS22:BRANCHE07=N:BELØB=4:SÆSON=SÆSON,2022-12-01,12307.0
DST:FIKS22:BRANCHE07=N:BELØB=4:SÆSON=SÆSON,2023-01-01,12447.0
DST:FIKS22:BRANCHE07=N:BELØB=4:SÆSON=SÆSON,2023-02-01,12089.0
DST:FIKS22:BRANCHE07=N:BELØB=4:SÆSON=SÆSON,2023-03-01,12368.0
DST:FIKS22:BRANCHE07=N:BELØB=4:SÆSON=SÆSON,2023-04-01,12345.0
DST:FIKS22:BRANCHE07=N:BELØB=4:SÆSON=SÆSON,2023-05-01,13112.0
DST:FIKS22:BRANCHE07=N:BELØB=4:SÆSON=SÆSON,2023-06-01,12244.0
DST:FIKS22:BRANCHE07=N:BELØB=4:SÆSON=SÆSON,2023-07-01,12653.0
DST:FIKS22:BRANCHE07=N:BELØB=4:SÆSON=SÆSON,2023-08-01,12632.0
DST:FIKS22:BRANCHE07=N:BELØB=4:SÆSON=SÆSON,2023-09-01,12703.0
DST:FIKS22:BRANCHE07=N:BELØB=4:SÆSON=SÆSON,2023-10-01,12930.0
DST:FIKS22:BRANCHE07=N:BELØB=4:SÆSON=SÆSON,2023-11-01,12815.0
DST:FIKS22:BRANCHE07=N:BELØB=4:SÆSON=SÆSON,2023-12-01,13071.0
DST:FIKS22:BRANCHE07=N:BELØB=4:SÆSON=SÆSON,2024-01-01,12766.0
DST:FIKS22:BRANCHE07=N:BELØB=4:SÆSON=SÆSON,2024-02-01,12879.0
DST:FIKS22:BRANCHE07=N:BELØB=4:SÆSON=SÆSON,2024-03-01,12585.0
DST:FIKS22:BRANCHE07=N:BELØB=4:SÆSON=SÆSON,2024-04-01,13509.0
DST:FIKS22:BRANCHE07=N:BELØB=4:SÆSON=SÆSON,2024-05-01,13384.0
DST:FIKS22:BRANCHE07=N:BELØB=4:SÆSON=SÆSON,2024-06-01,13243.0
DST:FIKS22:BRANCHE07=N:BELØB=4:SÆSON=SÆSON,2024-07-01,13856.0
DST:FIKS22:BRANCHE07=N:BELØB=4:SÆSON=SÆSON,2024-08-01,13581.0
DST:FIKS22:BRANCHE07=N:BELØB=4:SÆSON=SÆSON,2024-09-01,13456.0
DST:FIKS22:BRANCHE07=N:BELØB=4:SÆSON=SÆSON,2024-10-01,13667.0
DST:FIKS22:BRANCHE07=N:BELØB=4:SÆSON=SÆSON,2024-11-01,13081.0
DST:FIKS22:BRANCHE07=N:BELØB=4:SÆSON=SÆSON,2024-12-01,13740.0
DST:FIKS22:BRANCHE07=N:BELØB=4:SÆSON=SÆSON,2025-01-01,15197.0
DST:FIKS22:BRANCHE07=N:BELØB=4:SÆSON=SÆSON,2025-02-01,15115.0
DST:FIKS22:BRANCHE07=N:BELØB=4:SÆSON=SÆSON,2025-03-01,14821.0
DST:FIKS22:BRANCHE07=N:BELØB=4:SÆSON=SÆSON,2025-04-01,14835.0
DST:FIKS22:BRANCHE07=N:BELØB=4:SÆSON=SÆSON,2025-05-01,14829.0
DST:FIKS22:BRANCHE07=N:BELØB=4:SÆSON=SÆSON,2025-06-01,15067.0
DST:FIKS22:BRANCHE07=N:BELØB=4:SÆSON=SÆSON,2025-07-01,14751.0
DST:FIKS22:BRANCHE07=N:BELØB=4:SÆSON=SÆSON,2025-08-01,14837.0
DST:FIKS22:BRANCHE07=N:BELØB=4:SÆSON=SÆSON,2025-09-01,14873.0
DST:FIKS22:BRANCHE07=N:BELØB=4:SÆSON=SÆSON,2025-10-01,14990.0
DST:FIKS22:BRANCHE07=N:BELØB=4:SÆSON=SÆSON,2025-11-01,15250.0
DST:FIKS22:BRANCHE07=N:BELØB=4:SÆSON=SÆSON,2025-12-01,14049.0
DST:FIKS22:BRANCHE07=N:BELØB=4:SÆSON=SÆSON,2026-01-01,15315.0
DST:FIKS22:BRANCHE07=N:BELØB=4:SÆSON=SÆSON,2026-02-01,14810.0
DST:FIKS22:BRANCHE07=N:BELØB=4:SÆSON=SÆSON,2026-03-01,16209.0
DST:FIKS22:BRANCHE07=O:BELØB=0:SÆSON=EJSÆSON,2009-01-01,1605.0
DST:FIKS22:BRANCHE07=O:BELØB=0:SÆSON=EJSÆSON,2009-02-01,1123.0
DST:FIKS22:BRANCHE07=O:BELØB=0:SÆSON=EJSÆSON,2009-03-01,1630.0
DST:FIKS22:BRANCHE07=O:BELØB=0:SÆSON=EJSÆSON,2009-04-01,1160.0
DST:FIKS22:BRANCHE07=O:BELØB=0:SÆSON=EJSÆSON,2009-05-01,1170.0
DST:FIKS22:BRANCHE07=O:BELØB=0:SÆSON=EJSÆSON,2009-06-01,1147.0
DST:FIKS22:BRANCHE07=O:BELØB=0:SÆSON=EJSÆSON,2009-07-01,856.0
DST:FIKS22:BRANCHE07=O:BELØB=0:SÆSON=EJSÆSON,2009-08-01,808.0
DST:FIKS22:BRANCHE07=O:BELØB=0:SÆSON=EJSÆSON,2009-09-01,952.0
DST:FIKS22:BRANCHE07=O:BELØB=0:SÆSON=EJSÆSON,2009-10-01,1105.0
DST:FIKS22:BRANCHE07=O:BELØB=0:SÆSON=EJSÆSON,2009-11-01,1018.0
DST:FIKS22:BRANCHE07=O:BELØB=0:SÆSON=EJSÆSON,2009-12-01,1636.0
DST:FIKS22:BRANCHE07=O:BELØB=0:SÆSON=EJSÆSON,2010-01-01,730.0
DST:FIKS22:BRANCHE07=O:BELØB=0:SÆSON=EJSÆSON,2010-02-01,780.0
DST:FIKS22:BRANCHE07=O:BELØB=0:SÆSON=EJSÆSON,2010-03-01,1051.0
DST:FIKS22:BRANCHE07=O:BELØB=0:SÆSON=EJSÆSON,2010-04-01,682.0
DST:FIKS22:BRANCHE07=O:BELØB=0:SÆSON=EJSÆSON,2010-05-01,921.0
DST:FIKS22:BRANCHE07=O:BELØB=0:SÆSON=EJSÆSON,2010-06-01,695.0
DST:FIKS22:BRANCHE07=O:BELØB=0:SÆSON=EJSÆSON,2010-07-01,435.0
DST:FIKS22:BRANCHE07=O:BELØB=0:SÆSON=EJSÆSON,2010-08-01,513.0
DST:FIKS22:BRANCHE07=O:BELØB=0:SÆSON=EJSÆSON,2010-09-01,546.0
DST:FIKS22:BRANCHE07=O:BELØB=0:SÆSON=EJSÆSON,2010-10-01,625.0
DST:FIKS22:BRANCHE07=O:BELØB=0:SÆSON=EJSÆSON,2010-11-01,671.0
DST:FIKS22:BRANCHE07=O:BELØB=0:SÆSON=EJSÆSON,2010-12-01,1146.0
DST:FIKS22:BRANCHE07=O:BELØB=0:SÆSON=EJSÆSON,2011-01-01,773.0
DST:FIKS22:BRANCHE07=O:BELØB=0:SÆSON=EJSÆSON,2011-02-01,673.0
DST:FIKS22:BRANCHE07=O:BELØB=0:SÆSON=EJSÆSON,2011-03-01,871.0
DST:FIKS22:BRANCHE07=O:BELØB=0:SÆSON=EJSÆSON,2011-04-01,681.0
DST:FIKS22:BRANCHE07=O:BELØB=0:SÆSON=EJSÆSON,2011-05-01,721.0
DST:FIKS22:BRANCHE07=O:BELØB=0:SÆSON=EJSÆSON,2011-06-01,941.0
DST:FIKS22:BRANCHE07=O:BELØB=0:SÆSON=EJSÆSON,2011-07-01,488.0
DST:FIKS22:BRANCHE07=O:BELØB=0:SÆSON=EJSÆSON,2011-08-01,554.0
DST:FIKS22:BRANCHE07=O:BELØB=0:SÆSON=EJSÆSON,2011-09-01,730.0
DST:FIKS22:BRANCHE07=O:BELØB=0:SÆSON=EJSÆSON,2011-10-01,783.0
DST:FIKS22:BRANCHE07=O:BELØB=0:SÆSON=EJSÆSON,2011-11-01,588.0
DST:FIKS22:BRANCHE07=O:BELØB=0:SÆSON=EJSÆSON,2011-12-01,897.0
DST:FIKS22:BRANCHE07=O:BELØB=0:SÆSON=EJSÆSON,2012-01-01,953.0
DST:FIKS22:BRANCHE07=O:BELØB=0:SÆSON=EJSÆSON,2012-02-01,520.0
DST:FIKS22:BRANCHE07=O:BELØB=0:SÆSON=EJSÆSON,2012-03-01,892.0
DST:FIKS22:BRANCHE07=O:BELØB=0:SÆSON=EJSÆSON,2012-04-01,948.0
DST:FIKS22:BRANCHE07=O:BELØB=0:SÆSON=EJSÆSON,2012-05-01,789.0
DST:FIKS22:BRANCHE07=O:BELØB=0:SÆSON=EJSÆSON,2012-06-01,1041.0
DST:FIKS22:BRANCHE07=O:BELØB=0:SÆSON=EJSÆSON,2012-07-01,661.0
DST:FIKS22:BRANCHE07=O:BELØB=0:SÆSON=EJSÆSON,2012-08-01,656.0
DST:FIKS22:BRANCHE07=O:BELØB=0:SÆSON=EJSÆSON,2012-09-01,865.0
DST:FIKS22:BRANCHE07=O:BELØB=0:SÆSON=EJSÆSON,2012-10-01,818.0
DST:FIKS22:BRANCHE07=O:BELØB=0:SÆSON=EJSÆSON,2012-11-01,873.0
DST:FIKS22:BRANCHE07=O:BELØB=0:SÆSON=EJSÆSON,2012-12-01,1276.0
DST:FIKS22:BRANCHE07=O:BELØB=0:SÆSON=EJSÆSON,2013-01-01,572.0
DST:FIKS22:BRANCHE07=O:BELØB=0:SÆSON=EJSÆSON,2013-02-01,727.0
DST:FIKS22:BRANCHE07=O:BELØB=0:SÆSON=EJSÆSON,2013-03-01,1054.0
DST:FIKS22:BRANCHE07=O:BELØB=0:SÆSON=EJSÆSON,2013-04-01,1116.0
DST:FIKS22:BRANCHE07=O:BELØB=0:SÆSON=EJSÆSON,2013-05-01,893.0
DST:FIKS22:BRANCHE07=O:BELØB=0:SÆSON=EJSÆSON,2013-06-01,1035.0
DST:FIKS22:BRANCHE07=O:BELØB=0:SÆSON=EJSÆSON,2013-07-01,589.0
DST:FIKS22:BRANCHE07=O:BELØB=0:SÆSON=EJSÆSON,2013-08-01,597.0
DST:FIKS22:BRANCHE07=O:BELØB=0:SÆSON=EJSÆSON,2013-09-01,687.0
DST:FIKS22:BRANCHE07=O:BELØB=0:SÆSON=EJSÆSON,2013-10-01,786.0
DST:FIKS22:BRANCHE07=O:BELØB=0:SÆSON=EJSÆSON,2013-11-01,557.0
DST:FIKS22:BRANCHE07=O:BELØB=0:SÆSON=EJSÆSON,2013-12-01,1089.0
DST:FIKS22:BRANCHE07=O:BELØB=0:SÆSON=EJSÆSON,2014-01-01,230.0
DST:FIKS22:BRANCHE07=O:BELØB=0:SÆSON=EJSÆSON,2014-02-01,827.0
DST:FIKS22:BRANCHE07=O:BELØB=0:SÆSON=EJSÆSON,2014-03-01,971.0
DST:FIKS22:BRANCHE07=O:BELØB=0:SÆSON=EJSÆSON,2014-04-01,821.0
DST:FIKS22:BRANCHE07=O:BELØB=0:SÆSON=EJSÆSON,2014-05-01,806.0
DST:FIKS22:BRANCHE07=O:BELØB=0:SÆSON=EJSÆSON,2014-06-01,748.0
DST:FIKS22:BRANCHE07=O:BELØB=0:SÆSON=EJSÆSON,2014-07-01,459.0
DST:FIKS22:BRANCHE07=O:BELØB=0:SÆSON=EJSÆSON,2014-08-01,554.0
DST:FIKS22:BRANCHE07=O:BELØB=0:SÆSON=EJSÆSON,2014-09-01,575.0
DST:FIKS22:BRANCHE07=O:BELØB=0:SÆSON=EJSÆSON,2014-10-01,772.0
DST:FIKS22:BRANCHE07=O:BELØB=0:SÆSON=EJSÆSON,2014-11-01,684.0
DST:FIKS22:BRANCHE07=O:BELØB=0:SÆSON=EJSÆSON,2014-12-01,1171.0
DST:FIKS22:BRANCHE07=O:BELØB=0:SÆSON=EJSÆSON,2015-01-01,991.0
DST:FIKS22:BRANCHE07=O:BELØB=0:SÆSON=EJSÆSON,2015-02-01,716.0
DST:FIKS22:BRANCHE07=O:BELØB=0:SÆSON=EJSÆSON,2015-03-01,945.0
DST:FIKS22:BRANCHE07=O:BELØB=0:SÆSON=EJSÆSON,2015-04-01,936.0
DST:FIKS22:BRANCHE07=O:BELØB=0:SÆSON=EJSÆSON,2015-05-01,861.0
DST:FIKS22:BRANCHE07=O:BELØB=0:SÆSON=EJSÆSON,2015-06-01,861.0
DST:FIKS22:BRANCHE07=O:BELØB=0:SÆSON=EJSÆSON,2015-07-01,467.0
DST:FIKS22:BRANCHE07=O:BELØB=0:SÆSON=EJSÆSON,2015-08-01,589.0
DST:FIKS22:BRANCHE07=O:BELØB=0:SÆSON=EJSÆSON,2015-09-01,625.0
DST:FIKS22:BRANCHE07=O:BELØB=0:SÆSON=EJSÆSON,2015-10-01,883.0
DST:FIKS22:BRANCHE07=O:BELØB=0:SÆSON=EJSÆSON,2015-11-01,569.0
DST:FIKS22:BRANCHE07=O:BELØB=0:SÆSON=EJSÆSON,2015-12-01,3132.0
DST:FIKS22:BRANCHE07=O:BELØB=0:SÆSON=EJSÆSON,2016-01-01,479.0
DST:FIKS22:BRANCHE07=O:BELØB=0:SÆSON=EJSÆSON,2016-02-01,823.0
DST:FIKS22:BRANCHE07=O:BELØB=0:SÆSON=EJSÆSON,2016-03-01,673.0
DST:FIKS22:BRANCHE07=O:BELØB=0:SÆSON=EJSÆSON,2016-04-01,819.0
DST:FIKS22:BRANCHE07=O:BELØB=0:SÆSON=EJSÆSON,2016-05-01,706.0
DST:FIKS22:BRANCHE07=O:BELØB=0:SÆSON=EJSÆSON,2016-06-01,-80.0
DST:FIKS22:BRANCHE07=O:BELØB=0:SÆSON=EJSÆSON,2016-07-01,297.0
DST:FIKS22:BRANCHE07=O:BELØB=0:SÆSON=EJSÆSON,2016-08-01,653.0
DST:FIKS22:BRANCHE07=O:BELØB=0:SÆSON=EJSÆSON,2016-09-01,494.0
DST:FIKS22:BRANCHE07=O:BELØB=0:SÆSON=EJSÆSON,2016-10-01,1057.0
DST:FIKS22:BRANCHE07=O:BELØB=0:SÆSON=EJSÆSON,2016-11-01,734.0
DST:FIKS22:BRANCHE07=O:BELØB=0:SÆSON=EJSÆSON,2016-12-01,1058.0
DST:FIKS22:BRANCHE07=O:BELØB=0:SÆSON=EJSÆSON,2017-01-01,510.0
DST:FIKS22:BRANCHE07=O:BELØB=0:SÆSON=EJSÆSON,2017-02-01,613.0
DST:FIKS22:BRANCHE07=O:BELØB=0:SÆSON=EJSÆSON,2017-03-01,739.0
DST:FIKS22:BRANCHE07=O:BELØB=0:SÆSON=EJSÆSON,2017-04-01,215.0
DST:FIKS22:BRANCHE07=O:BELØB=0:SÆSON=EJSÆSON,2017-05-01,822.0
DST:FIKS22:BRANCHE07=O:BELØB=0:SÆSON=EJSÆSON,2017-06-01,332.0
DST:FIKS22:BRANCHE07=O:BELØB=0:SÆSON=EJSÆSON,2017-07-01,421.0
DST:FIKS22:BRANCHE07=O:BELØB=0:SÆSON=EJSÆSON,2017-08-01,713.0
DST:FIKS22:BRANCHE07=O:BELØB=0:SÆSON=EJSÆSON,2017-09-01,627.0
DST:FIKS22:BRANCHE07=O:BELØB=0:SÆSON=EJSÆSON,2017-10-01,244.0
DST:FIKS22:BRANCHE07=O:BELØB=0:SÆSON=EJSÆSON,2017-11-01,482.0
DST:FIKS22:BRANCHE07=O:BELØB=0:SÆSON=EJSÆSON,2017-12-01,1605.0
DST:FIKS22:BRANCHE07=O:BELØB=0:SÆSON=EJSÆSON,2018-01-01,667.0
DST:FIKS22:BRANCHE07=O:BELØB=0:SÆSON=EJSÆSON,2018-02-01,522.0
DST:FIKS22:BRANCHE07=O:BELØB=0:SÆSON=EJSÆSON,2018-03-01,766.0
DST:FIKS22:BRANCHE07=O:BELØB=0:SÆSON=EJSÆSON,2018-04-01,548.0
DST:FIKS22:BRANCHE07=O:BELØB=0:SÆSON=EJSÆSON,2018-05-01,502.0
DST:FIKS22:BRANCHE07=O:BELØB=0:SÆSON=EJSÆSON,2018-06-01,598.0
DST:FIKS22:BRANCHE07=O:BELØB=0:SÆSON=EJSÆSON,2018-07-01,439.0
DST:FIKS22:BRANCHE07=O:BELØB=0:SÆSON=EJSÆSON,2018-08-01,613.0
DST:FIKS22:BRANCHE07=O:BELØB=0:SÆSON=EJSÆSON,2018-09-01,421.0
DST:FIKS22:BRANCHE07=O:BELØB=0:SÆSON=EJSÆSON,2018-10-01,409.0
DST:FIKS22:BRANCHE07=O:BELØB=0:SÆSON=EJSÆSON,2018-11-01,715.0
DST:FIKS22:BRANCHE07=O:BELØB=0:SÆSON=EJSÆSON,2018-12-01,1073.0
DST:FIKS22:BRANCHE07=O:BELØB=0:SÆSON=EJSÆSON,2019-01-01,506.0
DST:FIKS22:BRANCHE07=O:BELØB=0:SÆSON=EJSÆSON,2019-02-01,431.0
DST:FIKS22:BRANCHE07=O:BELØB=0:SÆSON=EJSÆSON,2019-03-01,637.0
DST:FIKS22:BRANCHE07=O:BELØB=0:SÆSON=EJSÆSON,2019-04-01,449.0
DST:FIKS22:BRANCHE07=O:BELØB=0:SÆSON=EJSÆSON,2019-05-01,554.0
DST:FIKS22:BRANCHE07=O:BELØB=0:SÆSON=EJSÆSON,2019-06-01,589.0
DST:FIKS22:BRANCHE07=O:BELØB=0:SÆSON=EJSÆSON,2019-07-01,734.0
DST:FIKS22:BRANCHE07=O:BELØB=0:SÆSON=EJSÆSON,2019-08-01,593.0
DST:FIKS22:BRANCHE07=O:BELØB=0:SÆSON=EJSÆSON,2019-09-01,418.0
DST:FIKS22:BRANCHE07=O:BELØB=0:SÆSON=EJSÆSON,2019-10-01,571.0
DST:FIKS22:BRANCHE07=O:BELØB=0:SÆSON=EJSÆSON,2019-11-01,648.0
DST:FIKS22:BRANCHE07=O:BELØB=0:SÆSON=EJSÆSON,2019-12-01,868.0
DST:FIKS22:BRANCHE07=O:BELØB=0:SÆSON=EJSÆSON,2020-01-01,742.0
DST:FIKS22:BRANCHE07=O:BELØB=0:SÆSON=EJSÆSON,2020-02-01,400.0
DST:FIKS22:BRANCHE07=O:BELØB=0:SÆSON=EJSÆSON,2020-03-01,741.0
DST:FIKS22:BRANCHE07=O:BELØB=0:SÆSON=EJSÆSON,2020-04-01,378.0
DST:FIKS22:BRANCHE07=O:BELØB=0:SÆSON=EJSÆSON,2020-05-01,409.0
DST:FIKS22:BRANCHE07=O:BELØB=0:SÆSON=EJSÆSON,2020-06-01,706.0
DST:FIKS22:BRANCHE07=O:BELØB=0:SÆSON=EJSÆSON,2020-07-01,267.0
DST:FIKS22:BRANCHE07=O:BELØB=0:SÆSON=EJSÆSON,2020-08-01,338.0
DST:FIKS22:BRANCHE07=O:BELØB=0:SÆSON=EJSÆSON,2020-09-01,233.0
DST:FIKS22:BRANCHE07=O:BELØB=0:SÆSON=EJSÆSON,2020-10-01,-908.0
DST:FIKS22:BRANCHE07=O:BELØB=0:SÆSON=EJSÆSON,2020-11-01,628.0
DST:FIKS22:BRANCHE07=O:BELØB=0:SÆSON=EJSÆSON,2020-12-01,630.0
DST:FIKS22:BRANCHE07=O:BELØB=0:SÆSON=EJSÆSON,2021-01-01,259.0
DST:FIKS22:BRANCHE07=O:BELØB=0:SÆSON=EJSÆSON,2021-02-01,200.0
DST:FIKS22:BRANCHE07=O:BELØB=0:SÆSON=EJSÆSON,2021-03-01,316.0
DST:FIKS22:BRANCHE07=O:BELØB=0:SÆSON=EJSÆSON,2021-04-01,108.0
DST:FIKS22:BRANCHE07=O:BELØB=0:SÆSON=EJSÆSON,2021-05-01,349.0
DST:FIKS22:BRANCHE07=O:BELØB=0:SÆSON=EJSÆSON,2021-06-01,428.0
DST:FIKS22:BRANCHE07=O:BELØB=0:SÆSON=EJSÆSON,2021-07-01,430.0
DST:FIKS22:BRANCHE07=O:BELØB=0:SÆSON=EJSÆSON,2021-08-01,355.0
DST:FIKS22:BRANCHE07=O:BELØB=0:SÆSON=EJSÆSON,2021-09-01,664.0
DST:FIKS22:BRANCHE07=O:BELØB=0:SÆSON=EJSÆSON,2021-10-01,555.0
DST:FIKS22:BRANCHE07=O:BELØB=0:SÆSON=EJSÆSON,2021-11-01,420.0
DST:FIKS22:BRANCHE07=O:BELØB=0:SÆSON=EJSÆSON,2021-12-01,895.0
DST:FIKS22:BRANCHE07=O:BELØB=0:SÆSON=EJSÆSON,2022-01-01,-18.0
DST:FIKS22:BRANCHE07=O:BELØB=0:SÆSON=EJSÆSON,2022-02-01,114.0
DST:FIKS22:BRANCHE07=O:BELØB=0:SÆSON=EJSÆSON,2022-03-01,267.0
DST:FIKS22:BRANCHE07=O:BELØB=0:SÆSON=EJSÆSON,2022-04-01,415.0
DST:FIKS22:BRANCHE07=O:BELØB=0:SÆSON=EJSÆSON,2022-05-01,-34.0
DST:FIKS22:BRANCHE07=O:BELØB=0:SÆSON=EJSÆSON,2022-06-01,-22.0
DST:FIKS22:BRANCHE07=O:BELØB=0:SÆSON=EJSÆSON,2022-07-01,-21.0
DST:FIKS22:BRANCHE07=O:BELØB=0:SÆSON=EJSÆSON,2022-08-01,312.0
DST:FIKS22:BRANCHE07=O:BELØB=0:SÆSON=EJSÆSON,2022-09-01,404.0
DST:FIKS22:BRANCHE07=O:BELØB=0:SÆSON=EJSÆSON,2022-10-01,387.0
DST:FIKS22:BRANCHE07=O:BELØB=0:SÆSON=EJSÆSON,2022-11-01,301.0
DST:FIKS22:BRANCHE07=O:BELØB=0:SÆSON=EJSÆSON,2022-12-01,-200.0
DST:FIKS22:BRANCHE07=O:BELØB=0:SÆSON=EJSÆSON,2023-01-01,18.0
DST:FIKS22:BRANCHE07=O:BELØB=0:SÆSON=EJSÆSON,2023-02-01,286.0
DST:FIKS22:BRANCHE07=O:BELØB=0:SÆSON=EJSÆSON,2023-03-01,80.0
DST:FIKS22:BRANCHE07=O:BELØB=0:SÆSON=EJSÆSON,2023-04-01,-183.0
DST:FIKS22:BRANCHE07=O:BELØB=0:SÆSON=EJSÆSON,2023-05-01,308.0
DST:FIKS22:BRANCHE07=O:BELØB=0:SÆSON=EJSÆSON,2023-06-01,233.0
DST:FIKS22:BRANCHE07=O:BELØB=0:SÆSON=EJSÆSON,2023-07-01,317.0
DST:FIKS22:BRANCHE07=O:BELØB=0:SÆSON=EJSÆSON,2023-08-01,146.0
DST:FIKS22:BRANCHE07=O:BELØB=0:SÆSON=EJSÆSON,2023-09-01,193.0
DST:FIKS22:BRANCHE07=O:BELØB=0:SÆSON=EJSÆSON,2023-10-01,415.0
DST:FIKS22:BRANCHE07=O:BELØB=0:SÆSON=EJSÆSON,2023-11-01,-1366.0
DST:FIKS22:BRANCHE07=O:BELØB=0:SÆSON=EJSÆSON,2023-12-01,2394.0
DST:FIKS22:BRANCHE07=O:BELØB=0:SÆSON=EJSÆSON,2024-01-01,231.0
DST:FIKS22:BRANCHE07=O:BELØB=0:SÆSON=EJSÆSON,2024-02-01,529.0
DST:FIKS22:BRANCHE07=O:BELØB=0:SÆSON=EJSÆSON,2024-03-01,-21.0
DST:FIKS22:BRANCHE07=O:BELØB=0:SÆSON=EJSÆSON,2024-04-01,385.0
DST:FIKS22:BRANCHE07=O:BELØB=0:SÆSON=EJSÆSON,2024-05-01,-341.0
DST:FIKS22:BRANCHE07=O:BELØB=0:SÆSON=EJSÆSON,2024-06-01,112.0
DST:FIKS22:BRANCHE07=O:BELØB=0:SÆSON=EJSÆSON,2024-07-01,-24.0
DST:FIKS22:BRANCHE07=O:BELØB=0:SÆSON=EJSÆSON,2024-08-01,190.0
DST:FIKS22:BRANCHE07=O:BELØB=0:SÆSON=EJSÆSON,2024-09-01,10.0
DST:FIKS22:BRANCHE07=O:BELØB=0:SÆSON=EJSÆSON,2024-10-01,343.0
DST:FIKS22:BRANCHE07=O:BELØB=0:SÆSON=EJSÆSON,2024-11-01,595.0
DST:FIKS22:BRANCHE07=O:BELØB=0:SÆSON=EJSÆSON,2024-12-01,425.0
DST:FIKS22:BRANCHE07=O:BELØB=0:SÆSON=EJSÆSON,2025-01-01,-120.0
DST:FIKS22:BRANCHE07=O:BELØB=0:SÆSON=EJSÆSON,2025-02-01,426.0
DST:FIKS22:BRANCHE07=O:BELØB=0:SÆSON=EJSÆSON,2025-03-01,252.0
DST:FIKS22:BRANCHE07=O:BELØB=0:SÆSON=EJSÆSON,2025-04-01,243.0
DST:FIKS22:BRANCHE07=O:BELØB=0:SÆSON=EJSÆSON,2025-05-01,114.0
DST:FIKS22:BRANCHE07=O:BELØB=0:SÆSON=EJSÆSON,2025-06-01,458.0
DST:FIKS22:BRANCHE07=O:BELØB=0:SÆSON=EJSÆSON,2025-07-01,3.0
DST:FIKS22:BRANCHE07=O:BELØB=0:SÆSON=EJSÆSON,2025-08-01,219.0
DST:FIKS22:BRANCHE07=O:BELØB=0:SÆSON=EJSÆSON,2025-09-01,-91.0
DST:FIKS22:BRANCHE07=O:BELØB=0:SÆSON=EJSÆSON,2025-10-01,111.0
DST:FIKS22:BRANCHE07=O:BELØB=0:SÆSON=EJSÆSON,2025-11-01,355.0
DST:FIKS22:BRANCHE07=O:BELØB=0:SÆSON=EJSÆSON,2025-12-01,385.0
DST:FIKS22:BRANCHE07=O:BELØB=0:SÆSON=EJSÆSON,2026-01-01,-176.0
DST:FIKS22:BRANCHE07=O:BELØB=0:SÆSON=EJSÆSON,2026-02-01,487.0
DST:FIKS22:BRANCHE07=O:BELØB=0:SÆSON=EJSÆSON,2026-03-01,241.0
DST:FIKS22:BRANCHE07=O:BELØB=0:SÆSON=SÆSON,2009-01-01,1598.0
DST:FIKS22:BRANCHE07=O:BELØB=0:SÆSON=SÆSON,2009-02-01,1251.0
DST:FIKS22:BRANCHE07=O:BELØB=0:SÆSON=SÆSON,2009-03-01,1407.0
DST:FIKS22:BRANCHE07=O:BELØB=0:SÆSON=SÆSON,2009-04-01,1202.0
DST:FIKS22:BRANCHE07=O:BELØB=0:SÆSON=SÆSON,2009-05-01,1171.0
DST:FIKS22:BRANCHE07=O:BELØB=0:SÆSON=SÆSON,2009-06-01,1067.0
DST:FIKS22:BRANCHE07=O:BELØB=0:SÆSON=SÆSON,2009-07-01,1103.0
DST:FIKS22:BRANCHE07=O:BELØB=0:SÆSON=SÆSON,2009-08-01,1017.0
DST:FIKS22:BRANCHE07=O:BELØB=0:SÆSON=SÆSON,2009-09-01,1019.0
DST:FIKS22:BRANCHE07=O:BELØB=0:SÆSON=SÆSON,2009-10-01,1092.0
DST:FIKS22:BRANCHE07=O:BELØB=0:SÆSON=SÆSON,2009-11-01,1058.0
DST:FIKS22:BRANCHE07=O:BELØB=0:SÆSON=SÆSON,2009-12-01,1218.0
DST:FIKS22:BRANCHE07=O:BELØB=0:SÆSON=SÆSON,2010-01-01,735.0
DST:FIKS22:BRANCHE07=O:BELØB=0:SÆSON=SÆSON,2010-02-01,919.0
DST:FIKS22:BRANCHE07=O:BELØB=0:SÆSON=SÆSON,2010-03-01,840.0
DST:FIKS22:BRANCHE07=O:BELØB=0:SÆSON=SÆSON,2010-04-01,697.0
DST:FIKS22:BRANCHE07=O:BELØB=0:SÆSON=SÆSON,2010-05-01,922.0
DST:FIKS22:BRANCHE07=O:BELØB=0:SÆSON=SÆSON,2010-06-01,602.0
DST:FIKS22:BRANCHE07=O:BELØB=0:SÆSON=SÆSON,2010-07-01,678.0
DST:FIKS22:BRANCHE07=O:BELØB=0:SÆSON=SÆSON,2010-08-01,721.0
DST:FIKS22:BRANCHE07=O:BELØB=0:SÆSON=SÆSON,2010-09-01,613.0
DST:FIKS22:BRANCHE07=O:BELØB=0:SÆSON=SÆSON,2010-10-01,616.0
DST:FIKS22:BRANCHE07=O:BELØB=0:SÆSON=SÆSON,2010-11-01,722.0
DST:FIKS22:BRANCHE07=O:BELØB=0:SÆSON=SÆSON,2010-12-01,736.0
DST:FIKS22:BRANCHE07=O:BELØB=0:SÆSON=SÆSON,2011-01-01,801.0
DST:FIKS22:BRANCHE07=O:BELØB=0:SÆSON=SÆSON,2011-02-01,806.0
DST:FIKS22:BRANCHE07=O:BELØB=0:SÆSON=SÆSON,2011-03-01,677.0
DST:FIKS22:BRANCHE07=O:BELØB=0:SÆSON=SÆSON,2011-04-01,660.0
DST:FIKS22:BRANCHE07=O:BELØB=0:SÆSON=SÆSON,2011-05-01,715.0
DST:FIKS22:BRANCHE07=O:BELØB=0:SÆSON=SÆSON,2011-06-01,831.0
DST:FIKS22:BRANCHE07=O:BELØB=0:SÆSON=SÆSON,2011-07-01,728.0
DST:FIKS22:BRANCHE07=O:BELØB=0:SÆSON=SÆSON,2011-08-01,756.0
DST:FIKS22:BRANCHE07=O:BELØB=0:SÆSON=SÆSON,2011-09-01,801.0
DST:FIKS22:BRANCHE07=O:BELØB=0:SÆSON=SÆSON,2011-10-01,783.0
DST:FIKS22:BRANCHE07=O:BELØB=0:SÆSON=SÆSON,2011-11-01,657.0
DST:FIKS22:BRANCHE07=O:BELØB=0:SÆSON=SÆSON,2011-12-01,498.0
DST:FIKS22:BRANCHE07=O:BELØB=0:SÆSON=SÆSON,2012-01-01,1004.0
DST:FIKS22:BRANCHE07=O:BELØB=0:SÆSON=SÆSON,2012-02-01,641.0
DST:FIKS22:BRANCHE07=O:BELØB=0:SÆSON=SÆSON,2012-03-01,714.0
DST:FIKS22:BRANCHE07=O:BELØB=0:SÆSON=SÆSON,2012-04-01,885.0
DST:FIKS22:BRANCHE07=O:BELØB=0:SÆSON=SÆSON,2012-05-01,774.0
DST:FIKS22:BRANCHE07=O:BELØB=0:SÆSON=SÆSON,2012-06-01,918.0
DST:FIKS22:BRANCHE07=O:BELØB=0:SÆSON=SÆSON,2012-07-01,906.0
DST:FIKS22:BRANCHE07=O:BELØB=0:SÆSON=SÆSON,2012-08-01,853.0
DST:FIKS22:BRANCHE07=O:BELØB=0:SÆSON=SÆSON,2012-09-01,944.0
DST:FIKS22:BRANCHE07=O:BELØB=0:SÆSON=SÆSON,2012-10-01,810.0
DST:FIKS22:BRANCHE07=O:BELØB=0:SÆSON=SÆSON,2012-11-01,970.0
DST:FIKS22:BRANCHE07=O:BELØB=0:SÆSON=SÆSON,2012-12-01,883.0
DST:FIKS22:BRANCHE07=O:BELØB=0:SÆSON=SÆSON,2013-01-01,654.0
DST:FIKS22:BRANCHE07=O:BELØB=0:SÆSON=SÆSON,2013-02-01,818.0
DST:FIKS22:BRANCHE07=O:BELØB=0:SÆSON=SÆSON,2013-03-01,898.0
DST:FIKS22:BRANCHE07=O:BELØB=0:SÆSON=SÆSON,2013-04-01,1012.0
DST:FIKS22:BRANCHE07=O:BELØB=0:SÆSON=SÆSON,2013-05-01,867.0
DST:FIKS22:BRANCHE07=O:BELØB=0:SÆSON=SÆSON,2013-06-01,917.0
DST:FIKS22:BRANCHE07=O:BELØB=0:SÆSON=SÆSON,2013-07-01,847.0
DST:FIKS22:BRANCHE07=O:BELØB=0:SÆSON=SÆSON,2013-08-01,780.0
DST:FIKS22:BRANCHE07=O:BELØB=0:SÆSON=SÆSON,2013-09-01,783.0
DST:FIKS22:BRANCHE07=O:BELØB=0:SÆSON=SÆSON,2013-10-01,770.0
DST:FIKS22:BRANCHE07=O:BELØB=0:SÆSON=SÆSON,2013-11-01,656.0
DST:FIKS22:BRANCHE07=O:BELØB=0:SÆSON=SÆSON,2013-12-01,697.0
DST:FIKS22:BRANCHE07=O:BELØB=0:SÆSON=SÆSON,2014-01-01,336.0
DST:FIKS22:BRANCHE07=O:BELØB=0:SÆSON=SÆSON,2014-02-01,891.0
DST:FIKS22:BRANCHE07=O:BELØB=0:SÆSON=SÆSON,2014-03-01,832.0
DST:FIKS22:BRANCHE07=O:BELØB=0:SÆSON=SÆSON,2014-04-01,700.0
DST:FIKS22:BRANCHE07=O:BELØB=0:SÆSON=SÆSON,2014-05-01,770.0
DST:FIKS22:BRANCHE07=O:BELØB=0:SÆSON=SÆSON,2014-06-01,651.0
DST:FIKS22:BRANCHE07=O:BELØB=0:SÆSON=SÆSON,2014-07-01,734.0
DST:FIKS22:BRANCHE07=O:BELØB=0:SÆSON=SÆSON,2014-08-01,709.0
DST:FIKS22:BRANCHE07=O:BELØB=0:SÆSON=SÆSON,2014-09-01,686.0
DST:FIKS22:BRANCHE07=O:BELØB=0:SÆSON=SÆSON,2014-10-01,738.0
DST:FIKS22:BRANCHE07=O:BELØB=0:SÆSON=SÆSON,2014-11-01,784.0
DST:FIKS22:BRANCHE07=O:BELØB=0:SÆSON=SÆSON,2014-12-01,774.0
DST:FIKS22:BRANCHE07=O:BELØB=0:SÆSON=SÆSON,2015-01-01,1111.0
DST:FIKS22:BRANCHE07=O:BELØB=0:SÆSON=SÆSON,2015-02-01,749.0
DST:FIKS22:BRANCHE07=O:BELØB=0:SÆSON=SÆSON,2015-03-01,819.0
DST:FIKS22:BRANCHE07=O:BELØB=0:SÆSON=SÆSON,2015-04-01,832.0
DST:FIKS22:BRANCHE07=O:BELØB=0:SÆSON=SÆSON,2015-05-01,824.0
DST:FIKS22:BRANCHE07=O:BELØB=0:SÆSON=SÆSON,2015-06-01,804.0
DST:FIKS22:BRANCHE07=O:BELØB=0:SÆSON=SÆSON,2015-07-01,748.0
DST:FIKS22:BRANCHE07=O:BELØB=0:SÆSON=SÆSON,2015-08-01,701.0
DST:FIKS22:BRANCHE07=O:BELØB=0:SÆSON=SÆSON,2015-09-01,751.0
DST:FIKS22:BRANCHE07=O:BELØB=0:SÆSON=SÆSON,2015-10-01,855.0
DST:FIKS22:BRANCHE07=O:BELØB=0:SÆSON=SÆSON,2015-11-01,635.0
DST:FIKS22:BRANCHE07=O:BELØB=0:SÆSON=SÆSON,2015-12-01,2718.0
DST:FIKS22:BRANCHE07=O:BELØB=0:SÆSON=SÆSON,2016-01-01,591.0
DST:FIKS22:BRANCHE07=O:BELØB=0:SÆSON=SÆSON,2016-02-01,851.0
DST:FIKS22:BRANCHE07=O:BELØB=0:SÆSON=SÆSON,2016-03-01,562.0
DST:FIKS22:BRANCHE07=O:BELØB=0:SÆSON=SÆSON,2016-04-01,762.0
DST:FIKS22:BRANCHE07=O:BELØB=0:SÆSON=SÆSON,2016-05-01,680.0
DST:FIKS22:BRANCHE07=O:BELØB=0:SÆSON=SÆSON,2016-06-01,-107.0
DST:FIKS22:BRANCHE07=O:BELØB=0:SÆSON=SÆSON,2016-07-01,562.0
DST:FIKS22:BRANCHE07=O:BELØB=0:SÆSON=SÆSON,2016-08-01,718.0
DST:FIKS22:BRANCHE07=O:BELØB=0:SÆSON=SÆSON,2016-09-01,623.0
DST:FIKS22:BRANCHE07=O:BELØB=0:SÆSON=SÆSON,2016-10-01,1036.0
DST:FIKS22:BRANCHE07=O:BELØB=0:SÆSON=SÆSON,2016-11-01,771.0
DST:FIKS22:BRANCHE07=O:BELØB=0:SÆSON=SÆSON,2016-12-01,634.0
DST:FIKS22:BRANCHE07=O:BELØB=0:SÆSON=SÆSON,2017-01-01,605.0
DST:FIKS22:BRANCHE07=O:BELØB=0:SÆSON=SÆSON,2017-02-01,653.0
DST:FIKS22:BRANCHE07=O:BELØB=0:SÆSON=SÆSON,2017-03-01,638.0
DST:FIKS22:BRANCHE07=O:BELØB=0:SÆSON=SÆSON,2017-04-01,210.0
DST:FIKS22:BRANCHE07=O:BELØB=0:SÆSON=SÆSON,2017-05-01,822.0
DST:FIKS22:BRANCHE07=O:BELØB=0:SÆSON=SÆSON,2017-06-01,318.0
DST:FIKS22:BRANCHE07=O:BELØB=0:SÆSON=SÆSON,2017-07-01,658.0
DST:FIKS22:BRANCHE07=O:BELØB=0:SÆSON=SÆSON,2017-08-01,740.0
DST:FIKS22:BRANCHE07=O:BELØB=0:SÆSON=SÆSON,2017-09-01,759.0
DST:FIKS22:BRANCHE07=O:BELØB=0:SÆSON=SÆSON,2017-10-01,237.0
DST:FIKS22:BRANCHE07=O:BELØB=0:SÆSON=SÆSON,2017-11-01,456.0
DST:FIKS22:BRANCHE07=O:BELØB=0:SÆSON=SÆSON,2017-12-01,1185.0
DST:FIKS22:BRANCHE07=O:BELØB=0:SÆSON=SÆSON,2018-01-01,745.0
DST:FIKS22:BRANCHE07=O:BELØB=0:SÆSON=SÆSON,2018-02-01,596.0
DST:FIKS22:BRANCHE07=O:BELØB=0:SÆSON=SÆSON,2018-03-01,675.0
DST:FIKS22:BRANCHE07=O:BELØB=0:SÆSON=SÆSON,2018-04-01,604.0
DST:FIKS22:BRANCHE07=O:BELØB=0:SÆSON=SÆSON,2018-05-01,526.0
DST:FIKS22:BRANCHE07=O:BELØB=0:SÆSON=SÆSON,2018-06-01,585.0
DST:FIKS22:BRANCHE07=O:BELØB=0:SÆSON=SÆSON,2018-07-01,628.0
DST:FIKS22:BRANCHE07=O:BELØB=0:SÆSON=SÆSON,2018-08-01,623.0
DST:FIKS22:BRANCHE07=O:BELØB=0:SÆSON=SÆSON,2018-09-01,536.0
DST:FIKS22:BRANCHE07=O:BELØB=0:SÆSON=SÆSON,2018-10-01,399.0
DST:FIKS22:BRANCHE07=O:BELØB=0:SÆSON=SÆSON,2018-11-01,652.0
DST:FIKS22:BRANCHE07=O:BELØB=0:SÆSON=SÆSON,2018-12-01,660.0
DST:FIKS22:BRANCHE07=O:BELØB=0:SÆSON=SÆSON,2019-01-01,579.0
DST:FIKS22:BRANCHE07=O:BELØB=0:SÆSON=SÆSON,2019-02-01,533.0
DST:FIKS22:BRANCHE07=O:BELØB=0:SÆSON=SÆSON,2019-03-01,545.0
DST:FIKS22:BRANCHE07=O:BELØB=0:SÆSON=SÆSON,2019-04-01,559.0
DST:FIKS22:BRANCHE07=O:BELØB=0:SÆSON=SÆSON,2019-05-01,611.0
DST:FIKS22:BRANCHE07=O:BELØB=0:SÆSON=SÆSON,2019-06-01,586.0
DST:FIKS22:BRANCHE07=O:BELØB=0:SÆSON=SÆSON,2019-07-01,885.0
DST:FIKS22:BRANCHE07=O:BELØB=0:SÆSON=SÆSON,2019-08-01,594.0
DST:FIKS22:BRANCHE07=O:BELØB=0:SÆSON=SÆSON,2019-09-01,503.0
DST:FIKS22:BRANCHE07=O:BELØB=0:SÆSON=SÆSON,2019-10-01,542.0
DST:FIKS22:BRANCHE07=O:BELØB=0:SÆSON=SÆSON,2019-11-01,544.0
DST:FIKS22:BRANCHE07=O:BELØB=0:SÆSON=SÆSON,2019-12-01,458.0
DST:FIKS22:BRANCHE07=O:BELØB=0:SÆSON=SÆSON,2020-01-01,833.0
DST:FIKS22:BRANCHE07=O:BELØB=0:SÆSON=SÆSON,2020-02-01,516.0
DST:FIKS22:BRANCHE07=O:BELØB=0:SÆSON=SÆSON,2020-03-01,673.0
DST:FIKS22:BRANCHE07=O:BELØB=0:SÆSON=SÆSON,2020-04-01,531.0
DST:FIKS22:BRANCHE07=O:BELØB=0:SÆSON=SÆSON,2020-05-01,480.0
DST:FIKS22:BRANCHE07=O:BELØB=0:SÆSON=SÆSON,2020-06-01,716.0
DST:FIKS22:BRANCHE07=O:BELØB=0:SÆSON=SÆSON,2020-07-01,376.0
DST:FIKS22:BRANCHE07=O:BELØB=0:SÆSON=SÆSON,2020-08-01,348.0
DST:FIKS22:BRANCHE07=O:BELØB=0:SÆSON=SÆSON,2020-09-01,284.0
DST:FIKS22:BRANCHE07=O:BELØB=0:SÆSON=SÆSON,2020-10-01,-974.0
DST:FIKS22:BRANCHE07=O:BELØB=0:SÆSON=SÆSON,2020-11-01,516.0
DST:FIKS22:BRANCHE07=O:BELØB=0:SÆSON=SÆSON,2020-12-01,227.0
DST:FIKS22:BRANCHE07=O:BELØB=0:SÆSON=SÆSON,2021-01-01,377.0
DST:FIKS22:BRANCHE07=O:BELØB=0:SÆSON=SÆSON,2021-02-01,283.0
DST:FIKS22:BRANCHE07=O:BELØB=0:SÆSON=SÆSON,2021-03-01,288.0
DST:FIKS22:BRANCHE07=O:BELØB=0:SÆSON=SÆSON,2021-04-01,273.0
DST:FIKS22:BRANCHE07=O:BELØB=0:SÆSON=SÆSON,2021-05-01,434.0
DST:FIKS22:BRANCHE07=O:BELØB=0:SÆSON=SÆSON,2021-06-01,455.0
DST:FIKS22:BRANCHE07=O:BELØB=0:SÆSON=SÆSON,2021-07-01,529.0
DST:FIKS22:BRANCHE07=O:BELØB=0:SÆSON=SÆSON,2021-08-01,370.0
DST:FIKS22:BRANCHE07=O:BELØB=0:SÆSON=SÆSON,2021-09-01,699.0
DST:FIKS22:BRANCHE07=O:BELØB=0:SÆSON=SÆSON,2021-10-01,448.0
DST:FIKS22:BRANCHE07=O:BELØB=0:SÆSON=SÆSON,2021-11-01,282.0
DST:FIKS22:BRANCHE07=O:BELØB=0:SÆSON=SÆSON,2021-12-01,516.0
DST:FIKS22:BRANCHE07=O:BELØB=0:SÆSON=SÆSON,2022-01-01,141.0
DST:FIKS22:BRANCHE07=O:BELØB=0:SÆSON=SÆSON,2022-02-01,139.0
DST:FIKS22:BRANCHE07=O:BELØB=0:SÆSON=SÆSON,2022-03-01,292.0
DST:FIKS22:BRANCHE07=O:BELØB=0:SÆSON=SÆSON,2022-04-01,578.0
DST:FIKS22:BRANCHE07=O:BELØB=0:SÆSON=SÆSON,2022-05-01,51.0
DST:FIKS22:BRANCHE07=O:BELØB=0:SÆSON=SÆSON,2022-06-01,3.0
DST:FIKS22:BRANCHE07=O:BELØB=0:SÆSON=SÆSON,2022-07-01,74.0
DST:FIKS22:BRANCHE07=O:BELØB=0:SÆSON=SÆSON,2022-08-01,331.0
DST:FIKS22:BRANCHE07=O:BELØB=0:SÆSON=SÆSON,2022-09-01,444.0
DST:FIKS22:BRANCHE07=O:BELØB=0:SÆSON=SÆSON,2022-10-01,264.0
DST:FIKS22:BRANCHE07=O:BELØB=0:SÆSON=SÆSON,2022-11-01,158.0
DST:FIKS22:BRANCHE07=O:BELØB=0:SÆSON=SÆSON,2022-12-01,-555.0
DST:FIKS22:BRANCHE07=O:BELØB=0:SÆSON=SÆSON,2023-01-01,216.0
DST:FIKS22:BRANCHE07=O:BELØB=0:SÆSON=SÆSON,2023-02-01,230.0
DST:FIKS22:BRANCHE07=O:BELØB=0:SÆSON=SÆSON,2023-03-01,128.0
DST:FIKS22:BRANCHE07=O:BELØB=0:SÆSON=SÆSON,2023-04-01,-47.0
DST:FIKS22:BRANCHE07=O:BELØB=0:SÆSON=SÆSON,2023-05-01,408.0
DST:FIKS22:BRANCHE07=O:BELØB=0:SÆSON=SÆSON,2023-06-01,255.0
DST:FIKS22:BRANCHE07=O:BELØB=0:SÆSON=SÆSON,2023-07-01,431.0
DST:FIKS22:BRANCHE07=O:BELØB=0:SÆSON=SÆSON,2023-08-01,154.0
DST:FIKS22:BRANCHE07=O:BELØB=0:SÆSON=SÆSON,2023-09-01,254.0
DST:FIKS22:BRANCHE07=O:BELØB=0:SÆSON=SÆSON,2023-10-01,299.0
DST:FIKS22:BRANCHE07=O:BELØB=0:SÆSON=SÆSON,2023-11-01,-1526.0
DST:FIKS22:BRANCHE07=O:BELØB=0:SÆSON=SÆSON,2023-12-01,2067.0
DST:FIKS22:BRANCHE07=O:BELØB=0:SÆSON=SÆSON,2024-01-01,465.0
DST:FIKS22:BRANCHE07=O:BELØB=0:SÆSON=SÆSON,2024-02-01,405.0
DST:FIKS22:BRANCHE07=O:BELØB=0:SÆSON=SÆSON,2024-03-01,38.0
DST:FIKS22:BRANCHE07=O:BELØB=0:SÆSON=SÆSON,2024-04-01,492.0
DST:FIKS22:BRANCHE07=O:BELØB=0:SÆSON=SÆSON,2024-05-01,-241.0
DST:FIKS22:BRANCHE07=O:BELØB=0:SÆSON=SÆSON,2024-06-01,110.0
DST:FIKS22:BRANCHE07=O:BELØB=0:SÆSON=SÆSON,2024-07-01,98.0
DST:FIKS22:BRANCHE07=O:BELØB=0:SÆSON=SÆSON,2024-08-01,199.0
DST:FIKS22:BRANCHE07=O:BELØB=0:SÆSON=SÆSON,2024-09-01,115.0
DST:FIKS22:BRANCHE07=O:BELØB=0:SÆSON=SÆSON,2024-10-01,253.0
DST:FIKS22:BRANCHE07=O:BELØB=0:SÆSON=SÆSON,2024-11-01,425.0
DST:FIKS22:BRANCHE07=O:BELØB=0:SÆSON=SÆSON,2024-12-01,126.0
DST:FIKS22:BRANCHE07=O:BELØB=0:SÆSON=SÆSON,2025-01-01,126.0
DST:FIKS22:BRANCHE07=O:BELØB=0:SÆSON=SÆSON,2025-02-01,238.0
DST:FIKS22:BRANCHE07=O:BELØB=0:SÆSON=SÆSON,2025-03-01,297.0
DST:FIKS22:BRANCHE07=O:BELØB=0:SÆSON=SÆSON,2025-04-01,324.0
DST:FIKS22:BRANCHE07=O:BELØB=0:SÆSON=SÆSON,2025-05-01,225.0
DST:FIKS22:BRANCHE07=O:BELØB=0:SÆSON=SÆSON,2025-06-01,439.0
DST:FIKS22:BRANCHE07=O:BELØB=0:SÆSON=SÆSON,2025-07-01,145.0
DST:FIKS22:BRANCHE07=O:BELØB=0:SÆSON=SÆSON,2025-08-01,229.0
DST:FIKS22:BRANCHE07=O:BELØB=0:SÆSON=SÆSON,2025-09-01,53.0
DST:FIKS22:BRANCHE07=O:BELØB=0:SÆSON=SÆSON,2025-10-01,39.0
DST:FIKS22:BRANCHE07=O:BELØB=0:SÆSON=SÆSON,2025-11-01,164.0
DST:FIKS22:BRANCHE07=O:BELØB=0:SÆSON=SÆSON,2025-12-01,112.0
DST:FIKS22:BRANCHE07=O:BELØB=0:SÆSON=SÆSON,2026-01-01,76.0
DST:FIKS22:BRANCHE07=O:BELØB=0:SÆSON=SÆSON,2026-02-01,272.0
DST:FIKS22:BRANCHE07=O:BELØB=0:SÆSON=SÆSON,2026-03-01,268.0
DST:FIKS22:BRANCHE07=O:BELØB=1:SÆSON=EJSÆSON,2009-01-01,2987.0
DST:FIKS22:BRANCHE07=O:BELØB=1:SÆSON=EJSÆSON,2009-02-01,2603.0
DST:FIKS22:BRANCHE07=O:BELØB=1:SÆSON=EJSÆSON,2009-03-01,2306.0
DST:FIKS22:BRANCHE07=O:BELØB=1:SÆSON=EJSÆSON,2009-04-01,2013.0
DST:FIKS22:BRANCHE07=O:BELØB=1:SÆSON=EJSÆSON,2009-05-01,1321.0
DST:FIKS22:BRANCHE07=O:BELØB=1:SÆSON=EJSÆSON,2009-06-01,1479.0
DST:FIKS22:BRANCHE07=O:BELØB=1:SÆSON=EJSÆSON,2009-07-01,1757.0
DST:FIKS22:BRANCHE07=O:BELØB=1:SÆSON=EJSÆSON,2009-08-01,1863.0
DST:FIKS22:BRANCHE07=O:BELØB=1:SÆSON=EJSÆSON,2009-09-01,1626.0
DST:FIKS22:BRANCHE07=O:BELØB=1:SÆSON=EJSÆSON,2009-10-01,1942.0
DST:FIKS22:BRANCHE07=O:BELØB=1:SÆSON=EJSÆSON,2009-11-01,990.0
DST:FIKS22:BRANCHE07=O:BELØB=1:SÆSON=EJSÆSON,2009-12-01,2017.0
DST:FIKS22:BRANCHE07=O:BELØB=1:SÆSON=EJSÆSON,2010-01-01,2491.0
DST:FIKS22:BRANCHE07=O:BELØB=1:SÆSON=EJSÆSON,2010-02-01,1737.0
DST:FIKS22:BRANCHE07=O:BELØB=1:SÆSON=EJSÆSON,2010-03-01,1176.0
DST:FIKS22:BRANCHE07=O:BELØB=1:SÆSON=EJSÆSON,2010-04-01,1270.0
DST:FIKS22:BRANCHE07=O:BELØB=1:SÆSON=EJSÆSON,2010-05-01,1203.0
DST:FIKS22:BRANCHE07=O:BELØB=1:SÆSON=EJSÆSON,2010-06-01,1152.0
DST:FIKS22:BRANCHE07=O:BELØB=1:SÆSON=EJSÆSON,2010-07-01,1402.0
DST:FIKS22:BRANCHE07=O:BELØB=1:SÆSON=EJSÆSON,2010-08-01,1447.0
DST:FIKS22:BRANCHE07=O:BELØB=1:SÆSON=EJSÆSON,2010-09-01,1493.0
DST:FIKS22:BRANCHE07=O:BELØB=1:SÆSON=EJSÆSON,2010-10-01,1178.0
DST:FIKS22:BRANCHE07=O:BELØB=1:SÆSON=EJSÆSON,2010-11-01,1096.0
DST:FIKS22:BRANCHE07=O:BELØB=1:SÆSON=EJSÆSON,2010-12-01,1723.0
DST:FIKS22:BRANCHE07=O:BELØB=1:SÆSON=EJSÆSON,2011-01-01,1880.0
DST:FIKS22:BRANCHE07=O:BELØB=1:SÆSON=EJSÆSON,2011-02-01,1423.0
DST:FIKS22:BRANCHE07=O:BELØB=1:SÆSON=EJSÆSON,2011-03-01,1307.0
DST:FIKS22:BRANCHE07=O:BELØB=1:SÆSON=EJSÆSON,2011-04-01,1076.0
DST:FIKS22:BRANCHE07=O:BELØB=1:SÆSON=EJSÆSON,2011-05-01,1012.0
DST:FIKS22:BRANCHE07=O:BELØB=1:SÆSON=EJSÆSON,2011-06-01,1028.0
DST:FIKS22:BRANCHE07=O:BELØB=1:SÆSON=EJSÆSON,2011-07-01,1440.0
DST:FIKS22:BRANCHE07=O:BELØB=1:SÆSON=EJSÆSON,2011-08-01,1776.0
DST:FIKS22:BRANCHE07=O:BELØB=1:SÆSON=EJSÆSON,2011-09-01,1291.0
DST:FIKS22:BRANCHE07=O:BELØB=1:SÆSON=EJSÆSON,2011-10-01,1114.0
DST:FIKS22:BRANCHE07=O:BELØB=1:SÆSON=EJSÆSON,2011-11-01,1086.0
DST:FIKS22:BRANCHE07=O:BELØB=1:SÆSON=EJSÆSON,2011-12-01,1463.0
DST:FIKS22:BRANCHE07=O:BELØB=1:SÆSON=EJSÆSON,2012-01-01,2117.0
DST:FIKS22:BRANCHE07=O:BELØB=1:SÆSON=EJSÆSON,2012-02-01,1647.0
DST:FIKS22:BRANCHE07=O:BELØB=1:SÆSON=EJSÆSON,2012-03-01,1226.0
DST:FIKS22:BRANCHE07=O:BELØB=1:SÆSON=EJSÆSON,2012-04-01,1234.0
DST:FIKS22:BRANCHE07=O:BELØB=1:SÆSON=EJSÆSON,2012-05-01,839.0
DST:FIKS22:BRANCHE07=O:BELØB=1:SÆSON=EJSÆSON,2012-06-01,1065.0
DST:FIKS22:BRANCHE07=O:BELØB=1:SÆSON=EJSÆSON,2012-07-01,1807.0
DST:FIKS22:BRANCHE07=O:BELØB=1:SÆSON=EJSÆSON,2012-08-01,1383.0
DST:FIKS22:BRANCHE07=O:BELØB=1:SÆSON=EJSÆSON,2012-09-01,984.0
DST:FIKS22:BRANCHE07=O:BELØB=1:SÆSON=EJSÆSON,2012-10-01,1026.0
DST:FIKS22:BRANCHE07=O:BELØB=1:SÆSON=EJSÆSON,2012-11-01,955.0
DST:FIKS22:BRANCHE07=O:BELØB=1:SÆSON=EJSÆSON,2012-12-01,1847.0
DST:FIKS22:BRANCHE07=O:BELØB=1:SÆSON=EJSÆSON,2013-01-01,1961.0
DST:FIKS22:BRANCHE07=O:BELØB=1:SÆSON=EJSÆSON,2013-02-01,1552.0
DST:FIKS22:BRANCHE07=O:BELØB=1:SÆSON=EJSÆSON,2013-03-01,1227.0
DST:FIKS22:BRANCHE07=O:BELØB=1:SÆSON=EJSÆSON,2013-04-01,1316.0
DST:FIKS22:BRANCHE07=O:BELØB=1:SÆSON=EJSÆSON,2013-05-01,1238.0
DST:FIKS22:BRANCHE07=O:BELØB=1:SÆSON=EJSÆSON,2013-06-01,1182.0
DST:FIKS22:BRANCHE07=O:BELØB=1:SÆSON=EJSÆSON,2013-07-01,1616.0
DST:FIKS22:BRANCHE07=O:BELØB=1:SÆSON=EJSÆSON,2013-08-01,1441.0
DST:FIKS22:BRANCHE07=O:BELØB=1:SÆSON=EJSÆSON,2013-09-01,1018.0
DST:FIKS22:BRANCHE07=O:BELØB=1:SÆSON=EJSÆSON,2013-10-01,1277.0
DST:FIKS22:BRANCHE07=O:BELØB=1:SÆSON=EJSÆSON,2013-11-01,852.0
DST:FIKS22:BRANCHE07=O:BELØB=1:SÆSON=EJSÆSON,2013-12-01,1566.0
DST:FIKS22:BRANCHE07=O:BELØB=1:SÆSON=EJSÆSON,2014-01-01,2005.0
DST:FIKS22:BRANCHE07=O:BELØB=1:SÆSON=EJSÆSON,2014-02-01,1731.0
DST:FIKS22:BRANCHE07=O:BELØB=1:SÆSON=EJSÆSON,2014-03-01,1412.0
DST:FIKS22:BRANCHE07=O:BELØB=1:SÆSON=EJSÆSON,2014-04-01,1169.0
DST:FIKS22:BRANCHE07=O:BELØB=1:SÆSON=EJSÆSON,2014-05-01,960.0
DST:FIKS22:BRANCHE07=O:BELØB=1:SÆSON=EJSÆSON,2014-06-01,1174.0
DST:FIKS22:BRANCHE07=O:BELØB=1:SÆSON=EJSÆSON,2014-07-01,1713.0
DST:FIKS22:BRANCHE07=O:BELØB=1:SÆSON=EJSÆSON,2014-08-01,1444.0
DST:FIKS22:BRANCHE07=O:BELØB=1:SÆSON=EJSÆSON,2014-09-01,1210.0
DST:FIKS22:BRANCHE07=O:BELØB=1:SÆSON=EJSÆSON,2014-10-01,1259.0
DST:FIKS22:BRANCHE07=O:BELØB=1:SÆSON=EJSÆSON,2014-11-01,927.0
DST:FIKS22:BRANCHE07=O:BELØB=1:SÆSON=EJSÆSON,2014-12-01,1508.0
DST:FIKS22:BRANCHE07=O:BELØB=1:SÆSON=EJSÆSON,2015-01-01,2154.0
DST:FIKS22:BRANCHE07=O:BELØB=1:SÆSON=EJSÆSON,2015-02-01,1817.0
DST:FIKS22:BRANCHE07=O:BELØB=1:SÆSON=EJSÆSON,2015-03-01,1264.0
DST:FIKS22:BRANCHE07=O:BELØB=1:SÆSON=EJSÆSON,2015-04-01,1466.0
DST:FIKS22:BRANCHE07=O:BELØB=1:SÆSON=EJSÆSON,2015-05-01,1176.0
DST:FIKS22:BRANCHE07=O:BELØB=1:SÆSON=EJSÆSON,2015-06-01,1098.0
DST:FIKS22:BRANCHE07=O:BELØB=1:SÆSON=EJSÆSON,2015-07-01,1545.0
DST:FIKS22:BRANCHE07=O:BELØB=1:SÆSON=EJSÆSON,2015-08-01,1212.0
DST:FIKS22:BRANCHE07=O:BELØB=1:SÆSON=EJSÆSON,2015-09-01,1412.0
DST:FIKS22:BRANCHE07=O:BELØB=1:SÆSON=EJSÆSON,2015-10-01,1388.0
DST:FIKS22:BRANCHE07=O:BELØB=1:SÆSON=EJSÆSON,2015-11-01,1113.0
DST:FIKS22:BRANCHE07=O:BELØB=1:SÆSON=EJSÆSON,2015-12-01,1472.0
DST:FIKS22:BRANCHE07=O:BELØB=1:SÆSON=EJSÆSON,2016-01-01,2262.0
DST:FIKS22:BRANCHE07=O:BELØB=1:SÆSON=EJSÆSON,2016-02-01,1572.0
DST:FIKS22:BRANCHE07=O:BELØB=1:SÆSON=EJSÆSON,2016-03-01,1043.0
DST:FIKS22:BRANCHE07=O:BELØB=1:SÆSON=EJSÆSON,2016-04-01,1305.0
DST:FIKS22:BRANCHE07=O:BELØB=1:SÆSON=EJSÆSON,2016-05-01,916.0
DST:FIKS22:BRANCHE07=O:BELØB=1:SÆSON=EJSÆSON,2016-06-01,1407.0
DST:FIKS22:BRANCHE07=O:BELØB=1:SÆSON=EJSÆSON,2016-07-01,1731.0
DST:FIKS22:BRANCHE07=O:BELØB=1:SÆSON=EJSÆSON,2016-08-01,1383.0
DST:FIKS22:BRANCHE07=O:BELØB=1:SÆSON=EJSÆSON,2016-09-01,1201.0
DST:FIKS22:BRANCHE07=O:BELØB=1:SÆSON=EJSÆSON,2016-10-01,1337.0
DST:FIKS22:BRANCHE07=O:BELØB=1:SÆSON=EJSÆSON,2016-11-01,1163.0
DST:FIKS22:BRANCHE07=O:BELØB=1:SÆSON=EJSÆSON,2016-12-01,1698.0
DST:FIKS22:BRANCHE07=O:BELØB=1:SÆSON=EJSÆSON,2017-01-01,2537.0
DST:FIKS22:BRANCHE07=O:BELØB=1:SÆSON=EJSÆSON,2017-02-01,1561.0
DST:FIKS22:BRANCHE07=O:BELØB=1:SÆSON=EJSÆSON,2017-03-01,1614.0
DST:FIKS22:BRANCHE07=O:BELØB=1:SÆSON=EJSÆSON,2017-04-01,1315.0
DST:FIKS22:BRANCHE07=O:BELØB=1:SÆSON=EJSÆSON,2017-05-01,864.0
DST:FIKS22:BRANCHE07=O:BELØB=1:SÆSON=EJSÆSON,2017-06-01,1213.0
DST:FIKS22:BRANCHE07=O:BELØB=1:SÆSON=EJSÆSON,2017-07-01,1691.0
DST:FIKS22:BRANCHE07=O:BELØB=1:SÆSON=EJSÆSON,2017-08-01,1739.0
DST:FIKS22:BRANCHE07=O:BELØB=1:SÆSON=EJSÆSON,2017-09-01,1339.0
DST:FIKS22:BRANCHE07=O:BELØB=1:SÆSON=EJSÆSON,2017-10-01,1257.0
DST:FIKS22:BRANCHE07=O:BELØB=1:SÆSON=EJSÆSON,2017-11-01,1291.0
DST:FIKS22:BRANCHE07=O:BELØB=1:SÆSON=EJSÆSON,2017-12-01,1984.0
DST:FIKS22:BRANCHE07=O:BELØB=1:SÆSON=EJSÆSON,2018-01-01,2048.0
DST:FIKS22:BRANCHE07=O:BELØB=1:SÆSON=EJSÆSON,2018-02-01,2410.0
DST:FIKS22:BRANCHE07=O:BELØB=1:SÆSON=EJSÆSON,2018-03-01,1893.0
DST:FIKS22:BRANCHE07=O:BELØB=1:SÆSON=EJSÆSON,2018-04-01,1943.0
DST:FIKS22:BRANCHE07=O:BELØB=1:SÆSON=EJSÆSON,2018-05-01,1432.0
DST:FIKS22:BRANCHE07=O:BELØB=1:SÆSON=EJSÆSON,2018-06-01,1515.0
DST:FIKS22:BRANCHE07=O:BELØB=1:SÆSON=EJSÆSON,2018-07-01,2118.0
DST:FIKS22:BRANCHE07=O:BELØB=1:SÆSON=EJSÆSON,2018-08-01,1975.0
DST:FIKS22:BRANCHE07=O:BELØB=1:SÆSON=EJSÆSON,2018-09-01,1492.0
DST:FIKS22:BRANCHE07=O:BELØB=1:SÆSON=EJSÆSON,2018-10-01,1807.0
DST:FIKS22:BRANCHE07=O:BELØB=1:SÆSON=EJSÆSON,2018-11-01,1740.0
DST:FIKS22:BRANCHE07=O:BELØB=1:SÆSON=EJSÆSON,2018-12-01,2671.0
DST:FIKS22:BRANCHE07=O:BELØB=1:SÆSON=EJSÆSON,2019-01-01,2388.0
DST:FIKS22:BRANCHE07=O:BELØB=1:SÆSON=EJSÆSON,2019-02-01,2316.0
DST:FIKS22:BRANCHE07=O:BELØB=1:SÆSON=EJSÆSON,2019-03-01,1531.0
DST:FIKS22:BRANCHE07=O:BELØB=1:SÆSON=EJSÆSON,2019-04-01,1958.0
DST:FIKS22:BRANCHE07=O:BELØB=1:SÆSON=EJSÆSON,2019-05-01,1401.0
DST:FIKS22:BRANCHE07=O:BELØB=1:SÆSON=EJSÆSON,2019-06-01,1663.0
DST:FIKS22:BRANCHE07=O:BELØB=1:SÆSON=EJSÆSON,2019-07-01,3092.0
DST:FIKS22:BRANCHE07=O:BELØB=1:SÆSON=EJSÆSON,2019-08-01,2017.0
DST:FIKS22:BRANCHE07=O:BELØB=1:SÆSON=EJSÆSON,2019-09-01,1489.0
DST:FIKS22:BRANCHE07=O:BELØB=1:SÆSON=EJSÆSON,2019-10-01,1585.0
DST:FIKS22:BRANCHE07=O:BELØB=1:SÆSON=EJSÆSON,2019-11-01,1522.0
DST:FIKS22:BRANCHE07=O:BELØB=1:SÆSON=EJSÆSON,2019-12-01,2290.0
DST:FIKS22:BRANCHE07=O:BELØB=1:SÆSON=EJSÆSON,2020-01-01,2417.0
DST:FIKS22:BRANCHE07=O:BELØB=1:SÆSON=EJSÆSON,2020-02-01,2397.0
DST:FIKS22:BRANCHE07=O:BELØB=1:SÆSON=EJSÆSON,2020-03-01,2052.0
DST:FIKS22:BRANCHE07=O:BELØB=1:SÆSON=EJSÆSON,2020-04-01,2749.0
DST:FIKS22:BRANCHE07=O:BELØB=1:SÆSON=EJSÆSON,2020-05-01,1622.0
DST:FIKS22:BRANCHE07=O:BELØB=1:SÆSON=EJSÆSON,2020-06-01,1453.0
DST:FIKS22:BRANCHE07=O:BELØB=1:SÆSON=EJSÆSON,2020-07-01,2220.0
DST:FIKS22:BRANCHE07=O:BELØB=1:SÆSON=EJSÆSON,2020-08-01,2189.0
DST:FIKS22:BRANCHE07=O:BELØB=1:SÆSON=EJSÆSON,2020-09-01,1835.0
DST:FIKS22:BRANCHE07=O:BELØB=1:SÆSON=EJSÆSON,2020-10-01,1875.0
DST:FIKS22:BRANCHE07=O:BELØB=1:SÆSON=EJSÆSON,2020-11-01,2215.0
DST:FIKS22:BRANCHE07=O:BELØB=1:SÆSON=EJSÆSON,2020-12-01,3485.0
DST:FIKS22:BRANCHE07=O:BELØB=1:SÆSON=EJSÆSON,2021-01-01,1962.0
DST:FIKS22:BRANCHE07=O:BELØB=1:SÆSON=EJSÆSON,2021-02-01,1836.0
DST:FIKS22:BRANCHE07=O:BELØB=1:SÆSON=EJSÆSON,2021-03-01,2364.0
DST:FIKS22:BRANCHE07=O:BELØB=1:SÆSON=EJSÆSON,2021-04-01,1645.0
DST:FIKS22:BRANCHE07=O:BELØB=1:SÆSON=EJSÆSON,2021-05-01,1519.0
DST:FIKS22:BRANCHE07=O:BELØB=1:SÆSON=EJSÆSON,2021-06-01,1492.0
DST:FIKS22:BRANCHE07=O:BELØB=1:SÆSON=EJSÆSON,2021-07-01,2263.0
DST:FIKS22:BRANCHE07=O:BELØB=1:SÆSON=EJSÆSON,2021-08-01,1669.0
DST:FIKS22:BRANCHE07=O:BELØB=1:SÆSON=EJSÆSON,2021-09-01,1457.0
DST:FIKS22:BRANCHE07=O:BELØB=1:SÆSON=EJSÆSON,2021-10-01,1356.0
DST:FIKS22:BRANCHE07=O:BELØB=1:SÆSON=EJSÆSON,2021-11-01,1505.0
DST:FIKS22:BRANCHE07=O:BELØB=1:SÆSON=EJSÆSON,2021-12-01,2535.0
DST:FIKS22:BRANCHE07=O:BELØB=1:SÆSON=EJSÆSON,2022-01-01,1921.0
DST:FIKS22:BRANCHE07=O:BELØB=1:SÆSON=EJSÆSON,2022-02-01,1361.0
DST:FIKS22:BRANCHE07=O:BELØB=1:SÆSON=EJSÆSON,2022-03-01,1270.0
DST:FIKS22:BRANCHE07=O:BELØB=1:SÆSON=EJSÆSON,2022-04-01,1070.0
DST:FIKS22:BRANCHE07=O:BELØB=1:SÆSON=EJSÆSON,2022-05-01,1083.0
DST:FIKS22:BRANCHE07=O:BELØB=1:SÆSON=EJSÆSON,2022-06-01,1106.0
DST:FIKS22:BRANCHE07=O:BELØB=1:SÆSON=EJSÆSON,2022-07-01,1379.0
DST:FIKS22:BRANCHE07=O:BELØB=1:SÆSON=EJSÆSON,2022-08-01,1193.0
DST:FIKS22:BRANCHE07=O:BELØB=1:SÆSON=EJSÆSON,2022-09-01,988.0
DST:FIKS22:BRANCHE07=O:BELØB=1:SÆSON=EJSÆSON,2022-10-01,1232.0
DST:FIKS22:BRANCHE07=O:BELØB=1:SÆSON=EJSÆSON,2022-11-01,1079.0
DST:FIKS22:BRANCHE07=O:BELØB=1:SÆSON=EJSÆSON,2022-12-01,1719.0
DST:FIKS22:BRANCHE07=O:BELØB=1:SÆSON=EJSÆSON,2023-01-01,1268.0
DST:FIKS22:BRANCHE07=O:BELØB=1:SÆSON=EJSÆSON,2023-02-01,1300.0
DST:FIKS22:BRANCHE07=O:BELØB=1:SÆSON=EJSÆSON,2023-03-01,1126.0
DST:FIKS22:BRANCHE07=O:BELØB=1:SÆSON=EJSÆSON,2023-04-01,1738.0
DST:FIKS22:BRANCHE07=O:BELØB=1:SÆSON=EJSÆSON,2023-05-01,671.0
DST:FIKS22:BRANCHE07=O:BELØB=1:SÆSON=EJSÆSON,2023-06-01,984.0
DST:FIKS22:BRANCHE07=O:BELØB=1:SÆSON=EJSÆSON,2023-07-01,1399.0
DST:FIKS22:BRANCHE07=O:BELØB=1:SÆSON=EJSÆSON,2023-08-01,1181.0
DST:FIKS22:BRANCHE07=O:BELØB=1:SÆSON=EJSÆSON,2023-09-01,1004.0
DST:FIKS22:BRANCHE07=O:BELØB=1:SÆSON=EJSÆSON,2023-10-01,1326.0
DST:FIKS22:BRANCHE07=O:BELØB=1:SÆSON=EJSÆSON,2023-11-01,1400.0
DST:FIKS22:BRANCHE07=O:BELØB=1:SÆSON=EJSÆSON,2023-12-01,2356.0
DST:FIKS22:BRANCHE07=O:BELØB=1:SÆSON=EJSÆSON,2024-01-01,1372.0
DST:FIKS22:BRANCHE07=O:BELØB=1:SÆSON=EJSÆSON,2024-02-01,1664.0
DST:FIKS22:BRANCHE07=O:BELØB=1:SÆSON=EJSÆSON,2024-03-01,1023.0
DST:FIKS22:BRANCHE07=O:BELØB=1:SÆSON=EJSÆSON,2024-04-01,1666.0
DST:FIKS22:BRANCHE07=O:BELØB=1:SÆSON=EJSÆSON,2024-05-01,899.0
DST:FIKS22:BRANCHE07=O:BELØB=1:SÆSON=EJSÆSON,2024-06-01,1523.0
DST:FIKS22:BRANCHE07=O:BELØB=1:SÆSON=EJSÆSON,2024-07-01,1156.0
DST:FIKS22:BRANCHE07=O:BELØB=1:SÆSON=EJSÆSON,2024-08-01,1204.0
DST:FIKS22:BRANCHE07=O:BELØB=1:SÆSON=EJSÆSON,2024-09-01,1341.0
DST:FIKS22:BRANCHE07=O:BELØB=1:SÆSON=EJSÆSON,2024-10-01,1456.0
DST:FIKS22:BRANCHE07=O:BELØB=1:SÆSON=EJSÆSON,2024-11-01,2218.0
DST:FIKS22:BRANCHE07=O:BELØB=1:SÆSON=EJSÆSON,2024-12-01,2444.0
DST:FIKS22:BRANCHE07=O:BELØB=1:SÆSON=EJSÆSON,2025-01-01,1121.0
DST:FIKS22:BRANCHE07=O:BELØB=1:SÆSON=EJSÆSON,2025-02-01,1225.0
DST:FIKS22:BRANCHE07=O:BELØB=1:SÆSON=EJSÆSON,2025-03-01,1271.0
DST:FIKS22:BRANCHE07=O:BELØB=1:SÆSON=EJSÆSON,2025-04-01,1444.0
DST:FIKS22:BRANCHE07=O:BELØB=1:SÆSON=EJSÆSON,2025-05-01,1260.0
DST:FIKS22:BRANCHE07=O:BELØB=1:SÆSON=EJSÆSON,2025-06-01,1294.0
DST:FIKS22:BRANCHE07=O:BELØB=1:SÆSON=EJSÆSON,2025-07-01,1452.0
DST:FIKS22:BRANCHE07=O:BELØB=1:SÆSON=EJSÆSON,2025-08-01,1008.0
DST:FIKS22:BRANCHE07=O:BELØB=1:SÆSON=EJSÆSON,2025-09-01,1417.0
DST:FIKS22:BRANCHE07=O:BELØB=1:SÆSON=EJSÆSON,2025-10-01,1813.0
DST:FIKS22:BRANCHE07=O:BELØB=1:SÆSON=EJSÆSON,2025-11-01,1913.0
DST:FIKS22:BRANCHE07=O:BELØB=1:SÆSON=EJSÆSON,2025-12-01,2395.0
DST:FIKS22:BRANCHE07=O:BELØB=1:SÆSON=EJSÆSON,2026-01-01,1165.0
DST:FIKS22:BRANCHE07=O:BELØB=1:SÆSON=EJSÆSON,2026-02-01,1153.0
DST:FIKS22:BRANCHE07=O:BELØB=1:SÆSON=EJSÆSON,2026-03-01,1305.0
DST:FIKS22:BRANCHE07=O:BELØB=1:SÆSON=SÆSON,2009-01-01,2026.0
DST:FIKS22:BRANCHE07=O:BELØB=1:SÆSON=SÆSON,2009-02-01,2253.0
DST:FIKS22:BRANCHE07=O:BELØB=1:SÆSON=SÆSON,2009-03-01,2286.0
DST:FIKS22:BRANCHE07=O:BELØB=1:SÆSON=SÆSON,2009-04-01,2241.0
DST:FIKS22:BRANCHE07=O:BELØB=1:SÆSON=SÆSON,2009-05-01,1771.0
DST:FIKS22:BRANCHE07=O:BELØB=1:SÆSON=SÆSON,2009-06-01,1859.0
DST:FIKS22:BRANCHE07=O:BELØB=1:SÆSON=SÆSON,2009-07-01,1708.0
DST:FIKS22:BRANCHE07=O:BELØB=1:SÆSON=SÆSON,2009-08-01,1730.0
DST:FIKS22:BRANCHE07=O:BELØB=1:SÆSON=SÆSON,2009-09-01,1713.0
DST:FIKS22:BRANCHE07=O:BELØB=1:SÆSON=SÆSON,2009-10-01,2299.0
DST:FIKS22:BRANCHE07=O:BELØB=1:SÆSON=SÆSON,2009-11-01,1238.0
DST:FIKS22:BRANCHE07=O:BELØB=1:SÆSON=SÆSON,2009-12-01,1662.0
DST:FIKS22:BRANCHE07=O:BELØB=1:SÆSON=SÆSON,2010-01-01,1683.0
DST:FIKS22:BRANCHE07=O:BELØB=1:SÆSON=SÆSON,2010-02-01,1500.0
DST:FIKS22:BRANCHE07=O:BELØB=1:SÆSON=SÆSON,2010-03-01,1179.0
DST:FIKS22:BRANCHE07=O:BELØB=1:SÆSON=SÆSON,2010-04-01,1402.0
DST:FIKS22:BRANCHE07=O:BELØB=1:SÆSON=SÆSON,2010-05-01,1615.0
DST:FIKS22:BRANCHE07=O:BELØB=1:SÆSON=SÆSON,2010-06-01,1435.0
DST:FIKS22:BRANCHE07=O:BELØB=1:SÆSON=SÆSON,2010-07-01,1344.0
DST:FIKS22:BRANCHE07=O:BELØB=1:SÆSON=SÆSON,2010-08-01,1344.0
DST:FIKS22:BRANCHE07=O:BELØB=1:SÆSON=SÆSON,2010-09-01,1609.0
DST:FIKS22:BRANCHE07=O:BELØB=1:SÆSON=SÆSON,2010-10-01,1386.0
DST:FIKS22:BRANCHE07=O:BELØB=1:SÆSON=SÆSON,2010-11-01,1393.0
DST:FIKS22:BRANCHE07=O:BELØB=1:SÆSON=SÆSON,2010-12-01,1427.0
DST:FIKS22:BRANCHE07=O:BELØB=1:SÆSON=SÆSON,2011-01-01,1257.0
DST:FIKS22:BRANCHE07=O:BELØB=1:SÆSON=SÆSON,2011-02-01,1220.0
DST:FIKS22:BRANCHE07=O:BELØB=1:SÆSON=SÆSON,2011-03-01,1331.0
DST:FIKS22:BRANCHE07=O:BELØB=1:SÆSON=SÆSON,2011-04-01,1192.0
DST:FIKS22:BRANCHE07=O:BELØB=1:SÆSON=SÆSON,2011-05-01,1360.0
DST:FIKS22:BRANCHE07=O:BELØB=1:SÆSON=SÆSON,2011-06-01,1262.0
DST:FIKS22:BRANCHE07=O:BELØB=1:SÆSON=SÆSON,2011-07-01,1337.0
DST:FIKS22:BRANCHE07=O:BELØB=1:SÆSON=SÆSON,2011-08-01,1649.0
DST:FIKS22:BRANCHE07=O:BELØB=1:SÆSON=SÆSON,2011-09-01,1432.0
DST:FIKS22:BRANCHE07=O:BELØB=1:SÆSON=SÆSON,2011-10-01,1297.0
DST:FIKS22:BRANCHE07=O:BELØB=1:SÆSON=SÆSON,2011-11-01,1419.0
DST:FIKS22:BRANCHE07=O:BELØB=1:SÆSON=SÆSON,2011-12-01,1232.0
DST:FIKS22:BRANCHE07=O:BELØB=1:SÆSON=SÆSON,2012-01-01,1409.0
DST:FIKS22:BRANCHE07=O:BELØB=1:SÆSON=SÆSON,2012-02-01,1392.0
DST:FIKS22:BRANCHE07=O:BELØB=1:SÆSON=SÆSON,2012-03-01,1267.0
DST:FIKS22:BRANCHE07=O:BELØB=1:SÆSON=SÆSON,2012-04-01,1356.0
DST:FIKS22:BRANCHE07=O:BELØB=1:SÆSON=SÆSON,2012-05-01,1124.0
DST:FIKS22:BRANCHE07=O:BELØB=1:SÆSON=SÆSON,2012-06-01,1296.0
DST:FIKS22:BRANCHE07=O:BELØB=1:SÆSON=SÆSON,2012-07-01,1626.0
DST:FIKS22:BRANCHE07=O:BELØB=1:SÆSON=SÆSON,2012-08-01,1298.0
DST:FIKS22:BRANCHE07=O:BELØB=1:SÆSON=SÆSON,2012-09-01,1120.0
DST:FIKS22:BRANCHE07=O:BELØB=1:SÆSON=SÆSON,2012-10-01,1171.0
DST:FIKS22:BRANCHE07=O:BELØB=1:SÆSON=SÆSON,2012-11-01,1282.0
DST:FIKS22:BRANCHE07=O:BELØB=1:SÆSON=SÆSON,2012-12-01,1598.0
DST:FIKS22:BRANCHE07=O:BELØB=1:SÆSON=SÆSON,2013-01-01,1289.0
DST:FIKS22:BRANCHE07=O:BELØB=1:SÆSON=SÆSON,2013-02-01,1290.0
DST:FIKS22:BRANCHE07=O:BELØB=1:SÆSON=SÆSON,2013-03-01,1294.0
DST:FIKS22:BRANCHE07=O:BELØB=1:SÆSON=SÆSON,2013-04-01,1426.0
DST:FIKS22:BRANCHE07=O:BELØB=1:SÆSON=SÆSON,2013-05-01,1672.0
DST:FIKS22:BRANCHE07=O:BELØB=1:SÆSON=SÆSON,2013-06-01,1430.0
DST:FIKS22:BRANCHE07=O:BELØB=1:SÆSON=SÆSON,2013-07-01,1410.0
DST:FIKS22:BRANCHE07=O:BELØB=1:SÆSON=SÆSON,2013-08-01,1375.0
DST:FIKS22:BRANCHE07=O:BELØB=1:SÆSON=SÆSON,2013-09-01,1184.0
DST:FIKS22:BRANCHE07=O:BELØB=1:SÆSON=SÆSON,2013-10-01,1425.0
DST:FIKS22:BRANCHE07=O:BELØB=1:SÆSON=SÆSON,2013-11-01,1160.0
DST:FIKS22:BRANCHE07=O:BELØB=1:SÆSON=SÆSON,2013-12-01,1380.0
DST:FIKS22:BRANCHE07=O:BELØB=1:SÆSON=SÆSON,2014-01-01,1309.0
DST:FIKS22:BRANCHE07=O:BELØB=1:SÆSON=SÆSON,2014-02-01,1430.0
DST:FIKS22:BRANCHE07=O:BELØB=1:SÆSON=SÆSON,2014-03-01,1507.0
DST:FIKS22:BRANCHE07=O:BELØB=1:SÆSON=SÆSON,2014-04-01,1241.0
DST:FIKS22:BRANCHE07=O:BELØB=1:SÆSON=SÆSON,2014-05-01,1321.0
DST:FIKS22:BRANCHE07=O:BELØB=1:SÆSON=SÆSON,2014-06-01,1418.0
DST:FIKS22:BRANCHE07=O:BELØB=1:SÆSON=SÆSON,2014-07-01,1471.0
DST:FIKS22:BRANCHE07=O:BELØB=1:SÆSON=SÆSON,2014-08-01,1394.0
DST:FIKS22:BRANCHE07=O:BELØB=1:SÆSON=SÆSON,2014-09-01,1421.0
DST:FIKS22:BRANCHE07=O:BELØB=1:SÆSON=SÆSON,2014-10-01,1385.0
DST:FIKS22:BRANCHE07=O:BELØB=1:SÆSON=SÆSON,2014-11-01,1258.0
DST:FIKS22:BRANCHE07=O:BELØB=1:SÆSON=SÆSON,2014-12-01,1339.0
DST:FIKS22:BRANCHE07=O:BELØB=1:SÆSON=SÆSON,2015-01-01,1413.0
DST:FIKS22:BRANCHE07=O:BELØB=1:SÆSON=SÆSON,2015-02-01,1492.0
DST:FIKS22:BRANCHE07=O:BELØB=1:SÆSON=SÆSON,2015-03-01,1347.0
DST:FIKS22:BRANCHE07=O:BELØB=1:SÆSON=SÆSON,2015-04-01,1538.0
DST:FIKS22:BRANCHE07=O:BELØB=1:SÆSON=SÆSON,2015-05-01,1647.0
DST:FIKS22:BRANCHE07=O:BELØB=1:SÆSON=SÆSON,2015-06-01,1333.0
DST:FIKS22:BRANCHE07=O:BELØB=1:SÆSON=SÆSON,2015-07-01,1321.0
DST:FIKS22:BRANCHE07=O:BELØB=1:SÆSON=SÆSON,2015-08-01,1180.0
DST:FIKS22:BRANCHE07=O:BELØB=1:SÆSON=SÆSON,2015-09-01,1660.0
DST:FIKS22:BRANCHE07=O:BELØB=1:SÆSON=SÆSON,2015-10-01,1518.0
DST:FIKS22:BRANCHE07=O:BELØB=1:SÆSON=SÆSON,2015-11-01,1472.0
DST:FIKS22:BRANCHE07=O:BELØB=1:SÆSON=SÆSON,2015-12-01,1283.0
DST:FIKS22:BRANCHE07=O:BELØB=1:SÆSON=SÆSON,2016-01-01,1523.0
DST:FIKS22:BRANCHE07=O:BELØB=1:SÆSON=SÆSON,2016-02-01,1294.0
DST:FIKS22:BRANCHE07=O:BELØB=1:SÆSON=SÆSON,2016-03-01,1116.0
DST:FIKS22:BRANCHE07=O:BELØB=1:SÆSON=SÆSON,2016-04-01,1349.0
DST:FIKS22:BRANCHE07=O:BELØB=1:SÆSON=SÆSON,2016-05-01,1289.0
DST:FIKS22:BRANCHE07=O:BELØB=1:SÆSON=SÆSON,2016-06-01,1716.0
DST:FIKS22:BRANCHE07=O:BELØB=1:SÆSON=SÆSON,2016-07-01,1490.0
DST:FIKS22:BRANCHE07=O:BELØB=1:SÆSON=SÆSON,2016-08-01,1340.0
DST:FIKS22:BRANCHE07=O:BELØB=1:SÆSON=SÆSON,2016-09-01,1410.0
DST:FIKS22:BRANCHE07=O:BELØB=1:SÆSON=SÆSON,2016-10-01,1472.0
DST:FIKS22:BRANCHE07=O:BELØB=1:SÆSON=SÆSON,2016-11-01,1481.0
DST:FIKS22:BRANCHE07=O:BELØB=1:SÆSON=SÆSON,2016-12-01,1451.0
DST:FIKS22:BRANCHE07=O:BELØB=1:SÆSON=SÆSON,2017-01-01,1776.0
DST:FIKS22:BRANCHE07=O:BELØB=1:SÆSON=SÆSON,2017-02-01,1281.0
DST:FIKS22:BRANCHE07=O:BELØB=1:SÆSON=SÆSON,2017-03-01,1721.0
DST:FIKS22:BRANCHE07=O:BELØB=1:SÆSON=SÆSON,2017-04-01,1336.0
DST:FIKS22:BRANCHE07=O:BELØB=1:SÆSON=SÆSON,2017-05-01,1215.0
DST:FIKS22:BRANCHE07=O:BELØB=1:SÆSON=SÆSON,2017-06-01,1496.0
DST:FIKS22:BRANCHE07=O:BELØB=1:SÆSON=SÆSON,2017-07-01,1475.0
DST:FIKS22:BRANCHE07=O:BELØB=1:SÆSON=SÆSON,2017-08-01,1675.0
DST:FIKS22:BRANCHE07=O:BELØB=1:SÆSON=SÆSON,2017-09-01,1585.0
DST:FIKS22:BRANCHE07=O:BELØB=1:SÆSON=SÆSON,2017-10-01,1400.0
DST:FIKS22:BRANCHE07=O:BELØB=1:SÆSON=SÆSON,2017-11-01,1555.0
DST:FIKS22:BRANCHE07=O:BELØB=1:SÆSON=SÆSON,2017-12-01,1604.0
DST:FIKS22:BRANCHE07=O:BELØB=1:SÆSON=SÆSON,2018-01-01,1517.0
DST:FIKS22:BRANCHE07=O:BELØB=1:SÆSON=SÆSON,2018-02-01,2019.0
DST:FIKS22:BRANCHE07=O:BELØB=1:SÆSON=SÆSON,2018-03-01,2018.0
DST:FIKS22:BRANCHE07=O:BELØB=1:SÆSON=SÆSON,2018-04-01,1963.0
DST:FIKS22:BRANCHE07=O:BELØB=1:SÆSON=SÆSON,2018-05-01,1979.0
DST:FIKS22:BRANCHE07=O:BELØB=1:SÆSON=SÆSON,2018-06-01,1875.0
DST:FIKS22:BRANCHE07=O:BELØB=1:SÆSON=SÆSON,2018-07-01,1856.0
DST:FIKS22:BRANCHE07=O:BELØB=1:SÆSON=SÆSON,2018-08-01,1887.0
DST:FIKS22:BRANCHE07=O:BELØB=1:SÆSON=SÆSON,2018-09-01,1784.0
DST:FIKS22:BRANCHE07=O:BELØB=1:SÆSON=SÆSON,2018-10-01,2055.0
DST:FIKS22:BRANCHE07=O:BELØB=1:SÆSON=SÆSON,2018-11-01,2011.0
DST:FIKS22:BRANCHE07=O:BELØB=1:SÆSON=SÆSON,2018-12-01,2029.0
DST:FIKS22:BRANCHE07=O:BELØB=1:SÆSON=SÆSON,2019-01-01,1882.0
DST:FIKS22:BRANCHE07=O:BELØB=1:SÆSON=SÆSON,2019-02-01,1989.0
DST:FIKS22:BRANCHE07=O:BELØB=1:SÆSON=SÆSON,2019-03-01,1614.0
DST:FIKS22:BRANCHE07=O:BELØB=1:SÆSON=SÆSON,2019-04-01,1990.0
DST:FIKS22:BRANCHE07=O:BELØB=1:SÆSON=SÆSON,2019-05-01,1879.0
DST:FIKS22:BRANCHE07=O:BELØB=1:SÆSON=SÆSON,2019-06-01,2073.0
DST:FIKS22:BRANCHE07=O:BELØB=1:SÆSON=SÆSON,2019-07-01,2726.0
DST:FIKS22:BRANCHE07=O:BELØB=1:SÆSON=SÆSON,2019-08-01,1944.0
DST:FIKS22:BRANCHE07=O:BELØB=1:SÆSON=SÆSON,2019-09-01,1798.0
DST:FIKS22:BRANCHE07=O:BELØB=1:SÆSON=SÆSON,2019-10-01,1798.0
DST:FIKS22:BRANCHE07=O:BELØB=1:SÆSON=SÆSON,2019-11-01,1693.0
DST:FIKS22:BRANCHE07=O:BELØB=1:SÆSON=SÆSON,2019-12-01,1629.0
DST:FIKS22:BRANCHE07=O:BELØB=1:SÆSON=SÆSON,2020-01-01,2018.0
DST:FIKS22:BRANCHE07=O:BELØB=1:SÆSON=SÆSON,2020-02-01,2138.0
DST:FIKS22:BRANCHE07=O:BELØB=1:SÆSON=SÆSON,2020-03-01,2176.0
DST:FIKS22:BRANCHE07=O:BELØB=1:SÆSON=SÆSON,2020-04-01,2808.0
DST:FIKS22:BRANCHE07=O:BELØB=1:SÆSON=SÆSON,2020-05-01,2115.0
DST:FIKS22:BRANCHE07=O:BELØB=1:SÆSON=SÆSON,2020-06-01,1809.0
DST:FIKS22:BRANCHE07=O:BELØB=1:SÆSON=SÆSON,2020-07-01,1959.0
DST:FIKS22:BRANCHE07=O:BELØB=1:SÆSON=SÆSON,2020-08-01,2156.0
DST:FIKS22:BRANCHE07=O:BELØB=1:SÆSON=SÆSON,2020-09-01,2224.0
DST:FIKS22:BRANCHE07=O:BELØB=1:SÆSON=SÆSON,2020-10-01,2100.0
DST:FIKS22:BRANCHE07=O:BELØB=1:SÆSON=SÆSON,2020-11-01,2397.0
DST:FIKS22:BRANCHE07=O:BELØB=1:SÆSON=SÆSON,2020-12-01,2361.0
DST:FIKS22:BRANCHE07=O:BELØB=1:SÆSON=SÆSON,2021-01-01,1696.0
DST:FIKS22:BRANCHE07=O:BELØB=1:SÆSON=SÆSON,2021-02-01,1695.0
DST:FIKS22:BRANCHE07=O:BELØB=1:SÆSON=SÆSON,2021-03-01,2543.0
DST:FIKS22:BRANCHE07=O:BELØB=1:SÆSON=SÆSON,2021-04-01,1659.0
DST:FIKS22:BRANCHE07=O:BELØB=1:SÆSON=SÆSON,2021-05-01,1967.0
DST:FIKS22:BRANCHE07=O:BELØB=1:SÆSON=SÆSON,2021-06-01,1863.0
DST:FIKS22:BRANCHE07=O:BELØB=1:SÆSON=SÆSON,2021-07-01,2037.0
DST:FIKS22:BRANCHE07=O:BELØB=1:SÆSON=SÆSON,2021-08-01,1702.0
DST:FIKS22:BRANCHE07=O:BELØB=1:SÆSON=SÆSON,2021-09-01,1750.0
DST:FIKS22:BRANCHE07=O:BELØB=1:SÆSON=SÆSON,2021-10-01,1463.0
DST:FIKS22:BRANCHE07=O:BELØB=1:SÆSON=SÆSON,2021-11-01,1561.0
DST:FIKS22:BRANCHE07=O:BELØB=1:SÆSON=SÆSON,2021-12-01,1629.0
DST:FIKS22:BRANCHE07=O:BELØB=1:SÆSON=SÆSON,2022-01-01,1742.0
DST:FIKS22:BRANCHE07=O:BELØB=1:SÆSON=SÆSON,2022-02-01,1321.0
DST:FIKS22:BRANCHE07=O:BELØB=1:SÆSON=SÆSON,2022-03-01,1392.0
DST:FIKS22:BRANCHE07=O:BELØB=1:SÆSON=SÆSON,2022-04-01,1067.0
DST:FIKS22:BRANCHE07=O:BELØB=1:SÆSON=SÆSON,2022-05-01,1408.0
DST:FIKS22:BRANCHE07=O:BELØB=1:SÆSON=SÆSON,2022-06-01,1364.0
DST:FIKS22:BRANCHE07=O:BELØB=1:SÆSON=SÆSON,2022-07-01,1265.0
DST:FIKS22:BRANCHE07=O:BELØB=1:SÆSON=SÆSON,2022-08-01,1266.0
DST:FIKS22:BRANCHE07=O:BELØB=1:SÆSON=SÆSON,2022-09-01,1164.0
DST:FIKS22:BRANCHE07=O:BELØB=1:SÆSON=SÆSON,2022-10-01,1276.0
DST:FIKS22:BRANCHE07=O:BELØB=1:SÆSON=SÆSON,2022-11-01,1068.0
DST:FIKS22:BRANCHE07=O:BELØB=1:SÆSON=SÆSON,2022-12-01,1068.0
DST:FIKS22:BRANCHE07=O:BELØB=1:SÆSON=SÆSON,2023-01-01,1215.0
DST:FIKS22:BRANCHE07=O:BELØB=1:SÆSON=SÆSON,2023-02-01,1317.0
DST:FIKS22:BRANCHE07=O:BELØB=1:SÆSON=SÆSON,2023-03-01,1250.0
DST:FIKS22:BRANCHE07=O:BELØB=1:SÆSON=SÆSON,2023-04-01,1696.0
DST:FIKS22:BRANCHE07=O:BELØB=1:SÆSON=SÆSON,2023-05-01,882.0
DST:FIKS22:BRANCHE07=O:BELØB=1:SÆSON=SÆSON,2023-06-01,1191.0
DST:FIKS22:BRANCHE07=O:BELØB=1:SÆSON=SÆSON,2023-07-01,1331.0
DST:FIKS22:BRANCHE07=O:BELØB=1:SÆSON=SÆSON,2023-08-01,1312.0
DST:FIKS22:BRANCHE07=O:BELØB=1:SÆSON=SÆSON,2023-09-01,1155.0
DST:FIKS22:BRANCHE07=O:BELØB=1:SÆSON=SÆSON,2023-10-01,1301.0
DST:FIKS22:BRANCHE07=O:BELØB=1:SÆSON=SÆSON,2023-11-01,1311.0
DST:FIKS22:BRANCHE07=O:BELØB=1:SÆSON=SÆSON,2023-12-01,1434.0
DST:FIKS22:BRANCHE07=O:BELØB=1:SÆSON=SÆSON,2024-01-01,1408.0
DST:FIKS22:BRANCHE07=O:BELØB=1:SÆSON=SÆSON,2024-02-01,1750.0
DST:FIKS22:BRANCHE07=O:BELØB=1:SÆSON=SÆSON,2024-03-01,1154.0
DST:FIKS22:BRANCHE07=O:BELØB=1:SÆSON=SÆSON,2024-04-01,1591.0
DST:FIKS22:BRANCHE07=O:BELØB=1:SÆSON=SÆSON,2024-05-01,1189.0
DST:FIKS22:BRANCHE07=O:BELØB=1:SÆSON=SÆSON,2024-06-01,1802.0
DST:FIKS22:BRANCHE07=O:BELØB=1:SÆSON=SÆSON,2024-07-01,1130.0
DST:FIKS22:BRANCHE07=O:BELØB=1:SÆSON=SÆSON,2024-08-01,1394.0
DST:FIKS22:BRANCHE07=O:BELØB=1:SÆSON=SÆSON,2024-09-01,1518.0
DST:FIKS22:BRANCHE07=O:BELØB=1:SÆSON=SÆSON,2024-10-01,1372.0
DST:FIKS22:BRANCHE07=O:BELØB=1:SÆSON=SÆSON,2024-11-01,1982.0
DST:FIKS22:BRANCHE07=O:BELØB=1:SÆSON=SÆSON,2024-12-01,1477.0
DST:FIKS22:BRANCHE07=O:BELØB=1:SÆSON=SÆSON,2025-01-01,1215.0
DST:FIKS22:BRANCHE07=O:BELØB=1:SÆSON=SÆSON,2025-02-01,1321.0
DST:FIKS22:BRANCHE07=O:BELØB=1:SÆSON=SÆSON,2025-03-01,1448.0
DST:FIKS22:BRANCHE07=O:BELØB=1:SÆSON=SÆSON,2025-04-01,1346.0
DST:FIKS22:BRANCHE07=O:BELØB=1:SÆSON=SÆSON,2025-05-01,1685.0
DST:FIKS22:BRANCHE07=O:BELØB=1:SÆSON=SÆSON,2025-06-01,1511.0
DST:FIKS22:BRANCHE07=O:BELØB=1:SÆSON=SÆSON,2025-07-01,1463.0
DST:FIKS22:BRANCHE07=O:BELØB=1:SÆSON=SÆSON,2025-08-01,1199.0
DST:FIKS22:BRANCHE07=O:BELØB=1:SÆSON=SÆSON,2025-09-01,1574.0
DST:FIKS22:BRANCHE07=O:BELØB=1:SÆSON=SÆSON,2025-10-01,1665.0
DST:FIKS22:BRANCHE07=O:BELØB=1:SÆSON=SÆSON,2025-11-01,1640.0
DST:FIKS22:BRANCHE07=O:BELØB=1:SÆSON=SÆSON,2025-12-01,1436.0
DST:FIKS22:BRANCHE07=O:BELØB=1:SÆSON=SÆSON,2026-01-01,1334.0
DST:FIKS22:BRANCHE07=O:BELØB=1:SÆSON=SÆSON,2026-02-01,1277.0
DST:FIKS22:BRANCHE07=O:BELØB=1:SÆSON=SÆSON,2026-03-01,1490.0
DST:FIKS22:BRANCHE07=O:BELØB=3:SÆSON=EJSÆSON,2009-01-01,1858.0
DST:FIKS22:BRANCHE07=O:BELØB=3:SÆSON=EJSÆSON,2009-02-01,1396.0
DST:FIKS22:BRANCHE07=O:BELØB=3:SÆSON=EJSÆSON,2009-03-01,1900.0
DST:FIKS22:BRANCHE07=O:BELØB=3:SÆSON=EJSÆSON,2009-04-01,1402.0
DST:FIKS22:BRANCHE07=O:BELØB=3:SÆSON=EJSÆSON,2009-05-01,1429.0
DST:FIKS22:BRANCHE07=O:BELØB=3:SÆSON=EJSÆSON,2009-06-01,1302.0
DST:FIKS22:BRANCHE07=O:BELØB=3:SÆSON=EJSÆSON,2009-07-01,1161.0
DST:FIKS22:BRANCHE07=O:BELØB=3:SÆSON=EJSÆSON,2009-08-01,1003.0
DST:FIKS22:BRANCHE07=O:BELØB=3:SÆSON=EJSÆSON,2009-09-01,1187.0
DST:FIKS22:BRANCHE07=O:BELØB=3:SÆSON=EJSÆSON,2009-10-01,1290.0
DST:FIKS22:BRANCHE07=O:BELØB=3:SÆSON=EJSÆSON,2009-11-01,1322.0
DST:FIKS22:BRANCHE07=O:BELØB=3:SÆSON=EJSÆSON,2009-12-01,1938.0
DST:FIKS22:BRANCHE07=O:BELØB=3:SÆSON=EJSÆSON,2010-01-01,1258.0
DST:FIKS22:BRANCHE07=O:BELØB=3:SÆSON=EJSÆSON,2010-02-01,965.0
DST:FIKS22:BRANCHE07=O:BELØB=3:SÆSON=EJSÆSON,2010-03-01,1346.0
DST:FIKS22:BRANCHE07=O:BELØB=3:SÆSON=EJSÆSON,2010-04-01,1040.0
DST:FIKS22:BRANCHE07=O:BELØB=3:SÆSON=EJSÆSON,2010-05-01,1052.0
DST:FIKS22:BRANCHE07=O:BELØB=3:SÆSON=EJSÆSON,2010-06-01,872.0
DST:FIKS22:BRANCHE07=O:BELØB=3:SÆSON=EJSÆSON,2010-07-01,823.0
DST:FIKS22:BRANCHE07=O:BELØB=3:SÆSON=EJSÆSON,2010-08-01,716.0
DST:FIKS22:BRANCHE07=O:BELØB=3:SÆSON=EJSÆSON,2010-09-01,824.0
DST:FIKS22:BRANCHE07=O:BELØB=3:SÆSON=EJSÆSON,2010-10-01,878.0
DST:FIKS22:BRANCHE07=O:BELØB=3:SÆSON=EJSÆSON,2010-11-01,872.0
DST:FIKS22:BRANCHE07=O:BELØB=3:SÆSON=EJSÆSON,2010-12-01,1693.0
DST:FIKS22:BRANCHE07=O:BELØB=3:SÆSON=EJSÆSON,2011-01-01,1005.0
DST:FIKS22:BRANCHE07=O:BELØB=3:SÆSON=EJSÆSON,2011-02-01,891.0
DST:FIKS22:BRANCHE07=O:BELØB=3:SÆSON=EJSÆSON,2011-03-01,1137.0
DST:FIKS22:BRANCHE07=O:BELØB=3:SÆSON=EJSÆSON,2011-04-01,1120.0
DST:FIKS22:BRANCHE07=O:BELØB=3:SÆSON=EJSÆSON,2011-05-01,952.0
DST:FIKS22:BRANCHE07=O:BELØB=3:SÆSON=EJSÆSON,2011-06-01,1154.0
DST:FIKS22:BRANCHE07=O:BELØB=3:SÆSON=EJSÆSON,2011-07-01,615.0
DST:FIKS22:BRANCHE07=O:BELØB=3:SÆSON=EJSÆSON,2011-08-01,840.0
DST:FIKS22:BRANCHE07=O:BELØB=3:SÆSON=EJSÆSON,2011-09-01,868.0
DST:FIKS22:BRANCHE07=O:BELØB=3:SÆSON=EJSÆSON,2011-10-01,932.0
DST:FIKS22:BRANCHE07=O:BELØB=3:SÆSON=EJSÆSON,2011-11-01,997.0
DST:FIKS22:BRANCHE07=O:BELØB=3:SÆSON=EJSÆSON,2011-12-01,1449.0
DST:FIKS22:BRANCHE07=O:BELØB=3:SÆSON=EJSÆSON,2012-01-01,1242.0
DST:FIKS22:BRANCHE07=O:BELØB=3:SÆSON=EJSÆSON,2012-02-01,836.0
DST:FIKS22:BRANCHE07=O:BELØB=3:SÆSON=EJSÆSON,2012-03-01,1428.0
DST:FIKS22:BRANCHE07=O:BELØB=3:SÆSON=EJSÆSON,2012-04-01,1070.0
DST:FIKS22:BRANCHE07=O:BELØB=3:SÆSON=EJSÆSON,2012-05-01,964.0
DST:FIKS22:BRANCHE07=O:BELØB=3:SÆSON=EJSÆSON,2012-06-01,1204.0
DST:FIKS22:BRANCHE07=O:BELØB=3:SÆSON=EJSÆSON,2012-07-01,834.0
DST:FIKS22:BRANCHE07=O:BELØB=3:SÆSON=EJSÆSON,2012-08-01,871.0
DST:FIKS22:BRANCHE07=O:BELØB=3:SÆSON=EJSÆSON,2012-09-01,998.0
DST:FIKS22:BRANCHE07=O:BELØB=3:SÆSON=EJSÆSON,2012-10-01,1038.0
DST:FIKS22:BRANCHE07=O:BELØB=3:SÆSON=EJSÆSON,2012-11-01,1137.0
DST:FIKS22:BRANCHE07=O:BELØB=3:SÆSON=EJSÆSON,2012-12-01,1884.0
DST:FIKS22:BRANCHE07=O:BELØB=3:SÆSON=EJSÆSON,2013-01-01,784.0
DST:FIKS22:BRANCHE07=O:BELØB=3:SÆSON=EJSÆSON,2013-02-01,1160.0
DST:FIKS22:BRANCHE07=O:BELØB=3:SÆSON=EJSÆSON,2013-03-01,1231.0
DST:FIKS22:BRANCHE07=O:BELØB=3:SÆSON=EJSÆSON,2013-04-01,1316.0
DST:FIKS22:BRANCHE07=O:BELØB=3:SÆSON=EJSÆSON,2013-05-01,1075.0
DST:FIKS22:BRANCHE07=O:BELØB=3:SÆSON=EJSÆSON,2013-06-01,1193.0
DST:FIKS22:BRANCHE07=O:BELØB=3:SÆSON=EJSÆSON,2013-07-01,839.0
DST:FIKS22:BRANCHE07=O:BELØB=3:SÆSON=EJSÆSON,2013-08-01,773.0
DST:FIKS22:BRANCHE07=O:BELØB=3:SÆSON=EJSÆSON,2013-09-01,879.0
DST:FIKS22:BRANCHE07=O:BELØB=3:SÆSON=EJSÆSON,2013-10-01,1027.0
DST:FIKS22:BRANCHE07=O:BELØB=3:SÆSON=EJSÆSON,2013-11-01,1013.0
DST:FIKS22:BRANCHE07=O:BELØB=3:SÆSON=EJSÆSON,2013-12-01,1707.0
DST:FIKS22:BRANCHE07=O:BELØB=3:SÆSON=EJSÆSON,2014-01-01,949.0
DST:FIKS22:BRANCHE07=O:BELØB=3:SÆSON=EJSÆSON,2014-02-01,1061.0
DST:FIKS22:BRANCHE07=O:BELØB=3:SÆSON=EJSÆSON,2014-03-01,1172.0
DST:FIKS22:BRANCHE07=O:BELØB=3:SÆSON=EJSÆSON,2014-04-01,1081.0
DST:FIKS22:BRANCHE07=O:BELØB=3:SÆSON=EJSÆSON,2014-05-01,1027.0
DST:FIKS22:BRANCHE07=O:BELØB=3:SÆSON=EJSÆSON,2014-06-01,1032.0
DST:FIKS22:BRANCHE07=O:BELØB=3:SÆSON=EJSÆSON,2014-07-01,669.0
DST:FIKS22:BRANCHE07=O:BELØB=3:SÆSON=EJSÆSON,2014-08-01,754.0
DST:FIKS22:BRANCHE07=O:BELØB=3:SÆSON=EJSÆSON,2014-09-01,858.0
DST:FIKS22:BRANCHE07=O:BELØB=3:SÆSON=EJSÆSON,2014-10-01,936.0
DST:FIKS22:BRANCHE07=O:BELØB=3:SÆSON=EJSÆSON,2014-11-01,972.0
DST:FIKS22:BRANCHE07=O:BELØB=3:SÆSON=EJSÆSON,2014-12-01,1777.0
DST:FIKS22:BRANCHE07=O:BELØB=3:SÆSON=EJSÆSON,2015-01-01,1317.0
DST:FIKS22:BRANCHE07=O:BELØB=3:SÆSON=EJSÆSON,2015-02-01,958.0
DST:FIKS22:BRANCHE07=O:BELØB=3:SÆSON=EJSÆSON,2015-03-01,1163.0
DST:FIKS22:BRANCHE07=O:BELØB=3:SÆSON=EJSÆSON,2015-04-01,1121.0
DST:FIKS22:BRANCHE07=O:BELØB=3:SÆSON=EJSÆSON,2015-05-01,1030.0
DST:FIKS22:BRANCHE07=O:BELØB=3:SÆSON=EJSÆSON,2015-06-01,1180.0
DST:FIKS22:BRANCHE07=O:BELØB=3:SÆSON=EJSÆSON,2015-07-01,819.0
DST:FIKS22:BRANCHE07=O:BELØB=3:SÆSON=EJSÆSON,2015-08-01,814.0
DST:FIKS22:BRANCHE07=O:BELØB=3:SÆSON=EJSÆSON,2015-09-01,909.0
DST:FIKS22:BRANCHE07=O:BELØB=3:SÆSON=EJSÆSON,2015-10-01,1099.0
DST:FIKS22:BRANCHE07=O:BELØB=3:SÆSON=EJSÆSON,2015-11-01,1530.0
DST:FIKS22:BRANCHE07=O:BELØB=3:SÆSON=EJSÆSON,2015-12-01,3695.0
DST:FIKS22:BRANCHE07=O:BELØB=3:SÆSON=EJSÆSON,2016-01-01,940.0
DST:FIKS22:BRANCHE07=O:BELØB=3:SÆSON=EJSÆSON,2016-02-01,1046.0
DST:FIKS22:BRANCHE07=O:BELØB=3:SÆSON=EJSÆSON,2016-03-01,971.0
DST:FIKS22:BRANCHE07=O:BELØB=3:SÆSON=EJSÆSON,2016-04-01,973.0
DST:FIKS22:BRANCHE07=O:BELØB=3:SÆSON=EJSÆSON,2016-05-01,1067.0
DST:FIKS22:BRANCHE07=O:BELØB=3:SÆSON=EJSÆSON,2016-06-01,1047.0
DST:FIKS22:BRANCHE07=O:BELØB=3:SÆSON=EJSÆSON,2016-07-01,611.0
DST:FIKS22:BRANCHE07=O:BELØB=3:SÆSON=EJSÆSON,2016-08-01,795.0
DST:FIKS22:BRANCHE07=O:BELØB=3:SÆSON=EJSÆSON,2016-09-01,905.0
DST:FIKS22:BRANCHE07=O:BELØB=3:SÆSON=EJSÆSON,2016-10-01,1199.0
DST:FIKS22:BRANCHE07=O:BELØB=3:SÆSON=EJSÆSON,2016-11-01,1218.0
DST:FIKS22:BRANCHE07=O:BELØB=3:SÆSON=EJSÆSON,2016-12-01,1577.0
DST:FIKS22:BRANCHE07=O:BELØB=3:SÆSON=EJSÆSON,2017-01-01,1068.0
DST:FIKS22:BRANCHE07=O:BELØB=3:SÆSON=EJSÆSON,2017-02-01,746.0
DST:FIKS22:BRANCHE07=O:BELØB=3:SÆSON=EJSÆSON,2017-03-01,1072.0
DST:FIKS22:BRANCHE07=O:BELØB=3:SÆSON=EJSÆSON,2017-04-01,699.0
DST:FIKS22:BRANCHE07=O:BELØB=3:SÆSON=EJSÆSON,2017-05-01,1139.0
DST:FIKS22:BRANCHE07=O:BELØB=3:SÆSON=EJSÆSON,2017-06-01,909.0
DST:FIKS22:BRANCHE07=O:BELØB=3:SÆSON=EJSÆSON,2017-07-01,618.0
DST:FIKS22:BRANCHE07=O:BELØB=3:SÆSON=EJSÆSON,2017-08-01,906.0
DST:FIKS22:BRANCHE07=O:BELØB=3:SÆSON=EJSÆSON,2017-09-01,908.0
DST:FIKS22:BRANCHE07=O:BELØB=3:SÆSON=EJSÆSON,2017-10-01,1110.0
DST:FIKS22:BRANCHE07=O:BELØB=3:SÆSON=EJSÆSON,2017-11-01,797.0
DST:FIKS22:BRANCHE07=O:BELØB=3:SÆSON=EJSÆSON,2017-12-01,2350.0
DST:FIKS22:BRANCHE07=O:BELØB=3:SÆSON=EJSÆSON,2018-01-01,896.0
DST:FIKS22:BRANCHE07=O:BELØB=3:SÆSON=EJSÆSON,2018-02-01,843.0
DST:FIKS22:BRANCHE07=O:BELØB=3:SÆSON=EJSÆSON,2018-03-01,976.0
DST:FIKS22:BRANCHE07=O:BELØB=3:SÆSON=EJSÆSON,2018-04-01,854.0
DST:FIKS22:BRANCHE07=O:BELØB=3:SÆSON=EJSÆSON,2018-05-01,808.0
DST:FIKS22:BRANCHE07=O:BELØB=3:SÆSON=EJSÆSON,2018-06-01,968.0
DST:FIKS22:BRANCHE07=O:BELØB=3:SÆSON=EJSÆSON,2018-07-01,775.0
DST:FIKS22:BRANCHE07=O:BELØB=3:SÆSON=EJSÆSON,2018-08-01,817.0
DST:FIKS22:BRANCHE07=O:BELØB=3:SÆSON=EJSÆSON,2018-09-01,887.0
DST:FIKS22:BRANCHE07=O:BELØB=3:SÆSON=EJSÆSON,2018-10-01,911.0
DST:FIKS22:BRANCHE07=O:BELØB=3:SÆSON=EJSÆSON,2018-11-01,1091.0
DST:FIKS22:BRANCHE07=O:BELØB=3:SÆSON=EJSÆSON,2018-12-01,1757.0
DST:FIKS22:BRANCHE07=O:BELØB=3:SÆSON=EJSÆSON,2019-01-01,924.0
DST:FIKS22:BRANCHE07=O:BELØB=3:SÆSON=EJSÆSON,2019-02-01,735.0
DST:FIKS22:BRANCHE07=O:BELØB=3:SÆSON=EJSÆSON,2019-03-01,904.0
DST:FIKS22:BRANCHE07=O:BELØB=3:SÆSON=EJSÆSON,2019-04-01,832.0
DST:FIKS22:BRANCHE07=O:BELØB=3:SÆSON=EJSÆSON,2019-05-01,840.0
DST:FIKS22:BRANCHE07=O:BELØB=3:SÆSON=EJSÆSON,2019-06-01,851.0
DST:FIKS22:BRANCHE07=O:BELØB=3:SÆSON=EJSÆSON,2019-07-01,1136.0
DST:FIKS22:BRANCHE07=O:BELØB=3:SÆSON=EJSÆSON,2019-08-01,807.0
DST:FIKS22:BRANCHE07=O:BELØB=3:SÆSON=EJSÆSON,2019-09-01,857.0
DST:FIKS22:BRANCHE07=O:BELØB=3:SÆSON=EJSÆSON,2019-10-01,933.0
DST:FIKS22:BRANCHE07=O:BELØB=3:SÆSON=EJSÆSON,2019-11-01,1013.0
DST:FIKS22:BRANCHE07=O:BELØB=3:SÆSON=EJSÆSON,2019-12-01,1703.0
DST:FIKS22:BRANCHE07=O:BELØB=3:SÆSON=EJSÆSON,2020-01-01,1040.0
DST:FIKS22:BRANCHE07=O:BELØB=3:SÆSON=EJSÆSON,2020-02-01,813.0
DST:FIKS22:BRANCHE07=O:BELØB=3:SÆSON=EJSÆSON,2020-03-01,988.0
DST:FIKS22:BRANCHE07=O:BELØB=3:SÆSON=EJSÆSON,2020-04-01,986.0
DST:FIKS22:BRANCHE07=O:BELØB=3:SÆSON=EJSÆSON,2020-05-01,894.0
DST:FIKS22:BRANCHE07=O:BELØB=3:SÆSON=EJSÆSON,2020-06-01,1101.0
DST:FIKS22:BRANCHE07=O:BELØB=3:SÆSON=EJSÆSON,2020-07-01,783.0
DST:FIKS22:BRANCHE07=O:BELØB=3:SÆSON=EJSÆSON,2020-08-01,817.0
DST:FIKS22:BRANCHE07=O:BELØB=3:SÆSON=EJSÆSON,2020-09-01,935.0
DST:FIKS22:BRANCHE07=O:BELØB=3:SÆSON=EJSÆSON,2020-10-01,1107.0
DST:FIKS22:BRANCHE07=O:BELØB=3:SÆSON=EJSÆSON,2020-11-01,1121.0
DST:FIKS22:BRANCHE07=O:BELØB=3:SÆSON=EJSÆSON,2020-12-01,1880.0
DST:FIKS22:BRANCHE07=O:BELØB=3:SÆSON=EJSÆSON,2021-01-01,651.0
DST:FIKS22:BRANCHE07=O:BELØB=3:SÆSON=EJSÆSON,2021-02-01,625.0
DST:FIKS22:BRANCHE07=O:BELØB=3:SÆSON=EJSÆSON,2021-03-01,856.0
DST:FIKS22:BRANCHE07=O:BELØB=3:SÆSON=EJSÆSON,2021-04-01,710.0
DST:FIKS22:BRANCHE07=O:BELØB=3:SÆSON=EJSÆSON,2021-05-01,725.0
DST:FIKS22:BRANCHE07=O:BELØB=3:SÆSON=EJSÆSON,2021-06-01,809.0
DST:FIKS22:BRANCHE07=O:BELØB=3:SÆSON=EJSÆSON,2021-07-01,726.0
DST:FIKS22:BRANCHE07=O:BELØB=3:SÆSON=EJSÆSON,2021-08-01,691.0
DST:FIKS22:BRANCHE07=O:BELØB=3:SÆSON=EJSÆSON,2021-09-01,964.0
DST:FIKS22:BRANCHE07=O:BELØB=3:SÆSON=EJSÆSON,2021-10-01,822.0
DST:FIKS22:BRANCHE07=O:BELØB=3:SÆSON=EJSÆSON,2021-11-01,789.0
DST:FIKS22:BRANCHE07=O:BELØB=3:SÆSON=EJSÆSON,2021-12-01,1490.0
DST:FIKS22:BRANCHE07=O:BELØB=3:SÆSON=EJSÆSON,2022-01-01,752.0
DST:FIKS22:BRANCHE07=O:BELØB=3:SÆSON=EJSÆSON,2022-02-01,500.0
DST:FIKS22:BRANCHE07=O:BELØB=3:SÆSON=EJSÆSON,2022-03-01,640.0
DST:FIKS22:BRANCHE07=O:BELØB=3:SÆSON=EJSÆSON,2022-04-01,599.0
DST:FIKS22:BRANCHE07=O:BELØB=3:SÆSON=EJSÆSON,2022-05-01,636.0
DST:FIKS22:BRANCHE07=O:BELØB=3:SÆSON=EJSÆSON,2022-06-01,659.0
DST:FIKS22:BRANCHE07=O:BELØB=3:SÆSON=EJSÆSON,2022-07-01,526.0
DST:FIKS22:BRANCHE07=O:BELØB=3:SÆSON=EJSÆSON,2022-08-01,636.0
DST:FIKS22:BRANCHE07=O:BELØB=3:SÆSON=EJSÆSON,2022-09-01,744.0
DST:FIKS22:BRANCHE07=O:BELØB=3:SÆSON=EJSÆSON,2022-10-01,730.0
DST:FIKS22:BRANCHE07=O:BELØB=3:SÆSON=EJSÆSON,2022-11-01,655.0
DST:FIKS22:BRANCHE07=O:BELØB=3:SÆSON=EJSÆSON,2022-12-01,1150.0
DST:FIKS22:BRANCHE07=O:BELØB=3:SÆSON=EJSÆSON,2023-01-01,518.0
DST:FIKS22:BRANCHE07=O:BELØB=3:SÆSON=EJSÆSON,2023-02-01,634.0
DST:FIKS22:BRANCHE07=O:BELØB=3:SÆSON=EJSÆSON,2023-03-01,673.0
DST:FIKS22:BRANCHE07=O:BELØB=3:SÆSON=EJSÆSON,2023-04-01,627.0
DST:FIKS22:BRANCHE07=O:BELØB=3:SÆSON=EJSÆSON,2023-05-01,625.0
DST:FIKS22:BRANCHE07=O:BELØB=3:SÆSON=EJSÆSON,2023-06-01,658.0
DST:FIKS22:BRANCHE07=O:BELØB=3:SÆSON=EJSÆSON,2023-07-01,548.0
DST:FIKS22:BRANCHE07=O:BELØB=3:SÆSON=EJSÆSON,2023-08-01,537.0
DST:FIKS22:BRANCHE07=O:BELØB=3:SÆSON=EJSÆSON,2023-09-01,601.0
DST:FIKS22:BRANCHE07=O:BELØB=3:SÆSON=EJSÆSON,2023-10-01,790.0
DST:FIKS22:BRANCHE07=O:BELØB=3:SÆSON=EJSÆSON,2023-11-01,734.0
DST:FIKS22:BRANCHE07=O:BELØB=3:SÆSON=EJSÆSON,2023-12-01,1368.0
DST:FIKS22:BRANCHE07=O:BELØB=3:SÆSON=EJSÆSON,2024-01-01,795.0
DST:FIKS22:BRANCHE07=O:BELØB=3:SÆSON=EJSÆSON,2024-02-01,785.0
DST:FIKS22:BRANCHE07=O:BELØB=3:SÆSON=EJSÆSON,2024-03-01,843.0
DST:FIKS22:BRANCHE07=O:BELØB=3:SÆSON=EJSÆSON,2024-04-01,887.0
DST:FIKS22:BRANCHE07=O:BELØB=3:SÆSON=EJSÆSON,2024-05-01,850.0
DST:FIKS22:BRANCHE07=O:BELØB=3:SÆSON=EJSÆSON,2024-06-01,715.0
DST:FIKS22:BRANCHE07=O:BELØB=3:SÆSON=EJSÆSON,2024-07-01,699.0
DST:FIKS22:BRANCHE07=O:BELØB=3:SÆSON=EJSÆSON,2024-08-01,737.0
DST:FIKS22:BRANCHE07=O:BELØB=3:SÆSON=EJSÆSON,2024-09-01,837.0
DST:FIKS22:BRANCHE07=O:BELØB=3:SÆSON=EJSÆSON,2024-10-01,964.0
DST:FIKS22:BRANCHE07=O:BELØB=3:SÆSON=EJSÆSON,2024-11-01,913.0
DST:FIKS22:BRANCHE07=O:BELØB=3:SÆSON=EJSÆSON,2024-12-01,1391.0
DST:FIKS22:BRANCHE07=O:BELØB=3:SÆSON=EJSÆSON,2025-01-01,731.0
DST:FIKS22:BRANCHE07=O:BELØB=3:SÆSON=EJSÆSON,2025-02-01,715.0
DST:FIKS22:BRANCHE07=O:BELØB=3:SÆSON=EJSÆSON,2025-03-01,726.0
DST:FIKS22:BRANCHE07=O:BELØB=3:SÆSON=EJSÆSON,2025-04-01,748.0
DST:FIKS22:BRANCHE07=O:BELØB=3:SÆSON=EJSÆSON,2025-05-01,808.0
DST:FIKS22:BRANCHE07=O:BELØB=3:SÆSON=EJSÆSON,2025-06-01,841.0
DST:FIKS22:BRANCHE07=O:BELØB=3:SÆSON=EJSÆSON,2025-07-01,615.0
DST:FIKS22:BRANCHE07=O:BELØB=3:SÆSON=EJSÆSON,2025-08-01,707.0
DST:FIKS22:BRANCHE07=O:BELØB=3:SÆSON=EJSÆSON,2025-09-01,842.0
DST:FIKS22:BRANCHE07=O:BELØB=3:SÆSON=EJSÆSON,2025-10-01,799.0
DST:FIKS22:BRANCHE07=O:BELØB=3:SÆSON=EJSÆSON,2025-11-01,851.0
DST:FIKS22:BRANCHE07=O:BELØB=3:SÆSON=EJSÆSON,2025-12-01,1528.0
DST:FIKS22:BRANCHE07=O:BELØB=3:SÆSON=EJSÆSON,2026-01-01,759.0
DST:FIKS22:BRANCHE07=O:BELØB=3:SÆSON=EJSÆSON,2026-02-01,806.0
DST:FIKS22:BRANCHE07=O:BELØB=3:SÆSON=EJSÆSON,2026-03-01,858.0
DST:FIKS22:BRANCHE07=O:BELØB=3:SÆSON=SÆSON,2009-01-01,1771.0
DST:FIKS22:BRANCHE07=O:BELØB=3:SÆSON=SÆSON,2009-02-01,1626.0
DST:FIKS22:BRANCHE07=O:BELØB=3:SÆSON=SÆSON,2009-03-01,1619.0
DST:FIKS22:BRANCHE07=O:BELØB=3:SÆSON=SÆSON,2009-04-01,1408.0
DST:FIKS22:BRANCHE07=O:BELØB=3:SÆSON=SÆSON,2009-05-01,1495.0
DST:FIKS22:BRANCHE07=O:BELØB=3:SÆSON=SÆSON,2009-06-01,1298.0
DST:FIKS22:BRANCHE07=O:BELØB=3:SÆSON=SÆSON,2009-07-01,1447.0
DST:FIKS22:BRANCHE07=O:BELØB=3:SÆSON=SÆSON,2009-08-01,1317.0
DST:FIKS22:BRANCHE07=O:BELØB=3:SÆSON=SÆSON,2009-09-01,1377.0
DST:FIKS22:BRANCHE07=O:BELØB=3:SÆSON=SÆSON,2009-10-01,1389.0
DST:FIKS22:BRANCHE07=O:BELØB=3:SÆSON=SÆSON,2009-11-01,1363.0
DST:FIKS22:BRANCHE07=O:BELØB=3:SÆSON=SÆSON,2009-12-01,1179.0
DST:FIKS22:BRANCHE07=O:BELØB=3:SÆSON=SÆSON,2010-01-01,1211.0
DST:FIKS22:BRANCHE07=O:BELØB=3:SÆSON=SÆSON,2010-02-01,1114.0
DST:FIKS22:BRANCHE07=O:BELØB=3:SÆSON=SÆSON,2010-03-01,1156.0
DST:FIKS22:BRANCHE07=O:BELØB=3:SÆSON=SÆSON,2010-04-01,1035.0
DST:FIKS22:BRANCHE07=O:BELØB=3:SÆSON=SÆSON,2010-05-01,1104.0
DST:FIKS22:BRANCHE07=O:BELØB=3:SÆSON=SÆSON,2010-06-01,861.0
DST:FIKS22:BRANCHE07=O:BELØB=3:SÆSON=SÆSON,2010-07-01,1032.0
DST:FIKS22:BRANCHE07=O:BELØB=3:SÆSON=SÆSON,2010-08-01,943.0
DST:FIKS22:BRANCHE07=O:BELØB=3:SÆSON=SÆSON,2010-09-01,957.0
DST:FIKS22:BRANCHE07=O:BELØB=3:SÆSON=SÆSON,2010-10-01,944.0
DST:FIKS22:BRANCHE07=O:BELØB=3:SÆSON=SÆSON,2010-11-01,899.0
DST:FIKS22:BRANCHE07=O:BELØB=3:SÆSON=SÆSON,2010-12-01,1032.0
DST:FIKS22:BRANCHE07=O:BELØB=3:SÆSON=SÆSON,2011-01-01,990.0
DST:FIKS22:BRANCHE07=O:BELØB=3:SÆSON=SÆSON,2011-02-01,1006.0
DST:FIKS22:BRANCHE07=O:BELØB=3:SÆSON=SÆSON,2011-03-01,987.0
DST:FIKS22:BRANCHE07=O:BELØB=3:SÆSON=SÆSON,2011-04-01,1093.0
DST:FIKS22:BRANCHE07=O:BELØB=3:SÆSON=SÆSON,2011-05-01,999.0
DST:FIKS22:BRANCHE07=O:BELØB=3:SÆSON=SÆSON,2011-06-01,1120.0
DST:FIKS22:BRANCHE07=O:BELØB=3:SÆSON=SÆSON,2011-07-01,787.0
DST:FIKS22:BRANCHE07=O:BELØB=3:SÆSON=SÆSON,2011-08-01,1108.0
DST:FIKS22:BRANCHE07=O:BELØB=3:SÆSON=SÆSON,2011-09-01,1013.0
DST:FIKS22:BRANCHE07=O:BELØB=3:SÆSON=SÆSON,2011-10-01,1004.0
DST:FIKS22:BRANCHE07=O:BELØB=3:SÆSON=SÆSON,2011-11-01,1033.0
DST:FIKS22:BRANCHE07=O:BELØB=3:SÆSON=SÆSON,2011-12-01,877.0
DST:FIKS22:BRANCHE07=O:BELØB=3:SÆSON=SÆSON,2012-01-01,1256.0
DST:FIKS22:BRANCHE07=O:BELØB=3:SÆSON=SÆSON,2012-02-01,918.0
DST:FIKS22:BRANCHE07=O:BELØB=3:SÆSON=SÆSON,2012-03-01,1261.0
DST:FIKS22:BRANCHE07=O:BELØB=3:SÆSON=SÆSON,2012-04-01,1022.0
DST:FIKS22:BRANCHE07=O:BELØB=3:SÆSON=SÆSON,2012-05-01,1014.0
DST:FIKS22:BRANCHE07=O:BELØB=3:SÆSON=SÆSON,2012-06-01,1148.0
DST:FIKS22:BRANCHE07=O:BELØB=3:SÆSON=SÆSON,2012-07-01,1096.0
DST:FIKS22:BRANCHE07=O:BELØB=3:SÆSON=SÆSON,2012-08-01,1153.0
DST:FIKS22:BRANCHE07=O:BELØB=3:SÆSON=SÆSON,2012-09-01,1175.0
DST:FIKS22:BRANCHE07=O:BELØB=3:SÆSON=SÆSON,2012-10-01,1111.0
DST:FIKS22:BRANCHE07=O:BELØB=3:SÆSON=SÆSON,2012-11-01,1169.0
DST:FIKS22:BRANCHE07=O:BELØB=3:SÆSON=SÆSON,2012-12-01,1130.0
DST:FIKS22:BRANCHE07=O:BELØB=3:SÆSON=SÆSON,2013-01-01,816.0
DST:FIKS22:BRANCHE07=O:BELØB=3:SÆSON=SÆSON,2013-02-01,1240.0
DST:FIKS22:BRANCHE07=O:BELØB=3:SÆSON=SÆSON,2013-03-01,1110.0
DST:FIKS22:BRANCHE07=O:BELØB=3:SÆSON=SÆSON,2013-04-01,1253.0
DST:FIKS22:BRANCHE07=O:BELØB=3:SÆSON=SÆSON,2013-05-01,1125.0
DST:FIKS22:BRANCHE07=O:BELØB=3:SÆSON=SÆSON,2013-06-01,1129.0
DST:FIKS22:BRANCHE07=O:BELØB=3:SÆSON=SÆSON,2013-07-01,1147.0
DST:FIKS22:BRANCHE07=O:BELØB=3:SÆSON=SÆSON,2013-08-01,1027.0
DST:FIKS22:BRANCHE07=O:BELØB=3:SÆSON=SÆSON,2013-09-01,1038.0
DST:FIKS22:BRANCHE07=O:BELØB=3:SÆSON=SÆSON,2013-10-01,1077.0
DST:FIKS22:BRANCHE07=O:BELØB=3:SÆSON=SÆSON,2013-11-01,1018.0
DST:FIKS22:BRANCHE07=O:BELØB=3:SÆSON=SÆSON,2013-12-01,1017.0
DST:FIKS22:BRANCHE07=O:BELØB=3:SÆSON=SÆSON,2014-01-01,996.0
DST:FIKS22:BRANCHE07=O:BELØB=3:SÆSON=SÆSON,2014-02-01,1122.0
DST:FIKS22:BRANCHE07=O:BELØB=3:SÆSON=SÆSON,2014-03-01,1080.0
DST:FIKS22:BRANCHE07=O:BELØB=3:SÆSON=SÆSON,2014-04-01,1040.0
DST:FIKS22:BRANCHE07=O:BELØB=3:SÆSON=SÆSON,2014-05-01,1071.0
DST:FIKS22:BRANCHE07=O:BELØB=3:SÆSON=SÆSON,2014-06-01,988.0
DST:FIKS22:BRANCHE07=O:BELØB=3:SÆSON=SÆSON,2014-07-01,949.0
DST:FIKS22:BRANCHE07=O:BELØB=3:SÆSON=SÆSON,2014-08-01,995.0
DST:FIKS22:BRANCHE07=O:BELØB=3:SÆSON=SÆSON,2014-09-01,1010.0
DST:FIKS22:BRANCHE07=O:BELØB=3:SÆSON=SÆSON,2014-10-01,946.0
DST:FIKS22:BRANCHE07=O:BELØB=3:SÆSON=SÆSON,2014-11-01,941.0
DST:FIKS22:BRANCHE07=O:BELØB=3:SÆSON=SÆSON,2014-12-01,1051.0
DST:FIKS22:BRANCHE07=O:BELØB=3:SÆSON=SÆSON,2015-01-01,1389.0
DST:FIKS22:BRANCHE07=O:BELØB=3:SÆSON=SÆSON,2015-02-01,1018.0
DST:FIKS22:BRANCHE07=O:BELØB=3:SÆSON=SÆSON,2015-03-01,1095.0
DST:FIKS22:BRANCHE07=O:BELØB=3:SÆSON=SÆSON,2015-04-01,1113.0
DST:FIKS22:BRANCHE07=O:BELØB=3:SÆSON=SÆSON,2015-05-01,1071.0
DST:FIKS22:BRANCHE07=O:BELØB=3:SÆSON=SÆSON,2015-06-01,1155.0
DST:FIKS22:BRANCHE07=O:BELØB=3:SÆSON=SÆSON,2015-07-01,1193.0
DST:FIKS22:BRANCHE07=O:BELØB=3:SÆSON=SÆSON,2015-08-01,1052.0
DST:FIKS22:BRANCHE07=O:BELØB=3:SÆSON=SÆSON,2015-09-01,1054.0
DST:FIKS22:BRANCHE07=O:BELØB=3:SÆSON=SÆSON,2015-10-01,1078.0
DST:FIKS22:BRANCHE07=O:BELØB=3:SÆSON=SÆSON,2015-11-01,1430.0
DST:FIKS22:BRANCHE07=O:BELØB=3:SÆSON=SÆSON,2015-12-01,2160.0
DST:FIKS22:BRANCHE07=O:BELØB=3:SÆSON=SÆSON,2016-01-01,984.0
DST:FIKS22:BRANCHE07=O:BELØB=3:SÆSON=SÆSON,2016-02-01,1147.0
DST:FIKS22:BRANCHE07=O:BELØB=3:SÆSON=SÆSON,2016-03-01,933.0
DST:FIKS22:BRANCHE07=O:BELØB=3:SÆSON=SÆSON,2016-04-01,999.0
DST:FIKS22:BRANCHE07=O:BELØB=3:SÆSON=SÆSON,2016-05-01,1124.0
DST:FIKS22:BRANCHE07=O:BELØB=3:SÆSON=SÆSON,2016-06-01,1050.0
DST:FIKS22:BRANCHE07=O:BELØB=3:SÆSON=SÆSON,2016-07-01,892.0
DST:FIKS22:BRANCHE07=O:BELØB=3:SÆSON=SÆSON,2016-08-01,995.0
DST:FIKS22:BRANCHE07=O:BELØB=3:SÆSON=SÆSON,2016-09-01,1034.0
DST:FIKS22:BRANCHE07=O:BELØB=3:SÆSON=SÆSON,2016-10-01,1156.0
DST:FIKS22:BRANCHE07=O:BELØB=3:SÆSON=SÆSON,2016-11-01,1108.0
DST:FIKS22:BRANCHE07=O:BELØB=3:SÆSON=SÆSON,2016-12-01,907.0
DST:FIKS22:BRANCHE07=O:BELØB=3:SÆSON=SÆSON,2017-01-01,1108.0
DST:FIKS22:BRANCHE07=O:BELØB=3:SÆSON=SÆSON,2017-02-01,849.0
DST:FIKS22:BRANCHE07=O:BELØB=3:SÆSON=SÆSON,2017-03-01,1055.0
DST:FIKS22:BRANCHE07=O:BELØB=3:SÆSON=SÆSON,2017-04-01,742.0
DST:FIKS22:BRANCHE07=O:BELØB=3:SÆSON=SÆSON,2017-05-01,1224.0
DST:FIKS22:BRANCHE07=O:BELØB=3:SÆSON=SÆSON,2017-06-01,921.0
DST:FIKS22:BRANCHE07=O:BELØB=3:SÆSON=SÆSON,2017-07-01,889.0
DST:FIKS22:BRANCHE07=O:BELØB=3:SÆSON=SÆSON,2017-08-01,1104.0
DST:FIKS22:BRANCHE07=O:BELØB=3:SÆSON=SÆSON,2017-09-01,1017.0
DST:FIKS22:BRANCHE07=O:BELØB=3:SÆSON=SÆSON,2017-10-01,1060.0
DST:FIKS22:BRANCHE07=O:BELØB=3:SÆSON=SÆSON,2017-11-01,712.0
DST:FIKS22:BRANCHE07=O:BELØB=3:SÆSON=SÆSON,2017-12-01,1332.0
DST:FIKS22:BRANCHE07=O:BELØB=3:SÆSON=SÆSON,2018-01-01,917.0
DST:FIKS22:BRANCHE07=O:BELØB=3:SÆSON=SÆSON,2018-02-01,1009.0
DST:FIKS22:BRANCHE07=O:BELØB=3:SÆSON=SÆSON,2018-03-01,978.0
DST:FIKS22:BRANCHE07=O:BELØB=3:SÆSON=SÆSON,2018-04-01,932.0
DST:FIKS22:BRANCHE07=O:BELØB=3:SÆSON=SÆSON,2018-05-01,891.0
DST:FIKS22:BRANCHE07=O:BELØB=3:SÆSON=SÆSON,2018-06-01,991.0
DST:FIKS22:BRANCHE07=O:BELØB=3:SÆSON=SÆSON,2018-07-01,1075.0
DST:FIKS22:BRANCHE07=O:BELØB=3:SÆSON=SÆSON,2018-08-01,975.0
DST:FIKS22:BRANCHE07=O:BELØB=3:SÆSON=SÆSON,2018-09-01,974.0
DST:FIKS22:BRANCHE07=O:BELØB=3:SÆSON=SÆSON,2018-10-01,868.0
DST:FIKS22:BRANCHE07=O:BELØB=3:SÆSON=SÆSON,2018-11-01,977.0
DST:FIKS22:BRANCHE07=O:BELØB=3:SÆSON=SÆSON,2018-12-01,976.0
DST:FIKS22:BRANCHE07=O:BELØB=3:SÆSON=SÆSON,2019-01-01,940.0
DST:FIKS22:BRANCHE07=O:BELØB=3:SÆSON=SÆSON,2019-02-01,913.0
DST:FIKS22:BRANCHE07=O:BELØB=3:SÆSON=SÆSON,2019-03-01,923.0
DST:FIKS22:BRANCHE07=O:BELØB=3:SÆSON=SÆSON,2019-04-01,928.0
DST:FIKS22:BRANCHE07=O:BELØB=3:SÆSON=SÆSON,2019-05-01,947.0
DST:FIKS22:BRANCHE07=O:BELØB=3:SÆSON=SÆSON,2019-06-01,872.0
DST:FIKS22:BRANCHE07=O:BELØB=3:SÆSON=SÆSON,2019-07-01,1516.0
DST:FIKS22:BRANCHE07=O:BELØB=3:SÆSON=SÆSON,2019-08-01,951.0
DST:FIKS22:BRANCHE07=O:BELØB=3:SÆSON=SÆSON,2019-09-01,917.0
DST:FIKS22:BRANCHE07=O:BELØB=3:SÆSON=SÆSON,2019-10-01,892.0
DST:FIKS22:BRANCHE07=O:BELØB=3:SÆSON=SÆSON,2019-11-01,926.0
DST:FIKS22:BRANCHE07=O:BELØB=3:SÆSON=SÆSON,2019-12-01,930.0
DST:FIKS22:BRANCHE07=O:BELØB=3:SÆSON=SÆSON,2020-01-01,1059.0
DST:FIKS22:BRANCHE07=O:BELØB=3:SÆSON=SÆSON,2020-02-01,1039.0
DST:FIKS22:BRANCHE07=O:BELØB=3:SÆSON=SÆSON,2020-03-01,1019.0
DST:FIKS22:BRANCHE07=O:BELØB=3:SÆSON=SÆSON,2020-04-01,1113.0
DST:FIKS22:BRANCHE07=O:BELØB=3:SÆSON=SÆSON,2020-05-01,1016.0
DST:FIKS22:BRANCHE07=O:BELØB=3:SÆSON=SÆSON,2020-06-01,1130.0
DST:FIKS22:BRANCHE07=O:BELØB=3:SÆSON=SÆSON,2020-07-01,1005.0
DST:FIKS22:BRANCHE07=O:BELØB=3:SÆSON=SÆSON,2020-08-01,959.0
DST:FIKS22:BRANCHE07=O:BELØB=3:SÆSON=SÆSON,2020-09-01,983.0
DST:FIKS22:BRANCHE07=O:BELØB=3:SÆSON=SÆSON,2020-10-01,1060.0
DST:FIKS22:BRANCHE07=O:BELØB=3:SÆSON=SÆSON,2020-11-01,1060.0
DST:FIKS22:BRANCHE07=O:BELØB=3:SÆSON=SÆSON,2020-12-01,1022.0
DST:FIKS22:BRANCHE07=O:BELØB=3:SÆSON=SÆSON,2021-01-01,665.0
DST:FIKS22:BRANCHE07=O:BELØB=3:SÆSON=SÆSON,2021-02-01,792.0
DST:FIKS22:BRANCHE07=O:BELØB=3:SÆSON=SÆSON,2021-03-01,895.0
DST:FIKS22:BRANCHE07=O:BELØB=3:SÆSON=SÆSON,2021-04-01,798.0
DST:FIKS22:BRANCHE07=O:BELØB=3:SÆSON=SÆSON,2021-05-01,819.0
DST:FIKS22:BRANCHE07=O:BELØB=3:SÆSON=SÆSON,2021-06-01,828.0
DST:FIKS22:BRANCHE07=O:BELØB=3:SÆSON=SÆSON,2021-07-01,918.0
DST:FIKS22:BRANCHE07=O:BELØB=3:SÆSON=SÆSON,2021-08-01,817.0
DST:FIKS22:BRANCHE07=O:BELØB=3:SÆSON=SÆSON,2021-09-01,1000.0
DST:FIKS22:BRANCHE07=O:BELØB=3:SÆSON=SÆSON,2021-10-01,778.0
DST:FIKS22:BRANCHE07=O:BELØB=3:SÆSON=SÆSON,2021-11-01,763.0
DST:FIKS22:BRANCHE07=O:BELØB=3:SÆSON=SÆSON,2021-12-01,820.0
DST:FIKS22:BRANCHE07=O:BELØB=3:SÆSON=SÆSON,2022-01-01,777.0
DST:FIKS22:BRANCHE07=O:BELØB=3:SÆSON=SÆSON,2022-02-01,621.0
DST:FIKS22:BRANCHE07=O:BELØB=3:SÆSON=SÆSON,2022-03-01,673.0
DST:FIKS22:BRANCHE07=O:BELØB=3:SÆSON=SÆSON,2022-04-01,667.0
DST:FIKS22:BRANCHE07=O:BELØB=3:SÆSON=SÆSON,2022-05-01,703.0
DST:FIKS22:BRANCHE07=O:BELØB=3:SÆSON=SÆSON,2022-06-01,673.0
DST:FIKS22:BRANCHE07=O:BELØB=3:SÆSON=SÆSON,2022-07-01,664.0
DST:FIKS22:BRANCHE07=O:BELØB=3:SÆSON=SÆSON,2022-08-01,756.0
DST:FIKS22:BRANCHE07=O:BELØB=3:SÆSON=SÆSON,2022-09-01,767.0
DST:FIKS22:BRANCHE07=O:BELØB=3:SÆSON=SÆSON,2022-10-01,686.0
DST:FIKS22:BRANCHE07=O:BELØB=3:SÆSON=SÆSON,2022-11-01,646.0
DST:FIKS22:BRANCHE07=O:BELØB=3:SÆSON=SÆSON,2022-12-01,643.0
DST:FIKS22:BRANCHE07=O:BELØB=3:SÆSON=SÆSON,2023-01-01,544.0
DST:FIKS22:BRANCHE07=O:BELØB=3:SÆSON=SÆSON,2023-02-01,761.0
DST:FIKS22:BRANCHE07=O:BELØB=3:SÆSON=SÆSON,2023-03-01,710.0
DST:FIKS22:BRANCHE07=O:BELØB=3:SÆSON=SÆSON,2023-04-01,690.0
DST:FIKS22:BRANCHE07=O:BELØB=3:SÆSON=SÆSON,2023-05-01,679.0
DST:FIKS22:BRANCHE07=O:BELØB=3:SÆSON=SÆSON,2023-06-01,672.0
DST:FIKS22:BRANCHE07=O:BELØB=3:SÆSON=SÆSON,2023-07-01,696.0
DST:FIKS22:BRANCHE07=O:BELØB=3:SÆSON=SÆSON,2023-08-01,638.0
DST:FIKS22:BRANCHE07=O:BELØB=3:SÆSON=SÆSON,2023-09-01,615.0
DST:FIKS22:BRANCHE07=O:BELØB=3:SÆSON=SÆSON,2023-10-01,743.0
DST:FIKS22:BRANCHE07=O:BELØB=3:SÆSON=SÆSON,2023-11-01,729.0
DST:FIKS22:BRANCHE07=O:BELØB=3:SÆSON=SÆSON,2023-12-01,778.0
DST:FIKS22:BRANCHE07=O:BELØB=3:SÆSON=SÆSON,2024-01-01,855.0
DST:FIKS22:BRANCHE07=O:BELØB=3:SÆSON=SÆSON,2024-02-01,912.0
DST:FIKS22:BRANCHE07=O:BELØB=3:SÆSON=SÆSON,2024-03-01,887.0
DST:FIKS22:BRANCHE07=O:BELØB=3:SÆSON=SÆSON,2024-04-01,961.0
DST:FIKS22:BRANCHE07=O:BELØB=3:SÆSON=SÆSON,2024-05-01,903.0
DST:FIKS22:BRANCHE07=O:BELØB=3:SÆSON=SÆSON,2024-06-01,729.0
DST:FIKS22:BRANCHE07=O:BELØB=3:SÆSON=SÆSON,2024-07-01,895.0
DST:FIKS22:BRANCHE07=O:BELØB=3:SÆSON=SÆSON,2024-08-01,880.0
DST:FIKS22:BRANCHE07=O:BELØB=3:SÆSON=SÆSON,2024-09-01,858.0
DST:FIKS22:BRANCHE07=O:BELØB=3:SÆSON=SÆSON,2024-10-01,914.0
DST:FIKS22:BRANCHE07=O:BELØB=3:SÆSON=SÆSON,2024-11-01,909.0
DST:FIKS22:BRANCHE07=O:BELØB=3:SÆSON=SÆSON,2024-12-01,801.0
DST:FIKS22:BRANCHE07=O:BELØB=3:SÆSON=SÆSON,2025-01-01,798.0
DST:FIKS22:BRANCHE07=O:BELØB=3:SÆSON=SÆSON,2025-02-01,807.0
DST:FIKS22:BRANCHE07=O:BELØB=3:SÆSON=SÆSON,2025-03-01,761.0
DST:FIKS22:BRANCHE07=O:BELØB=3:SÆSON=SÆSON,2025-04-01,798.0
DST:FIKS22:BRANCHE07=O:BELØB=3:SÆSON=SÆSON,2025-05-01,849.0
DST:FIKS22:BRANCHE07=O:BELØB=3:SÆSON=SÆSON,2025-06-01,856.0
DST:FIKS22:BRANCHE07=O:BELØB=3:SÆSON=SÆSON,2025-07-01,797.0
DST:FIKS22:BRANCHE07=O:BELØB=3:SÆSON=SÆSON,2025-08-01,850.0
DST:FIKS22:BRANCHE07=O:BELØB=3:SÆSON=SÆSON,2025-09-01,868.0
DST:FIKS22:BRANCHE07=O:BELØB=3:SÆSON=SÆSON,2025-10-01,759.0
DST:FIKS22:BRANCHE07=O:BELØB=3:SÆSON=SÆSON,2025-11-01,839.0
DST:FIKS22:BRANCHE07=O:BELØB=3:SÆSON=SÆSON,2025-12-01,883.0
DST:FIKS22:BRANCHE07=O:BELØB=3:SÆSON=SÆSON,2026-01-01,839.0
DST:FIKS22:BRANCHE07=O:BELØB=3:SÆSON=SÆSON,2026-02-01,902.0
DST:FIKS22:BRANCHE07=O:BELØB=3:SÆSON=SÆSON,2026-03-01,899.0
DST:FIKS22:BRANCHE07=O:BELØB=4:SÆSON=EJSÆSON,2009-01-01,3036.0
DST:FIKS22:BRANCHE07=O:BELØB=4:SÆSON=EJSÆSON,2009-02-01,2647.0
DST:FIKS22:BRANCHE07=O:BELØB=4:SÆSON=EJSÆSON,2009-03-01,2359.0
DST:FIKS22:BRANCHE07=O:BELØB=4:SÆSON=EJSÆSON,2009-04-01,2058.0
DST:FIKS22:BRANCHE07=O:BELØB=4:SÆSON=EJSÆSON,2009-05-01,1388.0
DST:FIKS22:BRANCHE07=O:BELØB=4:SÆSON=EJSÆSON,2009-06-01,1568.0
DST:FIKS22:BRANCHE07=O:BELØB=4:SÆSON=EJSÆSON,2009-07-01,1812.0
DST:FIKS22:BRANCHE07=O:BELØB=4:SÆSON=EJSÆSON,2009-08-01,1945.0
DST:FIKS22:BRANCHE07=O:BELØB=4:SÆSON=EJSÆSON,2009-09-01,1752.0
DST:FIKS22:BRANCHE07=O:BELØB=4:SÆSON=EJSÆSON,2009-10-01,1997.0
DST:FIKS22:BRANCHE07=O:BELØB=4:SÆSON=EJSÆSON,2009-11-01,1050.0
DST:FIKS22:BRANCHE07=O:BELØB=4:SÆSON=EJSÆSON,2009-12-01,2084.0
DST:FIKS22:BRANCHE07=O:BELØB=4:SÆSON=EJSÆSON,2010-01-01,2570.0
DST:FIKS22:BRANCHE07=O:BELØB=4:SÆSON=EJSÆSON,2010-02-01,1818.0
DST:FIKS22:BRANCHE07=O:BELØB=4:SÆSON=EJSÆSON,2010-03-01,1206.0
DST:FIKS22:BRANCHE07=O:BELØB=4:SÆSON=EJSÆSON,2010-04-01,1325.0
DST:FIKS22:BRANCHE07=O:BELØB=4:SÆSON=EJSÆSON,2010-05-01,1274.0
DST:FIKS22:BRANCHE07=O:BELØB=4:SÆSON=EJSÆSON,2010-06-01,1231.0
DST:FIKS22:BRANCHE07=O:BELØB=4:SÆSON=EJSÆSON,2010-07-01,1479.0
DST:FIKS22:BRANCHE07=O:BELØB=4:SÆSON=EJSÆSON,2010-08-01,1518.0
DST:FIKS22:BRANCHE07=O:BELØB=4:SÆSON=EJSÆSON,2010-09-01,1591.0
DST:FIKS22:BRANCHE07=O:BELØB=4:SÆSON=EJSÆSON,2010-10-01,1252.0
DST:FIKS22:BRANCHE07=O:BELØB=4:SÆSON=EJSÆSON,2010-11-01,1175.0
DST:FIKS22:BRANCHE07=O:BELØB=4:SÆSON=EJSÆSON,2010-12-01,1808.0
DST:FIKS22:BRANCHE07=O:BELØB=4:SÆSON=EJSÆSON,2011-01-01,1945.0
DST:FIKS22:BRANCHE07=O:BELØB=4:SÆSON=EJSÆSON,2011-02-01,1444.0
DST:FIKS22:BRANCHE07=O:BELØB=4:SÆSON=EJSÆSON,2011-03-01,1392.0
DST:FIKS22:BRANCHE07=O:BELØB=4:SÆSON=EJSÆSON,2011-04-01,1149.0
DST:FIKS22:BRANCHE07=O:BELØB=4:SÆSON=EJSÆSON,2011-05-01,1077.0
DST:FIKS22:BRANCHE07=O:BELØB=4:SÆSON=EJSÆSON,2011-06-01,1107.0
DST:FIKS22:BRANCHE07=O:BELØB=4:SÆSON=EJSÆSON,2011-07-01,1504.0
DST:FIKS22:BRANCHE07=O:BELØB=4:SÆSON=EJSÆSON,2011-08-01,1869.0
DST:FIKS22:BRANCHE07=O:BELØB=4:SÆSON=EJSÆSON,2011-09-01,1367.0
DST:FIKS22:BRANCHE07=O:BELØB=4:SÆSON=EJSÆSON,2011-10-01,1186.0
DST:FIKS22:BRANCHE07=O:BELØB=4:SÆSON=EJSÆSON,2011-11-01,1179.0
DST:FIKS22:BRANCHE07=O:BELØB=4:SÆSON=EJSÆSON,2011-12-01,1524.0
DST:FIKS22:BRANCHE07=O:BELØB=4:SÆSON=EJSÆSON,2012-01-01,2185.0
DST:FIKS22:BRANCHE07=O:BELØB=4:SÆSON=EJSÆSON,2012-02-01,1722.0
DST:FIKS22:BRANCHE07=O:BELØB=4:SÆSON=EJSÆSON,2012-03-01,1304.0
DST:FIKS22:BRANCHE07=O:BELØB=4:SÆSON=EJSÆSON,2012-04-01,1311.0
DST:FIKS22:BRANCHE07=O:BELØB=4:SÆSON=EJSÆSON,2012-05-01,928.0
DST:FIKS22:BRANCHE07=O:BELØB=4:SÆSON=EJSÆSON,2012-06-01,1147.0
DST:FIKS22:BRANCHE07=O:BELØB=4:SÆSON=EJSÆSON,2012-07-01,1918.0
DST:FIKS22:BRANCHE07=O:BELØB=4:SÆSON=EJSÆSON,2012-08-01,1480.0
DST:FIKS22:BRANCHE07=O:BELØB=4:SÆSON=EJSÆSON,2012-09-01,1110.0
DST:FIKS22:BRANCHE07=O:BELØB=4:SÆSON=EJSÆSON,2012-10-01,1133.0
DST:FIKS22:BRANCHE07=O:BELØB=4:SÆSON=EJSÆSON,2012-11-01,1069.0
DST:FIKS22:BRANCHE07=O:BELØB=4:SÆSON=EJSÆSON,2012-12-01,1956.0
DST:FIKS22:BRANCHE07=O:BELØB=4:SÆSON=EJSÆSON,2013-01-01,2008.0
DST:FIKS22:BRANCHE07=O:BELØB=4:SÆSON=EJSÆSON,2013-02-01,1573.0
DST:FIKS22:BRANCHE07=O:BELØB=4:SÆSON=EJSÆSON,2013-03-01,1245.0
DST:FIKS22:BRANCHE07=O:BELØB=4:SÆSON=EJSÆSON,2013-04-01,1348.0
DST:FIKS22:BRANCHE07=O:BELØB=4:SÆSON=EJSÆSON,2013-05-01,1265.0
DST:FIKS22:BRANCHE07=O:BELØB=4:SÆSON=EJSÆSON,2013-06-01,1206.0
DST:FIKS22:BRANCHE07=O:BELØB=4:SÆSON=EJSÆSON,2013-07-01,1649.0
DST:FIKS22:BRANCHE07=O:BELØB=4:SÆSON=EJSÆSON,2013-08-01,1470.0
DST:FIKS22:BRANCHE07=O:BELØB=4:SÆSON=EJSÆSON,2013-09-01,1044.0
DST:FIKS22:BRANCHE07=O:BELØB=4:SÆSON=EJSÆSON,2013-10-01,1320.0
DST:FIKS22:BRANCHE07=O:BELØB=4:SÆSON=EJSÆSON,2013-11-01,879.0
DST:FIKS22:BRANCHE07=O:BELØB=4:SÆSON=EJSÆSON,2013-12-01,1595.0
DST:FIKS22:BRANCHE07=O:BELØB=4:SÆSON=EJSÆSON,2014-01-01,2054.0
DST:FIKS22:BRANCHE07=O:BELØB=4:SÆSON=EJSÆSON,2014-02-01,1752.0
DST:FIKS22:BRANCHE07=O:BELØB=4:SÆSON=EJSÆSON,2014-03-01,1437.0
DST:FIKS22:BRANCHE07=O:BELØB=4:SÆSON=EJSÆSON,2014-04-01,1209.0
DST:FIKS22:BRANCHE07=O:BELØB=4:SÆSON=EJSÆSON,2014-05-01,984.0
DST:FIKS22:BRANCHE07=O:BELØB=4:SÆSON=EJSÆSON,2014-06-01,1164.0
DST:FIKS22:BRANCHE07=O:BELØB=4:SÆSON=EJSÆSON,2014-07-01,1742.0
DST:FIKS22:BRANCHE07=O:BELØB=4:SÆSON=EJSÆSON,2014-08-01,1477.0
DST:FIKS22:BRANCHE07=O:BELØB=4:SÆSON=EJSÆSON,2014-09-01,1256.0
DST:FIKS22:BRANCHE07=O:BELØB=4:SÆSON=EJSÆSON,2014-10-01,1324.0
DST:FIKS22:BRANCHE07=O:BELØB=4:SÆSON=EJSÆSON,2014-11-01,953.0
DST:FIKS22:BRANCHE07=O:BELØB=4:SÆSON=EJSÆSON,2014-12-01,1548.0
DST:FIKS22:BRANCHE07=O:BELØB=4:SÆSON=EJSÆSON,2015-01-01,2184.0
DST:FIKS22:BRANCHE07=O:BELØB=4:SÆSON=EJSÆSON,2015-02-01,1838.0
DST:FIKS22:BRANCHE07=O:BELØB=4:SÆSON=EJSÆSON,2015-03-01,1306.0
DST:FIKS22:BRANCHE07=O:BELØB=4:SÆSON=EJSÆSON,2015-04-01,1497.0
DST:FIKS22:BRANCHE07=O:BELØB=4:SÆSON=EJSÆSON,2015-05-01,1277.0
DST:FIKS22:BRANCHE07=O:BELØB=4:SÆSON=EJSÆSON,2015-06-01,1128.0
DST:FIKS22:BRANCHE07=O:BELØB=4:SÆSON=EJSÆSON,2015-07-01,1574.0
DST:FIKS22:BRANCHE07=O:BELØB=4:SÆSON=EJSÆSON,2015-08-01,1274.0
DST:FIKS22:BRANCHE07=O:BELØB=4:SÆSON=EJSÆSON,2015-09-01,1438.0
DST:FIKS22:BRANCHE07=O:BELØB=4:SÆSON=EJSÆSON,2015-10-01,1433.0
DST:FIKS22:BRANCHE07=O:BELØB=4:SÆSON=EJSÆSON,2015-11-01,1224.0
DST:FIKS22:BRANCHE07=O:BELØB=4:SÆSON=EJSÆSON,2015-12-01,1504.0
DST:FIKS22:BRANCHE07=O:BELØB=4:SÆSON=EJSÆSON,2016-01-01,2290.0
DST:FIKS22:BRANCHE07=O:BELØB=4:SÆSON=EJSÆSON,2016-02-01,1716.0
DST:FIKS22:BRANCHE07=O:BELØB=4:SÆSON=EJSÆSON,2016-03-01,1069.0
DST:FIKS22:BRANCHE07=O:BELØB=4:SÆSON=EJSÆSON,2016-04-01,1345.0
DST:FIKS22:BRANCHE07=O:BELØB=4:SÆSON=EJSÆSON,2016-05-01,952.0
DST:FIKS22:BRANCHE07=O:BELØB=4:SÆSON=EJSÆSON,2016-06-01,1445.0
DST:FIKS22:BRANCHE07=O:BELØB=4:SÆSON=EJSÆSON,2016-07-01,1773.0
DST:FIKS22:BRANCHE07=O:BELØB=4:SÆSON=EJSÆSON,2016-08-01,1492.0
DST:FIKS22:BRANCHE07=O:BELØB=4:SÆSON=EJSÆSON,2016-09-01,1245.0
DST:FIKS22:BRANCHE07=O:BELØB=4:SÆSON=EJSÆSON,2016-10-01,1369.0
DST:FIKS22:BRANCHE07=O:BELØB=4:SÆSON=EJSÆSON,2016-11-01,1187.0
DST:FIKS22:BRANCHE07=O:BELØB=4:SÆSON=EJSÆSON,2016-12-01,1856.0
DST:FIKS22:BRANCHE07=O:BELØB=4:SÆSON=EJSÆSON,2017-01-01,2551.0
DST:FIKS22:BRANCHE07=O:BELØB=4:SÆSON=EJSÆSON,2017-02-01,1591.0
DST:FIKS22:BRANCHE07=O:BELØB=4:SÆSON=EJSÆSON,2017-03-01,1647.0
DST:FIKS22:BRANCHE07=O:BELØB=4:SÆSON=EJSÆSON,2017-04-01,1348.0
DST:FIKS22:BRANCHE07=O:BELØB=4:SÆSON=EJSÆSON,2017-05-01,895.0
DST:FIKS22:BRANCHE07=O:BELØB=4:SÆSON=EJSÆSON,2017-06-01,1248.0
DST:FIKS22:BRANCHE07=O:BELØB=4:SÆSON=EJSÆSON,2017-07-01,1719.0
DST:FIKS22:BRANCHE07=O:BELØB=4:SÆSON=EJSÆSON,2017-08-01,1797.0
DST:FIKS22:BRANCHE07=O:BELØB=4:SÆSON=EJSÆSON,2017-09-01,1434.0
DST:FIKS22:BRANCHE07=O:BELØB=4:SÆSON=EJSÆSON,2017-10-01,1295.0
DST:FIKS22:BRANCHE07=O:BELØB=4:SÆSON=EJSÆSON,2017-11-01,1326.0
DST:FIKS22:BRANCHE07=O:BELØB=4:SÆSON=EJSÆSON,2017-12-01,2061.0
DST:FIKS22:BRANCHE07=O:BELØB=4:SÆSON=EJSÆSON,2018-01-01,2074.0
DST:FIKS22:BRANCHE07=O:BELØB=4:SÆSON=EJSÆSON,2018-02-01,2437.0
DST:FIKS22:BRANCHE07=O:BELØB=4:SÆSON=EJSÆSON,2018-03-01,1968.0
DST:FIKS22:BRANCHE07=O:BELØB=4:SÆSON=EJSÆSON,2018-04-01,1992.0
DST:FIKS22:BRANCHE07=O:BELØB=4:SÆSON=EJSÆSON,2018-05-01,1477.0
DST:FIKS22:BRANCHE07=O:BELØB=4:SÆSON=EJSÆSON,2018-06-01,1553.0
DST:FIKS22:BRANCHE07=O:BELØB=4:SÆSON=EJSÆSON,2018-07-01,2174.0
DST:FIKS22:BRANCHE07=O:BELØB=4:SÆSON=EJSÆSON,2018-08-01,2073.0
DST:FIKS22:BRANCHE07=O:BELØB=4:SÆSON=EJSÆSON,2018-09-01,1527.0
DST:FIKS22:BRANCHE07=O:BELØB=4:SÆSON=EJSÆSON,2018-10-01,1856.0
DST:FIKS22:BRANCHE07=O:BELØB=4:SÆSON=EJSÆSON,2018-11-01,1799.0
DST:FIKS22:BRANCHE07=O:BELØB=4:SÆSON=EJSÆSON,2018-12-01,3017.0
DST:FIKS22:BRANCHE07=O:BELØB=4:SÆSON=EJSÆSON,2019-01-01,2424.0
DST:FIKS22:BRANCHE07=O:BELØB=4:SÆSON=EJSÆSON,2019-02-01,2373.0
DST:FIKS22:BRANCHE07=O:BELØB=4:SÆSON=EJSÆSON,2019-03-01,1567.0
DST:FIKS22:BRANCHE07=O:BELØB=4:SÆSON=EJSÆSON,2019-04-01,1995.0
DST:FIKS22:BRANCHE07=O:BELØB=4:SÆSON=EJSÆSON,2019-05-01,1441.0
DST:FIKS22:BRANCHE07=O:BELØB=4:SÆSON=EJSÆSON,2019-06-01,1724.0
DST:FIKS22:BRANCHE07=O:BELØB=4:SÆSON=EJSÆSON,2019-07-01,3135.0
DST:FIKS22:BRANCHE07=O:BELØB=4:SÆSON=EJSÆSON,2019-08-01,2059.0
DST:FIKS22:BRANCHE07=O:BELØB=4:SÆSON=EJSÆSON,2019-09-01,1528.0
DST:FIKS22:BRANCHE07=O:BELØB=4:SÆSON=EJSÆSON,2019-10-01,1665.0
DST:FIKS22:BRANCHE07=O:BELØB=4:SÆSON=EJSÆSON,2019-11-01,1802.0
DST:FIKS22:BRANCHE07=O:BELØB=4:SÆSON=EJSÆSON,2019-12-01,2429.0
DST:FIKS22:BRANCHE07=O:BELØB=4:SÆSON=EJSÆSON,2020-01-01,2447.0
DST:FIKS22:BRANCHE07=O:BELØB=4:SÆSON=EJSÆSON,2020-02-01,2443.0
DST:FIKS22:BRANCHE07=O:BELØB=4:SÆSON=EJSÆSON,2020-03-01,2101.0
DST:FIKS22:BRANCHE07=O:BELØB=4:SÆSON=EJSÆSON,2020-04-01,2790.0
DST:FIKS22:BRANCHE07=O:BELØB=4:SÆSON=EJSÆSON,2020-05-01,1789.0
DST:FIKS22:BRANCHE07=O:BELØB=4:SÆSON=EJSÆSON,2020-06-01,1498.0
DST:FIKS22:BRANCHE07=O:BELØB=4:SÆSON=EJSÆSON,2020-07-01,2292.0
DST:FIKS22:BRANCHE07=O:BELØB=4:SÆSON=EJSÆSON,2020-08-01,2239.0
DST:FIKS22:BRANCHE07=O:BELØB=4:SÆSON=EJSÆSON,2020-09-01,1906.0
DST:FIKS22:BRANCHE07=O:BELØB=4:SÆSON=EJSÆSON,2020-10-01,1932.0
DST:FIKS22:BRANCHE07=O:BELØB=4:SÆSON=EJSÆSON,2020-11-01,2413.0
DST:FIKS22:BRANCHE07=O:BELØB=4:SÆSON=EJSÆSON,2020-12-01,3593.0
DST:FIKS22:BRANCHE07=O:BELØB=4:SÆSON=EJSÆSON,2021-01-01,2016.0
DST:FIKS22:BRANCHE07=O:BELØB=4:SÆSON=EJSÆSON,2021-02-01,1878.0
DST:FIKS22:BRANCHE07=O:BELØB=4:SÆSON=EJSÆSON,2021-03-01,2417.0
DST:FIKS22:BRANCHE07=O:BELØB=4:SÆSON=EJSÆSON,2021-04-01,1700.0
DST:FIKS22:BRANCHE07=O:BELØB=4:SÆSON=EJSÆSON,2021-05-01,1588.0
DST:FIKS22:BRANCHE07=O:BELØB=4:SÆSON=EJSÆSON,2021-06-01,1551.0
DST:FIKS22:BRANCHE07=O:BELØB=4:SÆSON=EJSÆSON,2021-07-01,2324.0
DST:FIKS22:BRANCHE07=O:BELØB=4:SÆSON=EJSÆSON,2021-08-01,1716.0
DST:FIKS22:BRANCHE07=O:BELØB=4:SÆSON=EJSÆSON,2021-09-01,1523.0
DST:FIKS22:BRANCHE07=O:BELØB=4:SÆSON=EJSÆSON,2021-10-01,1436.0
DST:FIKS22:BRANCHE07=O:BELØB=4:SÆSON=EJSÆSON,2021-11-01,1575.0
DST:FIKS22:BRANCHE07=O:BELØB=4:SÆSON=EJSÆSON,2021-12-01,2726.0
DST:FIKS22:BRANCHE07=O:BELØB=4:SÆSON=EJSÆSON,2022-01-01,1969.0
DST:FIKS22:BRANCHE07=O:BELØB=4:SÆSON=EJSÆSON,2022-02-01,1447.0
DST:FIKS22:BRANCHE07=O:BELØB=4:SÆSON=EJSÆSON,2022-03-01,1343.0
DST:FIKS22:BRANCHE07=O:BELØB=4:SÆSON=EJSÆSON,2022-04-01,1115.0
DST:FIKS22:BRANCHE07=O:BELØB=4:SÆSON=EJSÆSON,2022-05-01,1167.0
DST:FIKS22:BRANCHE07=O:BELØB=4:SÆSON=EJSÆSON,2022-06-01,1195.0
DST:FIKS22:BRANCHE07=O:BELØB=4:SÆSON=EJSÆSON,2022-07-01,1440.0
DST:FIKS22:BRANCHE07=O:BELØB=4:SÆSON=EJSÆSON,2022-08-01,1283.0
DST:FIKS22:BRANCHE07=O:BELØB=4:SÆSON=EJSÆSON,2022-09-01,1035.0
DST:FIKS22:BRANCHE07=O:BELØB=4:SÆSON=EJSÆSON,2022-10-01,1297.0
DST:FIKS22:BRANCHE07=O:BELØB=4:SÆSON=EJSÆSON,2022-11-01,1219.0
DST:FIKS22:BRANCHE07=O:BELØB=4:SÆSON=EJSÆSON,2022-12-01,1866.0
DST:FIKS22:BRANCHE07=O:BELØB=4:SÆSON=EJSÆSON,2023-01-01,1311.0
DST:FIKS22:BRANCHE07=O:BELØB=4:SÆSON=EJSÆSON,2023-02-01,1352.0
DST:FIKS22:BRANCHE07=O:BELØB=4:SÆSON=EJSÆSON,2023-03-01,1183.0
DST:FIKS22:BRANCHE07=O:BELØB=4:SÆSON=EJSÆSON,2023-04-01,1856.0
DST:FIKS22:BRANCHE07=O:BELØB=4:SÆSON=EJSÆSON,2023-05-01,730.0
DST:FIKS22:BRANCHE07=O:BELØB=4:SÆSON=EJSÆSON,2023-06-01,1058.0
DST:FIKS22:BRANCHE07=O:BELØB=4:SÆSON=EJSÆSON,2023-07-01,1480.0
DST:FIKS22:BRANCHE07=O:BELØB=4:SÆSON=EJSÆSON,2023-08-01,1226.0
DST:FIKS22:BRANCHE07=O:BELØB=4:SÆSON=EJSÆSON,2023-09-01,1075.0
DST:FIKS22:BRANCHE07=O:BELØB=4:SÆSON=EJSÆSON,2023-10-01,1444.0
DST:FIKS22:BRANCHE07=O:BELØB=4:SÆSON=EJSÆSON,2023-11-01,1510.0
DST:FIKS22:BRANCHE07=O:BELØB=4:SÆSON=EJSÆSON,2023-12-01,2564.0
DST:FIKS22:BRANCHE07=O:BELØB=4:SÆSON=EJSÆSON,2024-01-01,1430.0
DST:FIKS22:BRANCHE07=O:BELØB=4:SÆSON=EJSÆSON,2024-02-01,1721.0
DST:FIKS22:BRANCHE07=O:BELØB=4:SÆSON=EJSÆSON,2024-03-01,1069.0
DST:FIKS22:BRANCHE07=O:BELØB=4:SÆSON=EJSÆSON,2024-04-01,2023.0
DST:FIKS22:BRANCHE07=O:BELØB=4:SÆSON=EJSÆSON,2024-05-01,965.0
DST:FIKS22:BRANCHE07=O:BELØB=4:SÆSON=EJSÆSON,2024-06-01,1576.0
DST:FIKS22:BRANCHE07=O:BELØB=4:SÆSON=EJSÆSON,2024-07-01,1234.0
DST:FIKS22:BRANCHE07=O:BELØB=4:SÆSON=EJSÆSON,2024-08-01,1261.0
DST:FIKS22:BRANCHE07=O:BELØB=4:SÆSON=EJSÆSON,2024-09-01,1429.0
DST:FIKS22:BRANCHE07=O:BELØB=4:SÆSON=EJSÆSON,2024-10-01,1590.0
DST:FIKS22:BRANCHE07=O:BELØB=4:SÆSON=EJSÆSON,2024-11-01,2296.0
DST:FIKS22:BRANCHE07=O:BELØB=4:SÆSON=EJSÆSON,2024-12-01,2547.0
DST:FIKS22:BRANCHE07=O:BELØB=4:SÆSON=EJSÆSON,2025-01-01,1636.0
DST:FIKS22:BRANCHE07=O:BELØB=4:SÆSON=EJSÆSON,2025-02-01,1298.0
DST:FIKS22:BRANCHE07=O:BELØB=4:SÆSON=EJSÆSON,2025-03-01,1340.0
DST:FIKS22:BRANCHE07=O:BELØB=4:SÆSON=EJSÆSON,2025-04-01,1578.0
DST:FIKS22:BRANCHE07=O:BELØB=4:SÆSON=EJSÆSON,2025-05-01,1332.0
DST:FIKS22:BRANCHE07=O:BELØB=4:SÆSON=EJSÆSON,2025-06-01,1373.0
DST:FIKS22:BRANCHE07=O:BELØB=4:SÆSON=EJSÆSON,2025-07-01,1520.0
DST:FIKS22:BRANCHE07=O:BELØB=4:SÆSON=EJSÆSON,2025-08-01,1102.0
DST:FIKS22:BRANCHE07=O:BELØB=4:SÆSON=EJSÆSON,2025-09-01,1511.0
DST:FIKS22:BRANCHE07=O:BELØB=4:SÆSON=EJSÆSON,2025-10-01,1947.0
DST:FIKS22:BRANCHE07=O:BELØB=4:SÆSON=EJSÆSON,2025-11-01,2003.0
DST:FIKS22:BRANCHE07=O:BELØB=4:SÆSON=EJSÆSON,2025-12-01,2555.0
DST:FIKS22:BRANCHE07=O:BELØB=4:SÆSON=EJSÆSON,2026-01-01,1703.0
DST:FIKS22:BRANCHE07=O:BELØB=4:SÆSON=EJSÆSON,2026-02-01,1262.0
DST:FIKS22:BRANCHE07=O:BELØB=4:SÆSON=EJSÆSON,2026-03-01,1395.0
DST:FIKS22:BRANCHE07=O:BELØB=4:SÆSON=SÆSON,2009-01-01,2085.0
DST:FIKS22:BRANCHE07=O:BELØB=4:SÆSON=SÆSON,2009-02-01,2322.0
DST:FIKS22:BRANCHE07=O:BELØB=4:SÆSON=SÆSON,2009-03-01,2392.0
DST:FIKS22:BRANCHE07=O:BELØB=4:SÆSON=SÆSON,2009-04-01,2316.0
DST:FIKS22:BRANCHE07=O:BELØB=4:SÆSON=SÆSON,2009-05-01,1859.0
DST:FIKS22:BRANCHE07=O:BELØB=4:SÆSON=SÆSON,2009-06-01,1929.0
DST:FIKS22:BRANCHE07=O:BELØB=4:SÆSON=SÆSON,2009-07-01,1759.0
DST:FIKS22:BRANCHE07=O:BELØB=4:SÆSON=SÆSON,2009-08-01,1807.0
DST:FIKS22:BRANCHE07=O:BELØB=4:SÆSON=SÆSON,2009-09-01,1837.0
DST:FIKS22:BRANCHE07=O:BELØB=4:SÆSON=SÆSON,2009-10-01,2320.0
DST:FIKS22:BRANCHE07=O:BELØB=4:SÆSON=SÆSON,2009-11-01,1269.0
DST:FIKS22:BRANCHE07=O:BELØB=4:SÆSON=SÆSON,2009-12-01,1712.0
DST:FIKS22:BRANCHE07=O:BELØB=4:SÆSON=SÆSON,2010-01-01,1761.0
DST:FIKS22:BRANCHE07=O:BELØB=4:SÆSON=SÆSON,2010-02-01,1590.0
DST:FIKS22:BRANCHE07=O:BELØB=4:SÆSON=SÆSON,2010-03-01,1300.0
DST:FIKS22:BRANCHE07=O:BELØB=4:SÆSON=SÆSON,2010-04-01,1404.0
DST:FIKS22:BRANCHE07=O:BELØB=4:SÆSON=SÆSON,2010-05-01,1717.0
DST:FIKS22:BRANCHE07=O:BELØB=4:SÆSON=SÆSON,2010-06-01,1504.0
DST:FIKS22:BRANCHE07=O:BELØB=4:SÆSON=SÆSON,2010-07-01,1415.0
DST:FIKS22:BRANCHE07=O:BELØB=4:SÆSON=SÆSON,2010-08-01,1411.0
DST:FIKS22:BRANCHE07=O:BELØB=4:SÆSON=SÆSON,2010-09-01,1704.0
DST:FIKS22:BRANCHE07=O:BELØB=4:SÆSON=SÆSON,2010-10-01,1445.0
DST:FIKS22:BRANCHE07=O:BELØB=4:SÆSON=SÆSON,2010-11-01,1440.0
DST:FIKS22:BRANCHE07=O:BELØB=4:SÆSON=SÆSON,2010-12-01,1492.0
DST:FIKS22:BRANCHE07=O:BELØB=4:SÆSON=SÆSON,2011-01-01,1319.0
DST:FIKS22:BRANCHE07=O:BELØB=4:SÆSON=SÆSON,2011-02-01,1255.0
DST:FIKS22:BRANCHE07=O:BELØB=4:SÆSON=SÆSON,2011-03-01,1388.0
DST:FIKS22:BRANCHE07=O:BELØB=4:SÆSON=SÆSON,2011-04-01,1336.0
DST:FIKS22:BRANCHE07=O:BELØB=4:SÆSON=SÆSON,2011-05-01,1461.0
DST:FIKS22:BRANCHE07=O:BELØB=4:SÆSON=SÆSON,2011-06-01,1341.0
DST:FIKS22:BRANCHE07=O:BELØB=4:SÆSON=SÆSON,2011-07-01,1393.0
DST:FIKS22:BRANCHE07=O:BELØB=4:SÆSON=SÆSON,2011-08-01,1737.0
DST:FIKS22:BRANCHE07=O:BELØB=4:SÆSON=SÆSON,2011-09-01,1504.0
DST:FIKS22:BRANCHE07=O:BELØB=4:SÆSON=SÆSON,2011-10-01,1353.0
DST:FIKS22:BRANCHE07=O:BELØB=4:SÆSON=SÆSON,2011-11-01,1487.0
DST:FIKS22:BRANCHE07=O:BELØB=4:SÆSON=SÆSON,2011-12-01,1275.0
DST:FIKS22:BRANCHE07=O:BELØB=4:SÆSON=SÆSON,2012-01-01,1474.0
DST:FIKS22:BRANCHE07=O:BELØB=4:SÆSON=SÆSON,2012-02-01,1478.0
DST:FIKS22:BRANCHE07=O:BELØB=4:SÆSON=SÆSON,2012-03-01,1382.0
DST:FIKS22:BRANCHE07=O:BELØB=4:SÆSON=SÆSON,2012-04-01,1430.0
DST:FIKS22:BRANCHE07=O:BELØB=4:SÆSON=SÆSON,2012-05-01,1271.0
DST:FIKS22:BRANCHE07=O:BELØB=4:SÆSON=SÆSON,2012-06-01,1387.0
DST:FIKS22:BRANCHE07=O:BELØB=4:SÆSON=SÆSON,2012-07-01,1725.0
DST:FIKS22:BRANCHE07=O:BELØB=4:SÆSON=SÆSON,2012-08-01,1384.0
DST:FIKS22:BRANCHE07=O:BELØB=4:SÆSON=SÆSON,2012-09-01,1249.0
DST:FIKS22:BRANCHE07=O:BELØB=4:SÆSON=SÆSON,2012-10-01,1269.0
DST:FIKS22:BRANCHE07=O:BELØB=4:SÆSON=SÆSON,2012-11-01,1384.0
DST:FIKS22:BRANCHE07=O:BELØB=4:SÆSON=SÆSON,2012-12-01,1683.0
DST:FIKS22:BRANCHE07=O:BELØB=4:SÆSON=SÆSON,2013-01-01,1337.0
DST:FIKS22:BRANCHE07=O:BELØB=4:SÆSON=SÆSON,2013-02-01,1322.0
DST:FIKS22:BRANCHE07=O:BELØB=4:SÆSON=SÆSON,2013-03-01,1399.0
DST:FIKS22:BRANCHE07=O:BELØB=4:SÆSON=SÆSON,2013-04-01,1386.0
DST:FIKS22:BRANCHE07=O:BELØB=4:SÆSON=SÆSON,2013-05-01,1765.0
DST:FIKS22:BRANCHE07=O:BELØB=4:SÆSON=SÆSON,2013-06-01,1461.0
DST:FIKS22:BRANCHE07=O:BELØB=4:SÆSON=SÆSON,2013-07-01,1442.0
DST:FIKS22:BRANCHE07=O:BELØB=4:SÆSON=SÆSON,2013-08-01,1388.0
DST:FIKS22:BRANCHE07=O:BELØB=4:SÆSON=SÆSON,2013-09-01,1197.0
DST:FIKS22:BRANCHE07=O:BELØB=4:SÆSON=SÆSON,2013-10-01,1452.0
DST:FIKS22:BRANCHE07=O:BELØB=4:SÆSON=SÆSON,2013-11-01,1157.0
DST:FIKS22:BRANCHE07=O:BELØB=4:SÆSON=SÆSON,2013-12-01,1395.0
DST:FIKS22:BRANCHE07=O:BELØB=4:SÆSON=SÆSON,2014-01-01,1362.0
DST:FIKS22:BRANCHE07=O:BELØB=4:SÆSON=SÆSON,2014-02-01,1458.0
DST:FIKS22:BRANCHE07=O:BELØB=4:SÆSON=SÆSON,2014-03-01,1442.0
DST:FIKS22:BRANCHE07=O:BELØB=4:SÆSON=SÆSON,2014-04-01,1367.0
DST:FIKS22:BRANCHE07=O:BELØB=4:SÆSON=SÆSON,2014-05-01,1409.0
DST:FIKS22:BRANCHE07=O:BELØB=4:SÆSON=SÆSON,2014-06-01,1419.0
DST:FIKS22:BRANCHE07=O:BELØB=4:SÆSON=SÆSON,2014-07-01,1504.0
DST:FIKS22:BRANCHE07=O:BELØB=4:SÆSON=SÆSON,2014-08-01,1402.0
DST:FIKS22:BRANCHE07=O:BELØB=4:SÆSON=SÆSON,2014-09-01,1448.0
DST:FIKS22:BRANCHE07=O:BELØB=4:SÆSON=SÆSON,2014-10-01,1443.0
DST:FIKS22:BRANCHE07=O:BELØB=4:SÆSON=SÆSON,2014-11-01,1258.0
DST:FIKS22:BRANCHE07=O:BELØB=4:SÆSON=SÆSON,2014-12-01,1363.0
DST:FIKS22:BRANCHE07=O:BELØB=4:SÆSON=SÆSON,2015-01-01,1459.0
DST:FIKS22:BRANCHE07=O:BELØB=4:SÆSON=SÆSON,2015-02-01,1513.0
DST:FIKS22:BRANCHE07=O:BELØB=4:SÆSON=SÆSON,2015-03-01,1403.0
DST:FIKS22:BRANCHE07=O:BELØB=4:SÆSON=SÆSON,2015-04-01,1552.0
DST:FIKS22:BRANCHE07=O:BELØB=4:SÆSON=SÆSON,2015-05-01,1852.0
DST:FIKS22:BRANCHE07=O:BELØB=4:SÆSON=SÆSON,2015-06-01,1387.0
DST:FIKS22:BRANCHE07=O:BELØB=4:SÆSON=SÆSON,2015-07-01,1358.0
DST:FIKS22:BRANCHE07=O:BELØB=4:SÆSON=SÆSON,2015-08-01,1215.0
DST:FIKS22:BRANCHE07=O:BELØB=4:SÆSON=SÆSON,2015-09-01,1665.0
DST:FIKS22:BRANCHE07=O:BELØB=4:SÆSON=SÆSON,2015-10-01,1562.0
DST:FIKS22:BRANCHE07=O:BELØB=4:SÆSON=SÆSON,2015-11-01,1593.0
DST:FIKS22:BRANCHE07=O:BELØB=4:SÆSON=SÆSON,2015-12-01,1290.0
DST:FIKS22:BRANCHE07=O:BELØB=4:SÆSON=SÆSON,2016-01-01,1576.0
DST:FIKS22:BRANCHE07=O:BELØB=4:SÆSON=SÆSON,2016-02-01,1416.0
DST:FIKS22:BRANCHE07=O:BELØB=4:SÆSON=SÆSON,2016-03-01,1167.0
DST:FIKS22:BRANCHE07=O:BELØB=4:SÆSON=SÆSON,2016-04-01,1334.0
DST:FIKS22:BRANCHE07=O:BELØB=4:SÆSON=SÆSON,2016-05-01,1382.0
DST:FIKS22:BRANCHE07=O:BELØB=4:SÆSON=SÆSON,2016-06-01,1787.0
DST:FIKS22:BRANCHE07=O:BELØB=4:SÆSON=SÆSON,2016-07-01,1546.0
DST:FIKS22:BRANCHE07=O:BELØB=4:SÆSON=SÆSON,2016-08-01,1420.0
DST:FIKS22:BRANCHE07=O:BELØB=4:SÆSON=SÆSON,2016-09-01,1446.0
DST:FIKS22:BRANCHE07=O:BELØB=4:SÆSON=SÆSON,2016-10-01,1513.0
DST:FIKS22:BRANCHE07=O:BELØB=4:SÆSON=SÆSON,2016-11-01,1489.0
DST:FIKS22:BRANCHE07=O:BELØB=4:SÆSON=SÆSON,2016-12-01,1553.0
DST:FIKS22:BRANCHE07=O:BELØB=4:SÆSON=SÆSON,2017-01-01,1834.0
DST:FIKS22:BRANCHE07=O:BELØB=4:SÆSON=SÆSON,2017-02-01,1314.0
DST:FIKS22:BRANCHE07=O:BELØB=4:SÆSON=SÆSON,2017-03-01,1597.0
DST:FIKS22:BRANCHE07=O:BELØB=4:SÆSON=SÆSON,2017-04-01,1456.0
DST:FIKS22:BRANCHE07=O:BELØB=4:SÆSON=SÆSON,2017-05-01,1276.0
DST:FIKS22:BRANCHE07=O:BELØB=4:SÆSON=SÆSON,2017-06-01,1563.0
DST:FIKS22:BRANCHE07=O:BELØB=4:SÆSON=SÆSON,2017-07-01,1524.0
DST:FIKS22:BRANCHE07=O:BELØB=4:SÆSON=SÆSON,2017-08-01,1712.0
DST:FIKS22:BRANCHE07=O:BELØB=4:SÆSON=SÆSON,2017-09-01,1690.0
DST:FIKS22:BRANCHE07=O:BELØB=4:SÆSON=SÆSON,2017-10-01,1454.0
DST:FIKS22:BRANCHE07=O:BELØB=4:SÆSON=SÆSON,2017-11-01,1570.0
DST:FIKS22:BRANCHE07=O:BELØB=4:SÆSON=SÆSON,2017-12-01,1626.0
DST:FIKS22:BRANCHE07=O:BELØB=4:SÆSON=SÆSON,2018-01-01,1588.0
DST:FIKS22:BRANCHE07=O:BELØB=4:SÆSON=SÆSON,2018-02-01,2069.0
DST:FIKS22:BRANCHE07=O:BELØB=4:SÆSON=SÆSON,2018-03-01,2122.0
DST:FIKS22:BRANCHE07=O:BELØB=4:SÆSON=SÆSON,2018-04-01,1880.0
DST:FIKS22:BRANCHE07=O:BELØB=4:SÆSON=SÆSON,2018-05-01,2051.0
DST:FIKS22:BRANCHE07=O:BELØB=4:SÆSON=SÆSON,2018-06-01,1952.0
DST:FIKS22:BRANCHE07=O:BELØB=4:SÆSON=SÆSON,2018-07-01,1942.0
DST:FIKS22:BRANCHE07=O:BELØB=4:SÆSON=SÆSON,2018-08-01,1983.0
DST:FIKS22:BRANCHE07=O:BELØB=4:SÆSON=SÆSON,2018-09-01,1828.0
DST:FIKS22:BRANCHE07=O:BELØB=4:SÆSON=SÆSON,2018-10-01,2130.0
DST:FIKS22:BRANCHE07=O:BELØB=4:SÆSON=SÆSON,2018-11-01,2031.0
DST:FIKS22:BRANCHE07=O:BELØB=4:SÆSON=SÆSON,2018-12-01,2241.0
DST:FIKS22:BRANCHE07=O:BELØB=4:SÆSON=SÆSON,2019-01-01,1981.0
DST:FIKS22:BRANCHE07=O:BELØB=4:SÆSON=SÆSON,2019-02-01,2078.0
DST:FIKS22:BRANCHE07=O:BELØB=4:SÆSON=SÆSON,2019-03-01,1526.0
DST:FIKS22:BRANCHE07=O:BELØB=4:SÆSON=SÆSON,2019-04-01,2048.0
DST:FIKS22:BRANCHE07=O:BELØB=4:SÆSON=SÆSON,2019-05-01,1921.0
DST:FIKS22:BRANCHE07=O:BELØB=4:SÆSON=SÆSON,2019-06-01,2180.0
DST:FIKS22:BRANCHE07=O:BELØB=4:SÆSON=SÆSON,2019-07-01,2821.0
DST:FIKS22:BRANCHE07=O:BELØB=4:SÆSON=SÆSON,2019-08-01,2007.0
DST:FIKS22:BRANCHE07=O:BELØB=4:SÆSON=SÆSON,2019-09-01,1859.0
DST:FIKS22:BRANCHE07=O:BELØB=4:SÆSON=SÆSON,2019-10-01,1910.0
DST:FIKS22:BRANCHE07=O:BELØB=4:SÆSON=SÆSON,2019-11-01,1953.0
DST:FIKS22:BRANCHE07=O:BELØB=4:SÆSON=SÆSON,2019-12-01,1694.0
DST:FIKS22:BRANCHE07=O:BELØB=4:SÆSON=SÆSON,2020-01-01,2120.0
DST:FIKS22:BRANCHE07=O:BELØB=4:SÆSON=SÆSON,2020-02-01,2234.0
DST:FIKS22:BRANCHE07=O:BELØB=4:SÆSON=SÆSON,2020-03-01,2153.0
DST:FIKS22:BRANCHE07=O:BELØB=4:SÆSON=SÆSON,2020-04-01,2701.0
DST:FIKS22:BRANCHE07=O:BELØB=4:SÆSON=SÆSON,2020-05-01,2332.0
DST:FIKS22:BRANCHE07=O:BELØB=4:SÆSON=SÆSON,2020-06-01,1888.0
DST:FIKS22:BRANCHE07=O:BELØB=4:SÆSON=SÆSON,2020-07-01,2069.0
DST:FIKS22:BRANCHE07=O:BELØB=4:SÆSON=SÆSON,2020-08-01,2247.0
DST:FIKS22:BRANCHE07=O:BELØB=4:SÆSON=SÆSON,2020-09-01,2340.0
DST:FIKS22:BRANCHE07=O:BELØB=4:SÆSON=SÆSON,2020-10-01,2181.0
DST:FIKS22:BRANCHE07=O:BELØB=4:SÆSON=SÆSON,2020-11-01,2531.0
DST:FIKS22:BRANCHE07=O:BELØB=4:SÆSON=SÆSON,2020-12-01,2398.0
DST:FIKS22:BRANCHE07=O:BELØB=4:SÆSON=SÆSON,2021-01-01,1810.0
DST:FIKS22:BRANCHE07=O:BELØB=4:SÆSON=SÆSON,2021-02-01,1780.0
DST:FIKS22:BRANCHE07=O:BELØB=4:SÆSON=SÆSON,2021-03-01,2725.0
DST:FIKS22:BRANCHE07=O:BELØB=4:SÆSON=SÆSON,2021-04-01,1499.0
DST:FIKS22:BRANCHE07=O:BELØB=4:SÆSON=SÆSON,2021-05-01,2063.0
DST:FIKS22:BRANCHE07=O:BELØB=4:SÆSON=SÆSON,2021-06-01,1941.0
DST:FIKS22:BRANCHE07=O:BELØB=4:SÆSON=SÆSON,2021-07-01,2141.0
DST:FIKS22:BRANCHE07=O:BELØB=4:SÆSON=SÆSON,2021-08-01,1791.0
DST:FIKS22:BRANCHE07=O:BELØB=4:SÆSON=SÆSON,2021-09-01,1862.0
DST:FIKS22:BRANCHE07=O:BELØB=4:SÆSON=SÆSON,2021-10-01,1563.0
DST:FIKS22:BRANCHE07=O:BELØB=4:SÆSON=SÆSON,2021-11-01,1588.0
DST:FIKS22:BRANCHE07=O:BELØB=4:SÆSON=SÆSON,2021-12-01,1742.0
DST:FIKS22:BRANCHE07=O:BELØB=4:SÆSON=SÆSON,2022-01-01,1821.0
DST:FIKS22:BRANCHE07=O:BELØB=4:SÆSON=SÆSON,2022-02-01,1443.0
DST:FIKS22:BRANCHE07=O:BELØB=4:SÆSON=SÆSON,2022-03-01,1440.0
DST:FIKS22:BRANCHE07=O:BELØB=4:SÆSON=SÆSON,2022-04-01,1049.0
DST:FIKS22:BRANCHE07=O:BELØB=4:SÆSON=SÆSON,2022-05-01,1537.0
DST:FIKS22:BRANCHE07=O:BELØB=4:SÆSON=SÆSON,2022-06-01,1464.0
DST:FIKS22:BRANCHE07=O:BELØB=4:SÆSON=SÆSON,2022-07-01,1352.0
DST:FIKS22:BRANCHE07=O:BELØB=4:SÆSON=SÆSON,2022-08-01,1404.0
DST:FIKS22:BRANCHE07=O:BELØB=4:SÆSON=SÆSON,2022-09-01,1243.0
DST:FIKS22:BRANCHE07=O:BELØB=4:SÆSON=SÆSON,2022-10-01,1353.0
DST:FIKS22:BRANCHE07=O:BELØB=4:SÆSON=SÆSON,2022-11-01,1187.0
DST:FIKS22:BRANCHE07=O:BELØB=4:SÆSON=SÆSON,2022-12-01,1163.0
DST:FIKS22:BRANCHE07=O:BELØB=4:SÆSON=SÆSON,2023-01-01,1231.0
DST:FIKS22:BRANCHE07=O:BELØB=4:SÆSON=SÆSON,2023-02-01,1407.0
DST:FIKS22:BRANCHE07=O:BELØB=4:SÆSON=SÆSON,2023-03-01,1370.0
DST:FIKS22:BRANCHE07=O:BELØB=4:SÆSON=SÆSON,2023-04-01,1635.0
DST:FIKS22:BRANCHE07=O:BELØB=4:SÆSON=SÆSON,2023-05-01,977.0
DST:FIKS22:BRANCHE07=O:BELØB=4:SÆSON=SÆSON,2023-06-01,1263.0
DST:FIKS22:BRANCHE07=O:BELØB=4:SÆSON=SÆSON,2023-07-01,1441.0
DST:FIKS22:BRANCHE07=O:BELØB=4:SÆSON=SÆSON,2023-08-01,1406.0
DST:FIKS22:BRANCHE07=O:BELØB=4:SÆSON=SÆSON,2023-09-01,1265.0
DST:FIKS22:BRANCHE07=O:BELØB=4:SÆSON=SÆSON,2023-10-01,1431.0
DST:FIKS22:BRANCHE07=O:BELØB=4:SÆSON=SÆSON,2023-11-01,1413.0
DST:FIKS22:BRANCHE07=O:BELØB=4:SÆSON=SÆSON,2023-12-01,1581.0
DST:FIKS22:BRANCHE07=O:BELØB=4:SÆSON=SÆSON,2024-01-01,1363.0
DST:FIKS22:BRANCHE07=O:BELØB=4:SÆSON=SÆSON,2024-02-01,1860.0
DST:FIKS22:BRANCHE07=O:BELØB=4:SÆSON=SÆSON,2024-03-01,1332.0
DST:FIKS22:BRANCHE07=O:BELØB=4:SÆSON=SÆSON,2024-04-01,1672.0
DST:FIKS22:BRANCHE07=O:BELØB=4:SÆSON=SÆSON,2024-05-01,1312.0
DST:FIKS22:BRANCHE07=O:BELØB=4:SÆSON=SÆSON,2024-06-01,1840.0
DST:FIKS22:BRANCHE07=O:BELØB=4:SÆSON=SÆSON,2024-07-01,1234.0
DST:FIKS22:BRANCHE07=O:BELØB=4:SÆSON=SÆSON,2024-08-01,1512.0
DST:FIKS22:BRANCHE07=O:BELØB=4:SÆSON=SÆSON,2024-09-01,1656.0
DST:FIKS22:BRANCHE07=O:BELØB=4:SÆSON=SÆSON,2024-10-01,1513.0
DST:FIKS22:BRANCHE07=O:BELØB=4:SÆSON=SÆSON,2024-11-01,2073.0
DST:FIKS22:BRANCHE07=O:BELØB=4:SÆSON=SÆSON,2024-12-01,1569.0
DST:FIKS22:BRANCHE07=O:BELØB=4:SÆSON=SÆSON,2025-01-01,1569.0
DST:FIKS22:BRANCHE07=O:BELØB=4:SÆSON=SÆSON,2025-02-01,1440.0
DST:FIKS22:BRANCHE07=O:BELØB=4:SÆSON=SÆSON,2025-03-01,1513.0
DST:FIKS22:BRANCHE07=O:BELØB=4:SÆSON=SÆSON,2025-04-01,1444.0
DST:FIKS22:BRANCHE07=O:BELØB=4:SÆSON=SÆSON,2025-05-01,1836.0
DST:FIKS22:BRANCHE07=O:BELØB=4:SÆSON=SÆSON,2025-06-01,1583.0
DST:FIKS22:BRANCHE07=O:BELØB=4:SÆSON=SÆSON,2025-07-01,1567.0
DST:FIKS22:BRANCHE07=O:BELØB=4:SÆSON=SÆSON,2025-08-01,1360.0
DST:FIKS22:BRANCHE07=O:BELØB=4:SÆSON=SÆSON,2025-09-01,1719.0
DST:FIKS22:BRANCHE07=O:BELØB=4:SÆSON=SÆSON,2025-10-01,1809.0
DST:FIKS22:BRANCHE07=O:BELØB=4:SÆSON=SÆSON,2025-11-01,1750.0
DST:FIKS22:BRANCHE07=O:BELØB=4:SÆSON=SÆSON,2025-12-01,1575.0
DST:FIKS22:BRANCHE07=O:BELØB=4:SÆSON=SÆSON,2026-01-01,1647.0
DST:FIKS22:BRANCHE07=O:BELØB=4:SÆSON=SÆSON,2026-02-01,1440.0
DST:FIKS22:BRANCHE07=O:BELØB=4:SÆSON=SÆSON,2026-03-01,1711.0
DST:FIKS22:BRANCHE07=P:BELØB=0:SÆSON=EJSÆSON,2009-01-01,260.0
DST:FIKS22:BRANCHE07=P:BELØB=0:SÆSON=EJSÆSON,2009-02-01,217.0
DST:FIKS22:BRANCHE07=P:BELØB=0:SÆSON=EJSÆSON,2009-03-01,334.0
DST:FIKS22:BRANCHE07=P:BELØB=0:SÆSON=EJSÆSON,2009-04-01,268.0
DST:FIKS22:BRANCHE07=P:BELØB=0:SÆSON=EJSÆSON,2009-05-01,240.0
DST:FIKS22:BRANCHE07=P:BELØB=0:SÆSON=EJSÆSON,2009-06-01,385.0
DST:FIKS22:BRANCHE07=P:BELØB=0:SÆSON=EJSÆSON,2009-07-01,212.0
DST:FIKS22:BRANCHE07=P:BELØB=0:SÆSON=EJSÆSON,2009-08-01,241.0
DST:FIKS22:BRANCHE07=P:BELØB=0:SÆSON=EJSÆSON,2009-09-01,312.0
DST:FIKS22:BRANCHE07=P:BELØB=0:SÆSON=EJSÆSON,2009-10-01,323.0
DST:FIKS22:BRANCHE07=P:BELØB=0:SÆSON=EJSÆSON,2009-11-01,305.0
DST:FIKS22:BRANCHE07=P:BELØB=0:SÆSON=EJSÆSON,2009-12-01,387.0
DST:FIKS22:BRANCHE07=P:BELØB=0:SÆSON=EJSÆSON,2010-01-01,314.0
DST:FIKS22:BRANCHE07=P:BELØB=0:SÆSON=EJSÆSON,2010-02-01,265.0
DST:FIKS22:BRANCHE07=P:BELØB=0:SÆSON=EJSÆSON,2010-03-01,337.0
DST:FIKS22:BRANCHE07=P:BELØB=0:SÆSON=EJSÆSON,2010-04-01,264.0
DST:FIKS22:BRANCHE07=P:BELØB=0:SÆSON=EJSÆSON,2010-05-01,293.0
DST:FIKS22:BRANCHE07=P:BELØB=0:SÆSON=EJSÆSON,2010-06-01,350.0
DST:FIKS22:BRANCHE07=P:BELØB=0:SÆSON=EJSÆSON,2010-07-01,241.0
DST:FIKS22:BRANCHE07=P:BELØB=0:SÆSON=EJSÆSON,2010-08-01,277.0
DST:FIKS22:BRANCHE07=P:BELØB=0:SÆSON=EJSÆSON,2010-09-01,388.0
DST:FIKS22:BRANCHE07=P:BELØB=0:SÆSON=EJSÆSON,2010-10-01,346.0
DST:FIKS22:BRANCHE07=P:BELØB=0:SÆSON=EJSÆSON,2010-11-01,389.0
DST:FIKS22:BRANCHE07=P:BELØB=0:SÆSON=EJSÆSON,2010-12-01,569.0
DST:FIKS22:BRANCHE07=P:BELØB=0:SÆSON=EJSÆSON,2011-01-01,429.0
DST:FIKS22:BRANCHE07=P:BELØB=0:SÆSON=EJSÆSON,2011-02-01,455.0
DST:FIKS22:BRANCHE07=P:BELØB=0:SÆSON=EJSÆSON,2011-03-01,502.0
DST:FIKS22:BRANCHE07=P:BELØB=0:SÆSON=EJSÆSON,2011-04-01,427.0
DST:FIKS22:BRANCHE07=P:BELØB=0:SÆSON=EJSÆSON,2011-05-01,419.0
DST:FIKS22:BRANCHE07=P:BELØB=0:SÆSON=EJSÆSON,2011-06-01,468.0
DST:FIKS22:BRANCHE07=P:BELØB=0:SÆSON=EJSÆSON,2011-07-01,381.0
DST:FIKS22:BRANCHE07=P:BELØB=0:SÆSON=EJSÆSON,2011-08-01,425.0
DST:FIKS22:BRANCHE07=P:BELØB=0:SÆSON=EJSÆSON,2011-09-01,503.0
DST:FIKS22:BRANCHE07=P:BELØB=0:SÆSON=EJSÆSON,2011-10-01,519.0
DST:FIKS22:BRANCHE07=P:BELØB=0:SÆSON=EJSÆSON,2011-11-01,581.0
DST:FIKS22:BRANCHE07=P:BELØB=0:SÆSON=EJSÆSON,2011-12-01,795.0
DST:FIKS22:BRANCHE07=P:BELØB=0:SÆSON=EJSÆSON,2012-01-01,538.0
DST:FIKS22:BRANCHE07=P:BELØB=0:SÆSON=EJSÆSON,2012-02-01,389.0
DST:FIKS22:BRANCHE07=P:BELØB=0:SÆSON=EJSÆSON,2012-03-01,433.0
DST:FIKS22:BRANCHE07=P:BELØB=0:SÆSON=EJSÆSON,2012-04-01,478.0
DST:FIKS22:BRANCHE07=P:BELØB=0:SÆSON=EJSÆSON,2012-05-01,486.0
DST:FIKS22:BRANCHE07=P:BELØB=0:SÆSON=EJSÆSON,2012-06-01,482.0
DST:FIKS22:BRANCHE07=P:BELØB=0:SÆSON=EJSÆSON,2012-07-01,428.0
DST:FIKS22:BRANCHE07=P:BELØB=0:SÆSON=EJSÆSON,2012-08-01,486.0
DST:FIKS22:BRANCHE07=P:BELØB=0:SÆSON=EJSÆSON,2012-09-01,433.0
DST:FIKS22:BRANCHE07=P:BELØB=0:SÆSON=EJSÆSON,2012-10-01,641.0
DST:FIKS22:BRANCHE07=P:BELØB=0:SÆSON=EJSÆSON,2012-11-01,538.0
DST:FIKS22:BRANCHE07=P:BELØB=0:SÆSON=EJSÆSON,2012-12-01,1011.0
DST:FIKS22:BRANCHE07=P:BELØB=0:SÆSON=EJSÆSON,2013-01-01,402.0
DST:FIKS22:BRANCHE07=P:BELØB=0:SÆSON=EJSÆSON,2013-02-01,385.0
DST:FIKS22:BRANCHE07=P:BELØB=0:SÆSON=EJSÆSON,2013-03-01,484.0
DST:FIKS22:BRANCHE07=P:BELØB=0:SÆSON=EJSÆSON,2013-04-01,536.0
DST:FIKS22:BRANCHE07=P:BELØB=0:SÆSON=EJSÆSON,2013-05-01,518.0
DST:FIKS22:BRANCHE07=P:BELØB=0:SÆSON=EJSÆSON,2013-06-01,506.0
DST:FIKS22:BRANCHE07=P:BELØB=0:SÆSON=EJSÆSON,2013-07-01,462.0
DST:FIKS22:BRANCHE07=P:BELØB=0:SÆSON=EJSÆSON,2013-08-01,417.0
DST:FIKS22:BRANCHE07=P:BELØB=0:SÆSON=EJSÆSON,2013-09-01,484.0
DST:FIKS22:BRANCHE07=P:BELØB=0:SÆSON=EJSÆSON,2013-10-01,570.0
DST:FIKS22:BRANCHE07=P:BELØB=0:SÆSON=EJSÆSON,2013-11-01,552.0
DST:FIKS22:BRANCHE07=P:BELØB=0:SÆSON=EJSÆSON,2013-12-01,923.0
DST:FIKS22:BRANCHE07=P:BELØB=0:SÆSON=EJSÆSON,2014-01-01,510.0
DST:FIKS22:BRANCHE07=P:BELØB=0:SÆSON=EJSÆSON,2014-02-01,368.0
DST:FIKS22:BRANCHE07=P:BELØB=0:SÆSON=EJSÆSON,2014-03-01,485.0
DST:FIKS22:BRANCHE07=P:BELØB=0:SÆSON=EJSÆSON,2014-04-01,507.0
DST:FIKS22:BRANCHE07=P:BELØB=0:SÆSON=EJSÆSON,2014-05-01,458.0
DST:FIKS22:BRANCHE07=P:BELØB=0:SÆSON=EJSÆSON,2014-06-01,522.0
DST:FIKS22:BRANCHE07=P:BELØB=0:SÆSON=EJSÆSON,2014-07-01,465.0
DST:FIKS22:BRANCHE07=P:BELØB=0:SÆSON=EJSÆSON,2014-08-01,415.0
DST:FIKS22:BRANCHE07=P:BELØB=0:SÆSON=EJSÆSON,2014-09-01,536.0
DST:FIKS22:BRANCHE07=P:BELØB=0:SÆSON=EJSÆSON,2014-10-01,719.0
DST:FIKS22:BRANCHE07=P:BELØB=0:SÆSON=EJSÆSON,2014-11-01,715.0
DST:FIKS22:BRANCHE07=P:BELØB=0:SÆSON=EJSÆSON,2014-12-01,1198.0
DST:FIKS22:BRANCHE07=P:BELØB=0:SÆSON=EJSÆSON,2015-01-01,417.0
DST:FIKS22:BRANCHE07=P:BELØB=0:SÆSON=EJSÆSON,2015-02-01,407.0
DST:FIKS22:BRANCHE07=P:BELØB=0:SÆSON=EJSÆSON,2015-03-01,541.0
DST:FIKS22:BRANCHE07=P:BELØB=0:SÆSON=EJSÆSON,2015-04-01,564.0
DST:FIKS22:BRANCHE07=P:BELØB=0:SÆSON=EJSÆSON,2015-05-01,496.0
DST:FIKS22:BRANCHE07=P:BELØB=0:SÆSON=EJSÆSON,2015-06-01,574.0
DST:FIKS22:BRANCHE07=P:BELØB=0:SÆSON=EJSÆSON,2015-07-01,422.0
DST:FIKS22:BRANCHE07=P:BELØB=0:SÆSON=EJSÆSON,2015-08-01,541.0
DST:FIKS22:BRANCHE07=P:BELØB=0:SÆSON=EJSÆSON,2015-09-01,575.0
DST:FIKS22:BRANCHE07=P:BELØB=0:SÆSON=EJSÆSON,2015-10-01,760.0
DST:FIKS22:BRANCHE07=P:BELØB=0:SÆSON=EJSÆSON,2015-11-01,671.0
DST:FIKS22:BRANCHE07=P:BELØB=0:SÆSON=EJSÆSON,2015-12-01,1205.0
DST:FIKS22:BRANCHE07=P:BELØB=0:SÆSON=EJSÆSON,2016-01-01,467.0
DST:FIKS22:BRANCHE07=P:BELØB=0:SÆSON=EJSÆSON,2016-02-01,428.0
DST:FIKS22:BRANCHE07=P:BELØB=0:SÆSON=EJSÆSON,2016-03-01,567.0
DST:FIKS22:BRANCHE07=P:BELØB=0:SÆSON=EJSÆSON,2016-04-01,546.0
DST:FIKS22:BRANCHE07=P:BELØB=0:SÆSON=EJSÆSON,2016-05-01,492.0
DST:FIKS22:BRANCHE07=P:BELØB=0:SÆSON=EJSÆSON,2016-06-01,695.0
DST:FIKS22:BRANCHE07=P:BELØB=0:SÆSON=EJSÆSON,2016-07-01,513.0
DST:FIKS22:BRANCHE07=P:BELØB=0:SÆSON=EJSÆSON,2016-08-01,508.0
DST:FIKS22:BRANCHE07=P:BELØB=0:SÆSON=EJSÆSON,2016-09-01,577.0
DST:FIKS22:BRANCHE07=P:BELØB=0:SÆSON=EJSÆSON,2016-10-01,778.0
DST:FIKS22:BRANCHE07=P:BELØB=0:SÆSON=EJSÆSON,2016-11-01,608.0
DST:FIKS22:BRANCHE07=P:BELØB=0:SÆSON=EJSÆSON,2016-12-01,1147.0
DST:FIKS22:BRANCHE07=P:BELØB=0:SÆSON=EJSÆSON,2017-01-01,380.0
DST:FIKS22:BRANCHE07=P:BELØB=0:SÆSON=EJSÆSON,2017-02-01,361.0
DST:FIKS22:BRANCHE07=P:BELØB=0:SÆSON=EJSÆSON,2017-03-01,426.0
DST:FIKS22:BRANCHE07=P:BELØB=0:SÆSON=EJSÆSON,2017-04-01,437.0
DST:FIKS22:BRANCHE07=P:BELØB=0:SÆSON=EJSÆSON,2017-05-01,397.0
DST:FIKS22:BRANCHE07=P:BELØB=0:SÆSON=EJSÆSON,2017-06-01,418.0
DST:FIKS22:BRANCHE07=P:BELØB=0:SÆSON=EJSÆSON,2017-07-01,358.0
DST:FIKS22:BRANCHE07=P:BELØB=0:SÆSON=EJSÆSON,2017-08-01,361.0
DST:FIKS22:BRANCHE07=P:BELØB=0:SÆSON=EJSÆSON,2017-09-01,430.0
DST:FIKS22:BRANCHE07=P:BELØB=0:SÆSON=EJSÆSON,2017-10-01,437.0
DST:FIKS22:BRANCHE07=P:BELØB=0:SÆSON=EJSÆSON,2017-11-01,431.0
DST:FIKS22:BRANCHE07=P:BELØB=0:SÆSON=EJSÆSON,2017-12-01,471.0
DST:FIKS22:BRANCHE07=P:BELØB=0:SÆSON=EJSÆSON,2018-01-01,275.0
DST:FIKS22:BRANCHE07=P:BELØB=0:SÆSON=EJSÆSON,2018-02-01,242.0
DST:FIKS22:BRANCHE07=P:BELØB=0:SÆSON=EJSÆSON,2018-03-01,310.0
DST:FIKS22:BRANCHE07=P:BELØB=0:SÆSON=EJSÆSON,2018-04-01,299.0
DST:FIKS22:BRANCHE07=P:BELØB=0:SÆSON=EJSÆSON,2018-05-01,288.0
DST:FIKS22:BRANCHE07=P:BELØB=0:SÆSON=EJSÆSON,2018-06-01,345.0
DST:FIKS22:BRANCHE07=P:BELØB=0:SÆSON=EJSÆSON,2018-07-01,273.0
DST:FIKS22:BRANCHE07=P:BELØB=0:SÆSON=EJSÆSON,2018-08-01,250.0
DST:FIKS22:BRANCHE07=P:BELØB=0:SÆSON=EJSÆSON,2018-09-01,267.0
DST:FIKS22:BRANCHE07=P:BELØB=0:SÆSON=EJSÆSON,2018-10-01,321.0
DST:FIKS22:BRANCHE07=P:BELØB=0:SÆSON=EJSÆSON,2018-11-01,326.0
DST:FIKS22:BRANCHE07=P:BELØB=0:SÆSON=EJSÆSON,2018-12-01,356.0
DST:FIKS22:BRANCHE07=P:BELØB=0:SÆSON=EJSÆSON,2019-01-01,316.0
DST:FIKS22:BRANCHE07=P:BELØB=0:SÆSON=EJSÆSON,2019-02-01,250.0
DST:FIKS22:BRANCHE07=P:BELØB=0:SÆSON=EJSÆSON,2019-03-01,297.0
DST:FIKS22:BRANCHE07=P:BELØB=0:SÆSON=EJSÆSON,2019-04-01,303.0
DST:FIKS22:BRANCHE07=P:BELØB=0:SÆSON=EJSÆSON,2019-05-01,290.0
DST:FIKS22:BRANCHE07=P:BELØB=0:SÆSON=EJSÆSON,2019-06-01,347.0
DST:FIKS22:BRANCHE07=P:BELØB=0:SÆSON=EJSÆSON,2019-07-01,290.0
DST:FIKS22:BRANCHE07=P:BELØB=0:SÆSON=EJSÆSON,2019-08-01,239.0
DST:FIKS22:BRANCHE07=P:BELØB=0:SÆSON=EJSÆSON,2019-09-01,295.0
DST:FIKS22:BRANCHE07=P:BELØB=0:SÆSON=EJSÆSON,2019-10-01,320.0
DST:FIKS22:BRANCHE07=P:BELØB=0:SÆSON=EJSÆSON,2019-11-01,316.0
DST:FIKS22:BRANCHE07=P:BELØB=0:SÆSON=EJSÆSON,2019-12-01,597.0
DST:FIKS22:BRANCHE07=P:BELØB=0:SÆSON=EJSÆSON,2020-01-01,243.0
DST:FIKS22:BRANCHE07=P:BELØB=0:SÆSON=EJSÆSON,2020-02-01,255.0
DST:FIKS22:BRANCHE07=P:BELØB=0:SÆSON=EJSÆSON,2020-03-01,282.0
DST:FIKS22:BRANCHE07=P:BELØB=0:SÆSON=EJSÆSON,2020-04-01,243.0
DST:FIKS22:BRANCHE07=P:BELØB=0:SÆSON=EJSÆSON,2020-05-01,202.0
DST:FIKS22:BRANCHE07=P:BELØB=0:SÆSON=EJSÆSON,2020-06-01,291.0
DST:FIKS22:BRANCHE07=P:BELØB=0:SÆSON=EJSÆSON,2020-07-01,318.0
DST:FIKS22:BRANCHE07=P:BELØB=0:SÆSON=EJSÆSON,2020-08-01,241.0
DST:FIKS22:BRANCHE07=P:BELØB=0:SÆSON=EJSÆSON,2020-09-01,264.0
DST:FIKS22:BRANCHE07=P:BELØB=0:SÆSON=EJSÆSON,2020-10-01,332.0
DST:FIKS22:BRANCHE07=P:BELØB=0:SÆSON=EJSÆSON,2020-11-01,286.0
DST:FIKS22:BRANCHE07=P:BELØB=0:SÆSON=EJSÆSON,2020-12-01,884.0
DST:FIKS22:BRANCHE07=P:BELØB=0:SÆSON=EJSÆSON,2021-01-01,382.0
DST:FIKS22:BRANCHE07=P:BELØB=0:SÆSON=EJSÆSON,2021-02-01,264.0
DST:FIKS22:BRANCHE07=P:BELØB=0:SÆSON=EJSÆSON,2021-03-01,322.0
DST:FIKS22:BRANCHE07=P:BELØB=0:SÆSON=EJSÆSON,2021-04-01,433.0
DST:FIKS22:BRANCHE07=P:BELØB=0:SÆSON=EJSÆSON,2021-05-01,302.0
DST:FIKS22:BRANCHE07=P:BELØB=0:SÆSON=EJSÆSON,2021-06-01,478.0
DST:FIKS22:BRANCHE07=P:BELØB=0:SÆSON=EJSÆSON,2021-07-01,402.0
DST:FIKS22:BRANCHE07=P:BELØB=0:SÆSON=EJSÆSON,2021-08-01,342.0
DST:FIKS22:BRANCHE07=P:BELØB=0:SÆSON=EJSÆSON,2021-09-01,458.0
DST:FIKS22:BRANCHE07=P:BELØB=0:SÆSON=EJSÆSON,2021-10-01,527.0
DST:FIKS22:BRANCHE07=P:BELØB=0:SÆSON=EJSÆSON,2021-11-01,481.0
DST:FIKS22:BRANCHE07=P:BELØB=0:SÆSON=EJSÆSON,2021-12-01,1814.0
DST:FIKS22:BRANCHE07=P:BELØB=0:SÆSON=EJSÆSON,2022-01-01,410.0
DST:FIKS22:BRANCHE07=P:BELØB=0:SÆSON=EJSÆSON,2022-02-01,425.0
DST:FIKS22:BRANCHE07=P:BELØB=0:SÆSON=EJSÆSON,2022-03-01,531.0
DST:FIKS22:BRANCHE07=P:BELØB=0:SÆSON=EJSÆSON,2022-04-01,576.0
DST:FIKS22:BRANCHE07=P:BELØB=0:SÆSON=EJSÆSON,2022-05-01,463.0
DST:FIKS22:BRANCHE07=P:BELØB=0:SÆSON=EJSÆSON,2022-06-01,446.0
DST:FIKS22:BRANCHE07=P:BELØB=0:SÆSON=EJSÆSON,2022-07-01,710.0
DST:FIKS22:BRANCHE07=P:BELØB=0:SÆSON=EJSÆSON,2022-08-01,446.0
DST:FIKS22:BRANCHE07=P:BELØB=0:SÆSON=EJSÆSON,2022-09-01,519.0
DST:FIKS22:BRANCHE07=P:BELØB=0:SÆSON=EJSÆSON,2022-10-01,680.0
DST:FIKS22:BRANCHE07=P:BELØB=0:SÆSON=EJSÆSON,2022-11-01,569.0
DST:FIKS22:BRANCHE07=P:BELØB=0:SÆSON=EJSÆSON,2022-12-01,1062.0
DST:FIKS22:BRANCHE07=P:BELØB=0:SÆSON=EJSÆSON,2023-01-01,554.0
DST:FIKS22:BRANCHE07=P:BELØB=0:SÆSON=EJSÆSON,2023-02-01,404.0
DST:FIKS22:BRANCHE07=P:BELØB=0:SÆSON=EJSÆSON,2023-03-01,561.0
DST:FIKS22:BRANCHE07=P:BELØB=0:SÆSON=EJSÆSON,2023-04-01,593.0
DST:FIKS22:BRANCHE07=P:BELØB=0:SÆSON=EJSÆSON,2023-05-01,471.0
DST:FIKS22:BRANCHE07=P:BELØB=0:SÆSON=EJSÆSON,2023-06-01,549.0
DST:FIKS22:BRANCHE07=P:BELØB=0:SÆSON=EJSÆSON,2023-07-01,552.0
DST:FIKS22:BRANCHE07=P:BELØB=0:SÆSON=EJSÆSON,2023-08-01,436.0
DST:FIKS22:BRANCHE07=P:BELØB=0:SÆSON=EJSÆSON,2023-09-01,369.0
DST:FIKS22:BRANCHE07=P:BELØB=0:SÆSON=EJSÆSON,2023-10-01,695.0
DST:FIKS22:BRANCHE07=P:BELØB=0:SÆSON=EJSÆSON,2023-11-01,649.0
DST:FIKS22:BRANCHE07=P:BELØB=0:SÆSON=EJSÆSON,2023-12-01,-7.0
DST:FIKS22:BRANCHE07=P:BELØB=0:SÆSON=EJSÆSON,2024-01-01,402.0
DST:FIKS22:BRANCHE07=P:BELØB=0:SÆSON=EJSÆSON,2024-02-01,342.0
DST:FIKS22:BRANCHE07=P:BELØB=0:SÆSON=EJSÆSON,2024-03-01,523.0
DST:FIKS22:BRANCHE07=P:BELØB=0:SÆSON=EJSÆSON,2024-04-01,482.0
DST:FIKS22:BRANCHE07=P:BELØB=0:SÆSON=EJSÆSON,2024-05-01,626.0
DST:FIKS22:BRANCHE07=P:BELØB=0:SÆSON=EJSÆSON,2024-06-01,507.0
DST:FIKS22:BRANCHE07=P:BELØB=0:SÆSON=EJSÆSON,2024-07-01,494.0
DST:FIKS22:BRANCHE07=P:BELØB=0:SÆSON=EJSÆSON,2024-08-01,403.0
DST:FIKS22:BRANCHE07=P:BELØB=0:SÆSON=EJSÆSON,2024-09-01,421.0
DST:FIKS22:BRANCHE07=P:BELØB=0:SÆSON=EJSÆSON,2024-10-01,630.0
DST:FIKS22:BRANCHE07=P:BELØB=0:SÆSON=EJSÆSON,2024-11-01,543.0
DST:FIKS22:BRANCHE07=P:BELØB=0:SÆSON=EJSÆSON,2024-12-01,752.0
DST:FIKS22:BRANCHE07=P:BELØB=0:SÆSON=EJSÆSON,2025-01-01,490.0
DST:FIKS22:BRANCHE07=P:BELØB=0:SÆSON=EJSÆSON,2025-02-01,424.0
DST:FIKS22:BRANCHE07=P:BELØB=0:SÆSON=EJSÆSON,2025-03-01,533.0
DST:FIKS22:BRANCHE07=P:BELØB=0:SÆSON=EJSÆSON,2025-04-01,510.0
DST:FIKS22:BRANCHE07=P:BELØB=0:SÆSON=EJSÆSON,2025-05-01,538.0
DST:FIKS22:BRANCHE07=P:BELØB=0:SÆSON=EJSÆSON,2025-06-01,1605.0
DST:FIKS22:BRANCHE07=P:BELØB=0:SÆSON=EJSÆSON,2025-07-01,572.0
DST:FIKS22:BRANCHE07=P:BELØB=0:SÆSON=EJSÆSON,2025-08-01,472.0
DST:FIKS22:BRANCHE07=P:BELØB=0:SÆSON=EJSÆSON,2025-09-01,566.0
DST:FIKS22:BRANCHE07=P:BELØB=0:SÆSON=EJSÆSON,2025-10-01,703.0
DST:FIKS22:BRANCHE07=P:BELØB=0:SÆSON=EJSÆSON,2025-11-01,511.0
DST:FIKS22:BRANCHE07=P:BELØB=0:SÆSON=EJSÆSON,2025-12-01,1079.0
DST:FIKS22:BRANCHE07=P:BELØB=0:SÆSON=EJSÆSON,2026-01-01,493.0
DST:FIKS22:BRANCHE07=P:BELØB=0:SÆSON=EJSÆSON,2026-02-01,402.0
DST:FIKS22:BRANCHE07=P:BELØB=0:SÆSON=EJSÆSON,2026-03-01,563.0
DST:FIKS22:BRANCHE07=P:BELØB=0:SÆSON=SÆSON,2009-01-01,268.0
DST:FIKS22:BRANCHE07=P:BELØB=0:SÆSON=SÆSON,2009-02-01,305.0
DST:FIKS22:BRANCHE07=P:BELØB=0:SÆSON=SÆSON,2009-03-01,329.0
DST:FIKS22:BRANCHE07=P:BELØB=0:SÆSON=SÆSON,2009-04-01,324.0
DST:FIKS22:BRANCHE07=P:BELØB=0:SÆSON=SÆSON,2009-05-01,305.0
DST:FIKS22:BRANCHE07=P:BELØB=0:SÆSON=SÆSON,2009-06-01,390.0
DST:FIKS22:BRANCHE07=P:BELØB=0:SÆSON=SÆSON,2009-07-01,330.0
DST:FIKS22:BRANCHE07=P:BELØB=0:SÆSON=SÆSON,2009-08-01,322.0
DST:FIKS22:BRANCHE07=P:BELØB=0:SÆSON=SÆSON,2009-09-01,323.0
DST:FIKS22:BRANCHE07=P:BELØB=0:SÆSON=SÆSON,2009-10-01,316.0
DST:FIKS22:BRANCHE07=P:BELØB=0:SÆSON=SÆSON,2009-11-01,293.0
DST:FIKS22:BRANCHE07=P:BELØB=0:SÆSON=SÆSON,2009-12-01,-24.0
DST:FIKS22:BRANCHE07=P:BELØB=0:SÆSON=SÆSON,2010-01-01,324.0
DST:FIKS22:BRANCHE07=P:BELØB=0:SÆSON=SÆSON,2010-02-01,358.0
DST:FIKS22:BRANCHE07=P:BELØB=0:SÆSON=SÆSON,2010-03-01,339.0
DST:FIKS22:BRANCHE07=P:BELØB=0:SÆSON=SÆSON,2010-04-01,316.0
DST:FIKS22:BRANCHE07=P:BELØB=0:SÆSON=SÆSON,2010-05-01,354.0
DST:FIKS22:BRANCHE07=P:BELØB=0:SÆSON=SÆSON,2010-06-01,360.0
DST:FIKS22:BRANCHE07=P:BELØB=0:SÆSON=SÆSON,2010-07-01,355.0
DST:FIKS22:BRANCHE07=P:BELØB=0:SÆSON=SÆSON,2010-08-01,358.0
DST:FIKS22:BRANCHE07=P:BELØB=0:SÆSON=SÆSON,2010-09-01,402.0
DST:FIKS22:BRANCHE07=P:BELØB=0:SÆSON=SÆSON,2010-10-01,329.0
DST:FIKS22:BRANCHE07=P:BELØB=0:SÆSON=SÆSON,2010-11-01,374.0
DST:FIKS22:BRANCHE07=P:BELØB=0:SÆSON=SÆSON,2010-12-01,152.0
DST:FIKS22:BRANCHE07=P:BELØB=0:SÆSON=SÆSON,2011-01-01,440.0
DST:FIKS22:BRANCHE07=P:BELØB=0:SÆSON=SÆSON,2011-02-01,558.0
DST:FIKS22:BRANCHE07=P:BELØB=0:SÆSON=SÆSON,2011-03-01,515.0
DST:FIKS22:BRANCHE07=P:BELØB=0:SÆSON=SÆSON,2011-04-01,473.0
DST:FIKS22:BRANCHE07=P:BELØB=0:SÆSON=SÆSON,2011-05-01,475.0
DST:FIKS22:BRANCHE07=P:BELØB=0:SÆSON=SÆSON,2011-06-01,487.0
DST:FIKS22:BRANCHE07=P:BELØB=0:SÆSON=SÆSON,2011-07-01,491.0
DST:FIKS22:BRANCHE07=P:BELØB=0:SÆSON=SÆSON,2011-08-01,511.0
DST:FIKS22:BRANCHE07=P:BELØB=0:SÆSON=SÆSON,2011-09-01,523.0
DST:FIKS22:BRANCHE07=P:BELØB=0:SÆSON=SÆSON,2011-10-01,485.0
DST:FIKS22:BRANCHE07=P:BELØB=0:SÆSON=SÆSON,2011-11-01,555.0
DST:FIKS22:BRANCHE07=P:BELØB=0:SÆSON=SÆSON,2011-12-01,364.0
DST:FIKS22:BRANCHE07=P:BELØB=0:SÆSON=SÆSON,2012-01-01,556.0
DST:FIKS22:BRANCHE07=P:BELØB=0:SÆSON=SÆSON,2012-02-01,509.0
DST:FIKS22:BRANCHE07=P:BELØB=0:SÆSON=SÆSON,2012-03-01,459.0
DST:FIKS22:BRANCHE07=P:BELØB=0:SÆSON=SÆSON,2012-04-01,516.0
DST:FIKS22:BRANCHE07=P:BELØB=0:SÆSON=SÆSON,2012-05-01,544.0
DST:FIKS22:BRANCHE07=P:BELØB=0:SÆSON=SÆSON,2012-06-01,510.0
DST:FIKS22:BRANCHE07=P:BELØB=0:SÆSON=SÆSON,2012-07-01,533.0
DST:FIKS22:BRANCHE07=P:BELØB=0:SÆSON=SÆSON,2012-08-01,578.0
DST:FIKS22:BRANCHE07=P:BELØB=0:SÆSON=SÆSON,2012-09-01,461.0
DST:FIKS22:BRANCHE07=P:BELØB=0:SÆSON=SÆSON,2012-10-01,585.0
DST:FIKS22:BRANCHE07=P:BELØB=0:SÆSON=SÆSON,2012-11-01,498.0
DST:FIKS22:BRANCHE07=P:BELØB=0:SÆSON=SÆSON,2012-12-01,557.0
DST:FIKS22:BRANCHE07=P:BELØB=0:SÆSON=SÆSON,2013-01-01,431.0
DST:FIKS22:BRANCHE07=P:BELØB=0:SÆSON=SÆSON,2013-02-01,524.0
DST:FIKS22:BRANCHE07=P:BELØB=0:SÆSON=SÆSON,2013-03-01,523.0
DST:FIKS22:BRANCHE07=P:BELØB=0:SÆSON=SÆSON,2013-04-01,570.0
DST:FIKS22:BRANCHE07=P:BELØB=0:SÆSON=SÆSON,2013-05-01,582.0
DST:FIKS22:BRANCHE07=P:BELØB=0:SÆSON=SÆSON,2013-06-01,538.0
DST:FIKS22:BRANCHE07=P:BELØB=0:SÆSON=SÆSON,2013-07-01,563.0
DST:FIKS22:BRANCHE07=P:BELØB=0:SÆSON=SÆSON,2013-08-01,514.0
DST:FIKS22:BRANCHE07=P:BELØB=0:SÆSON=SÆSON,2013-09-01,520.0
DST:FIKS22:BRANCHE07=P:BELØB=0:SÆSON=SÆSON,2013-10-01,491.0
DST:FIKS22:BRANCHE07=P:BELØB=0:SÆSON=SÆSON,2013-11-01,503.0
DST:FIKS22:BRANCHE07=P:BELØB=0:SÆSON=SÆSON,2013-12-01,435.0
DST:FIKS22:BRANCHE07=P:BELØB=0:SÆSON=SÆSON,2014-01-01,559.0
DST:FIKS22:BRANCHE07=P:BELØB=0:SÆSON=SÆSON,2014-02-01,525.0
DST:FIKS22:BRANCHE07=P:BELØB=0:SÆSON=SÆSON,2014-03-01,534.0
DST:FIKS22:BRANCHE07=P:BELØB=0:SÆSON=SÆSON,2014-04-01,540.0
DST:FIKS22:BRANCHE07=P:BELØB=0:SÆSON=SÆSON,2014-05-01,530.0
DST:FIKS22:BRANCHE07=P:BELØB=0:SÆSON=SÆSON,2014-06-01,554.0
DST:FIKS22:BRANCHE07=P:BELØB=0:SÆSON=SÆSON,2014-07-01,562.0
DST:FIKS22:BRANCHE07=P:BELØB=0:SÆSON=SÆSON,2014-08-01,514.0
DST:FIKS22:BRANCHE07=P:BELØB=0:SÆSON=SÆSON,2014-09-01,573.0
DST:FIKS22:BRANCHE07=P:BELØB=0:SÆSON=SÆSON,2014-10-01,629.0
DST:FIKS22:BRANCHE07=P:BELØB=0:SÆSON=SÆSON,2014-11-01,662.0
DST:FIKS22:BRANCHE07=P:BELØB=0:SÆSON=SÆSON,2014-12-01,680.0
DST:FIKS22:BRANCHE07=P:BELØB=0:SÆSON=SÆSON,2015-01-01,485.0
DST:FIKS22:BRANCHE07=P:BELØB=0:SÆSON=SÆSON,2015-02-01,572.0
DST:FIKS22:BRANCHE07=P:BELØB=0:SÆSON=SÆSON,2015-03-01,597.0
DST:FIKS22:BRANCHE07=P:BELØB=0:SÆSON=SÆSON,2015-04-01,603.0
DST:FIKS22:BRANCHE07=P:BELØB=0:SÆSON=SÆSON,2015-05-01,576.0
DST:FIKS22:BRANCHE07=P:BELØB=0:SÆSON=SÆSON,2015-06-01,600.0
DST:FIKS22:BRANCHE07=P:BELØB=0:SÆSON=SÆSON,2015-07-01,513.0
DST:FIKS22:BRANCHE07=P:BELØB=0:SÆSON=SÆSON,2015-08-01,639.0
DST:FIKS22:BRANCHE07=P:BELØB=0:SÆSON=SÆSON,2015-09-01,609.0
DST:FIKS22:BRANCHE07=P:BELØB=0:SÆSON=SÆSON,2015-10-01,676.0
DST:FIKS22:BRANCHE07=P:BELØB=0:SÆSON=SÆSON,2015-11-01,622.0
DST:FIKS22:BRANCHE07=P:BELØB=0:SÆSON=SÆSON,2015-12-01,661.0
DST:FIKS22:BRANCHE07=P:BELØB=0:SÆSON=SÆSON,2016-01-01,551.0
DST:FIKS22:BRANCHE07=P:BELØB=0:SÆSON=SÆSON,2016-02-01,592.0
DST:FIKS22:BRANCHE07=P:BELØB=0:SÆSON=SÆSON,2016-03-01,624.0
DST:FIKS22:BRANCHE07=P:BELØB=0:SÆSON=SÆSON,2016-04-01,591.0
DST:FIKS22:BRANCHE07=P:BELØB=0:SÆSON=SÆSON,2016-05-01,575.0
DST:FIKS22:BRANCHE07=P:BELØB=0:SÆSON=SÆSON,2016-06-01,715.0
DST:FIKS22:BRANCHE07=P:BELØB=0:SÆSON=SÆSON,2016-07-01,598.0
DST:FIKS22:BRANCHE07=P:BELØB=0:SÆSON=SÆSON,2016-08-01,600.0
DST:FIKS22:BRANCHE07=P:BELØB=0:SÆSON=SÆSON,2016-09-01,608.0
DST:FIKS22:BRANCHE07=P:BELØB=0:SÆSON=SÆSON,2016-10-01,712.0
DST:FIKS22:BRANCHE07=P:BELØB=0:SÆSON=SÆSON,2016-11-01,570.0
DST:FIKS22:BRANCHE07=P:BELØB=0:SÆSON=SÆSON,2016-12-01,588.0
DST:FIKS22:BRANCHE07=P:BELØB=0:SÆSON=SÆSON,2017-01-01,471.0
DST:FIKS22:BRANCHE07=P:BELØB=0:SÆSON=SÆSON,2017-02-01,516.0
DST:FIKS22:BRANCHE07=P:BELØB=0:SÆSON=SÆSON,2017-03-01,483.0
DST:FIKS22:BRANCHE07=P:BELØB=0:SÆSON=SÆSON,2017-04-01,489.0
DST:FIKS22:BRANCHE07=P:BELØB=0:SÆSON=SÆSON,2017-05-01,481.0
DST:FIKS22:BRANCHE07=P:BELØB=0:SÆSON=SÆSON,2017-06-01,432.0
DST:FIKS22:BRANCHE07=P:BELØB=0:SÆSON=SÆSON,2017-07-01,431.0
DST:FIKS22:BRANCHE07=P:BELØB=0:SÆSON=SÆSON,2017-08-01,447.0
DST:FIKS22:BRANCHE07=P:BELØB=0:SÆSON=SÆSON,2017-09-01,461.0
DST:FIKS22:BRANCHE07=P:BELØB=0:SÆSON=SÆSON,2017-10-01,392.0
DST:FIKS22:BRANCHE07=P:BELØB=0:SÆSON=SÆSON,2017-11-01,411.0
DST:FIKS22:BRANCHE07=P:BELØB=0:SÆSON=SÆSON,2017-12-01,-94.0
DST:FIKS22:BRANCHE07=P:BELØB=0:SÆSON=SÆSON,2018-01-01,368.0
DST:FIKS22:BRANCHE07=P:BELØB=0:SÆSON=SÆSON,2018-02-01,384.0
DST:FIKS22:BRANCHE07=P:BELØB=0:SÆSON=SÆSON,2018-03-01,369.0
DST:FIKS22:BRANCHE07=P:BELØB=0:SÆSON=SÆSON,2018-04-01,350.0
DST:FIKS22:BRANCHE07=P:BELØB=0:SÆSON=SÆSON,2018-05-01,371.0
DST:FIKS22:BRANCHE07=P:BELØB=0:SÆSON=SÆSON,2018-06-01,353.0
DST:FIKS22:BRANCHE07=P:BELØB=0:SÆSON=SÆSON,2018-07-01,333.0
DST:FIKS22:BRANCHE07=P:BELØB=0:SÆSON=SÆSON,2018-08-01,333.0
DST:FIKS22:BRANCHE07=P:BELØB=0:SÆSON=SÆSON,2018-09-01,298.0
DST:FIKS22:BRANCHE07=P:BELØB=0:SÆSON=SÆSON,2018-10-01,296.0
DST:FIKS22:BRANCHE07=P:BELØB=0:SÆSON=SÆSON,2018-11-01,323.0
DST:FIKS22:BRANCHE07=P:BELØB=0:SÆSON=SÆSON,2018-12-01,-201.0
DST:FIKS22:BRANCHE07=P:BELØB=0:SÆSON=SÆSON,2019-01-01,406.0
DST:FIKS22:BRANCHE07=P:BELØB=0:SÆSON=SÆSON,2019-02-01,378.0
DST:FIKS22:BRANCHE07=P:BELØB=0:SÆSON=SÆSON,2019-03-01,351.0
DST:FIKS22:BRANCHE07=P:BELØB=0:SÆSON=SÆSON,2019-04-01,345.0
DST:FIKS22:BRANCHE07=P:BELØB=0:SÆSON=SÆSON,2019-05-01,377.0
DST:FIKS22:BRANCHE07=P:BELØB=0:SÆSON=SÆSON,2019-06-01,349.0
DST:FIKS22:BRANCHE07=P:BELØB=0:SÆSON=SÆSON,2019-07-01,335.0
DST:FIKS22:BRANCHE07=P:BELØB=0:SÆSON=SÆSON,2019-08-01,328.0
DST:FIKS22:BRANCHE07=P:BELØB=0:SÆSON=SÆSON,2019-09-01,331.0
DST:FIKS22:BRANCHE07=P:BELØB=0:SÆSON=SÆSON,2019-10-01,301.0
DST:FIKS22:BRANCHE07=P:BELØB=0:SÆSON=SÆSON,2019-11-01,326.0
DST:FIKS22:BRANCHE07=P:BELØB=0:SÆSON=SÆSON,2019-12-01,56.0
DST:FIKS22:BRANCHE07=P:BELØB=0:SÆSON=SÆSON,2020-01-01,326.0
DST:FIKS22:BRANCHE07=P:BELØB=0:SÆSON=SÆSON,2020-02-01,378.0
DST:FIKS22:BRANCHE07=P:BELØB=0:SÆSON=SÆSON,2020-03-01,330.0
DST:FIKS22:BRANCHE07=P:BELØB=0:SÆSON=SÆSON,2020-04-01,270.0
DST:FIKS22:BRANCHE07=P:BELØB=0:SÆSON=SÆSON,2020-05-01,294.0
DST:FIKS22:BRANCHE07=P:BELØB=0:SÆSON=SÆSON,2020-06-01,290.0
DST:FIKS22:BRANCHE07=P:BELØB=0:SÆSON=SÆSON,2020-07-01,354.0
DST:FIKS22:BRANCHE07=P:BELØB=0:SÆSON=SÆSON,2020-08-01,341.0
DST:FIKS22:BRANCHE07=P:BELØB=0:SÆSON=SÆSON,2020-09-01,305.0
DST:FIKS22:BRANCHE07=P:BELØB=0:SÆSON=SÆSON,2020-10-01,302.0
DST:FIKS22:BRANCHE07=P:BELØB=0:SÆSON=SÆSON,2020-11-01,304.0
DST:FIKS22:BRANCHE07=P:BELØB=0:SÆSON=SÆSON,2020-12-01,359.0
DST:FIKS22:BRANCHE07=P:BELØB=0:SÆSON=SÆSON,2021-01-01,461.0
DST:FIKS22:BRANCHE07=P:BELØB=0:SÆSON=SÆSON,2021-02-01,393.0
DST:FIKS22:BRANCHE07=P:BELØB=0:SÆSON=SÆSON,2021-03-01,360.0
DST:FIKS22:BRANCHE07=P:BELØB=0:SÆSON=SÆSON,2021-04-01,450.0
DST:FIKS22:BRANCHE07=P:BELØB=0:SÆSON=SÆSON,2021-05-01,399.0
DST:FIKS22:BRANCHE07=P:BELØB=0:SÆSON=SÆSON,2021-06-01,479.0
DST:FIKS22:BRANCHE07=P:BELØB=0:SÆSON=SÆSON,2021-07-01,430.0
DST:FIKS22:BRANCHE07=P:BELØB=0:SÆSON=SÆSON,2021-08-01,451.0
DST:FIKS22:BRANCHE07=P:BELØB=0:SÆSON=SÆSON,2021-09-01,508.0
DST:FIKS22:BRANCHE07=P:BELØB=0:SÆSON=SÆSON,2021-10-01,476.0
DST:FIKS22:BRANCHE07=P:BELØB=0:SÆSON=SÆSON,2021-11-01,502.0
DST:FIKS22:BRANCHE07=P:BELØB=0:SÆSON=SÆSON,2021-12-01,1303.0
DST:FIKS22:BRANCHE07=P:BELØB=0:SÆSON=SÆSON,2022-01-01,483.0
DST:FIKS22:BRANCHE07=P:BELØB=0:SÆSON=SÆSON,2022-02-01,563.0
DST:FIKS22:BRANCHE07=P:BELØB=0:SÆSON=SÆSON,2022-03-01,563.0
DST:FIKS22:BRANCHE07=P:BELØB=0:SÆSON=SÆSON,2022-04-01,588.0
DST:FIKS22:BRANCHE07=P:BELØB=0:SÆSON=SÆSON,2022-05-01,559.0
DST:FIKS22:BRANCHE07=P:BELØB=0:SÆSON=SÆSON,2022-06-01,451.0
DST:FIKS22:BRANCHE07=P:BELØB=0:SÆSON=SÆSON,2022-07-01,735.0
DST:FIKS22:BRANCHE07=P:BELØB=0:SÆSON=SÆSON,2022-08-01,564.0
DST:FIKS22:BRANCHE07=P:BELØB=0:SÆSON=SÆSON,2022-09-01,572.0
DST:FIKS22:BRANCHE07=P:BELØB=0:SÆSON=SÆSON,2022-10-01,605.0
DST:FIKS22:BRANCHE07=P:BELØB=0:SÆSON=SÆSON,2022-11-01,591.0
DST:FIKS22:BRANCHE07=P:BELØB=0:SÆSON=SÆSON,2022-12-01,561.0
DST:FIKS22:BRANCHE07=P:BELØB=0:SÆSON=SÆSON,2023-01-01,628.0
DST:FIKS22:BRANCHE07=P:BELØB=0:SÆSON=SÆSON,2023-02-01,553.0
DST:FIKS22:BRANCHE07=P:BELØB=0:SÆSON=SÆSON,2023-03-01,587.0
DST:FIKS22:BRANCHE07=P:BELØB=0:SÆSON=SÆSON,2023-04-01,610.0
DST:FIKS22:BRANCHE07=P:BELØB=0:SÆSON=SÆSON,2023-05-01,554.0
DST:FIKS22:BRANCHE07=P:BELØB=0:SÆSON=SÆSON,2023-06-01,561.0
DST:FIKS22:BRANCHE07=P:BELØB=0:SÆSON=SÆSON,2023-07-01,576.0
DST:FIKS22:BRANCHE07=P:BELØB=0:SÆSON=SÆSON,2023-08-01,558.0
DST:FIKS22:BRANCHE07=P:BELØB=0:SÆSON=SÆSON,2023-09-01,426.0
DST:FIKS22:BRANCHE07=P:BELØB=0:SÆSON=SÆSON,2023-10-01,601.0
DST:FIKS22:BRANCHE07=P:BELØB=0:SÆSON=SÆSON,2023-11-01,673.0
DST:FIKS22:BRANCHE07=P:BELØB=0:SÆSON=SÆSON,2023-12-01,-503.0
DST:FIKS22:BRANCHE07=P:BELØB=0:SÆSON=SÆSON,2024-01-01,474.0
DST:FIKS22:BRANCHE07=P:BELØB=0:SÆSON=SÆSON,2024-02-01,502.0
DST:FIKS22:BRANCHE07=P:BELØB=0:SÆSON=SÆSON,2024-03-01,547.0
DST:FIKS22:BRANCHE07=P:BELØB=0:SÆSON=SÆSON,2024-04-01,508.0
DST:FIKS22:BRANCHE07=P:BELØB=0:SÆSON=SÆSON,2024-05-01,692.0
DST:FIKS22:BRANCHE07=P:BELØB=0:SÆSON=SÆSON,2024-06-01,527.0
DST:FIKS22:BRANCHE07=P:BELØB=0:SÆSON=SÆSON,2024-07-01,517.0
DST:FIKS22:BRANCHE07=P:BELØB=0:SÆSON=SÆSON,2024-08-01,526.0
DST:FIKS22:BRANCHE07=P:BELØB=0:SÆSON=SÆSON,2024-09-01,478.0
DST:FIKS22:BRANCHE07=P:BELØB=0:SÆSON=SÆSON,2024-10-01,521.0
DST:FIKS22:BRANCHE07=P:BELØB=0:SÆSON=SÆSON,2024-11-01,570.0
DST:FIKS22:BRANCHE07=P:BELØB=0:SÆSON=SÆSON,2024-12-01,256.0
DST:FIKS22:BRANCHE07=P:BELØB=0:SÆSON=SÆSON,2025-01-01,563.0
DST:FIKS22:BRANCHE07=P:BELØB=0:SÆSON=SÆSON,2025-02-01,591.0
DST:FIKS22:BRANCHE07=P:BELØB=0:SÆSON=SÆSON,2025-03-01,555.0
DST:FIKS22:BRANCHE07=P:BELØB=0:SÆSON=SÆSON,2025-04-01,549.0
DST:FIKS22:BRANCHE07=P:BELØB=0:SÆSON=SÆSON,2025-05-01,588.0
DST:FIKS22:BRANCHE07=P:BELØB=0:SÆSON=SÆSON,2025-06-01,1632.0
DST:FIKS22:BRANCHE07=P:BELØB=0:SÆSON=SÆSON,2025-07-01,593.0
DST:FIKS22:BRANCHE07=P:BELØB=0:SÆSON=SÆSON,2025-08-01,594.0
DST:FIKS22:BRANCHE07=P:BELØB=0:SÆSON=SÆSON,2025-09-01,624.0
DST:FIKS22:BRANCHE07=P:BELØB=0:SÆSON=SÆSON,2025-10-01,589.0
DST:FIKS22:BRANCHE07=P:BELØB=0:SÆSON=SÆSON,2025-11-01,542.0
DST:FIKS22:BRANCHE07=P:BELØB=0:SÆSON=SÆSON,2025-12-01,581.0
DST:FIKS22:BRANCHE07=P:BELØB=0:SÆSON=SÆSON,2026-01-01,567.0
DST:FIKS22:BRANCHE07=P:BELØB=0:SÆSON=SÆSON,2026-02-01,570.0
DST:FIKS22:BRANCHE07=P:BELØB=0:SÆSON=SÆSON,2026-03-01,586.0
DST:FIKS22:BRANCHE07=P:BELØB=1:SÆSON=EJSÆSON,2009-01-01,301.0
DST:FIKS22:BRANCHE07=P:BELØB=1:SÆSON=EJSÆSON,2009-02-01,368.0
DST:FIKS22:BRANCHE07=P:BELØB=1:SÆSON=EJSÆSON,2009-03-01,446.0
DST:FIKS22:BRANCHE07=P:BELØB=1:SÆSON=EJSÆSON,2009-04-01,406.0
DST:FIKS22:BRANCHE07=P:BELØB=1:SÆSON=EJSÆSON,2009-05-01,331.0
DST:FIKS22:BRANCHE07=P:BELØB=1:SÆSON=EJSÆSON,2009-06-01,522.0
DST:FIKS22:BRANCHE07=P:BELØB=1:SÆSON=EJSÆSON,2009-07-01,263.0
DST:FIKS22:BRANCHE07=P:BELØB=1:SÆSON=EJSÆSON,2009-08-01,343.0
DST:FIKS22:BRANCHE07=P:BELØB=1:SÆSON=EJSÆSON,2009-09-01,437.0
DST:FIKS22:BRANCHE07=P:BELØB=1:SÆSON=EJSÆSON,2009-10-01,420.0
DST:FIKS22:BRANCHE07=P:BELØB=1:SÆSON=EJSÆSON,2009-11-01,429.0
DST:FIKS22:BRANCHE07=P:BELØB=1:SÆSON=EJSÆSON,2009-12-01,720.0
DST:FIKS22:BRANCHE07=P:BELØB=1:SÆSON=EJSÆSON,2010-01-01,410.0
DST:FIKS22:BRANCHE07=P:BELØB=1:SÆSON=EJSÆSON,2010-02-01,329.0
DST:FIKS22:BRANCHE07=P:BELØB=1:SÆSON=EJSÆSON,2010-03-01,451.0
DST:FIKS22:BRANCHE07=P:BELØB=1:SÆSON=EJSÆSON,2010-04-01,467.0
DST:FIKS22:BRANCHE07=P:BELØB=1:SÆSON=EJSÆSON,2010-05-01,365.0
DST:FIKS22:BRANCHE07=P:BELØB=1:SÆSON=EJSÆSON,2010-06-01,560.0
DST:FIKS22:BRANCHE07=P:BELØB=1:SÆSON=EJSÆSON,2010-07-01,276.0
DST:FIKS22:BRANCHE07=P:BELØB=1:SÆSON=EJSÆSON,2010-08-01,405.0
DST:FIKS22:BRANCHE07=P:BELØB=1:SÆSON=EJSÆSON,2010-09-01,791.0
DST:FIKS22:BRANCHE07=P:BELØB=1:SÆSON=EJSÆSON,2010-10-01,514.0
DST:FIKS22:BRANCHE07=P:BELØB=1:SÆSON=EJSÆSON,2010-11-01,623.0
DST:FIKS22:BRANCHE07=P:BELØB=1:SÆSON=EJSÆSON,2010-12-01,820.0
DST:FIKS22:BRANCHE07=P:BELØB=1:SÆSON=EJSÆSON,2011-01-01,439.0
DST:FIKS22:BRANCHE07=P:BELØB=1:SÆSON=EJSÆSON,2011-02-01,485.0
DST:FIKS22:BRANCHE07=P:BELØB=1:SÆSON=EJSÆSON,2011-03-01,683.0
DST:FIKS22:BRANCHE07=P:BELØB=1:SÆSON=EJSÆSON,2011-04-01,422.0
DST:FIKS22:BRANCHE07=P:BELØB=1:SÆSON=EJSÆSON,2011-05-01,533.0
DST:FIKS22:BRANCHE07=P:BELØB=1:SÆSON=EJSÆSON,2011-06-01,600.0
DST:FIKS22:BRANCHE07=P:BELØB=1:SÆSON=EJSÆSON,2011-07-01,324.0
DST:FIKS22:BRANCHE07=P:BELØB=1:SÆSON=EJSÆSON,2011-08-01,448.0
DST:FIKS22:BRANCHE07=P:BELØB=1:SÆSON=EJSÆSON,2011-09-01,637.0
DST:FIKS22:BRANCHE07=P:BELØB=1:SÆSON=EJSÆSON,2011-10-01,664.0
DST:FIKS22:BRANCHE07=P:BELØB=1:SÆSON=EJSÆSON,2011-11-01,535.0
DST:FIKS22:BRANCHE07=P:BELØB=1:SÆSON=EJSÆSON,2011-12-01,796.0
DST:FIKS22:BRANCHE07=P:BELØB=1:SÆSON=EJSÆSON,2012-01-01,504.0
DST:FIKS22:BRANCHE07=P:BELØB=1:SÆSON=EJSÆSON,2012-02-01,428.0
DST:FIKS22:BRANCHE07=P:BELØB=1:SÆSON=EJSÆSON,2012-03-01,642.0
DST:FIKS22:BRANCHE07=P:BELØB=1:SÆSON=EJSÆSON,2012-04-01,442.0
DST:FIKS22:BRANCHE07=P:BELØB=1:SÆSON=EJSÆSON,2012-05-01,478.0
DST:FIKS22:BRANCHE07=P:BELØB=1:SÆSON=EJSÆSON,2012-06-01,575.0
DST:FIKS22:BRANCHE07=P:BELØB=1:SÆSON=EJSÆSON,2012-07-01,353.0
DST:FIKS22:BRANCHE07=P:BELØB=1:SÆSON=EJSÆSON,2012-08-01,544.0
DST:FIKS22:BRANCHE07=P:BELØB=1:SÆSON=EJSÆSON,2012-09-01,582.0
DST:FIKS22:BRANCHE07=P:BELØB=1:SÆSON=EJSÆSON,2012-10-01,579.0
DST:FIKS22:BRANCHE07=P:BELØB=1:SÆSON=EJSÆSON,2012-11-01,616.0
DST:FIKS22:BRANCHE07=P:BELØB=1:SÆSON=EJSÆSON,2012-12-01,780.0
DST:FIKS22:BRANCHE07=P:BELØB=1:SÆSON=EJSÆSON,2013-01-01,429.0
DST:FIKS22:BRANCHE07=P:BELØB=1:SÆSON=EJSÆSON,2013-02-01,461.0
DST:FIKS22:BRANCHE07=P:BELØB=1:SÆSON=EJSÆSON,2013-03-01,549.0
DST:FIKS22:BRANCHE07=P:BELØB=1:SÆSON=EJSÆSON,2013-04-01,535.0
DST:FIKS22:BRANCHE07=P:BELØB=1:SÆSON=EJSÆSON,2013-05-01,506.0
DST:FIKS22:BRANCHE07=P:BELØB=1:SÆSON=EJSÆSON,2013-06-01,577.0
DST:FIKS22:BRANCHE07=P:BELØB=1:SÆSON=EJSÆSON,2013-07-01,424.0
DST:FIKS22:BRANCHE07=P:BELØB=1:SÆSON=EJSÆSON,2013-08-01,557.0
DST:FIKS22:BRANCHE07=P:BELØB=1:SÆSON=EJSÆSON,2013-09-01,550.0
DST:FIKS22:BRANCHE07=P:BELØB=1:SÆSON=EJSÆSON,2013-10-01,651.0
DST:FIKS22:BRANCHE07=P:BELØB=1:SÆSON=EJSÆSON,2013-11-01,612.0
DST:FIKS22:BRANCHE07=P:BELØB=1:SÆSON=EJSÆSON,2013-12-01,916.0
DST:FIKS22:BRANCHE07=P:BELØB=1:SÆSON=EJSÆSON,2014-01-01,611.0
DST:FIKS22:BRANCHE07=P:BELØB=1:SÆSON=EJSÆSON,2014-02-01,506.0
DST:FIKS22:BRANCHE07=P:BELØB=1:SÆSON=EJSÆSON,2014-03-01,550.0
DST:FIKS22:BRANCHE07=P:BELØB=1:SÆSON=EJSÆSON,2014-04-01,512.0
DST:FIKS22:BRANCHE07=P:BELØB=1:SÆSON=EJSÆSON,2014-05-01,509.0
DST:FIKS22:BRANCHE07=P:BELØB=1:SÆSON=EJSÆSON,2014-06-01,653.0
DST:FIKS22:BRANCHE07=P:BELØB=1:SÆSON=EJSÆSON,2014-07-01,429.0
DST:FIKS22:BRANCHE07=P:BELØB=1:SÆSON=EJSÆSON,2014-08-01,528.0
DST:FIKS22:BRANCHE07=P:BELØB=1:SÆSON=EJSÆSON,2014-09-01,659.0
DST:FIKS22:BRANCHE07=P:BELØB=1:SÆSON=EJSÆSON,2014-10-01,637.0
DST:FIKS22:BRANCHE07=P:BELØB=1:SÆSON=EJSÆSON,2014-11-01,642.0
DST:FIKS22:BRANCHE07=P:BELØB=1:SÆSON=EJSÆSON,2014-12-01,998.0
DST:FIKS22:BRANCHE07=P:BELØB=1:SÆSON=EJSÆSON,2015-01-01,554.0
DST:FIKS22:BRANCHE07=P:BELØB=1:SÆSON=EJSÆSON,2015-02-01,504.0
DST:FIKS22:BRANCHE07=P:BELØB=1:SÆSON=EJSÆSON,2015-03-01,541.0
DST:FIKS22:BRANCHE07=P:BELØB=1:SÆSON=EJSÆSON,2015-04-01,543.0
DST:FIKS22:BRANCHE07=P:BELØB=1:SÆSON=EJSÆSON,2015-05-01,602.0
DST:FIKS22:BRANCHE07=P:BELØB=1:SÆSON=EJSÆSON,2015-06-01,737.0
DST:FIKS22:BRANCHE07=P:BELØB=1:SÆSON=EJSÆSON,2015-07-01,381.0
DST:FIKS22:BRANCHE07=P:BELØB=1:SÆSON=EJSÆSON,2015-08-01,535.0
DST:FIKS22:BRANCHE07=P:BELØB=1:SÆSON=EJSÆSON,2015-09-01,797.0
DST:FIKS22:BRANCHE07=P:BELØB=1:SÆSON=EJSÆSON,2015-10-01,705.0
DST:FIKS22:BRANCHE07=P:BELØB=1:SÆSON=EJSÆSON,2015-11-01,652.0
DST:FIKS22:BRANCHE07=P:BELØB=1:SÆSON=EJSÆSON,2015-12-01,1026.0
DST:FIKS22:BRANCHE07=P:BELØB=1:SÆSON=EJSÆSON,2016-01-01,514.0
DST:FIKS22:BRANCHE07=P:BELØB=1:SÆSON=EJSÆSON,2016-02-01,596.0
DST:FIKS22:BRANCHE07=P:BELØB=1:SÆSON=EJSÆSON,2016-03-01,571.0
DST:FIKS22:BRANCHE07=P:BELØB=1:SÆSON=EJSÆSON,2016-04-01,599.0
DST:FIKS22:BRANCHE07=P:BELØB=1:SÆSON=EJSÆSON,2016-05-01,587.0
DST:FIKS22:BRANCHE07=P:BELØB=1:SÆSON=EJSÆSON,2016-06-01,698.0
DST:FIKS22:BRANCHE07=P:BELØB=1:SÆSON=EJSÆSON,2016-07-01,407.0
DST:FIKS22:BRANCHE07=P:BELØB=1:SÆSON=EJSÆSON,2016-08-01,694.0
DST:FIKS22:BRANCHE07=P:BELØB=1:SÆSON=EJSÆSON,2016-09-01,620.0
DST:FIKS22:BRANCHE07=P:BELØB=1:SÆSON=EJSÆSON,2016-10-01,637.0
DST:FIKS22:BRANCHE07=P:BELØB=1:SÆSON=EJSÆSON,2016-11-01,675.0
DST:FIKS22:BRANCHE07=P:BELØB=1:SÆSON=EJSÆSON,2016-12-01,1137.0
DST:FIKS22:BRANCHE07=P:BELØB=1:SÆSON=EJSÆSON,2017-01-01,518.0
DST:FIKS22:BRANCHE07=P:BELØB=1:SÆSON=EJSÆSON,2017-02-01,564.0
DST:FIKS22:BRANCHE07=P:BELØB=1:SÆSON=EJSÆSON,2017-03-01,724.0
DST:FIKS22:BRANCHE07=P:BELØB=1:SÆSON=EJSÆSON,2017-04-01,540.0
DST:FIKS22:BRANCHE07=P:BELØB=1:SÆSON=EJSÆSON,2017-05-01,653.0
DST:FIKS22:BRANCHE07=P:BELØB=1:SÆSON=EJSÆSON,2017-06-01,765.0
DST:FIKS22:BRANCHE07=P:BELØB=1:SÆSON=EJSÆSON,2017-07-01,417.0
DST:FIKS22:BRANCHE07=P:BELØB=1:SÆSON=EJSÆSON,2017-08-01,616.0
DST:FIKS22:BRANCHE07=P:BELØB=1:SÆSON=EJSÆSON,2017-09-01,705.0
DST:FIKS22:BRANCHE07=P:BELØB=1:SÆSON=EJSÆSON,2017-10-01,739.0
DST:FIKS22:BRANCHE07=P:BELØB=1:SÆSON=EJSÆSON,2017-11-01,719.0
DST:FIKS22:BRANCHE07=P:BELØB=1:SÆSON=EJSÆSON,2017-12-01,1028.0
DST:FIKS22:BRANCHE07=P:BELØB=1:SÆSON=EJSÆSON,2018-01-01,476.0
DST:FIKS22:BRANCHE07=P:BELØB=1:SÆSON=EJSÆSON,2018-02-01,704.0
DST:FIKS22:BRANCHE07=P:BELØB=1:SÆSON=EJSÆSON,2018-03-01,623.0
DST:FIKS22:BRANCHE07=P:BELØB=1:SÆSON=EJSÆSON,2018-04-01,638.0
DST:FIKS22:BRANCHE07=P:BELØB=1:SÆSON=EJSÆSON,2018-05-01,585.0
DST:FIKS22:BRANCHE07=P:BELØB=1:SÆSON=EJSÆSON,2018-06-01,753.0
DST:FIKS22:BRANCHE07=P:BELØB=1:SÆSON=EJSÆSON,2018-07-01,464.0
DST:FIKS22:BRANCHE07=P:BELØB=1:SÆSON=EJSÆSON,2018-08-01,685.0
DST:FIKS22:BRANCHE07=P:BELØB=1:SÆSON=EJSÆSON,2018-09-01,631.0
DST:FIKS22:BRANCHE07=P:BELØB=1:SÆSON=EJSÆSON,2018-10-01,689.0
DST:FIKS22:BRANCHE07=P:BELØB=1:SÆSON=EJSÆSON,2018-11-01,757.0
DST:FIKS22:BRANCHE07=P:BELØB=1:SÆSON=EJSÆSON,2018-12-01,1116.0
DST:FIKS22:BRANCHE07=P:BELØB=1:SÆSON=EJSÆSON,2019-01-01,670.0
DST:FIKS22:BRANCHE07=P:BELØB=1:SÆSON=EJSÆSON,2019-02-01,469.0
DST:FIKS22:BRANCHE07=P:BELØB=1:SÆSON=EJSÆSON,2019-03-01,659.0
DST:FIKS22:BRANCHE07=P:BELØB=1:SÆSON=EJSÆSON,2019-04-01,547.0
DST:FIKS22:BRANCHE07=P:BELØB=1:SÆSON=EJSÆSON,2019-05-01,704.0
DST:FIKS22:BRANCHE07=P:BELØB=1:SÆSON=EJSÆSON,2019-06-01,699.0
DST:FIKS22:BRANCHE07=P:BELØB=1:SÆSON=EJSÆSON,2019-07-01,489.0
DST:FIKS22:BRANCHE07=P:BELØB=1:SÆSON=EJSÆSON,2019-08-01,734.0
DST:FIKS22:BRANCHE07=P:BELØB=1:SÆSON=EJSÆSON,2019-09-01,660.0
DST:FIKS22:BRANCHE07=P:BELØB=1:SÆSON=EJSÆSON,2019-10-01,716.0
DST:FIKS22:BRANCHE07=P:BELØB=1:SÆSON=EJSÆSON,2019-11-01,727.0
DST:FIKS22:BRANCHE07=P:BELØB=1:SÆSON=EJSÆSON,2019-12-01,1055.0
DST:FIKS22:BRANCHE07=P:BELØB=1:SÆSON=EJSÆSON,2020-01-01,633.0
DST:FIKS22:BRANCHE07=P:BELØB=1:SÆSON=EJSÆSON,2020-02-01,562.0
DST:FIKS22:BRANCHE07=P:BELØB=1:SÆSON=EJSÆSON,2020-03-01,473.0
DST:FIKS22:BRANCHE07=P:BELØB=1:SÆSON=EJSÆSON,2020-04-01,368.0
DST:FIKS22:BRANCHE07=P:BELØB=1:SÆSON=EJSÆSON,2020-05-01,363.0
DST:FIKS22:BRANCHE07=P:BELØB=1:SÆSON=EJSÆSON,2020-06-01,668.0
DST:FIKS22:BRANCHE07=P:BELØB=1:SÆSON=EJSÆSON,2020-07-01,441.0
DST:FIKS22:BRANCHE07=P:BELØB=1:SÆSON=EJSÆSON,2020-08-01,606.0
DST:FIKS22:BRANCHE07=P:BELØB=1:SÆSON=EJSÆSON,2020-09-01,762.0
DST:FIKS22:BRANCHE07=P:BELØB=1:SÆSON=EJSÆSON,2020-10-01,789.0
DST:FIKS22:BRANCHE07=P:BELØB=1:SÆSON=EJSÆSON,2020-11-01,674.0
DST:FIKS22:BRANCHE07=P:BELØB=1:SÆSON=EJSÆSON,2020-12-01,1331.0
DST:FIKS22:BRANCHE07=P:BELØB=1:SÆSON=EJSÆSON,2021-01-01,446.0
DST:FIKS22:BRANCHE07=P:BELØB=1:SÆSON=EJSÆSON,2021-02-01,330.0
DST:FIKS22:BRANCHE07=P:BELØB=1:SÆSON=EJSÆSON,2021-03-01,632.0
DST:FIKS22:BRANCHE07=P:BELØB=1:SÆSON=EJSÆSON,2021-04-01,570.0
DST:FIKS22:BRANCHE07=P:BELØB=1:SÆSON=EJSÆSON,2021-05-01,483.0
DST:FIKS22:BRANCHE07=P:BELØB=1:SÆSON=EJSÆSON,2021-06-01,981.0
DST:FIKS22:BRANCHE07=P:BELØB=1:SÆSON=EJSÆSON,2021-07-01,490.0
DST:FIKS22:BRANCHE07=P:BELØB=1:SÆSON=EJSÆSON,2021-08-01,691.0
DST:FIKS22:BRANCHE07=P:BELØB=1:SÆSON=EJSÆSON,2021-09-01,782.0
DST:FIKS22:BRANCHE07=P:BELØB=1:SÆSON=EJSÆSON,2021-10-01,763.0
DST:FIKS22:BRANCHE07=P:BELØB=1:SÆSON=EJSÆSON,2021-11-01,725.0
DST:FIKS22:BRANCHE07=P:BELØB=1:SÆSON=EJSÆSON,2021-12-01,1297.0
DST:FIKS22:BRANCHE07=P:BELØB=1:SÆSON=EJSÆSON,2022-01-01,583.0
DST:FIKS22:BRANCHE07=P:BELØB=1:SÆSON=EJSÆSON,2022-02-01,569.0
DST:FIKS22:BRANCHE07=P:BELØB=1:SÆSON=EJSÆSON,2022-03-01,740.0
DST:FIKS22:BRANCHE07=P:BELØB=1:SÆSON=EJSÆSON,2022-04-01,383.0
DST:FIKS22:BRANCHE07=P:BELØB=1:SÆSON=EJSÆSON,2022-05-01,692.0
DST:FIKS22:BRANCHE07=P:BELØB=1:SÆSON=EJSÆSON,2022-06-01,720.0
DST:FIKS22:BRANCHE07=P:BELØB=1:SÆSON=EJSÆSON,2022-07-01,663.0
DST:FIKS22:BRANCHE07=P:BELØB=1:SÆSON=EJSÆSON,2022-08-01,576.0
DST:FIKS22:BRANCHE07=P:BELØB=1:SÆSON=EJSÆSON,2022-09-01,715.0
DST:FIKS22:BRANCHE07=P:BELØB=1:SÆSON=EJSÆSON,2022-10-01,743.0
DST:FIKS22:BRANCHE07=P:BELØB=1:SÆSON=EJSÆSON,2022-11-01,831.0
DST:FIKS22:BRANCHE07=P:BELØB=1:SÆSON=EJSÆSON,2022-12-01,1167.0
DST:FIKS22:BRANCHE07=P:BELØB=1:SÆSON=EJSÆSON,2023-01-01,604.0
DST:FIKS22:BRANCHE07=P:BELØB=1:SÆSON=EJSÆSON,2023-02-01,565.0
DST:FIKS22:BRANCHE07=P:BELØB=1:SÆSON=EJSÆSON,2023-03-01,782.0
DST:FIKS22:BRANCHE07=P:BELØB=1:SÆSON=EJSÆSON,2023-04-01,682.0
DST:FIKS22:BRANCHE07=P:BELØB=1:SÆSON=EJSÆSON,2023-05-01,559.0
DST:FIKS22:BRANCHE07=P:BELØB=1:SÆSON=EJSÆSON,2023-06-01,965.0
DST:FIKS22:BRANCHE07=P:BELØB=1:SÆSON=EJSÆSON,2023-07-01,505.0
DST:FIKS22:BRANCHE07=P:BELØB=1:SÆSON=EJSÆSON,2023-08-01,691.0
DST:FIKS22:BRANCHE07=P:BELØB=1:SÆSON=EJSÆSON,2023-09-01,702.0
DST:FIKS22:BRANCHE07=P:BELØB=1:SÆSON=EJSÆSON,2023-10-01,725.0
DST:FIKS22:BRANCHE07=P:BELØB=1:SÆSON=EJSÆSON,2023-11-01,747.0
DST:FIKS22:BRANCHE07=P:BELØB=1:SÆSON=EJSÆSON,2023-12-01,1434.0
DST:FIKS22:BRANCHE07=P:BELØB=1:SÆSON=EJSÆSON,2024-01-01,618.0
DST:FIKS22:BRANCHE07=P:BELØB=1:SÆSON=EJSÆSON,2024-02-01,633.0
DST:FIKS22:BRANCHE07=P:BELØB=1:SÆSON=EJSÆSON,2024-03-01,668.0
DST:FIKS22:BRANCHE07=P:BELØB=1:SÆSON=EJSÆSON,2024-04-01,699.0
DST:FIKS22:BRANCHE07=P:BELØB=1:SÆSON=EJSÆSON,2024-05-01,721.0
DST:FIKS22:BRANCHE07=P:BELØB=1:SÆSON=EJSÆSON,2024-06-01,777.0
DST:FIKS22:BRANCHE07=P:BELØB=1:SÆSON=EJSÆSON,2024-07-01,504.0
DST:FIKS22:BRANCHE07=P:BELØB=1:SÆSON=EJSÆSON,2024-08-01,707.0
DST:FIKS22:BRANCHE07=P:BELØB=1:SÆSON=EJSÆSON,2024-09-01,779.0
DST:FIKS22:BRANCHE07=P:BELØB=1:SÆSON=EJSÆSON,2024-10-01,779.0
DST:FIKS22:BRANCHE07=P:BELØB=1:SÆSON=EJSÆSON,2024-11-01,818.0
DST:FIKS22:BRANCHE07=P:BELØB=1:SÆSON=EJSÆSON,2024-12-01,1320.0
DST:FIKS22:BRANCHE07=P:BELØB=1:SÆSON=EJSÆSON,2025-01-01,533.0
DST:FIKS22:BRANCHE07=P:BELØB=1:SÆSON=EJSÆSON,2025-02-01,654.0
DST:FIKS22:BRANCHE07=P:BELØB=1:SÆSON=EJSÆSON,2025-03-01,806.0
DST:FIKS22:BRANCHE07=P:BELØB=1:SÆSON=EJSÆSON,2025-04-01,680.0
DST:FIKS22:BRANCHE07=P:BELØB=1:SÆSON=EJSÆSON,2025-05-01,730.0
DST:FIKS22:BRANCHE07=P:BELØB=1:SÆSON=EJSÆSON,2025-06-01,761.0
DST:FIKS22:BRANCHE07=P:BELØB=1:SÆSON=EJSÆSON,2025-07-01,605.0
DST:FIKS22:BRANCHE07=P:BELØB=1:SÆSON=EJSÆSON,2025-08-01,720.0
DST:FIKS22:BRANCHE07=P:BELØB=1:SÆSON=EJSÆSON,2025-09-01,876.0
DST:FIKS22:BRANCHE07=P:BELØB=1:SÆSON=EJSÆSON,2025-10-01,803.0
DST:FIKS22:BRANCHE07=P:BELØB=1:SÆSON=EJSÆSON,2025-11-01,870.0
DST:FIKS22:BRANCHE07=P:BELØB=1:SÆSON=EJSÆSON,2025-12-01,1320.0
DST:FIKS22:BRANCHE07=P:BELØB=1:SÆSON=EJSÆSON,2026-01-01,592.0
DST:FIKS22:BRANCHE07=P:BELØB=1:SÆSON=EJSÆSON,2026-02-01,689.0
DST:FIKS22:BRANCHE07=P:BELØB=1:SÆSON=EJSÆSON,2026-03-01,783.0
DST:FIKS22:BRANCHE07=P:BELØB=1:SÆSON=SÆSON,2009-01-01,380.0
DST:FIKS22:BRANCHE07=P:BELØB=1:SÆSON=SÆSON,2009-02-01,450.0
DST:FIKS22:BRANCHE07=P:BELØB=1:SÆSON=SÆSON,2009-03-01,376.0
DST:FIKS22:BRANCHE07=P:BELØB=1:SÆSON=SÆSON,2009-04-01,470.0
DST:FIKS22:BRANCHE07=P:BELØB=1:SÆSON=SÆSON,2009-05-01,398.0
DST:FIKS22:BRANCHE07=P:BELØB=1:SÆSON=SÆSON,2009-06-01,455.0
DST:FIKS22:BRANCHE07=P:BELØB=1:SÆSON=SÆSON,2009-07-01,446.0
DST:FIKS22:BRANCHE07=P:BELØB=1:SÆSON=SÆSON,2009-08-01,401.0
DST:FIKS22:BRANCHE07=P:BELØB=1:SÆSON=SÆSON,2009-09-01,392.0
DST:FIKS22:BRANCHE07=P:BELØB=1:SÆSON=SÆSON,2009-10-01,376.0
DST:FIKS22:BRANCHE07=P:BELØB=1:SÆSON=SÆSON,2009-11-01,396.0
DST:FIKS22:BRANCHE07=P:BELØB=1:SÆSON=SÆSON,2009-12-01,441.0
DST:FIKS22:BRANCHE07=P:BELØB=1:SÆSON=SÆSON,2010-01-01,489.0
DST:FIKS22:BRANCHE07=P:BELØB=1:SÆSON=SÆSON,2010-02-01,412.0
DST:FIKS22:BRANCHE07=P:BELØB=1:SÆSON=SÆSON,2010-03-01,430.0
DST:FIKS22:BRANCHE07=P:BELØB=1:SÆSON=SÆSON,2010-04-01,488.0
DST:FIKS22:BRANCHE07=P:BELØB=1:SÆSON=SÆSON,2010-05-01,430.0
DST:FIKS22:BRANCHE07=P:BELØB=1:SÆSON=SÆSON,2010-06-01,496.0
DST:FIKS22:BRANCHE07=P:BELØB=1:SÆSON=SÆSON,2010-07-01,459.0
DST:FIKS22:BRANCHE07=P:BELØB=1:SÆSON=SÆSON,2010-08-01,462.0
DST:FIKS22:BRANCHE07=P:BELØB=1:SÆSON=SÆSON,2010-09-01,749.0
DST:FIKS22:BRANCHE07=P:BELØB=1:SÆSON=SÆSON,2010-10-01,468.0
DST:FIKS22:BRANCHE07=P:BELØB=1:SÆSON=SÆSON,2010-11-01,591.0
DST:FIKS22:BRANCHE07=P:BELØB=1:SÆSON=SÆSON,2010-12-01,531.0
DST:FIKS22:BRANCHE07=P:BELØB=1:SÆSON=SÆSON,2011-01-01,519.0
DST:FIKS22:BRANCHE07=P:BELØB=1:SÆSON=SÆSON,2011-02-01,568.0
DST:FIKS22:BRANCHE07=P:BELØB=1:SÆSON=SÆSON,2011-03-01,603.0
DST:FIKS22:BRANCHE07=P:BELØB=1:SÆSON=SÆSON,2011-04-01,515.0
DST:FIKS22:BRANCHE07=P:BELØB=1:SÆSON=SÆSON,2011-05-01,595.0
DST:FIKS22:BRANCHE07=P:BELØB=1:SÆSON=SÆSON,2011-06-01,534.0
DST:FIKS22:BRANCHE07=P:BELØB=1:SÆSON=SÆSON,2011-07-01,510.0
DST:FIKS22:BRANCHE07=P:BELØB=1:SÆSON=SÆSON,2011-08-01,502.0
DST:FIKS22:BRANCHE07=P:BELØB=1:SÆSON=SÆSON,2011-09-01,598.0
DST:FIKS22:BRANCHE07=P:BELØB=1:SÆSON=SÆSON,2011-10-01,619.0
DST:FIKS22:BRANCHE07=P:BELØB=1:SÆSON=SÆSON,2011-11-01,502.0
DST:FIKS22:BRANCHE07=P:BELØB=1:SÆSON=SÆSON,2011-12-01,492.0
DST:FIKS22:BRANCHE07=P:BELØB=1:SÆSON=SÆSON,2012-01-01,586.0
DST:FIKS22:BRANCHE07=P:BELØB=1:SÆSON=SÆSON,2012-02-01,511.0
DST:FIKS22:BRANCHE07=P:BELØB=1:SÆSON=SÆSON,2012-03-01,614.0
DST:FIKS22:BRANCHE07=P:BELØB=1:SÆSON=SÆSON,2012-04-01,495.0
DST:FIKS22:BRANCHE07=P:BELØB=1:SÆSON=SÆSON,2012-05-01,536.0
DST:FIKS22:BRANCHE07=P:BELØB=1:SÆSON=SÆSON,2012-06-01,507.0
DST:FIKS22:BRANCHE07=P:BELØB=1:SÆSON=SÆSON,2012-07-01,546.0
DST:FIKS22:BRANCHE07=P:BELØB=1:SÆSON=SÆSON,2012-08-01,594.0
DST:FIKS22:BRANCHE07=P:BELØB=1:SÆSON=SÆSON,2012-09-01,546.0
DST:FIKS22:BRANCHE07=P:BELØB=1:SÆSON=SÆSON,2012-10-01,533.0
DST:FIKS22:BRANCHE07=P:BELØB=1:SÆSON=SÆSON,2012-11-01,583.0
DST:FIKS22:BRANCHE07=P:BELØB=1:SÆSON=SÆSON,2012-12-01,463.0
DST:FIKS22:BRANCHE07=P:BELØB=1:SÆSON=SÆSON,2013-01-01,517.0
DST:FIKS22:BRANCHE07=P:BELØB=1:SÆSON=SÆSON,2013-02-01,544.0
DST:FIKS22:BRANCHE07=P:BELØB=1:SÆSON=SÆSON,2013-03-01,563.0
DST:FIKS22:BRANCHE07=P:BELØB=1:SÆSON=SÆSON,2013-04-01,553.0
DST:FIKS22:BRANCHE07=P:BELØB=1:SÆSON=SÆSON,2013-05-01,560.0
DST:FIKS22:BRANCHE07=P:BELØB=1:SÆSON=SÆSON,2013-06-01,509.0
DST:FIKS22:BRANCHE07=P:BELØB=1:SÆSON=SÆSON,2013-07-01,623.0
DST:FIKS22:BRANCHE07=P:BELØB=1:SÆSON=SÆSON,2013-08-01,602.0
DST:FIKS22:BRANCHE07=P:BELØB=1:SÆSON=SÆSON,2013-09-01,518.0
DST:FIKS22:BRANCHE07=P:BELØB=1:SÆSON=SÆSON,2013-10-01,604.0
DST:FIKS22:BRANCHE07=P:BELØB=1:SÆSON=SÆSON,2013-11-01,576.0
DST:FIKS22:BRANCHE07=P:BELØB=1:SÆSON=SÆSON,2013-12-01,585.0
DST:FIKS22:BRANCHE07=P:BELØB=1:SÆSON=SÆSON,2014-01-01,703.0
DST:FIKS22:BRANCHE07=P:BELØB=1:SÆSON=SÆSON,2014-02-01,591.0
DST:FIKS22:BRANCHE07=P:BELØB=1:SÆSON=SÆSON,2014-03-01,485.0
DST:FIKS22:BRANCHE07=P:BELØB=1:SÆSON=SÆSON,2014-04-01,623.0
DST:FIKS22:BRANCHE07=P:BELØB=1:SÆSON=SÆSON,2014-05-01,558.0
DST:FIKS22:BRANCHE07=P:BELØB=1:SÆSON=SÆSON,2014-06-01,588.0
DST:FIKS22:BRANCHE07=P:BELØB=1:SÆSON=SÆSON,2014-07-01,633.0
DST:FIKS22:BRANCHE07=P:BELØB=1:SÆSON=SÆSON,2014-08-01,565.0
DST:FIKS22:BRANCHE07=P:BELØB=1:SÆSON=SÆSON,2014-09-01,632.0
DST:FIKS22:BRANCHE07=P:BELØB=1:SÆSON=SÆSON,2014-10-01,589.0
DST:FIKS22:BRANCHE07=P:BELØB=1:SÆSON=SÆSON,2014-11-01,602.0
DST:FIKS22:BRANCHE07=P:BELØB=1:SÆSON=SÆSON,2014-12-01,653.0
DST:FIKS22:BRANCHE07=P:BELØB=1:SÆSON=SÆSON,2015-01-01,647.0
DST:FIKS22:BRANCHE07=P:BELØB=1:SÆSON=SÆSON,2015-02-01,593.0
DST:FIKS22:BRANCHE07=P:BELØB=1:SÆSON=SÆSON,2015-03-01,542.0
DST:FIKS22:BRANCHE07=P:BELØB=1:SÆSON=SÆSON,2015-04-01,598.0
DST:FIKS22:BRANCHE07=P:BELØB=1:SÆSON=SÆSON,2015-05-01,654.0
DST:FIKS22:BRANCHE07=P:BELØB=1:SÆSON=SÆSON,2015-06-01,675.0
DST:FIKS22:BRANCHE07=P:BELØB=1:SÆSON=SÆSON,2015-07-01,586.0
DST:FIKS22:BRANCHE07=P:BELØB=1:SÆSON=SÆSON,2015-08-01,562.0
DST:FIKS22:BRANCHE07=P:BELØB=1:SÆSON=SÆSON,2015-09-01,776.0
DST:FIKS22:BRANCHE07=P:BELØB=1:SÆSON=SÆSON,2015-10-01,657.0
DST:FIKS22:BRANCHE07=P:BELØB=1:SÆSON=SÆSON,2015-11-01,609.0
DST:FIKS22:BRANCHE07=P:BELØB=1:SÆSON=SÆSON,2015-12-01,661.0
DST:FIKS22:BRANCHE07=P:BELØB=1:SÆSON=SÆSON,2016-01-01,610.0
DST:FIKS22:BRANCHE07=P:BELØB=1:SÆSON=SÆSON,2016-02-01,686.0
DST:FIKS22:BRANCHE07=P:BELØB=1:SÆSON=SÆSON,2016-03-01,605.0
DST:FIKS22:BRANCHE07=P:BELØB=1:SÆSON=SÆSON,2016-04-01,636.0
DST:FIKS22:BRANCHE07=P:BELØB=1:SÆSON=SÆSON,2016-05-01,647.0
DST:FIKS22:BRANCHE07=P:BELØB=1:SÆSON=SÆSON,2016-06-01,637.0
DST:FIKS22:BRANCHE07=P:BELØB=1:SÆSON=SÆSON,2016-07-01,611.0
DST:FIKS22:BRANCHE07=P:BELØB=1:SÆSON=SÆSON,2016-08-01,715.0
DST:FIKS22:BRANCHE07=P:BELØB=1:SÆSON=SÆSON,2016-09-01,601.0
DST:FIKS22:BRANCHE07=P:BELØB=1:SÆSON=SÆSON,2016-10-01,588.0
DST:FIKS22:BRANCHE07=P:BELØB=1:SÆSON=SÆSON,2016-11-01,636.0
DST:FIKS22:BRANCHE07=P:BELØB=1:SÆSON=SÆSON,2016-12-01,745.0
DST:FIKS22:BRANCHE07=P:BELØB=1:SÆSON=SÆSON,2017-01-01,618.0
DST:FIKS22:BRANCHE07=P:BELØB=1:SÆSON=SÆSON,2017-02-01,655.0
DST:FIKS22:BRANCHE07=P:BELØB=1:SÆSON=SÆSON,2017-03-01,681.0
DST:FIKS22:BRANCHE07=P:BELØB=1:SÆSON=SÆSON,2017-04-01,664.0
DST:FIKS22:BRANCHE07=P:BELØB=1:SÆSON=SÆSON,2017-05-01,722.0
DST:FIKS22:BRANCHE07=P:BELØB=1:SÆSON=SÆSON,2017-06-01,702.0
DST:FIKS22:BRANCHE07=P:BELØB=1:SÆSON=SÆSON,2017-07-01,623.0
DST:FIKS22:BRANCHE07=P:BELØB=1:SÆSON=SÆSON,2017-08-01,640.0
DST:FIKS22:BRANCHE07=P:BELØB=1:SÆSON=SÆSON,2017-09-01,684.0
DST:FIKS22:BRANCHE07=P:BELØB=1:SÆSON=SÆSON,2017-10-01,689.0
DST:FIKS22:BRANCHE07=P:BELØB=1:SÆSON=SÆSON,2017-11-01,679.0
DST:FIKS22:BRANCHE07=P:BELØB=1:SÆSON=SÆSON,2017-12-01,609.0
DST:FIKS22:BRANCHE07=P:BELØB=1:SÆSON=SÆSON,2018-01-01,584.0
DST:FIKS22:BRANCHE07=P:BELØB=1:SÆSON=SÆSON,2018-02-01,799.0
DST:FIKS22:BRANCHE07=P:BELØB=1:SÆSON=SÆSON,2018-03-01,669.0
DST:FIKS22:BRANCHE07=P:BELØB=1:SÆSON=SÆSON,2018-04-01,681.0
DST:FIKS22:BRANCHE07=P:BELØB=1:SÆSON=SÆSON,2018-05-01,658.0
DST:FIKS22:BRANCHE07=P:BELØB=1:SÆSON=SÆSON,2018-06-01,688.0
DST:FIKS22:BRANCHE07=P:BELØB=1:SÆSON=SÆSON,2018-07-01,675.0
DST:FIKS22:BRANCHE07=P:BELØB=1:SÆSON=SÆSON,2018-08-01,711.0
DST:FIKS22:BRANCHE07=P:BELØB=1:SÆSON=SÆSON,2018-09-01,610.0
DST:FIKS22:BRANCHE07=P:BELØB=1:SÆSON=SÆSON,2018-10-01,641.0
DST:FIKS22:BRANCHE07=P:BELØB=1:SÆSON=SÆSON,2018-11-01,717.0
DST:FIKS22:BRANCHE07=P:BELØB=1:SÆSON=SÆSON,2018-12-01,673.0
DST:FIKS22:BRANCHE07=P:BELØB=1:SÆSON=SÆSON,2019-01-01,783.0
DST:FIKS22:BRANCHE07=P:BELØB=1:SÆSON=SÆSON,2019-02-01,569.0
DST:FIKS22:BRANCHE07=P:BELØB=1:SÆSON=SÆSON,2019-03-01,621.0
DST:FIKS22:BRANCHE07=P:BELØB=1:SÆSON=SÆSON,2019-04-01,675.0
DST:FIKS22:BRANCHE07=P:BELØB=1:SÆSON=SÆSON,2019-05-01,778.0
DST:FIKS22:BRANCHE07=P:BELØB=1:SÆSON=SÆSON,2019-06-01,638.0
DST:FIKS22:BRANCHE07=P:BELØB=1:SÆSON=SÆSON,2019-07-01,703.0
DST:FIKS22:BRANCHE07=P:BELØB=1:SÆSON=SÆSON,2019-08-01,761.0
DST:FIKS22:BRANCHE07=P:BELØB=1:SÆSON=SÆSON,2019-09-01,640.0
DST:FIKS22:BRANCHE07=P:BELØB=1:SÆSON=SÆSON,2019-10-01,672.0
DST:FIKS22:BRANCHE07=P:BELØB=1:SÆSON=SÆSON,2019-11-01,682.0
DST:FIKS22:BRANCHE07=P:BELØB=1:SÆSON=SÆSON,2019-12-01,595.0
DST:FIKS22:BRANCHE07=P:BELØB=1:SÆSON=SÆSON,2020-01-01,753.0
DST:FIKS22:BRANCHE07=P:BELØB=1:SÆSON=SÆSON,2020-02-01,667.0
DST:FIKS22:BRANCHE07=P:BELØB=1:SÆSON=SÆSON,2020-03-01,455.0
DST:FIKS22:BRANCHE07=P:BELØB=1:SÆSON=SÆSON,2020-04-01,473.0
DST:FIKS22:BRANCHE07=P:BELØB=1:SÆSON=SÆSON,2020-05-01,440.0
DST:FIKS22:BRANCHE07=P:BELØB=1:SÆSON=SÆSON,2020-06-01,614.0
DST:FIKS22:BRANCHE07=P:BELØB=1:SÆSON=SÆSON,2020-07-01,655.0
DST:FIKS22:BRANCHE07=P:BELØB=1:SÆSON=SÆSON,2020-08-01,634.0
DST:FIKS22:BRANCHE07=P:BELØB=1:SÆSON=SÆSON,2020-09-01,742.0
DST:FIKS22:BRANCHE07=P:BELØB=1:SÆSON=SÆSON,2020-10-01,747.0
DST:FIKS22:BRANCHE07=P:BELØB=1:SÆSON=SÆSON,2020-11-01,626.0
DST:FIKS22:BRANCHE07=P:BELØB=1:SÆSON=SÆSON,2020-12-01,854.0
DST:FIKS22:BRANCHE07=P:BELØB=1:SÆSON=SÆSON,2021-01-01,574.0
DST:FIKS22:BRANCHE07=P:BELØB=1:SÆSON=SÆSON,2021-02-01,437.0
DST:FIKS22:BRANCHE07=P:BELØB=1:SÆSON=SÆSON,2021-03-01,657.0
DST:FIKS22:BRANCHE07=P:BELØB=1:SÆSON=SÆSON,2021-04-01,630.0
DST:FIKS22:BRANCHE07=P:BELØB=1:SÆSON=SÆSON,2021-05-01,563.0
DST:FIKS22:BRANCHE07=P:BELØB=1:SÆSON=SÆSON,2021-06-01,934.0
DST:FIKS22:BRANCHE07=P:BELØB=1:SÆSON=SÆSON,2021-07-01,701.0
DST:FIKS22:BRANCHE07=P:BELØB=1:SÆSON=SÆSON,2021-08-01,722.0
DST:FIKS22:BRANCHE07=P:BELØB=1:SÆSON=SÆSON,2021-09-01,758.0
DST:FIKS22:BRANCHE07=P:BELØB=1:SÆSON=SÆSON,2021-10-01,724.0
DST:FIKS22:BRANCHE07=P:BELØB=1:SÆSON=SÆSON,2021-11-01,673.0
DST:FIKS22:BRANCHE07=P:BELØB=1:SÆSON=SÆSON,2021-12-01,804.0
DST:FIKS22:BRANCHE07=P:BELØB=1:SÆSON=SÆSON,2022-01-01,716.0
DST:FIKS22:BRANCHE07=P:BELØB=1:SÆSON=SÆSON,2022-02-01,681.0
DST:FIKS22:BRANCHE07=P:BELØB=1:SÆSON=SÆSON,2022-03-01,697.0
DST:FIKS22:BRANCHE07=P:BELØB=1:SÆSON=SÆSON,2022-04-01,510.0
DST:FIKS22:BRANCHE07=P:BELØB=1:SÆSON=SÆSON,2022-05-01,774.0
DST:FIKS22:BRANCHE07=P:BELØB=1:SÆSON=SÆSON,2022-06-01,680.0
DST:FIKS22:BRANCHE07=P:BELØB=1:SÆSON=SÆSON,2022-07-01,870.0
DST:FIKS22:BRANCHE07=P:BELØB=1:SÆSON=SÆSON,2022-08-01,613.0
DST:FIKS22:BRANCHE07=P:BELØB=1:SÆSON=SÆSON,2022-09-01,684.0
DST:FIKS22:BRANCHE07=P:BELØB=1:SÆSON=SÆSON,2022-10-01,706.0
DST:FIKS22:BRANCHE07=P:BELØB=1:SÆSON=SÆSON,2022-11-01,779.0
DST:FIKS22:BRANCHE07=P:BELØB=1:SÆSON=SÆSON,2022-12-01,660.0
DST:FIKS22:BRANCHE07=P:BELØB=1:SÆSON=SÆSON,2023-01-01,745.0
DST:FIKS22:BRANCHE07=P:BELØB=1:SÆSON=SÆSON,2023-02-01,678.0
DST:FIKS22:BRANCHE07=P:BELØB=1:SÆSON=SÆSON,2023-03-01,777.0
DST:FIKS22:BRANCHE07=P:BELØB=1:SÆSON=SÆSON,2023-04-01,772.0
DST:FIKS22:BRANCHE07=P:BELØB=1:SÆSON=SÆSON,2023-05-01,644.0
DST:FIKS22:BRANCHE07=P:BELØB=1:SÆSON=SÆSON,2023-06-01,927.0
DST:FIKS22:BRANCHE07=P:BELØB=1:SÆSON=SÆSON,2023-07-01,711.0
DST:FIKS22:BRANCHE07=P:BELØB=1:SÆSON=SÆSON,2023-08-01,735.0
DST:FIKS22:BRANCHE07=P:BELØB=1:SÆSON=SÆSON,2023-09-01,665.0
DST:FIKS22:BRANCHE07=P:BELØB=1:SÆSON=SÆSON,2023-10-01,690.0
DST:FIKS22:BRANCHE07=P:BELØB=1:SÆSON=SÆSON,2023-11-01,696.0
DST:FIKS22:BRANCHE07=P:BELØB=1:SÆSON=SÆSON,2023-12-01,911.0
DST:FIKS22:BRANCHE07=P:BELØB=1:SÆSON=SÆSON,2024-01-01,770.0
DST:FIKS22:BRANCHE07=P:BELØB=1:SÆSON=SÆSON,2024-02-01,747.0
DST:FIKS22:BRANCHE07=P:BELØB=1:SÆSON=SÆSON,2024-03-01,708.0
DST:FIKS22:BRANCHE07=P:BELØB=1:SÆSON=SÆSON,2024-04-01,742.0
DST:FIKS22:BRANCHE07=P:BELØB=1:SÆSON=SÆSON,2024-05-01,804.0
DST:FIKS22:BRANCHE07=P:BELØB=1:SÆSON=SÆSON,2024-06-01,742.0
DST:FIKS22:BRANCHE07=P:BELØB=1:SÆSON=SÆSON,2024-07-01,710.0
DST:FIKS22:BRANCHE07=P:BELØB=1:SÆSON=SÆSON,2024-08-01,757.0
DST:FIKS22:BRANCHE07=P:BELØB=1:SÆSON=SÆSON,2024-09-01,739.0
DST:FIKS22:BRANCHE07=P:BELØB=1:SÆSON=SÆSON,2024-10-01,747.0
DST:FIKS22:BRANCHE07=P:BELØB=1:SÆSON=SÆSON,2024-11-01,765.0
DST:FIKS22:BRANCHE07=P:BELØB=1:SÆSON=SÆSON,2024-12-01,787.0
DST:FIKS22:BRANCHE07=P:BELØB=1:SÆSON=SÆSON,2025-01-01,695.0
DST:FIKS22:BRANCHE07=P:BELØB=1:SÆSON=SÆSON,2025-02-01,769.0
DST:FIKS22:BRANCHE07=P:BELØB=1:SÆSON=SÆSON,2025-03-01,760.0
DST:FIKS22:BRANCHE07=P:BELØB=1:SÆSON=SÆSON,2025-04-01,805.0
DST:FIKS22:BRANCHE07=P:BELØB=1:SÆSON=SÆSON,2025-05-01,804.0
DST:FIKS22:BRANCHE07=P:BELØB=1:SÆSON=SÆSON,2025-06-01,727.0
DST:FIKS22:BRANCHE07=P:BELØB=1:SÆSON=SÆSON,2025-07-01,812.0
DST:FIKS22:BRANCHE07=P:BELØB=1:SÆSON=SÆSON,2025-08-01,776.0
DST:FIKS22:BRANCHE07=P:BELØB=1:SÆSON=SÆSON,2025-09-01,837.0
DST:FIKS22:BRANCHE07=P:BELØB=1:SÆSON=SÆSON,2025-10-01,777.0
DST:FIKS22:BRANCHE07=P:BELØB=1:SÆSON=SÆSON,2025-11-01,810.0
DST:FIKS22:BRANCHE07=P:BELØB=1:SÆSON=SÆSON,2025-12-01,783.0
DST:FIKS22:BRANCHE07=P:BELØB=1:SÆSON=SÆSON,2026-01-01,758.0
DST:FIKS22:BRANCHE07=P:BELØB=1:SÆSON=SÆSON,2026-02-01,805.0
DST:FIKS22:BRANCHE07=P:BELØB=1:SÆSON=SÆSON,2026-03-01,800.0
DST:FIKS22:BRANCHE07=P:BELØB=3:SÆSON=EJSÆSON,2009-01-01,270.0
DST:FIKS22:BRANCHE07=P:BELØB=3:SÆSON=EJSÆSON,2009-02-01,238.0
DST:FIKS22:BRANCHE07=P:BELØB=3:SÆSON=EJSÆSON,2009-03-01,358.0
DST:FIKS22:BRANCHE07=P:BELØB=3:SÆSON=EJSÆSON,2009-04-01,284.0
DST:FIKS22:BRANCHE07=P:BELØB=3:SÆSON=EJSÆSON,2009-05-01,254.0
DST:FIKS22:BRANCHE07=P:BELØB=3:SÆSON=EJSÆSON,2009-06-01,405.0
DST:FIKS22:BRANCHE07=P:BELØB=3:SÆSON=EJSÆSON,2009-07-01,229.0
DST:FIKS22:BRANCHE07=P:BELØB=3:SÆSON=EJSÆSON,2009-08-01,253.0
DST:FIKS22:BRANCHE07=P:BELØB=3:SÆSON=EJSÆSON,2009-09-01,331.0
DST:FIKS22:BRANCHE07=P:BELØB=3:SÆSON=EJSÆSON,2009-10-01,344.0
DST:FIKS22:BRANCHE07=P:BELØB=3:SÆSON=EJSÆSON,2009-11-01,323.0
DST:FIKS22:BRANCHE07=P:BELØB=3:SÆSON=EJSÆSON,2009-12-01,430.0
DST:FIKS22:BRANCHE07=P:BELØB=3:SÆSON=EJSÆSON,2010-01-01,340.0
DST:FIKS22:BRANCHE07=P:BELØB=3:SÆSON=EJSÆSON,2010-02-01,283.0
DST:FIKS22:BRANCHE07=P:BELØB=3:SÆSON=EJSÆSON,2010-03-01,361.0
DST:FIKS22:BRANCHE07=P:BELØB=3:SÆSON=EJSÆSON,2010-04-01,286.0
DST:FIKS22:BRANCHE07=P:BELØB=3:SÆSON=EJSÆSON,2010-05-01,313.0
DST:FIKS22:BRANCHE07=P:BELØB=3:SÆSON=EJSÆSON,2010-06-01,381.0
DST:FIKS22:BRANCHE07=P:BELØB=3:SÆSON=EJSÆSON,2010-07-01,254.0
DST:FIKS22:BRANCHE07=P:BELØB=3:SÆSON=EJSÆSON,2010-08-01,306.0
DST:FIKS22:BRANCHE07=P:BELØB=3:SÆSON=EJSÆSON,2010-09-01,414.0
DST:FIKS22:BRANCHE07=P:BELØB=3:SÆSON=EJSÆSON,2010-10-01,379.0
DST:FIKS22:BRANCHE07=P:BELØB=3:SÆSON=EJSÆSON,2010-11-01,429.0
DST:FIKS22:BRANCHE07=P:BELØB=3:SÆSON=EJSÆSON,2010-12-01,611.0
DST:FIKS22:BRANCHE07=P:BELØB=3:SÆSON=EJSÆSON,2011-01-01,450.0
DST:FIKS22:BRANCHE07=P:BELØB=3:SÆSON=EJSÆSON,2011-02-01,488.0
DST:FIKS22:BRANCHE07=P:BELØB=3:SÆSON=EJSÆSON,2011-03-01,539.0
DST:FIKS22:BRANCHE07=P:BELØB=3:SÆSON=EJSÆSON,2011-04-01,456.0
DST:FIKS22:BRANCHE07=P:BELØB=3:SÆSON=EJSÆSON,2011-05-01,455.0
DST:FIKS22:BRANCHE07=P:BELØB=3:SÆSON=EJSÆSON,2011-06-01,497.0
DST:FIKS22:BRANCHE07=P:BELØB=3:SÆSON=EJSÆSON,2011-07-01,425.0
DST:FIKS22:BRANCHE07=P:BELØB=3:SÆSON=EJSÆSON,2011-08-01,456.0
DST:FIKS22:BRANCHE07=P:BELØB=3:SÆSON=EJSÆSON,2011-09-01,542.0
DST:FIKS22:BRANCHE07=P:BELØB=3:SÆSON=EJSÆSON,2011-10-01,552.0
DST:FIKS22:BRANCHE07=P:BELØB=3:SÆSON=EJSÆSON,2011-11-01,637.0
DST:FIKS22:BRANCHE07=P:BELØB=3:SÆSON=EJSÆSON,2011-12-01,846.0
DST:FIKS22:BRANCHE07=P:BELØB=3:SÆSON=EJSÆSON,2012-01-01,565.0
DST:FIKS22:BRANCHE07=P:BELØB=3:SÆSON=EJSÆSON,2012-02-01,455.0
DST:FIKS22:BRANCHE07=P:BELØB=3:SÆSON=EJSÆSON,2012-03-01,462.0
DST:FIKS22:BRANCHE07=P:BELØB=3:SÆSON=EJSÆSON,2012-04-01,504.0
DST:FIKS22:BRANCHE07=P:BELØB=3:SÆSON=EJSÆSON,2012-05-01,543.0
DST:FIKS22:BRANCHE07=P:BELØB=3:SÆSON=EJSÆSON,2012-06-01,527.0
DST:FIKS22:BRANCHE07=P:BELØB=3:SÆSON=EJSÆSON,2012-07-01,471.0
DST:FIKS22:BRANCHE07=P:BELØB=3:SÆSON=EJSÆSON,2012-08-01,560.0
DST:FIKS22:BRANCHE07=P:BELØB=3:SÆSON=EJSÆSON,2012-09-01,502.0
DST:FIKS22:BRANCHE07=P:BELØB=3:SÆSON=EJSÆSON,2012-10-01,724.0
DST:FIKS22:BRANCHE07=P:BELØB=3:SÆSON=EJSÆSON,2012-11-01,610.0
DST:FIKS22:BRANCHE07=P:BELØB=3:SÆSON=EJSÆSON,2012-12-01,1143.0
DST:FIKS22:BRANCHE07=P:BELØB=3:SÆSON=EJSÆSON,2013-01-01,450.0
DST:FIKS22:BRANCHE07=P:BELØB=3:SÆSON=EJSÆSON,2013-02-01,432.0
DST:FIKS22:BRANCHE07=P:BELØB=3:SÆSON=EJSÆSON,2013-03-01,538.0
DST:FIKS22:BRANCHE07=P:BELØB=3:SÆSON=EJSÆSON,2013-04-01,607.0
DST:FIKS22:BRANCHE07=P:BELØB=3:SÆSON=EJSÆSON,2013-05-01,573.0
DST:FIKS22:BRANCHE07=P:BELØB=3:SÆSON=EJSÆSON,2013-06-01,562.0
DST:FIKS22:BRANCHE07=P:BELØB=3:SÆSON=EJSÆSON,2013-07-01,533.0
DST:FIKS22:BRANCHE07=P:BELØB=3:SÆSON=EJSÆSON,2013-08-01,474.0
DST:FIKS22:BRANCHE07=P:BELØB=3:SÆSON=EJSÆSON,2013-09-01,536.0
DST:FIKS22:BRANCHE07=P:BELØB=3:SÆSON=EJSÆSON,2013-10-01,630.0
DST:FIKS22:BRANCHE07=P:BELØB=3:SÆSON=EJSÆSON,2013-11-01,637.0
DST:FIKS22:BRANCHE07=P:BELØB=3:SÆSON=EJSÆSON,2013-12-01,1056.0
DST:FIKS22:BRANCHE07=P:BELØB=3:SÆSON=EJSÆSON,2014-01-01,559.0
DST:FIKS22:BRANCHE07=P:BELØB=3:SÆSON=EJSÆSON,2014-02-01,416.0
DST:FIKS22:BRANCHE07=P:BELØB=3:SÆSON=EJSÆSON,2014-03-01,544.0
DST:FIKS22:BRANCHE07=P:BELØB=3:SÆSON=EJSÆSON,2014-04-01,556.0
DST:FIKS22:BRANCHE07=P:BELØB=3:SÆSON=EJSÆSON,2014-05-01,515.0
DST:FIKS22:BRANCHE07=P:BELØB=3:SÆSON=EJSÆSON,2014-06-01,583.0
DST:FIKS22:BRANCHE07=P:BELØB=3:SÆSON=EJSÆSON,2014-07-01,521.0
DST:FIKS22:BRANCHE07=P:BELØB=3:SÆSON=EJSÆSON,2014-08-01,469.0
DST:FIKS22:BRANCHE07=P:BELØB=3:SÆSON=EJSÆSON,2014-09-01,616.0
DST:FIKS22:BRANCHE07=P:BELØB=3:SÆSON=EJSÆSON,2014-10-01,826.0
DST:FIKS22:BRANCHE07=P:BELØB=3:SÆSON=EJSÆSON,2014-11-01,764.0
DST:FIKS22:BRANCHE07=P:BELØB=3:SÆSON=EJSÆSON,2014-12-01,1329.0
DST:FIKS22:BRANCHE07=P:BELØB=3:SÆSON=EJSÆSON,2015-01-01,485.0
DST:FIKS22:BRANCHE07=P:BELØB=3:SÆSON=EJSÆSON,2015-02-01,470.0
DST:FIKS22:BRANCHE07=P:BELØB=3:SÆSON=EJSÆSON,2015-03-01,609.0
DST:FIKS22:BRANCHE07=P:BELØB=3:SÆSON=EJSÆSON,2015-04-01,632.0
DST:FIKS22:BRANCHE07=P:BELØB=3:SÆSON=EJSÆSON,2015-05-01,553.0
DST:FIKS22:BRANCHE07=P:BELØB=3:SÆSON=EJSÆSON,2015-06-01,634.0
DST:FIKS22:BRANCHE07=P:BELØB=3:SÆSON=EJSÆSON,2015-07-01,489.0
DST:FIKS22:BRANCHE07=P:BELØB=3:SÆSON=EJSÆSON,2015-08-01,616.0
DST:FIKS22:BRANCHE07=P:BELØB=3:SÆSON=EJSÆSON,2015-09-01,641.0
DST:FIKS22:BRANCHE07=P:BELØB=3:SÆSON=EJSÆSON,2015-10-01,855.0
DST:FIKS22:BRANCHE07=P:BELØB=3:SÆSON=EJSÆSON,2015-11-01,757.0
DST:FIKS22:BRANCHE07=P:BELØB=3:SÆSON=EJSÆSON,2015-12-01,1378.0
DST:FIKS22:BRANCHE07=P:BELØB=3:SÆSON=EJSÆSON,2016-01-01,521.0
DST:FIKS22:BRANCHE07=P:BELØB=3:SÆSON=EJSÆSON,2016-02-01,483.0
DST:FIKS22:BRANCHE07=P:BELØB=3:SÆSON=EJSÆSON,2016-03-01,624.0
DST:FIKS22:BRANCHE07=P:BELØB=3:SÆSON=EJSÆSON,2016-04-01,621.0
DST:FIKS22:BRANCHE07=P:BELØB=3:SÆSON=EJSÆSON,2016-05-01,554.0
DST:FIKS22:BRANCHE07=P:BELØB=3:SÆSON=EJSÆSON,2016-06-01,766.0
DST:FIKS22:BRANCHE07=P:BELØB=3:SÆSON=EJSÆSON,2016-07-01,587.0
DST:FIKS22:BRANCHE07=P:BELØB=3:SÆSON=EJSÆSON,2016-08-01,570.0
DST:FIKS22:BRANCHE07=P:BELØB=3:SÆSON=EJSÆSON,2016-09-01,654.0
DST:FIKS22:BRANCHE07=P:BELØB=3:SÆSON=EJSÆSON,2016-10-01,853.0
DST:FIKS22:BRANCHE07=P:BELØB=3:SÆSON=EJSÆSON,2016-11-01,687.0
DST:FIKS22:BRANCHE07=P:BELØB=3:SÆSON=EJSÆSON,2016-12-01,1286.0
DST:FIKS22:BRANCHE07=P:BELØB=3:SÆSON=EJSÆSON,2017-01-01,440.0
DST:FIKS22:BRANCHE07=P:BELØB=3:SÆSON=EJSÆSON,2017-02-01,430.0
DST:FIKS22:BRANCHE07=P:BELØB=3:SÆSON=EJSÆSON,2017-03-01,485.0
DST:FIKS22:BRANCHE07=P:BELØB=3:SÆSON=EJSÆSON,2017-04-01,508.0
DST:FIKS22:BRANCHE07=P:BELØB=3:SÆSON=EJSÆSON,2017-05-01,452.0
DST:FIKS22:BRANCHE07=P:BELØB=3:SÆSON=EJSÆSON,2017-06-01,475.0
DST:FIKS22:BRANCHE07=P:BELØB=3:SÆSON=EJSÆSON,2017-07-01,431.0
DST:FIKS22:BRANCHE07=P:BELØB=3:SÆSON=EJSÆSON,2017-08-01,431.0
DST:FIKS22:BRANCHE07=P:BELØB=3:SÆSON=EJSÆSON,2017-09-01,494.0
DST:FIKS22:BRANCHE07=P:BELØB=3:SÆSON=EJSÆSON,2017-10-01,511.0
DST:FIKS22:BRANCHE07=P:BELØB=3:SÆSON=EJSÆSON,2017-11-01,527.0
DST:FIKS22:BRANCHE07=P:BELØB=3:SÆSON=EJSÆSON,2017-12-01,616.0
DST:FIKS22:BRANCHE07=P:BELØB=3:SÆSON=EJSÆSON,2018-01-01,348.0
DST:FIKS22:BRANCHE07=P:BELØB=3:SÆSON=EJSÆSON,2018-02-01,298.0
DST:FIKS22:BRANCHE07=P:BELØB=3:SÆSON=EJSÆSON,2018-03-01,378.0
DST:FIKS22:BRANCHE07=P:BELØB=3:SÆSON=EJSÆSON,2018-04-01,360.0
DST:FIKS22:BRANCHE07=P:BELØB=3:SÆSON=EJSÆSON,2018-05-01,360.0
DST:FIKS22:BRANCHE07=P:BELØB=3:SÆSON=EJSÆSON,2018-06-01,426.0
DST:FIKS22:BRANCHE07=P:BELØB=3:SÆSON=EJSÆSON,2018-07-01,342.0
DST:FIKS22:BRANCHE07=P:BELØB=3:SÆSON=EJSÆSON,2018-08-01,322.0
DST:FIKS22:BRANCHE07=P:BELØB=3:SÆSON=EJSÆSON,2018-09-01,352.0
DST:FIKS22:BRANCHE07=P:BELØB=3:SÆSON=EJSÆSON,2018-10-01,396.0
DST:FIKS22:BRANCHE07=P:BELØB=3:SÆSON=EJSÆSON,2018-11-01,416.0
DST:FIKS22:BRANCHE07=P:BELØB=3:SÆSON=EJSÆSON,2018-12-01,509.0
DST:FIKS22:BRANCHE07=P:BELØB=3:SÆSON=EJSÆSON,2019-01-01,383.0
DST:FIKS22:BRANCHE07=P:BELØB=3:SÆSON=EJSÆSON,2019-02-01,307.0
DST:FIKS22:BRANCHE07=P:BELØB=3:SÆSON=EJSÆSON,2019-03-01,366.0
DST:FIKS22:BRANCHE07=P:BELØB=3:SÆSON=EJSÆSON,2019-04-01,368.0
DST:FIKS22:BRANCHE07=P:BELØB=3:SÆSON=EJSÆSON,2019-05-01,370.0
DST:FIKS22:BRANCHE07=P:BELØB=3:SÆSON=EJSÆSON,2019-06-01,420.0
DST:FIKS22:BRANCHE07=P:BELØB=3:SÆSON=EJSÆSON,2019-07-01,409.0
DST:FIKS22:BRANCHE07=P:BELØB=3:SÆSON=EJSÆSON,2019-08-01,317.0
DST:FIKS22:BRANCHE07=P:BELØB=3:SÆSON=EJSÆSON,2019-09-01,368.0
DST:FIKS22:BRANCHE07=P:BELØB=3:SÆSON=EJSÆSON,2019-10-01,390.0
DST:FIKS22:BRANCHE07=P:BELØB=3:SÆSON=EJSÆSON,2019-11-01,413.0
DST:FIKS22:BRANCHE07=P:BELØB=3:SÆSON=EJSÆSON,2019-12-01,734.0
DST:FIKS22:BRANCHE07=P:BELØB=3:SÆSON=EJSÆSON,2020-01-01,319.0
DST:FIKS22:BRANCHE07=P:BELØB=3:SÆSON=EJSÆSON,2020-02-01,322.0
DST:FIKS22:BRANCHE07=P:BELØB=3:SÆSON=EJSÆSON,2020-03-01,353.0
DST:FIKS22:BRANCHE07=P:BELØB=3:SÆSON=EJSÆSON,2020-04-01,291.0
DST:FIKS22:BRANCHE07=P:BELØB=3:SÆSON=EJSÆSON,2020-05-01,254.0
DST:FIKS22:BRANCHE07=P:BELØB=3:SÆSON=EJSÆSON,2020-06-01,371.0
DST:FIKS22:BRANCHE07=P:BELØB=3:SÆSON=EJSÆSON,2020-07-01,390.0
DST:FIKS22:BRANCHE07=P:BELØB=3:SÆSON=EJSÆSON,2020-08-01,320.0
DST:FIKS22:BRANCHE07=P:BELØB=3:SÆSON=EJSÆSON,2020-09-01,377.0
DST:FIKS22:BRANCHE07=P:BELØB=3:SÆSON=EJSÆSON,2020-10-01,413.0
DST:FIKS22:BRANCHE07=P:BELØB=3:SÆSON=EJSÆSON,2020-11-01,366.0
DST:FIKS22:BRANCHE07=P:BELØB=3:SÆSON=EJSÆSON,2020-12-01,1056.0
DST:FIKS22:BRANCHE07=P:BELØB=3:SÆSON=EJSÆSON,2021-01-01,447.0
DST:FIKS22:BRANCHE07=P:BELØB=3:SÆSON=EJSÆSON,2021-02-01,328.0
DST:FIKS22:BRANCHE07=P:BELØB=3:SÆSON=EJSÆSON,2021-03-01,410.0
DST:FIKS22:BRANCHE07=P:BELØB=3:SÆSON=EJSÆSON,2021-04-01,503.0
DST:FIKS22:BRANCHE07=P:BELØB=3:SÆSON=EJSÆSON,2021-05-01,373.0
DST:FIKS22:BRANCHE07=P:BELØB=3:SÆSON=EJSÆSON,2021-06-01,557.0
DST:FIKS22:BRANCHE07=P:BELØB=3:SÆSON=EJSÆSON,2021-07-01,461.0
DST:FIKS22:BRANCHE07=P:BELØB=3:SÆSON=EJSÆSON,2021-08-01,419.0
DST:FIKS22:BRANCHE07=P:BELØB=3:SÆSON=EJSÆSON,2021-09-01,541.0
DST:FIKS22:BRANCHE07=P:BELØB=3:SÆSON=EJSÆSON,2021-10-01,613.0
DST:FIKS22:BRANCHE07=P:BELØB=3:SÆSON=EJSÆSON,2021-11-01,585.0
DST:FIKS22:BRANCHE07=P:BELØB=3:SÆSON=EJSÆSON,2021-12-01,1966.0
DST:FIKS22:BRANCHE07=P:BELØB=3:SÆSON=EJSÆSON,2022-01-01,465.0
DST:FIKS22:BRANCHE07=P:BELØB=3:SÆSON=EJSÆSON,2022-02-01,505.0
DST:FIKS22:BRANCHE07=P:BELØB=3:SÆSON=EJSÆSON,2022-03-01,615.0
DST:FIKS22:BRANCHE07=P:BELØB=3:SÆSON=EJSÆSON,2022-04-01,652.0
DST:FIKS22:BRANCHE07=P:BELØB=3:SÆSON=EJSÆSON,2022-05-01,529.0
DST:FIKS22:BRANCHE07=P:BELØB=3:SÆSON=EJSÆSON,2022-06-01,509.0
DST:FIKS22:BRANCHE07=P:BELØB=3:SÆSON=EJSÆSON,2022-07-01,766.0
DST:FIKS22:BRANCHE07=P:BELØB=3:SÆSON=EJSÆSON,2022-08-01,504.0
DST:FIKS22:BRANCHE07=P:BELØB=3:SÆSON=EJSÆSON,2022-09-01,586.0
DST:FIKS22:BRANCHE07=P:BELØB=3:SÆSON=EJSÆSON,2022-10-01,751.0
DST:FIKS22:BRANCHE07=P:BELØB=3:SÆSON=EJSÆSON,2022-11-01,647.0
DST:FIKS22:BRANCHE07=P:BELØB=3:SÆSON=EJSÆSON,2022-12-01,1199.0
DST:FIKS22:BRANCHE07=P:BELØB=3:SÆSON=EJSÆSON,2023-01-01,656.0
DST:FIKS22:BRANCHE07=P:BELØB=3:SÆSON=EJSÆSON,2023-02-01,497.0
DST:FIKS22:BRANCHE07=P:BELØB=3:SÆSON=EJSÆSON,2023-03-01,658.0
DST:FIKS22:BRANCHE07=P:BELØB=3:SÆSON=EJSÆSON,2023-04-01,679.0
DST:FIKS22:BRANCHE07=P:BELØB=3:SÆSON=EJSÆSON,2023-05-01,563.0
DST:FIKS22:BRANCHE07=P:BELØB=3:SÆSON=EJSÆSON,2023-06-01,624.0
DST:FIKS22:BRANCHE07=P:BELØB=3:SÆSON=EJSÆSON,2023-07-01,626.0
DST:FIKS22:BRANCHE07=P:BELØB=3:SÆSON=EJSÆSON,2023-08-01,539.0
DST:FIKS22:BRANCHE07=P:BELØB=3:SÆSON=EJSÆSON,2023-09-01,456.0
DST:FIKS22:BRANCHE07=P:BELØB=3:SÆSON=EJSÆSON,2023-10-01,862.0
DST:FIKS22:BRANCHE07=P:BELØB=3:SÆSON=EJSÆSON,2023-11-01,784.0
DST:FIKS22:BRANCHE07=P:BELØB=3:SÆSON=EJSÆSON,2023-12-01,186.0
DST:FIKS22:BRANCHE07=P:BELØB=3:SÆSON=EJSÆSON,2024-01-01,513.0
DST:FIKS22:BRANCHE07=P:BELØB=3:SÆSON=EJSÆSON,2024-02-01,466.0
DST:FIKS22:BRANCHE07=P:BELØB=3:SÆSON=EJSÆSON,2024-03-01,694.0
DST:FIKS22:BRANCHE07=P:BELØB=3:SÆSON=EJSÆSON,2024-04-01,648.0
DST:FIKS22:BRANCHE07=P:BELØB=3:SÆSON=EJSÆSON,2024-05-01,908.0
DST:FIKS22:BRANCHE07=P:BELØB=3:SÆSON=EJSÆSON,2024-06-01,587.0
DST:FIKS22:BRANCHE07=P:BELØB=3:SÆSON=EJSÆSON,2024-07-01,593.0
DST:FIKS22:BRANCHE07=P:BELØB=3:SÆSON=EJSÆSON,2024-08-01,508.0
DST:FIKS22:BRANCHE07=P:BELØB=3:SÆSON=EJSÆSON,2024-09-01,530.0
DST:FIKS22:BRANCHE07=P:BELØB=3:SÆSON=EJSÆSON,2024-10-01,761.0
DST:FIKS22:BRANCHE07=P:BELØB=3:SÆSON=EJSÆSON,2024-11-01,679.0
DST:FIKS22:BRANCHE07=P:BELØB=3:SÆSON=EJSÆSON,2024-12-01,942.0
DST:FIKS22:BRANCHE07=P:BELØB=3:SÆSON=EJSÆSON,2025-01-01,595.0
DST:FIKS22:BRANCHE07=P:BELØB=3:SÆSON=EJSÆSON,2025-02-01,541.0
DST:FIKS22:BRANCHE07=P:BELØB=3:SÆSON=EJSÆSON,2025-03-01,690.0
DST:FIKS22:BRANCHE07=P:BELØB=3:SÆSON=EJSÆSON,2025-04-01,617.0
DST:FIKS22:BRANCHE07=P:BELØB=3:SÆSON=EJSÆSON,2025-05-01,660.0
DST:FIKS22:BRANCHE07=P:BELØB=3:SÆSON=EJSÆSON,2025-06-01,1725.0
DST:FIKS22:BRANCHE07=P:BELØB=3:SÆSON=EJSÆSON,2025-07-01,696.0
DST:FIKS22:BRANCHE07=P:BELØB=3:SÆSON=EJSÆSON,2025-08-01,578.0
DST:FIKS22:BRANCHE07=P:BELØB=3:SÆSON=EJSÆSON,2025-09-01,705.0
DST:FIKS22:BRANCHE07=P:BELØB=3:SÆSON=EJSÆSON,2025-10-01,877.0
DST:FIKS22:BRANCHE07=P:BELØB=3:SÆSON=EJSÆSON,2025-11-01,764.0
DST:FIKS22:BRANCHE07=P:BELØB=3:SÆSON=EJSÆSON,2025-12-01,1310.0
DST:FIKS22:BRANCHE07=P:BELØB=3:SÆSON=EJSÆSON,2026-01-01,652.0
DST:FIKS22:BRANCHE07=P:BELØB=3:SÆSON=EJSÆSON,2026-02-01,599.0
DST:FIKS22:BRANCHE07=P:BELØB=3:SÆSON=EJSÆSON,2026-03-01,731.0
DST:FIKS22:BRANCHE07=P:BELØB=3:SÆSON=SÆSON,2009-01-01,267.0
DST:FIKS22:BRANCHE07=P:BELØB=3:SÆSON=SÆSON,2009-02-01,282.0
DST:FIKS22:BRANCHE07=P:BELØB=3:SÆSON=SÆSON,2009-03-01,321.0
DST:FIKS22:BRANCHE07=P:BELØB=3:SÆSON=SÆSON,2009-04-01,315.0
DST:FIKS22:BRANCHE07=P:BELØB=3:SÆSON=SÆSON,2009-05-01,286.0
DST:FIKS22:BRANCHE07=P:BELØB=3:SÆSON=SÆSON,2009-06-01,403.0
DST:FIKS22:BRANCHE07=P:BELØB=3:SÆSON=SÆSON,2009-07-01,302.0
DST:FIKS22:BRANCHE07=P:BELØB=3:SÆSON=SÆSON,2009-08-01,300.0
DST:FIKS22:BRANCHE07=P:BELØB=3:SÆSON=SÆSON,2009-09-01,318.0
DST:FIKS22:BRANCHE07=P:BELØB=3:SÆSON=SÆSON,2009-10-01,327.0
DST:FIKS22:BRANCHE07=P:BELØB=3:SÆSON=SÆSON,2009-11-01,301.0
DST:FIKS22:BRANCHE07=P:BELØB=3:SÆSON=SÆSON,2009-12-01,290.0
DST:FIKS22:BRANCHE07=P:BELØB=3:SÆSON=SÆSON,2010-01-01,338.0
DST:FIKS22:BRANCHE07=P:BELØB=3:SÆSON=SÆSON,2010-02-01,339.0
DST:FIKS22:BRANCHE07=P:BELØB=3:SÆSON=SÆSON,2010-03-01,329.0
DST:FIKS22:BRANCHE07=P:BELØB=3:SÆSON=SÆSON,2010-04-01,314.0
DST:FIKS22:BRANCHE07=P:BELØB=3:SÆSON=SÆSON,2010-05-01,348.0
DST:FIKS22:BRANCHE07=P:BELØB=3:SÆSON=SÆSON,2010-06-01,384.0
DST:FIKS22:BRANCHE07=P:BELØB=3:SÆSON=SÆSON,2010-07-01,331.0
DST:FIKS22:BRANCHE07=P:BELØB=3:SÆSON=SÆSON,2010-08-01,363.0
DST:FIKS22:BRANCHE07=P:BELØB=3:SÆSON=SÆSON,2010-09-01,402.0
DST:FIKS22:BRANCHE07=P:BELØB=3:SÆSON=SÆSON,2010-10-01,356.0
DST:FIKS22:BRANCHE07=P:BELØB=3:SÆSON=SÆSON,2010-11-01,400.0
DST:FIKS22:BRANCHE07=P:BELØB=3:SÆSON=SÆSON,2010-12-01,402.0
DST:FIKS22:BRANCHE07=P:BELØB=3:SÆSON=SÆSON,2011-01-01,450.0
DST:FIKS22:BRANCHE07=P:BELØB=3:SÆSON=SÆSON,2011-02-01,595.0
DST:FIKS22:BRANCHE07=P:BELØB=3:SÆSON=SÆSON,2011-03-01,509.0
DST:FIKS22:BRANCHE07=P:BELØB=3:SÆSON=SÆSON,2011-04-01,496.0
DST:FIKS22:BRANCHE07=P:BELØB=3:SÆSON=SÆSON,2011-05-01,502.0
DST:FIKS22:BRANCHE07=P:BELØB=3:SÆSON=SÆSON,2011-06-01,508.0
DST:FIKS22:BRANCHE07=P:BELØB=3:SÆSON=SÆSON,2011-07-01,544.0
DST:FIKS22:BRANCHE07=P:BELØB=3:SÆSON=SÆSON,2011-08-01,544.0
DST:FIKS22:BRANCHE07=P:BELØB=3:SÆSON=SÆSON,2011-09-01,536.0
DST:FIKS22:BRANCHE07=P:BELØB=3:SÆSON=SÆSON,2011-10-01,508.0
DST:FIKS22:BRANCHE07=P:BELØB=3:SÆSON=SÆSON,2011-11-01,589.0
DST:FIKS22:BRANCHE07=P:BELØB=3:SÆSON=SÆSON,2011-12-01,531.0
DST:FIKS22:BRANCHE07=P:BELØB=3:SÆSON=SÆSON,2012-01-01,577.0
DST:FIKS22:BRANCHE07=P:BELØB=3:SÆSON=SÆSON,2012-02-01,573.0
DST:FIKS22:BRANCHE07=P:BELØB=3:SÆSON=SÆSON,2012-03-01,456.0
DST:FIKS22:BRANCHE07=P:BELØB=3:SÆSON=SÆSON,2012-04-01,541.0
DST:FIKS22:BRANCHE07=P:BELØB=3:SÆSON=SÆSON,2012-05-01,600.0
DST:FIKS22:BRANCHE07=P:BELØB=3:SÆSON=SÆSON,2012-06-01,551.0
DST:FIKS22:BRANCHE07=P:BELØB=3:SÆSON=SÆSON,2012-07-01,589.0
DST:FIKS22:BRANCHE07=P:BELØB=3:SÆSON=SÆSON,2012-08-01,672.0
DST:FIKS22:BRANCHE07=P:BELØB=3:SÆSON=SÆSON,2012-09-01,510.0
DST:FIKS22:BRANCHE07=P:BELØB=3:SÆSON=SÆSON,2012-10-01,650.0
DST:FIKS22:BRANCHE07=P:BELØB=3:SÆSON=SÆSON,2012-11-01,558.0
DST:FIKS22:BRANCHE07=P:BELØB=3:SÆSON=SÆSON,2012-12-01,675.0
DST:FIKS22:BRANCHE07=P:BELØB=3:SÆSON=SÆSON,2013-01-01,476.0
DST:FIKS22:BRANCHE07=P:BELØB=3:SÆSON=SÆSON,2013-02-01,565.0
DST:FIKS22:BRANCHE07=P:BELØB=3:SÆSON=SÆSON,2013-03-01,557.0
DST:FIKS22:BRANCHE07=P:BELØB=3:SÆSON=SÆSON,2013-04-01,651.0
DST:FIKS22:BRANCHE07=P:BELØB=3:SÆSON=SÆSON,2013-05-01,642.0
DST:FIKS22:BRANCHE07=P:BELØB=3:SÆSON=SÆSON,2013-06-01,592.0
DST:FIKS22:BRANCHE07=P:BELØB=3:SÆSON=SÆSON,2013-07-01,656.0
DST:FIKS22:BRANCHE07=P:BELØB=3:SÆSON=SÆSON,2013-08-01,571.0
DST:FIKS22:BRANCHE07=P:BELØB=3:SÆSON=SÆSON,2013-09-01,558.0
DST:FIKS22:BRANCHE07=P:BELØB=3:SÆSON=SÆSON,2013-10-01,545.0
DST:FIKS22:BRANCHE07=P:BELØB=3:SÆSON=SÆSON,2013-11-01,582.0
DST:FIKS22:BRANCHE07=P:BELØB=3:SÆSON=SÆSON,2013-12-01,587.0
DST:FIKS22:BRANCHE07=P:BELØB=3:SÆSON=SÆSON,2014-01-01,620.0
DST:FIKS22:BRANCHE07=P:BELØB=3:SÆSON=SÆSON,2014-02-01,566.0
DST:FIKS22:BRANCHE07=P:BELØB=3:SÆSON=SÆSON,2014-03-01,587.0
DST:FIKS22:BRANCHE07=P:BELØB=3:SÆSON=SÆSON,2014-04-01,593.0
DST:FIKS22:BRANCHE07=P:BELØB=3:SÆSON=SÆSON,2014-05-01,591.0
DST:FIKS22:BRANCHE07=P:BELØB=3:SÆSON=SÆSON,2014-06-01,616.0
DST:FIKS22:BRANCHE07=P:BELØB=3:SÆSON=SÆSON,2014-07-01,632.0
DST:FIKS22:BRANCHE07=P:BELØB=3:SÆSON=SÆSON,2014-08-01,565.0
DST:FIKS22:BRANCHE07=P:BELØB=3:SÆSON=SÆSON,2014-09-01,649.0
DST:FIKS22:BRANCHE07=P:BELØB=3:SÆSON=SÆSON,2014-10-01,699.0
DST:FIKS22:BRANCHE07=P:BELØB=3:SÆSON=SÆSON,2014-11-01,696.0
DST:FIKS22:BRANCHE07=P:BELØB=3:SÆSON=SÆSON,2014-12-01,707.0
DST:FIKS22:BRANCHE07=P:BELØB=3:SÆSON=SÆSON,2015-01-01,562.0
DST:FIKS22:BRANCHE07=P:BELØB=3:SÆSON=SÆSON,2015-02-01,657.0
DST:FIKS22:BRANCHE07=P:BELØB=3:SÆSON=SÆSON,2015-03-01,675.0
DST:FIKS22:BRANCHE07=P:BELØB=3:SÆSON=SÆSON,2015-04-01,682.0
DST:FIKS22:BRANCHE07=P:BELØB=3:SÆSON=SÆSON,2015-05-01,648.0
DST:FIKS22:BRANCHE07=P:BELØB=3:SÆSON=SÆSON,2015-06-01,658.0
DST:FIKS22:BRANCHE07=P:BELØB=3:SÆSON=SÆSON,2015-07-01,587.0
DST:FIKS22:BRANCHE07=P:BELØB=3:SÆSON=SÆSON,2015-08-01,742.0
DST:FIKS22:BRANCHE07=P:BELØB=3:SÆSON=SÆSON,2015-09-01,673.0
DST:FIKS22:BRANCHE07=P:BELØB=3:SÆSON=SÆSON,2015-10-01,721.0
DST:FIKS22:BRANCHE07=P:BELØB=3:SÆSON=SÆSON,2015-11-01,691.0
DST:FIKS22:BRANCHE07=P:BELØB=3:SÆSON=SÆSON,2015-12-01,715.0
DST:FIKS22:BRANCHE07=P:BELØB=3:SÆSON=SÆSON,2016-01-01,624.0
DST:FIKS22:BRANCHE07=P:BELØB=3:SÆSON=SÆSON,2016-02-01,682.0
DST:FIKS22:BRANCHE07=P:BELØB=3:SÆSON=SÆSON,2016-03-01,703.0
DST:FIKS22:BRANCHE07=P:BELØB=3:SÆSON=SÆSON,2016-04-01,679.0
DST:FIKS22:BRANCHE07=P:BELØB=3:SÆSON=SÆSON,2016-05-01,656.0
DST:FIKS22:BRANCHE07=P:BELØB=3:SÆSON=SÆSON,2016-06-01,782.0
DST:FIKS22:BRANCHE07=P:BELØB=3:SÆSON=SÆSON,2016-07-01,691.0
DST:FIKS22:BRANCHE07=P:BELØB=3:SÆSON=SÆSON,2016-08-01,683.0
DST:FIKS22:BRANCHE07=P:BELØB=3:SÆSON=SÆSON,2016-09-01,685.0
DST:FIKS22:BRANCHE07=P:BELØB=3:SÆSON=SÆSON,2016-10-01,735.0
DST:FIKS22:BRANCHE07=P:BELØB=3:SÆSON=SÆSON,2016-11-01,625.0
DST:FIKS22:BRANCHE07=P:BELØB=3:SÆSON=SÆSON,2016-12-01,662.0
DST:FIKS22:BRANCHE07=P:BELØB=3:SÆSON=SÆSON,2017-01-01,536.0
DST:FIKS22:BRANCHE07=P:BELØB=3:SÆSON=SÆSON,2017-02-01,602.0
DST:FIKS22:BRANCHE07=P:BELØB=3:SÆSON=SÆSON,2017-03-01,545.0
DST:FIKS22:BRANCHE07=P:BELØB=3:SÆSON=SÆSON,2017-04-01,568.0
DST:FIKS22:BRANCHE07=P:BELØB=3:SÆSON=SÆSON,2017-05-01,539.0
DST:FIKS22:BRANCHE07=P:BELØB=3:SÆSON=SÆSON,2017-06-01,474.0
DST:FIKS22:BRANCHE07=P:BELØB=3:SÆSON=SÆSON,2017-07-01,491.0
DST:FIKS22:BRANCHE07=P:BELØB=3:SÆSON=SÆSON,2017-08-01,516.0
DST:FIKS22:BRANCHE07=P:BELØB=3:SÆSON=SÆSON,2017-09-01,517.0
DST:FIKS22:BRANCHE07=P:BELØB=3:SÆSON=SÆSON,2017-10-01,455.0
DST:FIKS22:BRANCHE07=P:BELØB=3:SÆSON=SÆSON,2017-11-01,483.0
DST:FIKS22:BRANCHE07=P:BELØB=3:SÆSON=SÆSON,2017-12-01,318.0
DST:FIKS22:BRANCHE07=P:BELØB=3:SÆSON=SÆSON,2018-01-01,419.0
DST:FIKS22:BRANCHE07=P:BELØB=3:SÆSON=SÆSON,2018-02-01,411.0
DST:FIKS22:BRANCHE07=P:BELØB=3:SÆSON=SÆSON,2018-03-01,423.0
DST:FIKS22:BRANCHE07=P:BELØB=3:SÆSON=SÆSON,2018-04-01,403.0
DST:FIKS22:BRANCHE07=P:BELØB=3:SÆSON=SÆSON,2018-05-01,434.0
DST:FIKS22:BRANCHE07=P:BELØB=3:SÆSON=SÆSON,2018-06-01,420.0
DST:FIKS22:BRANCHE07=P:BELØB=3:SÆSON=SÆSON,2018-07-01,376.0
DST:FIKS22:BRANCHE07=P:BELØB=3:SÆSON=SÆSON,2018-08-01,386.0
DST:FIKS22:BRANCHE07=P:BELØB=3:SÆSON=SÆSON,2018-09-01,368.0
DST:FIKS22:BRANCHE07=P:BELØB=3:SÆSON=SÆSON,2018-10-01,367.0
DST:FIKS22:BRANCHE07=P:BELØB=3:SÆSON=SÆSON,2018-11-01,385.0
DST:FIKS22:BRANCHE07=P:BELØB=3:SÆSON=SÆSON,2018-12-01,265.0
DST:FIKS22:BRANCHE07=P:BELØB=3:SÆSON=SÆSON,2019-01-01,455.0
DST:FIKS22:BRANCHE07=P:BELØB=3:SÆSON=SÆSON,2019-02-01,416.0
DST:FIKS22:BRANCHE07=P:BELØB=3:SÆSON=SÆSON,2019-03-01,404.0
DST:FIKS22:BRANCHE07=P:BELØB=3:SÆSON=SÆSON,2019-04-01,409.0
DST:FIKS22:BRANCHE07=P:BELØB=3:SÆSON=SÆSON,2019-05-01,453.0
DST:FIKS22:BRANCHE07=P:BELØB=3:SÆSON=SÆSON,2019-06-01,409.0
DST:FIKS22:BRANCHE07=P:BELØB=3:SÆSON=SÆSON,2019-07-01,437.0
DST:FIKS22:BRANCHE07=P:BELØB=3:SÆSON=SÆSON,2019-08-01,388.0
DST:FIKS22:BRANCHE07=P:BELØB=3:SÆSON=SÆSON,2019-09-01,388.0
DST:FIKS22:BRANCHE07=P:BELØB=3:SÆSON=SÆSON,2019-10-01,369.0
DST:FIKS22:BRANCHE07=P:BELØB=3:SÆSON=SÆSON,2019-11-01,388.0
DST:FIKS22:BRANCHE07=P:BELØB=3:SÆSON=SÆSON,2019-12-01,387.0
DST:FIKS22:BRANCHE07=P:BELØB=3:SÆSON=SÆSON,2020-01-01,369.0
DST:FIKS22:BRANCHE07=P:BELØB=3:SÆSON=SÆSON,2020-02-01,430.0
DST:FIKS22:BRANCHE07=P:BELØB=3:SÆSON=SÆSON,2020-03-01,385.0
DST:FIKS22:BRANCHE07=P:BELØB=3:SÆSON=SÆSON,2020-04-01,314.0
DST:FIKS22:BRANCHE07=P:BELØB=3:SÆSON=SÆSON,2020-05-01,315.0
DST:FIKS22:BRANCHE07=P:BELØB=3:SÆSON=SÆSON,2020-06-01,362.0
DST:FIKS22:BRANCHE07=P:BELØB=3:SÆSON=SÆSON,2020-07-01,410.0
DST:FIKS22:BRANCHE07=P:BELØB=3:SÆSON=SÆSON,2020-08-01,397.0
DST:FIKS22:BRANCHE07=P:BELØB=3:SÆSON=SÆSON,2020-09-01,400.0
DST:FIKS22:BRANCHE07=P:BELØB=3:SÆSON=SÆSON,2020-10-01,389.0
DST:FIKS22:BRANCHE07=P:BELØB=3:SÆSON=SÆSON,2020-11-01,349.0
DST:FIKS22:BRANCHE07=P:BELØB=3:SÆSON=SÆSON,2020-12-01,566.0
DST:FIKS22:BRANCHE07=P:BELØB=3:SÆSON=SÆSON,2021-01-01,513.0
DST:FIKS22:BRANCHE07=P:BELØB=3:SÆSON=SÆSON,2021-02-01,434.0
DST:FIKS22:BRANCHE07=P:BELØB=3:SÆSON=SÆSON,2021-03-01,434.0
DST:FIKS22:BRANCHE07=P:BELØB=3:SÆSON=SÆSON,2021-04-01,529.0
DST:FIKS22:BRANCHE07=P:BELØB=3:SÆSON=SÆSON,2021-05-01,465.0
DST:FIKS22:BRANCHE07=P:BELØB=3:SÆSON=SÆSON,2021-06-01,550.0
DST:FIKS22:BRANCHE07=P:BELØB=3:SÆSON=SÆSON,2021-07-01,481.0
DST:FIKS22:BRANCHE07=P:BELØB=3:SÆSON=SÆSON,2021-08-01,526.0
DST:FIKS22:BRANCHE07=P:BELØB=3:SÆSON=SÆSON,2021-09-01,585.0
DST:FIKS22:BRANCHE07=P:BELØB=3:SÆSON=SÆSON,2021-10-01,562.0
DST:FIKS22:BRANCHE07=P:BELØB=3:SÆSON=SÆSON,2021-11-01,567.0
DST:FIKS22:BRANCHE07=P:BELØB=3:SÆSON=SÆSON,2021-12-01,1079.0
DST:FIKS22:BRANCHE07=P:BELØB=3:SÆSON=SÆSON,2022-01-01,527.0
DST:FIKS22:BRANCHE07=P:BELØB=3:SÆSON=SÆSON,2022-02-01,667.0
DST:FIKS22:BRANCHE07=P:BELØB=3:SÆSON=SÆSON,2022-03-01,638.0
DST:FIKS22:BRANCHE07=P:BELØB=3:SÆSON=SÆSON,2022-04-01,671.0
DST:FIKS22:BRANCHE07=P:BELØB=3:SÆSON=SÆSON,2022-05-01,652.0
DST:FIKS22:BRANCHE07=P:BELØB=3:SÆSON=SÆSON,2022-06-01,512.0
DST:FIKS22:BRANCHE07=P:BELØB=3:SÆSON=SÆSON,2022-07-01,805.0
DST:FIKS22:BRANCHE07=P:BELØB=3:SÆSON=SÆSON,2022-08-01,635.0
DST:FIKS22:BRANCHE07=P:BELØB=3:SÆSON=SÆSON,2022-09-01,639.0
DST:FIKS22:BRANCHE07=P:BELØB=3:SÆSON=SÆSON,2022-10-01,664.0
DST:FIKS22:BRANCHE07=P:BELØB=3:SÆSON=SÆSON,2022-11-01,631.0
DST:FIKS22:BRANCHE07=P:BELØB=3:SÆSON=SÆSON,2022-12-01,674.0
DST:FIKS22:BRANCHE07=P:BELØB=3:SÆSON=SÆSON,2023-01-01,751.0
DST:FIKS22:BRANCHE07=P:BELØB=3:SÆSON=SÆSON,2023-02-01,653.0
DST:FIKS22:BRANCHE07=P:BELØB=3:SÆSON=SÆSON,2023-03-01,669.0
DST:FIKS22:BRANCHE07=P:BELØB=3:SÆSON=SÆSON,2023-04-01,695.0
DST:FIKS22:BRANCHE07=P:BELØB=3:SÆSON=SÆSON,2023-05-01,673.0
DST:FIKS22:BRANCHE07=P:BELØB=3:SÆSON=SÆSON,2023-06-01,639.0
DST:FIKS22:BRANCHE07=P:BELØB=3:SÆSON=SÆSON,2023-07-01,663.0
DST:FIKS22:BRANCHE07=P:BELØB=3:SÆSON=SÆSON,2023-08-01,680.0
DST:FIKS22:BRANCHE07=P:BELØB=3:SÆSON=SÆSON,2023-09-01,501.0
DST:FIKS22:BRANCHE07=P:BELØB=3:SÆSON=SÆSON,2023-10-01,742.0
DST:FIKS22:BRANCHE07=P:BELØB=3:SÆSON=SÆSON,2023-11-01,765.0
DST:FIKS22:BRANCHE07=P:BELØB=3:SÆSON=SÆSON,2023-12-01,107.0
DST:FIKS22:BRANCHE07=P:BELØB=3:SÆSON=SÆSON,2024-01-01,587.0
DST:FIKS22:BRANCHE07=P:BELØB=3:SÆSON=SÆSON,2024-02-01,609.0
DST:FIKS22:BRANCHE07=P:BELØB=3:SÆSON=SÆSON,2024-03-01,700.0
DST:FIKS22:BRANCHE07=P:BELØB=3:SÆSON=SÆSON,2024-04-01,668.0
DST:FIKS22:BRANCHE07=P:BELØB=3:SÆSON=SÆSON,2024-05-01,1049.0
DST:FIKS22:BRANCHE07=P:BELØB=3:SÆSON=SÆSON,2024-06-01,610.0
DST:FIKS22:BRANCHE07=P:BELØB=3:SÆSON=SÆSON,2024-07-01,632.0
DST:FIKS22:BRANCHE07=P:BELØB=3:SÆSON=SÆSON,2024-08-01,639.0
DST:FIKS22:BRANCHE07=P:BELØB=3:SÆSON=SÆSON,2024-09-01,584.0
DST:FIKS22:BRANCHE07=P:BELØB=3:SÆSON=SÆSON,2024-10-01,644.0
DST:FIKS22:BRANCHE07=P:BELØB=3:SÆSON=SÆSON,2024-11-01,659.0
DST:FIKS22:BRANCHE07=P:BELØB=3:SÆSON=SÆSON,2024-12-01,549.0
DST:FIKS22:BRANCHE07=P:BELØB=3:SÆSON=SÆSON,2025-01-01,689.0
DST:FIKS22:BRANCHE07=P:BELØB=3:SÆSON=SÆSON,2025-02-01,701.0
DST:FIKS22:BRANCHE07=P:BELØB=3:SÆSON=SÆSON,2025-03-01,691.0
DST:FIKS22:BRANCHE07=P:BELØB=3:SÆSON=SÆSON,2025-04-01,645.0
DST:FIKS22:BRANCHE07=P:BELØB=3:SÆSON=SÆSON,2025-05-01,745.0
DST:FIKS22:BRANCHE07=P:BELØB=3:SÆSON=SÆSON,2025-06-01,1808.0
DST:FIKS22:BRANCHE07=P:BELØB=3:SÆSON=SÆSON,2025-07-01,740.0
DST:FIKS22:BRANCHE07=P:BELØB=3:SÆSON=SÆSON,2025-08-01,724.0
DST:FIKS22:BRANCHE07=P:BELØB=3:SÆSON=SÆSON,2025-09-01,778.0
DST:FIKS22:BRANCHE07=P:BELØB=3:SÆSON=SÆSON,2025-10-01,741.0
DST:FIKS22:BRANCHE07=P:BELØB=3:SÆSON=SÆSON,2025-11-01,738.0
DST:FIKS22:BRANCHE07=P:BELØB=3:SÆSON=SÆSON,2025-12-01,769.0
DST:FIKS22:BRANCHE07=P:BELØB=3:SÆSON=SÆSON,2026-01-01,754.0
DST:FIKS22:BRANCHE07=P:BELØB=3:SÆSON=SÆSON,2026-02-01,772.0
DST:FIKS22:BRANCHE07=P:BELØB=3:SÆSON=SÆSON,2026-03-01,734.0
DST:FIKS22:BRANCHE07=P:BELØB=4:SÆSON=EJSÆSON,2009-01-01,313.0
DST:FIKS22:BRANCHE07=P:BELØB=4:SÆSON=EJSÆSON,2009-02-01,380.0
DST:FIKS22:BRANCHE07=P:BELØB=4:SÆSON=EJSÆSON,2009-03-01,464.0
DST:FIKS22:BRANCHE07=P:BELØB=4:SÆSON=EJSÆSON,2009-04-01,422.0
DST:FIKS22:BRANCHE07=P:BELØB=4:SÆSON=EJSÆSON,2009-05-01,343.0
DST:FIKS22:BRANCHE07=P:BELØB=4:SÆSON=EJSÆSON,2009-06-01,533.0
DST:FIKS22:BRANCHE07=P:BELØB=4:SÆSON=EJSÆSON,2009-07-01,287.0
DST:FIKS22:BRANCHE07=P:BELØB=4:SÆSON=EJSÆSON,2009-08-01,352.0
DST:FIKS22:BRANCHE07=P:BELØB=4:SÆSON=EJSÆSON,2009-09-01,452.0
DST:FIKS22:BRANCHE07=P:BELØB=4:SÆSON=EJSÆSON,2009-10-01,450.0
DST:FIKS22:BRANCHE07=P:BELØB=4:SÆSON=EJSÆSON,2009-11-01,446.0
DST:FIKS22:BRANCHE07=P:BELØB=4:SÆSON=EJSÆSON,2009-12-01,746.0
DST:FIKS22:BRANCHE07=P:BELØB=4:SÆSON=EJSÆSON,2010-01-01,422.0
DST:FIKS22:BRANCHE07=P:BELØB=4:SÆSON=EJSÆSON,2010-02-01,342.0
DST:FIKS22:BRANCHE07=P:BELØB=4:SÆSON=EJSÆSON,2010-03-01,470.0
DST:FIKS22:BRANCHE07=P:BELØB=4:SÆSON=EJSÆSON,2010-04-01,478.0
DST:FIKS22:BRANCHE07=P:BELØB=4:SÆSON=EJSÆSON,2010-05-01,376.0
DST:FIKS22:BRANCHE07=P:BELØB=4:SÆSON=EJSÆSON,2010-06-01,579.0
DST:FIKS22:BRANCHE07=P:BELØB=4:SÆSON=EJSÆSON,2010-07-01,285.0
DST:FIKS22:BRANCHE07=P:BELØB=4:SÆSON=EJSÆSON,2010-08-01,423.0
DST:FIKS22:BRANCHE07=P:BELØB=4:SÆSON=EJSÆSON,2010-09-01,807.0
DST:FIKS22:BRANCHE07=P:BELØB=4:SÆSON=EJSÆSON,2010-10-01,531.0
DST:FIKS22:BRANCHE07=P:BELØB=4:SÆSON=EJSÆSON,2010-11-01,651.0
DST:FIKS22:BRANCHE07=P:BELØB=4:SÆSON=EJSÆSON,2010-12-01,869.0
DST:FIKS22:BRANCHE07=P:BELØB=4:SÆSON=EJSÆSON,2011-01-01,455.0
DST:FIKS22:BRANCHE07=P:BELØB=4:SÆSON=EJSÆSON,2011-02-01,504.0
DST:FIKS22:BRANCHE07=P:BELØB=4:SÆSON=EJSÆSON,2011-03-01,705.0
DST:FIKS22:BRANCHE07=P:BELØB=4:SÆSON=EJSÆSON,2011-04-01,444.0
DST:FIKS22:BRANCHE07=P:BELØB=4:SÆSON=EJSÆSON,2011-05-01,549.0
DST:FIKS22:BRANCHE07=P:BELØB=4:SÆSON=EJSÆSON,2011-06-01,616.0
DST:FIKS22:BRANCHE07=P:BELØB=4:SÆSON=EJSÆSON,2011-07-01,339.0
DST:FIKS22:BRANCHE07=P:BELØB=4:SÆSON=EJSÆSON,2011-08-01,467.0
DST:FIKS22:BRANCHE07=P:BELØB=4:SÆSON=EJSÆSON,2011-09-01,656.0
DST:FIKS22:BRANCHE07=P:BELØB=4:SÆSON=EJSÆSON,2011-10-01,686.0
DST:FIKS22:BRANCHE07=P:BELØB=4:SÆSON=EJSÆSON,2011-11-01,562.0
DST:FIKS22:BRANCHE07=P:BELØB=4:SÆSON=EJSÆSON,2011-12-01,834.0
DST:FIKS22:BRANCHE07=P:BELØB=4:SÆSON=EJSÆSON,2012-01-01,527.0
DST:FIKS22:BRANCHE07=P:BELØB=4:SÆSON=EJSÆSON,2012-02-01,449.0
DST:FIKS22:BRANCHE07=P:BELØB=4:SÆSON=EJSÆSON,2012-03-01,669.0
DST:FIKS22:BRANCHE07=P:BELØB=4:SÆSON=EJSÆSON,2012-04-01,461.0
DST:FIKS22:BRANCHE07=P:BELØB=4:SÆSON=EJSÆSON,2012-05-01,497.0
DST:FIKS22:BRANCHE07=P:BELØB=4:SÆSON=EJSÆSON,2012-06-01,597.0
DST:FIKS22:BRANCHE07=P:BELØB=4:SÆSON=EJSÆSON,2012-07-01,374.0
DST:FIKS22:BRANCHE07=P:BELØB=4:SÆSON=EJSÆSON,2012-08-01,574.0
DST:FIKS22:BRANCHE07=P:BELØB=4:SÆSON=EJSÆSON,2012-09-01,608.0
DST:FIKS22:BRANCHE07=P:BELØB=4:SÆSON=EJSÆSON,2012-10-01,610.0
DST:FIKS22:BRANCHE07=P:BELØB=4:SÆSON=EJSÆSON,2012-11-01,638.0
DST:FIKS22:BRANCHE07=P:BELØB=4:SÆSON=EJSÆSON,2012-12-01,811.0
DST:FIKS22:BRANCHE07=P:BELØB=4:SÆSON=EJSÆSON,2013-01-01,464.0
DST:FIKS22:BRANCHE07=P:BELØB=4:SÆSON=EJSÆSON,2013-02-01,488.0
DST:FIKS22:BRANCHE07=P:BELØB=4:SÆSON=EJSÆSON,2013-03-01,571.0
DST:FIKS22:BRANCHE07=P:BELØB=4:SÆSON=EJSÆSON,2013-04-01,571.0
DST:FIKS22:BRANCHE07=P:BELØB=4:SÆSON=EJSÆSON,2013-05-01,534.0
DST:FIKS22:BRANCHE07=P:BELØB=4:SÆSON=EJSÆSON,2013-06-01,611.0
DST:FIKS22:BRANCHE07=P:BELØB=4:SÆSON=EJSÆSON,2013-07-01,448.0
DST:FIKS22:BRANCHE07=P:BELØB=4:SÆSON=EJSÆSON,2013-08-01,600.0
DST:FIKS22:BRANCHE07=P:BELØB=4:SÆSON=EJSÆSON,2013-09-01,579.0
DST:FIKS22:BRANCHE07=P:BELØB=4:SÆSON=EJSÆSON,2013-10-01,688.0
DST:FIKS22:BRANCHE07=P:BELØB=4:SÆSON=EJSÆSON,2013-11-01,641.0
DST:FIKS22:BRANCHE07=P:BELØB=4:SÆSON=EJSÆSON,2013-12-01,959.0
DST:FIKS22:BRANCHE07=P:BELØB=4:SÆSON=EJSÆSON,2014-01-01,643.0
DST:FIKS22:BRANCHE07=P:BELØB=4:SÆSON=EJSÆSON,2014-02-01,535.0
DST:FIKS22:BRANCHE07=P:BELØB=4:SÆSON=EJSÆSON,2014-03-01,577.0
DST:FIKS22:BRANCHE07=P:BELØB=4:SÆSON=EJSÆSON,2014-04-01,538.0
DST:FIKS22:BRANCHE07=P:BELØB=4:SÆSON=EJSÆSON,2014-05-01,531.0
DST:FIKS22:BRANCHE07=P:BELØB=4:SÆSON=EJSÆSON,2014-06-01,683.0
DST:FIKS22:BRANCHE07=P:BELØB=4:SÆSON=EJSÆSON,2014-07-01,448.0
DST:FIKS22:BRANCHE07=P:BELØB=4:SÆSON=EJSÆSON,2014-08-01,561.0
DST:FIKS22:BRANCHE07=P:BELØB=4:SÆSON=EJSÆSON,2014-09-01,687.0
DST:FIKS22:BRANCHE07=P:BELØB=4:SÆSON=EJSÆSON,2014-10-01,672.0
DST:FIKS22:BRANCHE07=P:BELØB=4:SÆSON=EJSÆSON,2014-11-01,672.0
DST:FIKS22:BRANCHE07=P:BELØB=4:SÆSON=EJSÆSON,2014-12-01,1061.0
DST:FIKS22:BRANCHE07=P:BELØB=4:SÆSON=EJSÆSON,2015-01-01,584.0
DST:FIKS22:BRANCHE07=P:BELØB=4:SÆSON=EJSÆSON,2015-02-01,533.0
DST:FIKS22:BRANCHE07=P:BELØB=4:SÆSON=EJSÆSON,2015-03-01,572.0
DST:FIKS22:BRANCHE07=P:BELØB=4:SÆSON=EJSÆSON,2015-04-01,571.0
DST:FIKS22:BRANCHE07=P:BELØB=4:SÆSON=EJSÆSON,2015-05-01,631.0
DST:FIKS22:BRANCHE07=P:BELØB=4:SÆSON=EJSÆSON,2015-06-01,787.0
DST:FIKS22:BRANCHE07=P:BELØB=4:SÆSON=EJSÆSON,2015-07-01,398.0
DST:FIKS22:BRANCHE07=P:BELØB=4:SÆSON=EJSÆSON,2015-08-01,562.0
DST:FIKS22:BRANCHE07=P:BELØB=4:SÆSON=EJSÆSON,2015-09-01,852.0
DST:FIKS22:BRANCHE07=P:BELØB=4:SÆSON=EJSÆSON,2015-10-01,741.0
DST:FIKS22:BRANCHE07=P:BELØB=4:SÆSON=EJSÆSON,2015-11-01,694.0
DST:FIKS22:BRANCHE07=P:BELØB=4:SÆSON=EJSÆSON,2015-12-01,1103.0
DST:FIKS22:BRANCHE07=P:BELØB=4:SÆSON=EJSÆSON,2016-01-01,548.0
DST:FIKS22:BRANCHE07=P:BELØB=4:SÆSON=EJSÆSON,2016-02-01,632.0
DST:FIKS22:BRANCHE07=P:BELØB=4:SÆSON=EJSÆSON,2016-03-01,622.0
DST:FIKS22:BRANCHE07=P:BELØB=4:SÆSON=EJSÆSON,2016-04-01,636.0
DST:FIKS22:BRANCHE07=P:BELØB=4:SÆSON=EJSÆSON,2016-05-01,628.0
DST:FIKS22:BRANCHE07=P:BELØB=4:SÆSON=EJSÆSON,2016-06-01,731.0
DST:FIKS22:BRANCHE07=P:BELØB=4:SÆSON=EJSÆSON,2016-07-01,443.0
DST:FIKS22:BRANCHE07=P:BELØB=4:SÆSON=EJSÆSON,2016-08-01,748.0
DST:FIKS22:BRANCHE07=P:BELØB=4:SÆSON=EJSÆSON,2016-09-01,668.0
DST:FIKS22:BRANCHE07=P:BELØB=4:SÆSON=EJSÆSON,2016-10-01,688.0
DST:FIKS22:BRANCHE07=P:BELØB=4:SÆSON=EJSÆSON,2016-11-01,726.0
DST:FIKS22:BRANCHE07=P:BELØB=4:SÆSON=EJSÆSON,2016-12-01,1231.0
DST:FIKS22:BRANCHE07=P:BELØB=4:SÆSON=EJSÆSON,2017-01-01,561.0
DST:FIKS22:BRANCHE07=P:BELØB=4:SÆSON=EJSÆSON,2017-02-01,599.0
DST:FIKS22:BRANCHE07=P:BELØB=4:SÆSON=EJSÆSON,2017-03-01,768.0
DST:FIKS22:BRANCHE07=P:BELØB=4:SÆSON=EJSÆSON,2017-04-01,577.0
DST:FIKS22:BRANCHE07=P:BELØB=4:SÆSON=EJSÆSON,2017-05-01,690.0
DST:FIKS22:BRANCHE07=P:BELØB=4:SÆSON=EJSÆSON,2017-06-01,809.0
DST:FIKS22:BRANCHE07=P:BELØB=4:SÆSON=EJSÆSON,2017-07-01,446.0
DST:FIKS22:BRANCHE07=P:BELØB=4:SÆSON=EJSÆSON,2017-08-01,651.0
DST:FIKS22:BRANCHE07=P:BELØB=4:SÆSON=EJSÆSON,2017-09-01,748.0
DST:FIKS22:BRANCHE07=P:BELØB=4:SÆSON=EJSÆSON,2017-10-01,787.0
DST:FIKS22:BRANCHE07=P:BELØB=4:SÆSON=EJSÆSON,2017-11-01,774.0
DST:FIKS22:BRANCHE07=P:BELØB=4:SÆSON=EJSÆSON,2017-12-01,1092.0
DST:FIKS22:BRANCHE07=P:BELØB=4:SÆSON=EJSÆSON,2018-01-01,519.0
DST:FIKS22:BRANCHE07=P:BELØB=4:SÆSON=EJSÆSON,2018-02-01,745.0
DST:FIKS22:BRANCHE07=P:BELØB=4:SÆSON=EJSÆSON,2018-03-01,673.0
DST:FIKS22:BRANCHE07=P:BELØB=4:SÆSON=EJSÆSON,2018-04-01,690.0
DST:FIKS22:BRANCHE07=P:BELØB=4:SÆSON=EJSÆSON,2018-05-01,630.0
DST:FIKS22:BRANCHE07=P:BELØB=4:SÆSON=EJSÆSON,2018-06-01,804.0
DST:FIKS22:BRANCHE07=P:BELØB=4:SÆSON=EJSÆSON,2018-07-01,509.0
DST:FIKS22:BRANCHE07=P:BELØB=4:SÆSON=EJSÆSON,2018-08-01,729.0
DST:FIKS22:BRANCHE07=P:BELØB=4:SÆSON=EJSÆSON,2018-09-01,684.0
DST:FIKS22:BRANCHE07=P:BELØB=4:SÆSON=EJSÆSON,2018-10-01,735.0
DST:FIKS22:BRANCHE07=P:BELØB=4:SÆSON=EJSÆSON,2018-11-01,814.0
DST:FIKS22:BRANCHE07=P:BELØB=4:SÆSON=EJSÆSON,2018-12-01,1191.0
DST:FIKS22:BRANCHE07=P:BELØB=4:SÆSON=EJSÆSON,2019-01-01,707.0
DST:FIKS22:BRANCHE07=P:BELØB=4:SÆSON=EJSÆSON,2019-02-01,505.0
DST:FIKS22:BRANCHE07=P:BELØB=4:SÆSON=EJSÆSON,2019-03-01,702.0
DST:FIKS22:BRANCHE07=P:BELØB=4:SÆSON=EJSÆSON,2019-04-01,586.0
DST:FIKS22:BRANCHE07=P:BELØB=4:SÆSON=EJSÆSON,2019-05-01,742.0
DST:FIKS22:BRANCHE07=P:BELØB=4:SÆSON=EJSÆSON,2019-06-01,744.0
DST:FIKS22:BRANCHE07=P:BELØB=4:SÆSON=EJSÆSON,2019-07-01,528.0
DST:FIKS22:BRANCHE07=P:BELØB=4:SÆSON=EJSÆSON,2019-08-01,778.0
DST:FIKS22:BRANCHE07=P:BELØB=4:SÆSON=EJSÆSON,2019-09-01,707.0
DST:FIKS22:BRANCHE07=P:BELØB=4:SÆSON=EJSÆSON,2019-10-01,762.0
DST:FIKS22:BRANCHE07=P:BELØB=4:SÆSON=EJSÆSON,2019-11-01,768.0
DST:FIKS22:BRANCHE07=P:BELØB=4:SÆSON=EJSÆSON,2019-12-01,1126.0
DST:FIKS22:BRANCHE07=P:BELØB=4:SÆSON=EJSÆSON,2020-01-01,669.0
DST:FIKS22:BRANCHE07=P:BELØB=4:SÆSON=EJSÆSON,2020-02-01,598.0
DST:FIKS22:BRANCHE07=P:BELØB=4:SÆSON=EJSÆSON,2020-03-01,503.0
DST:FIKS22:BRANCHE07=P:BELØB=4:SÆSON=EJSÆSON,2020-04-01,393.0
DST:FIKS22:BRANCHE07=P:BELØB=4:SÆSON=EJSÆSON,2020-05-01,391.0
DST:FIKS22:BRANCHE07=P:BELØB=4:SÆSON=EJSÆSON,2020-06-01,707.0
DST:FIKS22:BRANCHE07=P:BELØB=4:SÆSON=EJSÆSON,2020-07-01,468.0
DST:FIKS22:BRANCHE07=P:BELØB=4:SÆSON=EJSÆSON,2020-08-01,639.0
DST:FIKS22:BRANCHE07=P:BELØB=4:SÆSON=EJSÆSON,2020-09-01,798.0
DST:FIKS22:BRANCHE07=P:BELØB=4:SÆSON=EJSÆSON,2020-10-01,828.0
DST:FIKS22:BRANCHE07=P:BELØB=4:SÆSON=EJSÆSON,2020-11-01,710.0
DST:FIKS22:BRANCHE07=P:BELØB=4:SÆSON=EJSÆSON,2020-12-01,1394.0
DST:FIKS22:BRANCHE07=P:BELØB=4:SÆSON=EJSÆSON,2021-01-01,478.0
DST:FIKS22:BRANCHE07=P:BELØB=4:SÆSON=EJSÆSON,2021-02-01,382.0
DST:FIKS22:BRANCHE07=P:BELØB=4:SÆSON=EJSÆSON,2021-03-01,688.0
DST:FIKS22:BRANCHE07=P:BELØB=4:SÆSON=EJSÆSON,2021-04-01,625.0
DST:FIKS22:BRANCHE07=P:BELØB=4:SÆSON=EJSÆSON,2021-05-01,540.0
DST:FIKS22:BRANCHE07=P:BELØB=4:SÆSON=EJSÆSON,2021-06-01,1035.0
DST:FIKS22:BRANCHE07=P:BELØB=4:SÆSON=EJSÆSON,2021-07-01,523.0
DST:FIKS22:BRANCHE07=P:BELØB=4:SÆSON=EJSÆSON,2021-08-01,733.0
DST:FIKS22:BRANCHE07=P:BELØB=4:SÆSON=EJSÆSON,2021-09-01,832.0
DST:FIKS22:BRANCHE07=P:BELØB=4:SÆSON=EJSÆSON,2021-10-01,810.0
DST:FIKS22:BRANCHE07=P:BELØB=4:SÆSON=EJSÆSON,2021-11-01,780.0
DST:FIKS22:BRANCHE07=P:BELØB=4:SÆSON=EJSÆSON,2021-12-01,1381.0
DST:FIKS22:BRANCHE07=P:BELØB=4:SÆSON=EJSÆSON,2022-01-01,629.0
DST:FIKS22:BRANCHE07=P:BELØB=4:SÆSON=EJSÆSON,2022-02-01,626.0
DST:FIKS22:BRANCHE07=P:BELØB=4:SÆSON=EJSÆSON,2022-03-01,802.0
DST:FIKS22:BRANCHE07=P:BELØB=4:SÆSON=EJSÆSON,2022-04-01,453.0
DST:FIKS22:BRANCHE07=P:BELØB=4:SÆSON=EJSÆSON,2022-05-01,760.0
DST:FIKS22:BRANCHE07=P:BELØB=4:SÆSON=EJSÆSON,2022-06-01,755.0
DST:FIKS22:BRANCHE07=P:BELØB=4:SÆSON=EJSÆSON,2022-07-01,725.0
DST:FIKS22:BRANCHE07=P:BELØB=4:SÆSON=EJSÆSON,2022-08-01,639.0
DST:FIKS22:BRANCHE07=P:BELØB=4:SÆSON=EJSÆSON,2022-09-01,800.0
DST:FIKS22:BRANCHE07=P:BELØB=4:SÆSON=EJSÆSON,2022-10-01,816.0
DST:FIKS22:BRANCHE07=P:BELØB=4:SÆSON=EJSÆSON,2022-11-01,924.0
DST:FIKS22:BRANCHE07=P:BELØB=4:SÆSON=EJSÆSON,2022-12-01,1288.0
DST:FIKS22:BRANCHE07=P:BELØB=4:SÆSON=EJSÆSON,2023-01-01,668.0
DST:FIKS22:BRANCHE07=P:BELØB=4:SÆSON=EJSÆSON,2023-02-01,627.0
DST:FIKS22:BRANCHE07=P:BELØB=4:SÆSON=EJSÆSON,2023-03-01,870.0
DST:FIKS22:BRANCHE07=P:BELØB=4:SÆSON=EJSÆSON,2023-04-01,759.0
DST:FIKS22:BRANCHE07=P:BELØB=4:SÆSON=EJSÆSON,2023-05-01,624.0
DST:FIKS22:BRANCHE07=P:BELØB=4:SÆSON=EJSÆSON,2023-06-01,1045.0
DST:FIKS22:BRANCHE07=P:BELØB=4:SÆSON=EJSÆSON,2023-07-01,558.0
DST:FIKS22:BRANCHE07=P:BELØB=4:SÆSON=EJSÆSON,2023-08-01,767.0
DST:FIKS22:BRANCHE07=P:BELØB=4:SÆSON=EJSÆSON,2023-09-01,812.0
DST:FIKS22:BRANCHE07=P:BELØB=4:SÆSON=EJSÆSON,2023-10-01,805.0
DST:FIKS22:BRANCHE07=P:BELØB=4:SÆSON=EJSÆSON,2023-11-01,843.0
DST:FIKS22:BRANCHE07=P:BELØB=4:SÆSON=EJSÆSON,2023-12-01,1503.0
DST:FIKS22:BRANCHE07=P:BELØB=4:SÆSON=EJSÆSON,2024-01-01,673.0
DST:FIKS22:BRANCHE07=P:BELØB=4:SÆSON=EJSÆSON,2024-02-01,688.0
DST:FIKS22:BRANCHE07=P:BELØB=4:SÆSON=EJSÆSON,2024-03-01,722.0
DST:FIKS22:BRANCHE07=P:BELØB=4:SÆSON=EJSÆSON,2024-04-01,914.0
DST:FIKS22:BRANCHE07=P:BELØB=4:SÆSON=EJSÆSON,2024-05-01,801.0
DST:FIKS22:BRANCHE07=P:BELØB=4:SÆSON=EJSÆSON,2024-06-01,851.0
DST:FIKS22:BRANCHE07=P:BELØB=4:SÆSON=EJSÆSON,2024-07-01,555.0
DST:FIKS22:BRANCHE07=P:BELØB=4:SÆSON=EJSÆSON,2024-08-01,774.0
DST:FIKS22:BRANCHE07=P:BELØB=4:SÆSON=EJSÆSON,2024-09-01,860.0
DST:FIKS22:BRANCHE07=P:BELØB=4:SÆSON=EJSÆSON,2024-10-01,841.0
DST:FIKS22:BRANCHE07=P:BELØB=4:SÆSON=EJSÆSON,2024-11-01,891.0
DST:FIKS22:BRANCHE07=P:BELØB=4:SÆSON=EJSÆSON,2024-12-01,1408.0
DST:FIKS22:BRANCHE07=P:BELØB=4:SÆSON=EJSÆSON,2025-01-01,597.0
DST:FIKS22:BRANCHE07=P:BELØB=4:SÆSON=EJSÆSON,2025-02-01,704.0
DST:FIKS22:BRANCHE07=P:BELØB=4:SÆSON=EJSÆSON,2025-03-01,873.0
DST:FIKS22:BRANCHE07=P:BELØB=4:SÆSON=EJSÆSON,2025-04-01,737.0
DST:FIKS22:BRANCHE07=P:BELØB=4:SÆSON=EJSÆSON,2025-05-01,793.0
DST:FIKS22:BRANCHE07=P:BELØB=4:SÆSON=EJSÆSON,2025-06-01,828.0
DST:FIKS22:BRANCHE07=P:BELØB=4:SÆSON=EJSÆSON,2025-07-01,645.0
DST:FIKS22:BRANCHE07=P:BELØB=4:SÆSON=EJSÆSON,2025-08-01,771.0
DST:FIKS22:BRANCHE07=P:BELØB=4:SÆSON=EJSÆSON,2025-09-01,938.0
DST:FIKS22:BRANCHE07=P:BELØB=4:SÆSON=EJSÆSON,2025-10-01,860.0
DST:FIKS22:BRANCHE07=P:BELØB=4:SÆSON=EJSÆSON,2025-11-01,946.0
DST:FIKS22:BRANCHE07=P:BELØB=4:SÆSON=EJSÆSON,2025-12-01,1388.0
DST:FIKS22:BRANCHE07=P:BELØB=4:SÆSON=EJSÆSON,2026-01-01,633.0
DST:FIKS22:BRANCHE07=P:BELØB=4:SÆSON=EJSÆSON,2026-02-01,770.0
DST:FIKS22:BRANCHE07=P:BELØB=4:SÆSON=EJSÆSON,2026-03-01,837.0
DST:FIKS22:BRANCHE07=P:BELØB=4:SÆSON=SÆSON,2009-01-01,395.0
DST:FIKS22:BRANCHE07=P:BELØB=4:SÆSON=SÆSON,2009-02-01,464.0
DST:FIKS22:BRANCHE07=P:BELØB=4:SÆSON=SÆSON,2009-03-01,390.0
DST:FIKS22:BRANCHE07=P:BELØB=4:SÆSON=SÆSON,2009-04-01,487.0
DST:FIKS22:BRANCHE07=P:BELØB=4:SÆSON=SÆSON,2009-05-01,415.0
DST:FIKS22:BRANCHE07=P:BELØB=4:SÆSON=SÆSON,2009-06-01,461.0
DST:FIKS22:BRANCHE07=P:BELØB=4:SÆSON=SÆSON,2009-07-01,481.0
DST:FIKS22:BRANCHE07=P:BELØB=4:SÆSON=SÆSON,2009-08-01,422.0
DST:FIKS22:BRANCHE07=P:BELØB=4:SÆSON=SÆSON,2009-09-01,401.0
DST:FIKS22:BRANCHE07=P:BELØB=4:SÆSON=SÆSON,2009-10-01,391.0
DST:FIKS22:BRANCHE07=P:BELØB=4:SÆSON=SÆSON,2009-11-01,414.0
DST:FIKS22:BRANCHE07=P:BELØB=4:SÆSON=SÆSON,2009-12-01,464.0
DST:FIKS22:BRANCHE07=P:BELØB=4:SÆSON=SÆSON,2010-01-01,503.0
DST:FIKS22:BRANCHE07=P:BELØB=4:SÆSON=SÆSON,2010-02-01,428.0
DST:FIKS22:BRANCHE07=P:BELØB=4:SÆSON=SÆSON,2010-03-01,445.0
DST:FIKS22:BRANCHE07=P:BELØB=4:SÆSON=SÆSON,2010-04-01,497.0
DST:FIKS22:BRANCHE07=P:BELØB=4:SÆSON=SÆSON,2010-05-01,447.0
DST:FIKS22:BRANCHE07=P:BELØB=4:SÆSON=SÆSON,2010-06-01,513.0
DST:FIKS22:BRANCHE07=P:BELØB=4:SÆSON=SÆSON,2010-07-01,476.0
DST:FIKS22:BRANCHE07=P:BELØB=4:SÆSON=SÆSON,2010-08-01,485.0
DST:FIKS22:BRANCHE07=P:BELØB=4:SÆSON=SÆSON,2010-09-01,761.0
DST:FIKS22:BRANCHE07=P:BELØB=4:SÆSON=SÆSON,2010-10-01,471.0
DST:FIKS22:BRANCHE07=P:BELØB=4:SÆSON=SÆSON,2010-11-01,617.0
DST:FIKS22:BRANCHE07=P:BELØB=4:SÆSON=SÆSON,2010-12-01,585.0
DST:FIKS22:BRANCHE07=P:BELØB=4:SÆSON=SÆSON,2011-01-01,532.0
DST:FIKS22:BRANCHE07=P:BELØB=4:SÆSON=SÆSON,2011-02-01,594.0
DST:FIKS22:BRANCHE07=P:BELØB=4:SÆSON=SÆSON,2011-03-01,602.0
DST:FIKS22:BRANCHE07=P:BELØB=4:SÆSON=SÆSON,2011-04-01,546.0
DST:FIKS22:BRANCHE07=P:BELØB=4:SÆSON=SÆSON,2011-05-01,619.0
DST:FIKS22:BRANCHE07=P:BELØB=4:SÆSON=SÆSON,2011-06-01,559.0
DST:FIKS22:BRANCHE07=P:BELØB=4:SÆSON=SÆSON,2011-07-01,531.0
DST:FIKS22:BRANCHE07=P:BELØB=4:SÆSON=SÆSON,2011-08-01,520.0
DST:FIKS22:BRANCHE07=P:BELØB=4:SÆSON=SÆSON,2011-09-01,614.0
DST:FIKS22:BRANCHE07=P:BELØB=4:SÆSON=SÆSON,2011-10-01,624.0
DST:FIKS22:BRANCHE07=P:BELØB=4:SÆSON=SÆSON,2011-11-01,525.0
DST:FIKS22:BRANCHE07=P:BELØB=4:SÆSON=SÆSON,2011-12-01,540.0
DST:FIKS22:BRANCHE07=P:BELØB=4:SÆSON=SÆSON,2012-01-01,606.0
DST:FIKS22:BRANCHE07=P:BELØB=4:SÆSON=SÆSON,2012-02-01,541.0
DST:FIKS22:BRANCHE07=P:BELØB=4:SÆSON=SÆSON,2012-03-01,621.0
DST:FIKS22:BRANCHE07=P:BELØB=4:SÆSON=SÆSON,2012-04-01,521.0
DST:FIKS22:BRANCHE07=P:BELØB=4:SÆSON=SÆSON,2012-05-01,560.0
DST:FIKS22:BRANCHE07=P:BELØB=4:SÆSON=SÆSON,2012-06-01,544.0
DST:FIKS22:BRANCHE07=P:BELØB=4:SÆSON=SÆSON,2012-07-01,569.0
DST:FIKS22:BRANCHE07=P:BELØB=4:SÆSON=SÆSON,2012-08-01,624.0
DST:FIKS22:BRANCHE07=P:BELØB=4:SÆSON=SÆSON,2012-09-01,570.0
DST:FIKS22:BRANCHE07=P:BELØB=4:SÆSON=SÆSON,2012-10-01,545.0
DST:FIKS22:BRANCHE07=P:BELØB=4:SÆSON=SÆSON,2012-11-01,603.0
DST:FIKS22:BRANCHE07=P:BELØB=4:SÆSON=SÆSON,2012-12-01,496.0
DST:FIKS22:BRANCHE07=P:BELØB=4:SÆSON=SÆSON,2013-01-01,544.0
DST:FIKS22:BRANCHE07=P:BELØB=4:SÆSON=SÆSON,2013-02-01,580.0
DST:FIKS22:BRANCHE07=P:BELØB=4:SÆSON=SÆSON,2013-03-01,579.0
DST:FIKS22:BRANCHE07=P:BELØB=4:SÆSON=SÆSON,2013-04-01,596.0
DST:FIKS22:BRANCHE07=P:BELØB=4:SÆSON=SÆSON,2013-05-01,593.0
DST:FIKS22:BRANCHE07=P:BELØB=4:SÆSON=SÆSON,2013-06-01,557.0
DST:FIKS22:BRANCHE07=P:BELØB=4:SÆSON=SÆSON,2013-07-01,650.0
DST:FIKS22:BRANCHE07=P:BELØB=4:SÆSON=SÆSON,2013-08-01,642.0
DST:FIKS22:BRANCHE07=P:BELØB=4:SÆSON=SÆSON,2013-09-01,547.0
DST:FIKS22:BRANCHE07=P:BELØB=4:SÆSON=SÆSON,2013-10-01,628.0
DST:FIKS22:BRANCHE07=P:BELØB=4:SÆSON=SÆSON,2013-11-01,605.0
DST:FIKS22:BRANCHE07=P:BELØB=4:SÆSON=SÆSON,2013-12-01,613.0
DST:FIKS22:BRANCHE07=P:BELØB=4:SÆSON=SÆSON,2014-01-01,733.0
DST:FIKS22:BRANCHE07=P:BELØB=4:SÆSON=SÆSON,2014-02-01,625.0
DST:FIKS22:BRANCHE07=P:BELØB=4:SÆSON=SÆSON,2014-03-01,509.0
DST:FIKS22:BRANCHE07=P:BELØB=4:SÆSON=SÆSON,2014-04-01,661.0
DST:FIKS22:BRANCHE07=P:BELØB=4:SÆSON=SÆSON,2014-05-01,583.0
DST:FIKS22:BRANCHE07=P:BELØB=4:SÆSON=SÆSON,2014-06-01,622.0
DST:FIKS22:BRANCHE07=P:BELØB=4:SÆSON=SÆSON,2014-07-01,658.0
DST:FIKS22:BRANCHE07=P:BELØB=4:SÆSON=SÆSON,2014-08-01,601.0
DST:FIKS22:BRANCHE07=P:BELØB=4:SÆSON=SÆSON,2014-09-01,663.0
DST:FIKS22:BRANCHE07=P:BELØB=4:SÆSON=SÆSON,2014-10-01,616.0
DST:FIKS22:BRANCHE07=P:BELØB=4:SÆSON=SÆSON,2014-11-01,636.0
DST:FIKS22:BRANCHE07=P:BELØB=4:SÆSON=SÆSON,2014-12-01,681.0
DST:FIKS22:BRANCHE07=P:BELØB=4:SÆSON=SÆSON,2015-01-01,683.0
DST:FIKS22:BRANCHE07=P:BELØB=4:SÆSON=SÆSON,2015-02-01,623.0
DST:FIKS22:BRANCHE07=P:BELØB=4:SÆSON=SÆSON,2015-03-01,587.0
DST:FIKS22:BRANCHE07=P:BELØB=4:SÆSON=SÆSON,2015-04-01,625.0
DST:FIKS22:BRANCHE07=P:BELØB=4:SÆSON=SÆSON,2015-05-01,683.0
DST:FIKS22:BRANCHE07=P:BELØB=4:SÆSON=SÆSON,2015-06-01,717.0
DST:FIKS22:BRANCHE07=P:BELØB=4:SÆSON=SÆSON,2015-07-01,618.0
DST:FIKS22:BRANCHE07=P:BELØB=4:SÆSON=SÆSON,2015-08-01,598.0
DST:FIKS22:BRANCHE07=P:BELØB=4:SÆSON=SÆSON,2015-09-01,836.0
DST:FIKS22:BRANCHE07=P:BELØB=4:SÆSON=SÆSON,2015-10-01,693.0
DST:FIKS22:BRANCHE07=P:BELØB=4:SÆSON=SÆSON,2015-11-01,651.0
DST:FIKS22:BRANCHE07=P:BELØB=4:SÆSON=SÆSON,2015-12-01,688.0
DST:FIKS22:BRANCHE07=P:BELØB=4:SÆSON=SÆSON,2016-01-01,655.0
DST:FIKS22:BRANCHE07=P:BELØB=4:SÆSON=SÆSON,2016-02-01,732.0
DST:FIKS22:BRANCHE07=P:BELØB=4:SÆSON=SÆSON,2016-03-01,675.0
DST:FIKS22:BRANCHE07=P:BELØB=4:SÆSON=SÆSON,2016-04-01,666.0
DST:FIKS22:BRANCHE07=P:BELØB=4:SÆSON=SÆSON,2016-05-01,680.0
DST:FIKS22:BRANCHE07=P:BELØB=4:SÆSON=SÆSON,2016-06-01,653.0
DST:FIKS22:BRANCHE07=P:BELØB=4:SÆSON=SÆSON,2016-07-01,671.0
DST:FIKS22:BRANCHE07=P:BELØB=4:SÆSON=SÆSON,2016-08-01,779.0
DST:FIKS22:BRANCHE07=P:BELØB=4:SÆSON=SÆSON,2016-09-01,658.0
DST:FIKS22:BRANCHE07=P:BELØB=4:SÆSON=SÆSON,2016-10-01,643.0
DST:FIKS22:BRANCHE07=P:BELØB=4:SÆSON=SÆSON,2016-11-01,678.0
DST:FIKS22:BRANCHE07=P:BELØB=4:SÆSON=SÆSON,2016-12-01,792.0
DST:FIKS22:BRANCHE07=P:BELØB=4:SÆSON=SÆSON,2017-01-01,669.0
DST:FIKS22:BRANCHE07=P:BELØB=4:SÆSON=SÆSON,2017-02-01,713.0
DST:FIKS22:BRANCHE07=P:BELØB=4:SÆSON=SÆSON,2017-03-01,725.0
DST:FIKS22:BRANCHE07=P:BELØB=4:SÆSON=SÆSON,2017-04-01,704.0
DST:FIKS22:BRANCHE07=P:BELØB=4:SÆSON=SÆSON,2017-05-01,755.0
DST:FIKS22:BRANCHE07=P:BELØB=4:SÆSON=SÆSON,2017-06-01,732.0
DST:FIKS22:BRANCHE07=P:BELØB=4:SÆSON=SÆSON,2017-07-01,676.0
DST:FIKS22:BRANCHE07=P:BELØB=4:SÆSON=SÆSON,2017-08-01,673.0
DST:FIKS22:BRANCHE07=P:BELØB=4:SÆSON=SÆSON,2017-09-01,740.0
DST:FIKS22:BRANCHE07=P:BELØB=4:SÆSON=SÆSON,2017-10-01,745.0
DST:FIKS22:BRANCHE07=P:BELØB=4:SÆSON=SÆSON,2017-11-01,725.0
DST:FIKS22:BRANCHE07=P:BELØB=4:SÆSON=SÆSON,2017-12-01,629.0
DST:FIKS22:BRANCHE07=P:BELØB=4:SÆSON=SÆSON,2018-01-01,622.0
DST:FIKS22:BRANCHE07=P:BELØB=4:SÆSON=SÆSON,2018-02-01,882.0
DST:FIKS22:BRANCHE07=P:BELØB=4:SÆSON=SÆSON,2018-03-01,714.0
DST:FIKS22:BRANCHE07=P:BELØB=4:SÆSON=SÆSON,2018-04-01,726.0
DST:FIKS22:BRANCHE07=P:BELØB=4:SÆSON=SÆSON,2018-05-01,714.0
DST:FIKS22:BRANCHE07=P:BELØB=4:SÆSON=SÆSON,2018-06-01,733.0
DST:FIKS22:BRANCHE07=P:BELØB=4:SÆSON=SÆSON,2018-07-01,735.0
DST:FIKS22:BRANCHE07=P:BELØB=4:SÆSON=SÆSON,2018-08-01,743.0
DST:FIKS22:BRANCHE07=P:BELØB=4:SÆSON=SÆSON,2018-09-01,672.0
DST:FIKS22:BRANCHE07=P:BELØB=4:SÆSON=SÆSON,2018-10-01,690.0
DST:FIKS22:BRANCHE07=P:BELØB=4:SÆSON=SÆSON,2018-11-01,771.0
DST:FIKS22:BRANCHE07=P:BELØB=4:SÆSON=SÆSON,2018-12-01,707.0
DST:FIKS22:BRANCHE07=P:BELØB=4:SÆSON=SÆSON,2019-01-01,810.0
DST:FIKS22:BRANCHE07=P:BELØB=4:SÆSON=SÆSON,2019-02-01,660.0
DST:FIKS22:BRANCHE07=P:BELØB=4:SÆSON=SÆSON,2019-03-01,637.0
DST:FIKS22:BRANCHE07=P:BELØB=4:SÆSON=SÆSON,2019-04-01,711.0
DST:FIKS22:BRANCHE07=P:BELØB=4:SÆSON=SÆSON,2019-05-01,844.0
DST:FIKS22:BRANCHE07=P:BELØB=4:SÆSON=SÆSON,2019-06-01,685.0
DST:FIKS22:BRANCHE07=P:BELØB=4:SÆSON=SÆSON,2019-07-01,746.0
DST:FIKS22:BRANCHE07=P:BELØB=4:SÆSON=SÆSON,2019-08-01,797.0
DST:FIKS22:BRANCHE07=P:BELØB=4:SÆSON=SÆSON,2019-09-01,688.0
DST:FIKS22:BRANCHE07=P:BELØB=4:SÆSON=SÆSON,2019-10-01,715.0
DST:FIKS22:BRANCHE07=P:BELØB=4:SÆSON=SÆSON,2019-11-01,728.0
DST:FIKS22:BRANCHE07=P:BELØB=4:SÆSON=SÆSON,2019-12-01,619.0
DST:FIKS22:BRANCHE07=P:BELØB=4:SÆSON=SÆSON,2020-01-01,768.0
DST:FIKS22:BRANCHE07=P:BELØB=4:SÆSON=SÆSON,2020-02-01,771.0
DST:FIKS22:BRANCHE07=P:BELØB=4:SÆSON=SÆSON,2020-03-01,458.0
DST:FIKS22:BRANCHE07=P:BELØB=4:SÆSON=SÆSON,2020-04-01,487.0
DST:FIKS22:BRANCHE07=P:BELØB=4:SÆSON=SÆSON,2020-05-01,498.0
DST:FIKS22:BRANCHE07=P:BELØB=4:SÆSON=SÆSON,2020-06-01,658.0
DST:FIKS22:BRANCHE07=P:BELØB=4:SÆSON=SÆSON,2020-07-01,684.0
DST:FIKS22:BRANCHE07=P:BELØB=4:SÆSON=SÆSON,2020-08-01,667.0
DST:FIKS22:BRANCHE07=P:BELØB=4:SÆSON=SÆSON,2020-09-01,772.0
DST:FIKS22:BRANCHE07=P:BELØB=4:SÆSON=SÆSON,2020-10-01,783.0
DST:FIKS22:BRANCHE07=P:BELØB=4:SÆSON=SÆSON,2020-11-01,675.0
DST:FIKS22:BRANCHE07=P:BELØB=4:SÆSON=SÆSON,2020-12-01,869.0
DST:FIKS22:BRANCHE07=P:BELØB=4:SÆSON=SÆSON,2021-01-01,584.0
DST:FIKS22:BRANCHE07=P:BELØB=4:SÆSON=SÆSON,2021-02-01,558.0
DST:FIKS22:BRANCHE07=P:BELØB=4:SÆSON=SÆSON,2021-03-01,693.0
DST:FIKS22:BRANCHE07=P:BELØB=4:SÆSON=SÆSON,2021-04-01,658.0
DST:FIKS22:BRANCHE07=P:BELØB=4:SÆSON=SÆSON,2021-05-01,640.0
DST:FIKS22:BRANCHE07=P:BELØB=4:SÆSON=SÆSON,2021-06-01,997.0
DST:FIKS22:BRANCHE07=P:BELØB=4:SÆSON=SÆSON,2021-07-01,744.0
DST:FIKS22:BRANCHE07=P:BELØB=4:SÆSON=SÆSON,2021-08-01,774.0
DST:FIKS22:BRANCHE07=P:BELØB=4:SÆSON=SÆSON,2021-09-01,800.0
DST:FIKS22:BRANCHE07=P:BELØB=4:SÆSON=SÆSON,2021-10-01,770.0
DST:FIKS22:BRANCHE07=P:BELØB=4:SÆSON=SÆSON,2021-11-01,744.0
DST:FIKS22:BRANCHE07=P:BELØB=4:SÆSON=SÆSON,2021-12-01,837.0
DST:FIKS22:BRANCHE07=P:BELØB=4:SÆSON=SÆSON,2022-01-01,750.0
DST:FIKS22:BRANCHE07=P:BELØB=4:SÆSON=SÆSON,2022-02-01,798.0
DST:FIKS22:BRANCHE07=P:BELØB=4:SÆSON=SÆSON,2022-03-01,734.0
DST:FIKS22:BRANCHE07=P:BELØB=4:SÆSON=SÆSON,2022-04-01,550.0
DST:FIKS22:BRANCHE07=P:BELØB=4:SÆSON=SÆSON,2022-05-01,846.0
DST:FIKS22:BRANCHE07=P:BELØB=4:SÆSON=SÆSON,2022-06-01,727.0
DST:FIKS22:BRANCHE07=P:BELØB=4:SÆSON=SÆSON,2022-07-01,952.0
DST:FIKS22:BRANCHE07=P:BELØB=4:SÆSON=SÆSON,2022-08-01,690.0
DST:FIKS22:BRANCHE07=P:BELØB=4:SÆSON=SÆSON,2022-09-01,760.0
DST:FIKS22:BRANCHE07=P:BELØB=4:SÆSON=SÆSON,2022-10-01,784.0
DST:FIKS22:BRANCHE07=P:BELØB=4:SÆSON=SÆSON,2022-11-01,882.0
DST:FIKS22:BRANCHE07=P:BELØB=4:SÆSON=SÆSON,2022-12-01,734.0
DST:FIKS22:BRANCHE07=P:BELØB=4:SÆSON=SÆSON,2023-01-01,816.0
DST:FIKS22:BRANCHE07=P:BELØB=4:SÆSON=SÆSON,2023-02-01,784.0
DST:FIKS22:BRANCHE07=P:BELØB=4:SÆSON=SÆSON,2023-03-01,857.0
DST:FIKS22:BRANCHE07=P:BELØB=4:SÆSON=SÆSON,2023-04-01,799.0
DST:FIKS22:BRANCHE07=P:BELØB=4:SÆSON=SÆSON,2023-05-01,689.0
DST:FIKS22:BRANCHE07=P:BELØB=4:SÆSON=SÆSON,2023-06-01,1023.0
DST:FIKS22:BRANCHE07=P:BELØB=4:SÆSON=SÆSON,2023-07-01,791.0
DST:FIKS22:BRANCHE07=P:BELØB=4:SÆSON=SÆSON,2023-08-01,829.0
DST:FIKS22:BRANCHE07=P:BELØB=4:SÆSON=SÆSON,2023-09-01,770.0
DST:FIKS22:BRANCHE07=P:BELØB=4:SÆSON=SÆSON,2023-10-01,781.0
DST:FIKS22:BRANCHE07=P:BELØB=4:SÆSON=SÆSON,2023-11-01,786.0
DST:FIKS22:BRANCHE07=P:BELØB=4:SÆSON=SÆSON,2023-12-01,948.0
DST:FIKS22:BRANCHE07=P:BELØB=4:SÆSON=SÆSON,2024-01-01,842.0
DST:FIKS22:BRANCHE07=P:BELØB=4:SÆSON=SÆSON,2024-02-01,832.0
DST:FIKS22:BRANCHE07=P:BELØB=4:SÆSON=SÆSON,2024-03-01,768.0
DST:FIKS22:BRANCHE07=P:BELØB=4:SÆSON=SÆSON,2024-04-01,899.0
DST:FIKS22:BRANCHE07=P:BELØB=4:SÆSON=SÆSON,2024-05-01,854.0
DST:FIKS22:BRANCHE07=P:BELØB=4:SÆSON=SÆSON,2024-06-01,831.0
DST:FIKS22:BRANCHE07=P:BELØB=4:SÆSON=SÆSON,2024-07-01,788.0
DST:FIKS22:BRANCHE07=P:BELØB=4:SÆSON=SÆSON,2024-08-01,837.0
DST:FIKS22:BRANCHE07=P:BELØB=4:SÆSON=SÆSON,2024-09-01,819.0
DST:FIKS22:BRANCHE07=P:BELØB=4:SÆSON=SÆSON,2024-10-01,827.0
DST:FIKS22:BRANCHE07=P:BELØB=4:SÆSON=SÆSON,2024-11-01,825.0
DST:FIKS22:BRANCHE07=P:BELØB=4:SÆSON=SÆSON,2024-12-01,854.0
DST:FIKS22:BRANCHE07=P:BELØB=4:SÆSON=SÆSON,2025-01-01,782.0
DST:FIKS22:BRANCHE07=P:BELØB=4:SÆSON=SÆSON,2025-02-01,833.0
DST:FIKS22:BRANCHE07=P:BELØB=4:SÆSON=SÆSON,2025-03-01,834.0
DST:FIKS22:BRANCHE07=P:BELØB=4:SÆSON=SÆSON,2025-04-01,811.0
DST:FIKS22:BRANCHE07=P:BELØB=4:SÆSON=SÆSON,2025-05-01,842.0
DST:FIKS22:BRANCHE07=P:BELØB=4:SÆSON=SÆSON,2025-06-01,806.0
DST:FIKS22:BRANCHE07=P:BELØB=4:SÆSON=SÆSON,2025-07-01,877.0
DST:FIKS22:BRANCHE07=P:BELØB=4:SÆSON=SÆSON,2025-08-01,835.0
DST:FIKS22:BRANCHE07=P:BELØB=4:SÆSON=SÆSON,2025-09-01,895.0
DST:FIKS22:BRANCHE07=P:BELØB=4:SÆSON=SÆSON,2025-10-01,850.0
DST:FIKS22:BRANCHE07=P:BELØB=4:SÆSON=SÆSON,2025-11-01,878.0
DST:FIKS22:BRANCHE07=P:BELØB=4:SÆSON=SÆSON,2025-12-01,834.0
DST:FIKS22:BRANCHE07=P:BELØB=4:SÆSON=SÆSON,2026-01-01,827.0
DST:FIKS22:BRANCHE07=P:BELØB=4:SÆSON=SÆSON,2026-02-01,893.0
DST:FIKS22:BRANCHE07=P:BELØB=4:SÆSON=SÆSON,2026-03-01,869.0
DST:FIKS22:BRANCHE07=Q:BELØB=0:SÆSON=EJSÆSON,2009-01-01,113.0
DST:FIKS22:BRANCHE07=Q:BELØB=0:SÆSON=EJSÆSON,2009-02-01,91.0
DST:FIKS22:BRANCHE07=Q:BELØB=0:SÆSON=EJSÆSON,2009-03-01,104.0
DST:FIKS22:BRANCHE07=Q:BELØB=0:SÆSON=EJSÆSON,2009-04-01,99.0
DST:FIKS22:BRANCHE07=Q:BELØB=0:SÆSON=EJSÆSON,2009-05-01,108.0
DST:FIKS22:BRANCHE07=Q:BELØB=0:SÆSON=EJSÆSON,2009-06-01,141.0
DST:FIKS22:BRANCHE07=Q:BELØB=0:SÆSON=EJSÆSON,2009-07-01,124.0
DST:FIKS22:BRANCHE07=Q:BELØB=0:SÆSON=EJSÆSON,2009-08-01,102.0
DST:FIKS22:BRANCHE07=Q:BELØB=0:SÆSON=EJSÆSON,2009-09-01,118.0
DST:FIKS22:BRANCHE07=Q:BELØB=0:SÆSON=EJSÆSON,2009-10-01,125.0
DST:FIKS22:BRANCHE07=Q:BELØB=0:SÆSON=EJSÆSON,2009-11-01,106.0
DST:FIKS22:BRANCHE07=Q:BELØB=0:SÆSON=EJSÆSON,2009-12-01,170.0
DST:FIKS22:BRANCHE07=Q:BELØB=0:SÆSON=EJSÆSON,2010-01-01,107.0
DST:FIKS22:BRANCHE07=Q:BELØB=0:SÆSON=EJSÆSON,2010-02-01,103.0
DST:FIKS22:BRANCHE07=Q:BELØB=0:SÆSON=EJSÆSON,2010-03-01,114.0
DST:FIKS22:BRANCHE07=Q:BELØB=0:SÆSON=EJSÆSON,2010-04-01,117.0
DST:FIKS22:BRANCHE07=Q:BELØB=0:SÆSON=EJSÆSON,2010-05-01,106.0
DST:FIKS22:BRANCHE07=Q:BELØB=0:SÆSON=EJSÆSON,2010-06-01,152.0
DST:FIKS22:BRANCHE07=Q:BELØB=0:SÆSON=EJSÆSON,2010-07-01,123.0
DST:FIKS22:BRANCHE07=Q:BELØB=0:SÆSON=EJSÆSON,2010-08-01,97.0
DST:FIKS22:BRANCHE07=Q:BELØB=0:SÆSON=EJSÆSON,2010-09-01,100.0
DST:FIKS22:BRANCHE07=Q:BELØB=0:SÆSON=EJSÆSON,2010-10-01,115.0
DST:FIKS22:BRANCHE07=Q:BELØB=0:SÆSON=EJSÆSON,2010-11-01,134.0
DST:FIKS22:BRANCHE07=Q:BELØB=0:SÆSON=EJSÆSON,2010-12-01,162.0
DST:FIKS22:BRANCHE07=Q:BELØB=0:SÆSON=EJSÆSON,2011-01-01,88.0
DST:FIKS22:BRANCHE07=Q:BELØB=0:SÆSON=EJSÆSON,2011-02-01,100.0
DST:FIKS22:BRANCHE07=Q:BELØB=0:SÆSON=EJSÆSON,2011-03-01,158.0
DST:FIKS22:BRANCHE07=Q:BELØB=0:SÆSON=EJSÆSON,2011-04-01,102.0
DST:FIKS22:BRANCHE07=Q:BELØB=0:SÆSON=EJSÆSON,2011-05-01,139.0
DST:FIKS22:BRANCHE07=Q:BELØB=0:SÆSON=EJSÆSON,2011-06-01,152.0
DST:FIKS22:BRANCHE07=Q:BELØB=0:SÆSON=EJSÆSON,2011-07-01,99.0
DST:FIKS22:BRANCHE07=Q:BELØB=0:SÆSON=EJSÆSON,2011-08-01,115.0
DST:FIKS22:BRANCHE07=Q:BELØB=0:SÆSON=EJSÆSON,2011-09-01,118.0
DST:FIKS22:BRANCHE07=Q:BELØB=0:SÆSON=EJSÆSON,2011-10-01,132.0
DST:FIKS22:BRANCHE07=Q:BELØB=0:SÆSON=EJSÆSON,2011-11-01,112.0
DST:FIKS22:BRANCHE07=Q:BELØB=0:SÆSON=EJSÆSON,2011-12-01,173.0
DST:FIKS22:BRANCHE07=Q:BELØB=0:SÆSON=EJSÆSON,2012-01-01,134.0
DST:FIKS22:BRANCHE07=Q:BELØB=0:SÆSON=EJSÆSON,2012-02-01,121.0
DST:FIKS22:BRANCHE07=Q:BELØB=0:SÆSON=EJSÆSON,2012-03-01,123.0
DST:FIKS22:BRANCHE07=Q:BELØB=0:SÆSON=EJSÆSON,2012-04-01,126.0
DST:FIKS22:BRANCHE07=Q:BELØB=0:SÆSON=EJSÆSON,2012-05-01,126.0
DST:FIKS22:BRANCHE07=Q:BELØB=0:SÆSON=EJSÆSON,2012-06-01,152.0
DST:FIKS22:BRANCHE07=Q:BELØB=0:SÆSON=EJSÆSON,2012-07-01,165.0
DST:FIKS22:BRANCHE07=Q:BELØB=0:SÆSON=EJSÆSON,2012-08-01,116.0
DST:FIKS22:BRANCHE07=Q:BELØB=0:SÆSON=EJSÆSON,2012-09-01,116.0
DST:FIKS22:BRANCHE07=Q:BELØB=0:SÆSON=EJSÆSON,2012-10-01,149.0
DST:FIKS22:BRANCHE07=Q:BELØB=0:SÆSON=EJSÆSON,2012-11-01,132.0
DST:FIKS22:BRANCHE07=Q:BELØB=0:SÆSON=EJSÆSON,2012-12-01,158.0
DST:FIKS22:BRANCHE07=Q:BELØB=0:SÆSON=EJSÆSON,2013-01-01,120.0
DST:FIKS22:BRANCHE07=Q:BELØB=0:SÆSON=EJSÆSON,2013-02-01,83.0
DST:FIKS22:BRANCHE07=Q:BELØB=0:SÆSON=EJSÆSON,2013-03-01,118.0
DST:FIKS22:BRANCHE07=Q:BELØB=0:SÆSON=EJSÆSON,2013-04-01,107.0
DST:FIKS22:BRANCHE07=Q:BELØB=0:SÆSON=EJSÆSON,2013-05-01,134.0
DST:FIKS22:BRANCHE07=Q:BELØB=0:SÆSON=EJSÆSON,2013-06-01,145.0
DST:FIKS22:BRANCHE07=Q:BELØB=0:SÆSON=EJSÆSON,2013-07-01,127.0
DST:FIKS22:BRANCHE07=Q:BELØB=0:SÆSON=EJSÆSON,2013-08-01,114.0
DST:FIKS22:BRANCHE07=Q:BELØB=0:SÆSON=EJSÆSON,2013-09-01,111.0
DST:FIKS22:BRANCHE07=Q:BELØB=0:SÆSON=EJSÆSON,2013-10-01,135.0
DST:FIKS22:BRANCHE07=Q:BELØB=0:SÆSON=EJSÆSON,2013-11-01,119.0
DST:FIKS22:BRANCHE07=Q:BELØB=0:SÆSON=EJSÆSON,2013-12-01,166.0
DST:FIKS22:BRANCHE07=Q:BELØB=0:SÆSON=EJSÆSON,2014-01-01,142.0
DST:FIKS22:BRANCHE07=Q:BELØB=0:SÆSON=EJSÆSON,2014-02-01,80.0
DST:FIKS22:BRANCHE07=Q:BELØB=0:SÆSON=EJSÆSON,2014-03-01,117.0
DST:FIKS22:BRANCHE07=Q:BELØB=0:SÆSON=EJSÆSON,2014-04-01,137.0
DST:FIKS22:BRANCHE07=Q:BELØB=0:SÆSON=EJSÆSON,2014-05-01,129.0
DST:FIKS22:BRANCHE07=Q:BELØB=0:SÆSON=EJSÆSON,2014-06-01,165.0
DST:FIKS22:BRANCHE07=Q:BELØB=0:SÆSON=EJSÆSON,2014-07-01,153.0
DST:FIKS22:BRANCHE07=Q:BELØB=0:SÆSON=EJSÆSON,2014-08-01,164.0
DST:FIKS22:BRANCHE07=Q:BELØB=0:SÆSON=EJSÆSON,2014-09-01,106.0
DST:FIKS22:BRANCHE07=Q:BELØB=0:SÆSON=EJSÆSON,2014-10-01,89.0
DST:FIKS22:BRANCHE07=Q:BELØB=0:SÆSON=EJSÆSON,2014-11-01,125.0
DST:FIKS22:BRANCHE07=Q:BELØB=0:SÆSON=EJSÆSON,2014-12-01,210.0
DST:FIKS22:BRANCHE07=Q:BELØB=0:SÆSON=EJSÆSON,2015-01-01,139.0
DST:FIKS22:BRANCHE07=Q:BELØB=0:SÆSON=EJSÆSON,2015-02-01,89.0
DST:FIKS22:BRANCHE07=Q:BELØB=0:SÆSON=EJSÆSON,2015-03-01,141.0
DST:FIKS22:BRANCHE07=Q:BELØB=0:SÆSON=EJSÆSON,2015-04-01,110.0
DST:FIKS22:BRANCHE07=Q:BELØB=0:SÆSON=EJSÆSON,2015-05-01,146.0
DST:FIKS22:BRANCHE07=Q:BELØB=0:SÆSON=EJSÆSON,2015-06-01,170.0
DST:FIKS22:BRANCHE07=Q:BELØB=0:SÆSON=EJSÆSON,2015-07-01,144.0
DST:FIKS22:BRANCHE07=Q:BELØB=0:SÆSON=EJSÆSON,2015-08-01,105.0
DST:FIKS22:BRANCHE07=Q:BELØB=0:SÆSON=EJSÆSON,2015-09-01,140.0
DST:FIKS22:BRANCHE07=Q:BELØB=0:SÆSON=EJSÆSON,2015-10-01,138.0
DST:FIKS22:BRANCHE07=Q:BELØB=0:SÆSON=EJSÆSON,2015-11-01,165.0
DST:FIKS22:BRANCHE07=Q:BELØB=0:SÆSON=EJSÆSON,2015-12-01,221.0
DST:FIKS22:BRANCHE07=Q:BELØB=0:SÆSON=EJSÆSON,2016-01-01,154.0
DST:FIKS22:BRANCHE07=Q:BELØB=0:SÆSON=EJSÆSON,2016-02-01,112.0
DST:FIKS22:BRANCHE07=Q:BELØB=0:SÆSON=EJSÆSON,2016-03-01,111.0
DST:FIKS22:BRANCHE07=Q:BELØB=0:SÆSON=EJSÆSON,2016-04-01,146.0
DST:FIKS22:BRANCHE07=Q:BELØB=0:SÆSON=EJSÆSON,2016-05-01,128.0
DST:FIKS22:BRANCHE07=Q:BELØB=0:SÆSON=EJSÆSON,2016-06-01,217.0
DST:FIKS22:BRANCHE07=Q:BELØB=0:SÆSON=EJSÆSON,2016-07-01,125.0
DST:FIKS22:BRANCHE07=Q:BELØB=0:SÆSON=EJSÆSON,2016-08-01,122.0
DST:FIKS22:BRANCHE07=Q:BELØB=0:SÆSON=EJSÆSON,2016-09-01,184.0
DST:FIKS22:BRANCHE07=Q:BELØB=0:SÆSON=EJSÆSON,2016-10-01,137.0
DST:FIKS22:BRANCHE07=Q:BELØB=0:SÆSON=EJSÆSON,2016-11-01,159.0
DST:FIKS22:BRANCHE07=Q:BELØB=0:SÆSON=EJSÆSON,2016-12-01,204.0
DST:FIKS22:BRANCHE07=Q:BELØB=0:SÆSON=EJSÆSON,2017-01-01,148.0
DST:FIKS22:BRANCHE07=Q:BELØB=0:SÆSON=EJSÆSON,2017-02-01,133.0
DST:FIKS22:BRANCHE07=Q:BELØB=0:SÆSON=EJSÆSON,2017-03-01,128.0
DST:FIKS22:BRANCHE07=Q:BELØB=0:SÆSON=EJSÆSON,2017-04-01,148.0
DST:FIKS22:BRANCHE07=Q:BELØB=0:SÆSON=EJSÆSON,2017-05-01,123.0
DST:FIKS22:BRANCHE07=Q:BELØB=0:SÆSON=EJSÆSON,2017-06-01,247.0
DST:FIKS22:BRANCHE07=Q:BELØB=0:SÆSON=EJSÆSON,2017-07-01,145.0
DST:FIKS22:BRANCHE07=Q:BELØB=0:SÆSON=EJSÆSON,2017-08-01,136.0
DST:FIKS22:BRANCHE07=Q:BELØB=0:SÆSON=EJSÆSON,2017-09-01,165.0
DST:FIKS22:BRANCHE07=Q:BELØB=0:SÆSON=EJSÆSON,2017-10-01,165.0
DST:FIKS22:BRANCHE07=Q:BELØB=0:SÆSON=EJSÆSON,2017-11-01,238.0
DST:FIKS22:BRANCHE07=Q:BELØB=0:SÆSON=EJSÆSON,2017-12-01,236.0
DST:FIKS22:BRANCHE07=Q:BELØB=0:SÆSON=EJSÆSON,2018-01-01,134.0
DST:FIKS22:BRANCHE07=Q:BELØB=0:SÆSON=EJSÆSON,2018-02-01,205.0
DST:FIKS22:BRANCHE07=Q:BELØB=0:SÆSON=EJSÆSON,2018-03-01,133.0
DST:FIKS22:BRANCHE07=Q:BELØB=0:SÆSON=EJSÆSON,2018-04-01,201.0
DST:FIKS22:BRANCHE07=Q:BELØB=0:SÆSON=EJSÆSON,2018-05-01,134.0
DST:FIKS22:BRANCHE07=Q:BELØB=0:SÆSON=EJSÆSON,2018-06-01,226.0
DST:FIKS22:BRANCHE07=Q:BELØB=0:SÆSON=EJSÆSON,2018-07-01,223.0
DST:FIKS22:BRANCHE07=Q:BELØB=0:SÆSON=EJSÆSON,2018-08-01,163.0
DST:FIKS22:BRANCHE07=Q:BELØB=0:SÆSON=EJSÆSON,2018-09-01,170.0
DST:FIKS22:BRANCHE07=Q:BELØB=0:SÆSON=EJSÆSON,2018-10-01,203.0
DST:FIKS22:BRANCHE07=Q:BELØB=0:SÆSON=EJSÆSON,2018-11-01,226.0
DST:FIKS22:BRANCHE07=Q:BELØB=0:SÆSON=EJSÆSON,2018-12-01,255.0
DST:FIKS22:BRANCHE07=Q:BELØB=0:SÆSON=EJSÆSON,2019-01-01,268.0
DST:FIKS22:BRANCHE07=Q:BELØB=0:SÆSON=EJSÆSON,2019-02-01,282.0
DST:FIKS22:BRANCHE07=Q:BELØB=0:SÆSON=EJSÆSON,2019-03-01,-122.0
DST:FIKS22:BRANCHE07=Q:BELØB=0:SÆSON=EJSÆSON,2019-04-01,154.0
DST:FIKS22:BRANCHE07=Q:BELØB=0:SÆSON=EJSÆSON,2019-05-01,219.0
DST:FIKS22:BRANCHE07=Q:BELØB=0:SÆSON=EJSÆSON,2019-06-01,203.0
DST:FIKS22:BRANCHE07=Q:BELØB=0:SÆSON=EJSÆSON,2019-07-01,224.0
DST:FIKS22:BRANCHE07=Q:BELØB=0:SÆSON=EJSÆSON,2019-08-01,163.0
DST:FIKS22:BRANCHE07=Q:BELØB=0:SÆSON=EJSÆSON,2019-09-01,158.0
DST:FIKS22:BRANCHE07=Q:BELØB=0:SÆSON=EJSÆSON,2019-10-01,171.0
DST:FIKS22:BRANCHE07=Q:BELØB=0:SÆSON=EJSÆSON,2019-11-01,174.0
DST:FIKS22:BRANCHE07=Q:BELØB=0:SÆSON=EJSÆSON,2019-12-01,295.0
DST:FIKS22:BRANCHE07=Q:BELØB=0:SÆSON=EJSÆSON,2020-01-01,164.0
DST:FIKS22:BRANCHE07=Q:BELØB=0:SÆSON=EJSÆSON,2020-02-01,149.0
DST:FIKS22:BRANCHE07=Q:BELØB=0:SÆSON=EJSÆSON,2020-03-01,145.0
DST:FIKS22:BRANCHE07=Q:BELØB=0:SÆSON=EJSÆSON,2020-04-01,187.0
DST:FIKS22:BRANCHE07=Q:BELØB=0:SÆSON=EJSÆSON,2020-05-01,134.0
DST:FIKS22:BRANCHE07=Q:BELØB=0:SÆSON=EJSÆSON,2020-06-01,143.0
DST:FIKS22:BRANCHE07=Q:BELØB=0:SÆSON=EJSÆSON,2020-07-01,140.0
DST:FIKS22:BRANCHE07=Q:BELØB=0:SÆSON=EJSÆSON,2020-08-01,164.0
DST:FIKS22:BRANCHE07=Q:BELØB=0:SÆSON=EJSÆSON,2020-09-01,165.0
DST:FIKS22:BRANCHE07=Q:BELØB=0:SÆSON=EJSÆSON,2020-10-01,167.0
DST:FIKS22:BRANCHE07=Q:BELØB=0:SÆSON=EJSÆSON,2020-11-01,186.0
DST:FIKS22:BRANCHE07=Q:BELØB=0:SÆSON=EJSÆSON,2020-12-01,272.0
DST:FIKS22:BRANCHE07=Q:BELØB=0:SÆSON=EJSÆSON,2021-01-01,207.0
DST:FIKS22:BRANCHE07=Q:BELØB=0:SÆSON=EJSÆSON,2021-02-01,140.0
DST:FIKS22:BRANCHE07=Q:BELØB=0:SÆSON=EJSÆSON,2021-03-01,167.0
DST:FIKS22:BRANCHE07=Q:BELØB=0:SÆSON=EJSÆSON,2021-04-01,212.0
DST:FIKS22:BRANCHE07=Q:BELØB=0:SÆSON=EJSÆSON,2021-05-01,192.0
DST:FIKS22:BRANCHE07=Q:BELØB=0:SÆSON=EJSÆSON,2021-06-01,207.0
DST:FIKS22:BRANCHE07=Q:BELØB=0:SÆSON=EJSÆSON,2021-07-01,205.0
DST:FIKS22:BRANCHE07=Q:BELØB=0:SÆSON=EJSÆSON,2021-08-01,167.0
DST:FIKS22:BRANCHE07=Q:BELØB=0:SÆSON=EJSÆSON,2021-09-01,226.0
DST:FIKS22:BRANCHE07=Q:BELØB=0:SÆSON=EJSÆSON,2021-10-01,268.0
DST:FIKS22:BRANCHE07=Q:BELØB=0:SÆSON=EJSÆSON,2021-11-01,288.0
DST:FIKS22:BRANCHE07=Q:BELØB=0:SÆSON=EJSÆSON,2021-12-01,172.0
DST:FIKS22:BRANCHE07=Q:BELØB=0:SÆSON=EJSÆSON,2022-01-01,295.0
DST:FIKS22:BRANCHE07=Q:BELØB=0:SÆSON=EJSÆSON,2022-02-01,153.0
DST:FIKS22:BRANCHE07=Q:BELØB=0:SÆSON=EJSÆSON,2022-03-01,255.0
DST:FIKS22:BRANCHE07=Q:BELØB=0:SÆSON=EJSÆSON,2022-04-01,260.0
DST:FIKS22:BRANCHE07=Q:BELØB=0:SÆSON=EJSÆSON,2022-05-01,179.0
DST:FIKS22:BRANCHE07=Q:BELØB=0:SÆSON=EJSÆSON,2022-06-01,229.0
DST:FIKS22:BRANCHE07=Q:BELØB=0:SÆSON=EJSÆSON,2022-07-01,183.0
DST:FIKS22:BRANCHE07=Q:BELØB=0:SÆSON=EJSÆSON,2022-08-01,216.0
DST:FIKS22:BRANCHE07=Q:BELØB=0:SÆSON=EJSÆSON,2022-09-01,246.0
DST:FIKS22:BRANCHE07=Q:BELØB=0:SÆSON=EJSÆSON,2022-10-01,201.0
DST:FIKS22:BRANCHE07=Q:BELØB=0:SÆSON=EJSÆSON,2022-11-01,192.0
DST:FIKS22:BRANCHE07=Q:BELØB=0:SÆSON=EJSÆSON,2022-12-01,497.0
DST:FIKS22:BRANCHE07=Q:BELØB=0:SÆSON=EJSÆSON,2023-01-01,327.0
DST:FIKS22:BRANCHE07=Q:BELØB=0:SÆSON=EJSÆSON,2023-02-01,196.0
DST:FIKS22:BRANCHE07=Q:BELØB=0:SÆSON=EJSÆSON,2023-03-01,223.0
DST:FIKS22:BRANCHE07=Q:BELØB=0:SÆSON=EJSÆSON,2023-04-01,206.0
DST:FIKS22:BRANCHE07=Q:BELØB=0:SÆSON=EJSÆSON,2023-05-01,221.0
DST:FIKS22:BRANCHE07=Q:BELØB=0:SÆSON=EJSÆSON,2023-06-01,403.0
DST:FIKS22:BRANCHE07=Q:BELØB=0:SÆSON=EJSÆSON,2023-07-01,206.0
DST:FIKS22:BRANCHE07=Q:BELØB=0:SÆSON=EJSÆSON,2023-08-01,259.0
DST:FIKS22:BRANCHE07=Q:BELØB=0:SÆSON=EJSÆSON,2023-09-01,261.0
DST:FIKS22:BRANCHE07=Q:BELØB=0:SÆSON=EJSÆSON,2023-10-01,251.0
DST:FIKS22:BRANCHE07=Q:BELØB=0:SÆSON=EJSÆSON,2023-11-01,276.0
DST:FIKS22:BRANCHE07=Q:BELØB=0:SÆSON=EJSÆSON,2023-12-01,310.0
DST:FIKS22:BRANCHE07=Q:BELØB=0:SÆSON=EJSÆSON,2024-01-01,190.0
DST:FIKS22:BRANCHE07=Q:BELØB=0:SÆSON=EJSÆSON,2024-02-01,205.0
DST:FIKS22:BRANCHE07=Q:BELØB=0:SÆSON=EJSÆSON,2024-03-01,209.0
DST:FIKS22:BRANCHE07=Q:BELØB=0:SÆSON=EJSÆSON,2024-04-01,210.0
DST:FIKS22:BRANCHE07=Q:BELØB=0:SÆSON=EJSÆSON,2024-05-01,218.0
DST:FIKS22:BRANCHE07=Q:BELØB=0:SÆSON=EJSÆSON,2024-06-01,362.0
DST:FIKS22:BRANCHE07=Q:BELØB=0:SÆSON=EJSÆSON,2024-07-01,249.0
DST:FIKS22:BRANCHE07=Q:BELØB=0:SÆSON=EJSÆSON,2024-08-01,179.0
DST:FIKS22:BRANCHE07=Q:BELØB=0:SÆSON=EJSÆSON,2024-09-01,293.0
DST:FIKS22:BRANCHE07=Q:BELØB=0:SÆSON=EJSÆSON,2024-10-01,220.0
DST:FIKS22:BRANCHE07=Q:BELØB=0:SÆSON=EJSÆSON,2024-11-01,225.0
DST:FIKS22:BRANCHE07=Q:BELØB=0:SÆSON=EJSÆSON,2024-12-01,492.0
DST:FIKS22:BRANCHE07=Q:BELØB=0:SÆSON=EJSÆSON,2025-01-01,248.0
DST:FIKS22:BRANCHE07=Q:BELØB=0:SÆSON=EJSÆSON,2025-02-01,161.0
DST:FIKS22:BRANCHE07=Q:BELØB=0:SÆSON=EJSÆSON,2025-03-01,212.0
DST:FIKS22:BRANCHE07=Q:BELØB=0:SÆSON=EJSÆSON,2025-04-01,240.0
DST:FIKS22:BRANCHE07=Q:BELØB=0:SÆSON=EJSÆSON,2025-05-01,208.0
DST:FIKS22:BRANCHE07=Q:BELØB=0:SÆSON=EJSÆSON,2025-06-01,251.0
DST:FIKS22:BRANCHE07=Q:BELØB=0:SÆSON=EJSÆSON,2025-07-01,227.0
DST:FIKS22:BRANCHE07=Q:BELØB=0:SÆSON=EJSÆSON,2025-08-01,269.0
DST:FIKS22:BRANCHE07=Q:BELØB=0:SÆSON=EJSÆSON,2025-09-01,233.0
DST:FIKS22:BRANCHE07=Q:BELØB=0:SÆSON=EJSÆSON,2025-10-01,247.0
DST:FIKS22:BRANCHE07=Q:BELØB=0:SÆSON=EJSÆSON,2025-11-01,348.0
DST:FIKS22:BRANCHE07=Q:BELØB=0:SÆSON=EJSÆSON,2025-12-01,355.0
DST:FIKS22:BRANCHE07=Q:BELØB=0:SÆSON=EJSÆSON,2026-01-01,200.0
DST:FIKS22:BRANCHE07=Q:BELØB=0:SÆSON=EJSÆSON,2026-02-01,235.0
DST:FIKS22:BRANCHE07=Q:BELØB=0:SÆSON=EJSÆSON,2026-03-01,231.0
DST:FIKS22:BRANCHE07=Q:BELØB=0:SÆSON=SÆSON,2009-01-01,116.0
DST:FIKS22:BRANCHE07=Q:BELØB=0:SÆSON=SÆSON,2009-02-01,110.0
DST:FIKS22:BRANCHE07=Q:BELØB=0:SÆSON=SÆSON,2009-03-01,112.0
DST:FIKS22:BRANCHE07=Q:BELØB=0:SÆSON=SÆSON,2009-04-01,110.0
DST:FIKS22:BRANCHE07=Q:BELØB=0:SÆSON=SÆSON,2009-05-01,112.0
DST:FIKS22:BRANCHE07=Q:BELØB=0:SÆSON=SÆSON,2009-06-01,114.0
DST:FIKS22:BRANCHE07=Q:BELØB=0:SÆSON=SÆSON,2009-07-01,117.0
DST:FIKS22:BRANCHE07=Q:BELØB=0:SÆSON=SÆSON,2009-08-01,118.0
DST:FIKS22:BRANCHE07=Q:BELØB=0:SÆSON=SÆSON,2009-09-01,128.0
DST:FIKS22:BRANCHE07=Q:BELØB=0:SÆSON=SÆSON,2009-10-01,121.0
DST:FIKS22:BRANCHE07=Q:BELØB=0:SÆSON=SÆSON,2009-11-01,118.0
DST:FIKS22:BRANCHE07=Q:BELØB=0:SÆSON=SÆSON,2009-12-01,127.0
DST:FIKS22:BRANCHE07=Q:BELØB=0:SÆSON=SÆSON,2010-01-01,110.0
DST:FIKS22:BRANCHE07=Q:BELØB=0:SÆSON=SÆSON,2010-02-01,123.0
DST:FIKS22:BRANCHE07=Q:BELØB=0:SÆSON=SÆSON,2010-03-01,121.0
DST:FIKS22:BRANCHE07=Q:BELØB=0:SÆSON=SÆSON,2010-04-01,127.0
DST:FIKS22:BRANCHE07=Q:BELØB=0:SÆSON=SÆSON,2010-05-01,109.0
DST:FIKS22:BRANCHE07=Q:BELØB=0:SÆSON=SÆSON,2010-06-01,126.0
DST:FIKS22:BRANCHE07=Q:BELØB=0:SÆSON=SÆSON,2010-07-01,115.0
DST:FIKS22:BRANCHE07=Q:BELØB=0:SÆSON=SÆSON,2010-08-01,113.0
DST:FIKS22:BRANCHE07=Q:BELØB=0:SÆSON=SÆSON,2010-09-01,111.0
DST:FIKS22:BRANCHE07=Q:BELØB=0:SÆSON=SÆSON,2010-10-01,110.0
DST:FIKS22:BRANCHE07=Q:BELØB=0:SÆSON=SÆSON,2010-11-01,144.0
DST:FIKS22:BRANCHE07=Q:BELØB=0:SÆSON=SÆSON,2010-12-01,120.0
DST:FIKS22:BRANCHE07=Q:BELØB=0:SÆSON=SÆSON,2011-01-01,90.0
DST:FIKS22:BRANCHE07=Q:BELØB=0:SÆSON=SÆSON,2011-02-01,124.0
DST:FIKS22:BRANCHE07=Q:BELØB=0:SÆSON=SÆSON,2011-03-01,166.0
DST:FIKS22:BRANCHE07=Q:BELØB=0:SÆSON=SÆSON,2011-04-01,111.0
DST:FIKS22:BRANCHE07=Q:BELØB=0:SÆSON=SÆSON,2011-05-01,141.0
DST:FIKS22:BRANCHE07=Q:BELØB=0:SÆSON=SÆSON,2011-06-01,126.0
DST:FIKS22:BRANCHE07=Q:BELØB=0:SÆSON=SÆSON,2011-07-01,91.0
DST:FIKS22:BRANCHE07=Q:BELØB=0:SÆSON=SÆSON,2011-08-01,130.0
DST:FIKS22:BRANCHE07=Q:BELØB=0:SÆSON=SÆSON,2011-09-01,131.0
DST:FIKS22:BRANCHE07=Q:BELØB=0:SÆSON=SÆSON,2011-10-01,125.0
DST:FIKS22:BRANCHE07=Q:BELØB=0:SÆSON=SÆSON,2011-11-01,121.0
DST:FIKS22:BRANCHE07=Q:BELØB=0:SÆSON=SÆSON,2011-12-01,131.0
DST:FIKS22:BRANCHE07=Q:BELØB=0:SÆSON=SÆSON,2012-01-01,134.0
DST:FIKS22:BRANCHE07=Q:BELØB=0:SÆSON=SÆSON,2012-02-01,150.0
DST:FIKS22:BRANCHE07=Q:BELØB=0:SÆSON=SÆSON,2012-03-01,129.0
DST:FIKS22:BRANCHE07=Q:BELØB=0:SÆSON=SÆSON,2012-04-01,136.0
DST:FIKS22:BRANCHE07=Q:BELØB=0:SÆSON=SÆSON,2012-05-01,125.0
DST:FIKS22:BRANCHE07=Q:BELØB=0:SÆSON=SÆSON,2012-06-01,126.0
DST:FIKS22:BRANCHE07=Q:BELØB=0:SÆSON=SÆSON,2012-07-01,157.0
DST:FIKS22:BRANCHE07=Q:BELØB=0:SÆSON=SÆSON,2012-08-01,134.0
DST:FIKS22:BRANCHE07=Q:BELØB=0:SÆSON=SÆSON,2012-09-01,130.0
DST:FIKS22:BRANCHE07=Q:BELØB=0:SÆSON=SÆSON,2012-10-01,143.0
DST:FIKS22:BRANCHE07=Q:BELØB=0:SÆSON=SÆSON,2012-11-01,138.0
DST:FIKS22:BRANCHE07=Q:BELØB=0:SÆSON=SÆSON,2012-12-01,113.0
DST:FIKS22:BRANCHE07=Q:BELØB=0:SÆSON=SÆSON,2013-01-01,118.0
DST:FIKS22:BRANCHE07=Q:BELØB=0:SÆSON=SÆSON,2013-02-01,117.0
DST:FIKS22:BRANCHE07=Q:BELØB=0:SÆSON=SÆSON,2013-03-01,127.0
DST:FIKS22:BRANCHE07=Q:BELØB=0:SÆSON=SÆSON,2013-04-01,116.0
DST:FIKS22:BRANCHE07=Q:BELØB=0:SÆSON=SÆSON,2013-05-01,133.0
DST:FIKS22:BRANCHE07=Q:BELØB=0:SÆSON=SÆSON,2013-06-01,116.0
DST:FIKS22:BRANCHE07=Q:BELØB=0:SÆSON=SÆSON,2013-07-01,120.0
DST:FIKS22:BRANCHE07=Q:BELØB=0:SÆSON=SÆSON,2013-08-01,134.0
DST:FIKS22:BRANCHE07=Q:BELØB=0:SÆSON=SÆSON,2013-09-01,125.0
DST:FIKS22:BRANCHE07=Q:BELØB=0:SÆSON=SÆSON,2013-10-01,131.0
DST:FIKS22:BRANCHE07=Q:BELØB=0:SÆSON=SÆSON,2013-11-01,121.0
DST:FIKS22:BRANCHE07=Q:BELØB=0:SÆSON=SÆSON,2013-12-01,117.0
DST:FIKS22:BRANCHE07=Q:BELØB=0:SÆSON=SÆSON,2014-01-01,138.0
DST:FIKS22:BRANCHE07=Q:BELØB=0:SÆSON=SÆSON,2014-02-01,116.0
DST:FIKS22:BRANCHE07=Q:BELØB=0:SÆSON=SÆSON,2014-03-01,127.0
DST:FIKS22:BRANCHE07=Q:BELØB=0:SÆSON=SÆSON,2014-04-01,147.0
DST:FIKS22:BRANCHE07=Q:BELØB=0:SÆSON=SÆSON,2014-05-01,131.0
DST:FIKS22:BRANCHE07=Q:BELØB=0:SÆSON=SÆSON,2014-06-01,132.0
DST:FIKS22:BRANCHE07=Q:BELØB=0:SÆSON=SÆSON,2014-07-01,150.0
DST:FIKS22:BRANCHE07=Q:BELØB=0:SÆSON=SÆSON,2014-08-01,187.0
DST:FIKS22:BRANCHE07=Q:BELØB=0:SÆSON=SÆSON,2014-09-01,118.0
DST:FIKS22:BRANCHE07=Q:BELØB=0:SÆSON=SÆSON,2014-10-01,88.0
DST:FIKS22:BRANCHE07=Q:BELØB=0:SÆSON=SÆSON,2014-11-01,121.0
DST:FIKS22:BRANCHE07=Q:BELØB=0:SÆSON=SÆSON,2014-12-01,156.0
DST:FIKS22:BRANCHE07=Q:BELØB=0:SÆSON=SÆSON,2015-01-01,137.0
DST:FIKS22:BRANCHE07=Q:BELØB=0:SÆSON=SÆSON,2015-02-01,125.0
DST:FIKS22:BRANCHE07=Q:BELØB=0:SÆSON=SÆSON,2015-03-01,157.0
DST:FIKS22:BRANCHE07=Q:BELØB=0:SÆSON=SÆSON,2015-04-01,116.0
DST:FIKS22:BRANCHE07=Q:BELØB=0:SÆSON=SÆSON,2015-05-01,155.0
DST:FIKS22:BRANCHE07=Q:BELØB=0:SÆSON=SÆSON,2015-06-01,132.0
DST:FIKS22:BRANCHE07=Q:BELØB=0:SÆSON=SÆSON,2015-07-01,143.0
DST:FIKS22:BRANCHE07=Q:BELØB=0:SÆSON=SÆSON,2015-08-01,130.0
DST:FIKS22:BRANCHE07=Q:BELØB=0:SÆSON=SÆSON,2015-09-01,151.0
DST:FIKS22:BRANCHE07=Q:BELØB=0:SÆSON=SÆSON,2015-10-01,138.0
DST:FIKS22:BRANCHE07=Q:BELØB=0:SÆSON=SÆSON,2015-11-01,154.0
DST:FIKS22:BRANCHE07=Q:BELØB=0:SÆSON=SÆSON,2015-12-01,161.0
DST:FIKS22:BRANCHE07=Q:BELØB=0:SÆSON=SÆSON,2016-01-01,158.0
DST:FIKS22:BRANCHE07=Q:BELØB=0:SÆSON=SÆSON,2016-02-01,145.0
DST:FIKS22:BRANCHE07=Q:BELØB=0:SÆSON=SÆSON,2016-03-01,132.0
DST:FIKS22:BRANCHE07=Q:BELØB=0:SÆSON=SÆSON,2016-04-01,149.0
DST:FIKS22:BRANCHE07=Q:BELØB=0:SÆSON=SÆSON,2016-05-01,144.0
DST:FIKS22:BRANCHE07=Q:BELØB=0:SÆSON=SÆSON,2016-06-01,179.0
DST:FIKS22:BRANCHE07=Q:BELØB=0:SÆSON=SÆSON,2016-07-01,122.0
DST:FIKS22:BRANCHE07=Q:BELØB=0:SÆSON=SÆSON,2016-08-01,149.0
DST:FIKS22:BRANCHE07=Q:BELØB=0:SÆSON=SÆSON,2016-09-01,194.0
DST:FIKS22:BRANCHE07=Q:BELØB=0:SÆSON=SÆSON,2016-10-01,139.0
DST:FIKS22:BRANCHE07=Q:BELØB=0:SÆSON=SÆSON,2016-11-01,142.0
DST:FIKS22:BRANCHE07=Q:BELØB=0:SÆSON=SÆSON,2016-12-01,138.0
DST:FIKS22:BRANCHE07=Q:BELØB=0:SÆSON=SÆSON,2017-01-01,159.0
DST:FIKS22:BRANCHE07=Q:BELØB=0:SÆSON=SÆSON,2017-02-01,160.0
DST:FIKS22:BRANCHE07=Q:BELØB=0:SÆSON=SÆSON,2017-03-01,155.0
DST:FIKS22:BRANCHE07=Q:BELØB=0:SÆSON=SÆSON,2017-04-01,146.0
DST:FIKS22:BRANCHE07=Q:BELØB=0:SÆSON=SÆSON,2017-05-01,145.0
DST:FIKS22:BRANCHE07=Q:BELØB=0:SÆSON=SÆSON,2017-06-01,213.0
DST:FIKS22:BRANCHE07=Q:BELØB=0:SÆSON=SÆSON,2017-07-01,142.0
DST:FIKS22:BRANCHE07=Q:BELØB=0:SÆSON=SÆSON,2017-08-01,162.0
DST:FIKS22:BRANCHE07=Q:BELØB=0:SÆSON=SÆSON,2017-09-01,176.0
DST:FIKS22:BRANCHE07=Q:BELØB=0:SÆSON=SÆSON,2017-10-01,168.0
DST:FIKS22:BRANCHE07=Q:BELØB=0:SÆSON=SÆSON,2017-11-01,219.0
DST:FIKS22:BRANCHE07=Q:BELØB=0:SÆSON=SÆSON,2017-12-01,165.0
DST:FIKS22:BRANCHE07=Q:BELØB=0:SÆSON=SÆSON,2018-01-01,149.0
DST:FIKS22:BRANCHE07=Q:BELØB=0:SÆSON=SÆSON,2018-02-01,228.0
DST:FIKS22:BRANCHE07=Q:BELØB=0:SÆSON=SÆSON,2018-03-01,162.0
DST:FIKS22:BRANCHE07=Q:BELØB=0:SÆSON=SÆSON,2018-04-01,194.0
DST:FIKS22:BRANCHE07=Q:BELØB=0:SÆSON=SÆSON,2018-05-01,157.0
DST:FIKS22:BRANCHE07=Q:BELØB=0:SÆSON=SÆSON,2018-06-01,201.0
DST:FIKS22:BRANCHE07=Q:BELØB=0:SÆSON=SÆSON,2018-07-01,219.0
DST:FIKS22:BRANCHE07=Q:BELØB=0:SÆSON=SÆSON,2018-08-01,188.0
DST:FIKS22:BRANCHE07=Q:BELØB=0:SÆSON=SÆSON,2018-09-01,181.0
DST:FIKS22:BRANCHE07=Q:BELØB=0:SÆSON=SÆSON,2018-10-01,204.0
DST:FIKS22:BRANCHE07=Q:BELØB=0:SÆSON=SÆSON,2018-11-01,205.0
DST:FIKS22:BRANCHE07=Q:BELØB=0:SÆSON=SÆSON,2018-12-01,181.0
DST:FIKS22:BRANCHE07=Q:BELØB=0:SÆSON=SÆSON,2019-01-01,279.0
DST:FIKS22:BRANCHE07=Q:BELØB=0:SÆSON=SÆSON,2019-02-01,308.0
DST:FIKS22:BRANCHE07=Q:BELØB=0:SÆSON=SÆSON,2019-03-01,-94.0
DST:FIKS22:BRANCHE07=Q:BELØB=0:SÆSON=SÆSON,2019-04-01,141.0
DST:FIKS22:BRANCHE07=Q:BELØB=0:SÆSON=SÆSON,2019-05-01,246.0
DST:FIKS22:BRANCHE07=Q:BELØB=0:SÆSON=SÆSON,2019-06-01,188.0
DST:FIKS22:BRANCHE07=Q:BELØB=0:SÆSON=SÆSON,2019-07-01,223.0
DST:FIKS22:BRANCHE07=Q:BELØB=0:SÆSON=SÆSON,2019-08-01,185.0
DST:FIKS22:BRANCHE07=Q:BELØB=0:SÆSON=SÆSON,2019-09-01,169.0
DST:FIKS22:BRANCHE07=Q:BELØB=0:SÆSON=SÆSON,2019-10-01,171.0
DST:FIKS22:BRANCHE07=Q:BELØB=0:SÆSON=SÆSON,2019-11-01,156.0
DST:FIKS22:BRANCHE07=Q:BELØB=0:SÆSON=SÆSON,2019-12-01,218.0
DST:FIKS22:BRANCHE07=Q:BELØB=0:SÆSON=SÆSON,2020-01-01,166.0
DST:FIKS22:BRANCHE07=Q:BELØB=0:SÆSON=SÆSON,2020-02-01,183.0
DST:FIKS22:BRANCHE07=Q:BELØB=0:SÆSON=SÆSON,2020-03-01,170.0
DST:FIKS22:BRANCHE07=Q:BELØB=0:SÆSON=SÆSON,2020-04-01,176.0
DST:FIKS22:BRANCHE07=Q:BELØB=0:SÆSON=SÆSON,2020-05-01,160.0
DST:FIKS22:BRANCHE07=Q:BELØB=0:SÆSON=SÆSON,2020-06-01,136.0
DST:FIKS22:BRANCHE07=Q:BELØB=0:SÆSON=SÆSON,2020-07-01,144.0
DST:FIKS22:BRANCHE07=Q:BELØB=0:SÆSON=SÆSON,2020-08-01,183.0
DST:FIKS22:BRANCHE07=Q:BELØB=0:SÆSON=SÆSON,2020-09-01,172.0
DST:FIKS22:BRANCHE07=Q:BELØB=0:SÆSON=SÆSON,2020-10-01,165.0
DST:FIKS22:BRANCHE07=Q:BELØB=0:SÆSON=SÆSON,2020-11-01,169.0
DST:FIKS22:BRANCHE07=Q:BELØB=0:SÆSON=SÆSON,2020-12-01,194.0
DST:FIKS22:BRANCHE07=Q:BELØB=0:SÆSON=SÆSON,2021-01-01,199.0
DST:FIKS22:BRANCHE07=Q:BELØB=0:SÆSON=SÆSON,2021-02-01,183.0
DST:FIKS22:BRANCHE07=Q:BELØB=0:SÆSON=SÆSON,2021-03-01,189.0
DST:FIKS22:BRANCHE07=Q:BELØB=0:SÆSON=SÆSON,2021-04-01,206.0
DST:FIKS22:BRANCHE07=Q:BELØB=0:SÆSON=SÆSON,2021-05-01,219.0
DST:FIKS22:BRANCHE07=Q:BELØB=0:SÆSON=SÆSON,2021-06-01,200.0
DST:FIKS22:BRANCHE07=Q:BELØB=0:SÆSON=SÆSON,2021-07-01,216.0
DST:FIKS22:BRANCHE07=Q:BELØB=0:SÆSON=SÆSON,2021-08-01,179.0
DST:FIKS22:BRANCHE07=Q:BELØB=0:SÆSON=SÆSON,2021-09-01,223.0
DST:FIKS22:BRANCHE07=Q:BELØB=0:SÆSON=SÆSON,2021-10-01,267.0
DST:FIKS22:BRANCHE07=Q:BELØB=0:SÆSON=SÆSON,2021-11-01,275.0
DST:FIKS22:BRANCHE07=Q:BELØB=0:SÆSON=SÆSON,2021-12-01,93.0
DST:FIKS22:BRANCHE07=Q:BELØB=0:SÆSON=SÆSON,2022-01-01,279.0
DST:FIKS22:BRANCHE07=Q:BELØB=0:SÆSON=SÆSON,2022-02-01,207.0
DST:FIKS22:BRANCHE07=Q:BELØB=0:SÆSON=SÆSON,2022-03-01,276.0
DST:FIKS22:BRANCHE07=Q:BELØB=0:SÆSON=SÆSON,2022-04-01,262.0
DST:FIKS22:BRANCHE07=Q:BELØB=0:SÆSON=SÆSON,2022-05-01,206.0
DST:FIKS22:BRANCHE07=Q:BELØB=0:SÆSON=SÆSON,2022-06-01,219.0
DST:FIKS22:BRANCHE07=Q:BELØB=0:SÆSON=SÆSON,2022-07-01,199.0
DST:FIKS22:BRANCHE07=Q:BELØB=0:SÆSON=SÆSON,2022-08-01,220.0
DST:FIKS22:BRANCHE07=Q:BELØB=0:SÆSON=SÆSON,2022-09-01,237.0
DST:FIKS22:BRANCHE07=Q:BELØB=0:SÆSON=SÆSON,2022-10-01,200.0
DST:FIKS22:BRANCHE07=Q:BELØB=0:SÆSON=SÆSON,2022-11-01,179.0
DST:FIKS22:BRANCHE07=Q:BELØB=0:SÆSON=SÆSON,2022-12-01,418.0
DST:FIKS22:BRANCHE07=Q:BELØB=0:SÆSON=SÆSON,2023-01-01,310.0
DST:FIKS22:BRANCHE07=Q:BELØB=0:SÆSON=SÆSON,2023-02-01,254.0
DST:FIKS22:BRANCHE07=Q:BELØB=0:SÆSON=SÆSON,2023-03-01,244.0
DST:FIKS22:BRANCHE07=Q:BELØB=0:SÆSON=SÆSON,2023-04-01,215.0
DST:FIKS22:BRANCHE07=Q:BELØB=0:SÆSON=SÆSON,2023-05-01,251.0
DST:FIKS22:BRANCHE07=Q:BELØB=0:SÆSON=SÆSON,2023-06-01,387.0
DST:FIKS22:BRANCHE07=Q:BELØB=0:SÆSON=SÆSON,2023-07-01,225.0
DST:FIKS22:BRANCHE07=Q:BELØB=0:SÆSON=SÆSON,2023-08-01,258.0
DST:FIKS22:BRANCHE07=Q:BELØB=0:SÆSON=SÆSON,2023-09-01,246.0
DST:FIKS22:BRANCHE07=Q:BELØB=0:SÆSON=SÆSON,2023-10-01,253.0
DST:FIKS22:BRANCHE07=Q:BELØB=0:SÆSON=SÆSON,2023-11-01,264.0
DST:FIKS22:BRANCHE07=Q:BELØB=0:SÆSON=SÆSON,2023-12-01,229.0
DST:FIKS22:BRANCHE07=Q:BELØB=0:SÆSON=SÆSON,2024-01-01,177.0
DST:FIKS22:BRANCHE07=Q:BELØB=0:SÆSON=SÆSON,2024-02-01,262.0
DST:FIKS22:BRANCHE07=Q:BELØB=0:SÆSON=SÆSON,2024-03-01,233.0
DST:FIKS22:BRANCHE07=Q:BELØB=0:SÆSON=SÆSON,2024-04-01,224.0
DST:FIKS22:BRANCHE07=Q:BELØB=0:SÆSON=SÆSON,2024-05-01,246.0
DST:FIKS22:BRANCHE07=Q:BELØB=0:SÆSON=SÆSON,2024-06-01,341.0
DST:FIKS22:BRANCHE07=Q:BELØB=0:SÆSON=SÆSON,2024-07-01,266.0
DST:FIKS22:BRANCHE07=Q:BELØB=0:SÆSON=SÆSON,2024-08-01,173.0
DST:FIKS22:BRANCHE07=Q:BELØB=0:SÆSON=SÆSON,2024-09-01,279.0
DST:FIKS22:BRANCHE07=Q:BELØB=0:SÆSON=SÆSON,2024-10-01,224.0
DST:FIKS22:BRANCHE07=Q:BELØB=0:SÆSON=SÆSON,2024-11-01,211.0
DST:FIKS22:BRANCHE07=Q:BELØB=0:SÆSON=SÆSON,2024-12-01,409.0
DST:FIKS22:BRANCHE07=Q:BELØB=0:SÆSON=SÆSON,2025-01-01,244.0
DST:FIKS22:BRANCHE07=Q:BELØB=0:SÆSON=SÆSON,2025-02-01,213.0
DST:FIKS22:BRANCHE07=Q:BELØB=0:SÆSON=SÆSON,2025-03-01,238.0
DST:FIKS22:BRANCHE07=Q:BELØB=0:SÆSON=SÆSON,2025-04-01,258.0
DST:FIKS22:BRANCHE07=Q:BELØB=0:SÆSON=SÆSON,2025-05-01,237.0
DST:FIKS22:BRANCHE07=Q:BELØB=0:SÆSON=SÆSON,2025-06-01,227.0
DST:FIKS22:BRANCHE07=Q:BELØB=0:SÆSON=SÆSON,2025-07-01,241.0
DST:FIKS22:BRANCHE07=Q:BELØB=0:SÆSON=SÆSON,2025-08-01,262.0
DST:FIKS22:BRANCHE07=Q:BELØB=0:SÆSON=SÆSON,2025-09-01,219.0
DST:FIKS22:BRANCHE07=Q:BELØB=0:SÆSON=SÆSON,2025-10-01,253.0
DST:FIKS22:BRANCHE07=Q:BELØB=0:SÆSON=SÆSON,2025-11-01,335.0
DST:FIKS22:BRANCHE07=Q:BELØB=0:SÆSON=SÆSON,2025-12-01,269.0
DST:FIKS22:BRANCHE07=Q:BELØB=0:SÆSON=SÆSON,2026-01-01,202.0
DST:FIKS22:BRANCHE07=Q:BELØB=0:SÆSON=SÆSON,2026-02-01,283.0
DST:FIKS22:BRANCHE07=Q:BELØB=0:SÆSON=SÆSON,2026-03-01,259.0
DST:FIKS22:BRANCHE07=Q:BELØB=1:SÆSON=EJSÆSON,2009-01-01,311.0
DST:FIKS22:BRANCHE07=Q:BELØB=1:SÆSON=EJSÆSON,2009-02-01,277.0
DST:FIKS22:BRANCHE07=Q:BELØB=1:SÆSON=EJSÆSON,2009-03-01,335.0
DST:FIKS22:BRANCHE07=Q:BELØB=1:SÆSON=EJSÆSON,2009-04-01,264.0
DST:FIKS22:BRANCHE07=Q:BELØB=1:SÆSON=EJSÆSON,2009-05-01,309.0
DST:FIKS22:BRANCHE07=Q:BELØB=1:SÆSON=EJSÆSON,2009-06-01,340.0
DST:FIKS22:BRANCHE07=Q:BELØB=1:SÆSON=EJSÆSON,2009-07-01,330.0
DST:FIKS22:BRANCHE07=Q:BELØB=1:SÆSON=EJSÆSON,2009-08-01,299.0
DST:FIKS22:BRANCHE07=Q:BELØB=1:SÆSON=EJSÆSON,2009-09-01,325.0
DST:FIKS22:BRANCHE07=Q:BELØB=1:SÆSON=EJSÆSON,2009-10-01,355.0
DST:FIKS22:BRANCHE07=Q:BELØB=1:SÆSON=EJSÆSON,2009-11-01,396.0
DST:FIKS22:BRANCHE07=Q:BELØB=1:SÆSON=EJSÆSON,2009-12-01,343.0
DST:FIKS22:BRANCHE07=Q:BELØB=1:SÆSON=EJSÆSON,2010-01-01,284.0
DST:FIKS22:BRANCHE07=Q:BELØB=1:SÆSON=EJSÆSON,2010-02-01,357.0
DST:FIKS22:BRANCHE07=Q:BELØB=1:SÆSON=EJSÆSON,2010-03-01,342.0
DST:FIKS22:BRANCHE07=Q:BELØB=1:SÆSON=EJSÆSON,2010-04-01,362.0
DST:FIKS22:BRANCHE07=Q:BELØB=1:SÆSON=EJSÆSON,2010-05-01,376.0
DST:FIKS22:BRANCHE07=Q:BELØB=1:SÆSON=EJSÆSON,2010-06-01,399.0
DST:FIKS22:BRANCHE07=Q:BELØB=1:SÆSON=EJSÆSON,2010-07-01,381.0
DST:FIKS22:BRANCHE07=Q:BELØB=1:SÆSON=EJSÆSON,2010-08-01,302.0
DST:FIKS22:BRANCHE07=Q:BELØB=1:SÆSON=EJSÆSON,2010-09-01,359.0
DST:FIKS22:BRANCHE07=Q:BELØB=1:SÆSON=EJSÆSON,2010-10-01,406.0
DST:FIKS22:BRANCHE07=Q:BELØB=1:SÆSON=EJSÆSON,2010-11-01,396.0
DST:FIKS22:BRANCHE07=Q:BELØB=1:SÆSON=EJSÆSON,2010-12-01,411.0
DST:FIKS22:BRANCHE07=Q:BELØB=1:SÆSON=EJSÆSON,2011-01-01,337.0
DST:FIKS22:BRANCHE07=Q:BELØB=1:SÆSON=EJSÆSON,2011-02-01,361.0
DST:FIKS22:BRANCHE07=Q:BELØB=1:SÆSON=EJSÆSON,2011-03-01,358.0
DST:FIKS22:BRANCHE07=Q:BELØB=1:SÆSON=EJSÆSON,2011-04-01,343.0
DST:FIKS22:BRANCHE07=Q:BELØB=1:SÆSON=EJSÆSON,2011-05-01,366.0
DST:FIKS22:BRANCHE07=Q:BELØB=1:SÆSON=EJSÆSON,2011-06-01,402.0
DST:FIKS22:BRANCHE07=Q:BELØB=1:SÆSON=EJSÆSON,2011-07-01,388.0
DST:FIKS22:BRANCHE07=Q:BELØB=1:SÆSON=EJSÆSON,2011-08-01,366.0
DST:FIKS22:BRANCHE07=Q:BELØB=1:SÆSON=EJSÆSON,2011-09-01,356.0
DST:FIKS22:BRANCHE07=Q:BELØB=1:SÆSON=EJSÆSON,2011-10-01,395.0
DST:FIKS22:BRANCHE07=Q:BELØB=1:SÆSON=EJSÆSON,2011-11-01,423.0
DST:FIKS22:BRANCHE07=Q:BELØB=1:SÆSON=EJSÆSON,2011-12-01,419.0
DST:FIKS22:BRANCHE07=Q:BELØB=1:SÆSON=EJSÆSON,2012-01-01,387.0
DST:FIKS22:BRANCHE07=Q:BELØB=1:SÆSON=EJSÆSON,2012-02-01,379.0
DST:FIKS22:BRANCHE07=Q:BELØB=1:SÆSON=EJSÆSON,2012-03-01,379.0
DST:FIKS22:BRANCHE07=Q:BELØB=1:SÆSON=EJSÆSON,2012-04-01,423.0
DST:FIKS22:BRANCHE07=Q:BELØB=1:SÆSON=EJSÆSON,2012-05-01,354.0
DST:FIKS22:BRANCHE07=Q:BELØB=1:SÆSON=EJSÆSON,2012-06-01,397.0
DST:FIKS22:BRANCHE07=Q:BELØB=1:SÆSON=EJSÆSON,2012-07-01,427.0
DST:FIKS22:BRANCHE07=Q:BELØB=1:SÆSON=EJSÆSON,2012-08-01,352.0
DST:FIKS22:BRANCHE07=Q:BELØB=1:SÆSON=EJSÆSON,2012-09-01,423.0
DST:FIKS22:BRANCHE07=Q:BELØB=1:SÆSON=EJSÆSON,2012-10-01,412.0
DST:FIKS22:BRANCHE07=Q:BELØB=1:SÆSON=EJSÆSON,2012-11-01,457.0
DST:FIKS22:BRANCHE07=Q:BELØB=1:SÆSON=EJSÆSON,2012-12-01,419.0
DST:FIKS22:BRANCHE07=Q:BELØB=1:SÆSON=EJSÆSON,2013-01-01,384.0
DST:FIKS22:BRANCHE07=Q:BELØB=1:SÆSON=EJSÆSON,2013-02-01,333.0
DST:FIKS22:BRANCHE07=Q:BELØB=1:SÆSON=EJSÆSON,2013-03-01,349.0
DST:FIKS22:BRANCHE07=Q:BELØB=1:SÆSON=EJSÆSON,2013-04-01,378.0
DST:FIKS22:BRANCHE07=Q:BELØB=1:SÆSON=EJSÆSON,2013-05-01,387.0
DST:FIKS22:BRANCHE07=Q:BELØB=1:SÆSON=EJSÆSON,2013-06-01,436.0
DST:FIKS22:BRANCHE07=Q:BELØB=1:SÆSON=EJSÆSON,2013-07-01,425.0
DST:FIKS22:BRANCHE07=Q:BELØB=1:SÆSON=EJSÆSON,2013-08-01,352.0
DST:FIKS22:BRANCHE07=Q:BELØB=1:SÆSON=EJSÆSON,2013-09-01,379.0
DST:FIKS22:BRANCHE07=Q:BELØB=1:SÆSON=EJSÆSON,2013-10-01,443.0
DST:FIKS22:BRANCHE07=Q:BELØB=1:SÆSON=EJSÆSON,2013-11-01,422.0
DST:FIKS22:BRANCHE07=Q:BELØB=1:SÆSON=EJSÆSON,2013-12-01,517.0
DST:FIKS22:BRANCHE07=Q:BELØB=1:SÆSON=EJSÆSON,2014-01-01,406.0
DST:FIKS22:BRANCHE07=Q:BELØB=1:SÆSON=EJSÆSON,2014-02-01,368.0
DST:FIKS22:BRANCHE07=Q:BELØB=1:SÆSON=EJSÆSON,2014-03-01,386.0
DST:FIKS22:BRANCHE07=Q:BELØB=1:SÆSON=EJSÆSON,2014-04-01,423.0
DST:FIKS22:BRANCHE07=Q:BELØB=1:SÆSON=EJSÆSON,2014-05-01,415.0
DST:FIKS22:BRANCHE07=Q:BELØB=1:SÆSON=EJSÆSON,2014-06-01,464.0
DST:FIKS22:BRANCHE07=Q:BELØB=1:SÆSON=EJSÆSON,2014-07-01,449.0
DST:FIKS22:BRANCHE07=Q:BELØB=1:SÆSON=EJSÆSON,2014-08-01,360.0
DST:FIKS22:BRANCHE07=Q:BELØB=1:SÆSON=EJSÆSON,2014-09-01,517.0
DST:FIKS22:BRANCHE07=Q:BELØB=1:SÆSON=EJSÆSON,2014-10-01,485.0
DST:FIKS22:BRANCHE07=Q:BELØB=1:SÆSON=EJSÆSON,2014-11-01,449.0
DST:FIKS22:BRANCHE07=Q:BELØB=1:SÆSON=EJSÆSON,2014-12-01,494.0
DST:FIKS22:BRANCHE07=Q:BELØB=1:SÆSON=EJSÆSON,2015-01-01,469.0
DST:FIKS22:BRANCHE07=Q:BELØB=1:SÆSON=EJSÆSON,2015-02-01,376.0
DST:FIKS22:BRANCHE07=Q:BELØB=1:SÆSON=EJSÆSON,2015-03-01,412.0
DST:FIKS22:BRANCHE07=Q:BELØB=1:SÆSON=EJSÆSON,2015-04-01,405.0
DST:FIKS22:BRANCHE07=Q:BELØB=1:SÆSON=EJSÆSON,2015-05-01,431.0
DST:FIKS22:BRANCHE07=Q:BELØB=1:SÆSON=EJSÆSON,2015-06-01,518.0
DST:FIKS22:BRANCHE07=Q:BELØB=1:SÆSON=EJSÆSON,2015-07-01,394.0
DST:FIKS22:BRANCHE07=Q:BELØB=1:SÆSON=EJSÆSON,2015-08-01,337.0
DST:FIKS22:BRANCHE07=Q:BELØB=1:SÆSON=EJSÆSON,2015-09-01,558.0
DST:FIKS22:BRANCHE07=Q:BELØB=1:SÆSON=EJSÆSON,2015-10-01,518.0
DST:FIKS22:BRANCHE07=Q:BELØB=1:SÆSON=EJSÆSON,2015-11-01,479.0
DST:FIKS22:BRANCHE07=Q:BELØB=1:SÆSON=EJSÆSON,2015-12-01,583.0
DST:FIKS22:BRANCHE07=Q:BELØB=1:SÆSON=EJSÆSON,2016-01-01,468.0
DST:FIKS22:BRANCHE07=Q:BELØB=1:SÆSON=EJSÆSON,2016-02-01,448.0
DST:FIKS22:BRANCHE07=Q:BELØB=1:SÆSON=EJSÆSON,2016-03-01,373.0
DST:FIKS22:BRANCHE07=Q:BELØB=1:SÆSON=EJSÆSON,2016-04-01,441.0
DST:FIKS22:BRANCHE07=Q:BELØB=1:SÆSON=EJSÆSON,2016-05-01,460.0
DST:FIKS22:BRANCHE07=Q:BELØB=1:SÆSON=EJSÆSON,2016-06-01,555.0
DST:FIKS22:BRANCHE07=Q:BELØB=1:SÆSON=EJSÆSON,2016-07-01,358.0
DST:FIKS22:BRANCHE07=Q:BELØB=1:SÆSON=EJSÆSON,2016-08-01,411.0
DST:FIKS22:BRANCHE07=Q:BELØB=1:SÆSON=EJSÆSON,2016-09-01,563.0
DST:FIKS22:BRANCHE07=Q:BELØB=1:SÆSON=EJSÆSON,2016-10-01,533.0
DST:FIKS22:BRANCHE07=Q:BELØB=1:SÆSON=EJSÆSON,2016-11-01,499.0
DST:FIKS22:BRANCHE07=Q:BELØB=1:SÆSON=EJSÆSON,2016-12-01,481.0
DST:FIKS22:BRANCHE07=Q:BELØB=1:SÆSON=EJSÆSON,2017-01-01,423.0
DST:FIKS22:BRANCHE07=Q:BELØB=1:SÆSON=EJSÆSON,2017-02-01,396.0
DST:FIKS22:BRANCHE07=Q:BELØB=1:SÆSON=EJSÆSON,2017-03-01,477.0
DST:FIKS22:BRANCHE07=Q:BELØB=1:SÆSON=EJSÆSON,2017-04-01,420.0
DST:FIKS22:BRANCHE07=Q:BELØB=1:SÆSON=EJSÆSON,2017-05-01,467.0
DST:FIKS22:BRANCHE07=Q:BELØB=1:SÆSON=EJSÆSON,2017-06-01,596.0
DST:FIKS22:BRANCHE07=Q:BELØB=1:SÆSON=EJSÆSON,2017-07-01,372.0
DST:FIKS22:BRANCHE07=Q:BELØB=1:SÆSON=EJSÆSON,2017-08-01,493.0
DST:FIKS22:BRANCHE07=Q:BELØB=1:SÆSON=EJSÆSON,2017-09-01,466.0
DST:FIKS22:BRANCHE07=Q:BELØB=1:SÆSON=EJSÆSON,2017-10-01,579.0
DST:FIKS22:BRANCHE07=Q:BELØB=1:SÆSON=EJSÆSON,2017-11-01,632.0
DST:FIKS22:BRANCHE07=Q:BELØB=1:SÆSON=EJSÆSON,2017-12-01,499.0
DST:FIKS22:BRANCHE07=Q:BELØB=1:SÆSON=EJSÆSON,2018-01-01,468.0
DST:FIKS22:BRANCHE07=Q:BELØB=1:SÆSON=EJSÆSON,2018-02-01,492.0
DST:FIKS22:BRANCHE07=Q:BELØB=1:SÆSON=EJSÆSON,2018-03-01,461.0
DST:FIKS22:BRANCHE07=Q:BELØB=1:SÆSON=EJSÆSON,2018-04-01,504.0
DST:FIKS22:BRANCHE07=Q:BELØB=1:SÆSON=EJSÆSON,2018-05-01,512.0
DST:FIKS22:BRANCHE07=Q:BELØB=1:SÆSON=EJSÆSON,2018-06-01,549.0
DST:FIKS22:BRANCHE07=Q:BELØB=1:SÆSON=EJSÆSON,2018-07-01,446.0
DST:FIKS22:BRANCHE07=Q:BELØB=1:SÆSON=EJSÆSON,2018-08-01,531.0
DST:FIKS22:BRANCHE07=Q:BELØB=1:SÆSON=EJSÆSON,2018-09-01,541.0
DST:FIKS22:BRANCHE07=Q:BELØB=1:SÆSON=EJSÆSON,2018-10-01,572.0
DST:FIKS22:BRANCHE07=Q:BELØB=1:SÆSON=EJSÆSON,2018-11-01,553.0
DST:FIKS22:BRANCHE07=Q:BELØB=1:SÆSON=EJSÆSON,2018-12-01,613.0
DST:FIKS22:BRANCHE07=Q:BELØB=1:SÆSON=EJSÆSON,2019-01-01,738.0
DST:FIKS22:BRANCHE07=Q:BELØB=1:SÆSON=EJSÆSON,2019-02-01,485.0
DST:FIKS22:BRANCHE07=Q:BELØB=1:SÆSON=EJSÆSON,2019-03-01,302.0
DST:FIKS22:BRANCHE07=Q:BELØB=1:SÆSON=EJSÆSON,2019-04-01,592.0
DST:FIKS22:BRANCHE07=Q:BELØB=1:SÆSON=EJSÆSON,2019-05-01,567.0
DST:FIKS22:BRANCHE07=Q:BELØB=1:SÆSON=EJSÆSON,2019-06-01,563.0
DST:FIKS22:BRANCHE07=Q:BELØB=1:SÆSON=EJSÆSON,2019-07-01,590.0
DST:FIKS22:BRANCHE07=Q:BELØB=1:SÆSON=EJSÆSON,2019-08-01,469.0
DST:FIKS22:BRANCHE07=Q:BELØB=1:SÆSON=EJSÆSON,2019-09-01,491.0
DST:FIKS22:BRANCHE07=Q:BELØB=1:SÆSON=EJSÆSON,2019-10-01,622.0
DST:FIKS22:BRANCHE07=Q:BELØB=1:SÆSON=EJSÆSON,2019-11-01,491.0
DST:FIKS22:BRANCHE07=Q:BELØB=1:SÆSON=EJSÆSON,2019-12-01,598.0
DST:FIKS22:BRANCHE07=Q:BELØB=1:SÆSON=EJSÆSON,2020-01-01,745.0
DST:FIKS22:BRANCHE07=Q:BELØB=1:SÆSON=EJSÆSON,2020-02-01,397.0
DST:FIKS22:BRANCHE07=Q:BELØB=1:SÆSON=EJSÆSON,2020-03-01,473.0
DST:FIKS22:BRANCHE07=Q:BELØB=1:SÆSON=EJSÆSON,2020-04-01,393.0
DST:FIKS22:BRANCHE07=Q:BELØB=1:SÆSON=EJSÆSON,2020-05-01,465.0
DST:FIKS22:BRANCHE07=Q:BELØB=1:SÆSON=EJSÆSON,2020-06-01,443.0
DST:FIKS22:BRANCHE07=Q:BELØB=1:SÆSON=EJSÆSON,2020-07-01,445.0
DST:FIKS22:BRANCHE07=Q:BELØB=1:SÆSON=EJSÆSON,2020-08-01,480.0
DST:FIKS22:BRANCHE07=Q:BELØB=1:SÆSON=EJSÆSON,2020-09-01,573.0
DST:FIKS22:BRANCHE07=Q:BELØB=1:SÆSON=EJSÆSON,2020-10-01,569.0
DST:FIKS22:BRANCHE07=Q:BELØB=1:SÆSON=EJSÆSON,2020-11-01,571.0
DST:FIKS22:BRANCHE07=Q:BELØB=1:SÆSON=EJSÆSON,2020-12-01,615.0
DST:FIKS22:BRANCHE07=Q:BELØB=1:SÆSON=EJSÆSON,2021-01-01,1372.0
DST:FIKS22:BRANCHE07=Q:BELØB=1:SÆSON=EJSÆSON,2021-02-01,329.0
DST:FIKS22:BRANCHE07=Q:BELØB=1:SÆSON=EJSÆSON,2021-03-01,455.0
DST:FIKS22:BRANCHE07=Q:BELØB=1:SÆSON=EJSÆSON,2021-04-01,524.0
DST:FIKS22:BRANCHE07=Q:BELØB=1:SÆSON=EJSÆSON,2021-05-01,548.0
DST:FIKS22:BRANCHE07=Q:BELØB=1:SÆSON=EJSÆSON,2021-06-01,563.0
DST:FIKS22:BRANCHE07=Q:BELØB=1:SÆSON=EJSÆSON,2021-07-01,499.0
DST:FIKS22:BRANCHE07=Q:BELØB=1:SÆSON=EJSÆSON,2021-08-01,552.0
DST:FIKS22:BRANCHE07=Q:BELØB=1:SÆSON=EJSÆSON,2021-09-01,654.0
DST:FIKS22:BRANCHE07=Q:BELØB=1:SÆSON=EJSÆSON,2021-10-01,644.0
DST:FIKS22:BRANCHE07=Q:BELØB=1:SÆSON=EJSÆSON,2021-11-01,601.0
DST:FIKS22:BRANCHE07=Q:BELØB=1:SÆSON=EJSÆSON,2021-12-01,831.0
DST:FIKS22:BRANCHE07=Q:BELØB=1:SÆSON=EJSÆSON,2022-01-01,935.0
DST:FIKS22:BRANCHE07=Q:BELØB=1:SÆSON=EJSÆSON,2022-02-01,623.0
DST:FIKS22:BRANCHE07=Q:BELØB=1:SÆSON=EJSÆSON,2022-03-01,589.0
DST:FIKS22:BRANCHE07=Q:BELØB=1:SÆSON=EJSÆSON,2022-04-01,535.0
DST:FIKS22:BRANCHE07=Q:BELØB=1:SÆSON=EJSÆSON,2022-05-01,537.0
DST:FIKS22:BRANCHE07=Q:BELØB=1:SÆSON=EJSÆSON,2022-06-01,622.0
DST:FIKS22:BRANCHE07=Q:BELØB=1:SÆSON=EJSÆSON,2022-07-01,472.0
DST:FIKS22:BRANCHE07=Q:BELØB=1:SÆSON=EJSÆSON,2022-08-01,603.0
DST:FIKS22:BRANCHE07=Q:BELØB=1:SÆSON=EJSÆSON,2022-09-01,662.0
DST:FIKS22:BRANCHE07=Q:BELØB=1:SÆSON=EJSÆSON,2022-10-01,655.0
DST:FIKS22:BRANCHE07=Q:BELØB=1:SÆSON=EJSÆSON,2022-11-01,629.0
DST:FIKS22:BRANCHE07=Q:BELØB=1:SÆSON=EJSÆSON,2022-12-01,814.0
DST:FIKS22:BRANCHE07=Q:BELØB=1:SÆSON=EJSÆSON,2023-01-01,1225.0
DST:FIKS22:BRANCHE07=Q:BELØB=1:SÆSON=EJSÆSON,2023-02-01,564.0
DST:FIKS22:BRANCHE07=Q:BELØB=1:SÆSON=EJSÆSON,2023-03-01,618.0
DST:FIKS22:BRANCHE07=Q:BELØB=1:SÆSON=EJSÆSON,2023-04-01,515.0
DST:FIKS22:BRANCHE07=Q:BELØB=1:SÆSON=EJSÆSON,2023-05-01,564.0
DST:FIKS22:BRANCHE07=Q:BELØB=1:SÆSON=EJSÆSON,2023-06-01,794.0
DST:FIKS22:BRANCHE07=Q:BELØB=1:SÆSON=EJSÆSON,2023-07-01,552.0
DST:FIKS22:BRANCHE07=Q:BELØB=1:SÆSON=EJSÆSON,2023-08-01,593.0
DST:FIKS22:BRANCHE07=Q:BELØB=1:SÆSON=EJSÆSON,2023-09-01,728.0
DST:FIKS22:BRANCHE07=Q:BELØB=1:SÆSON=EJSÆSON,2023-10-01,802.0
DST:FIKS22:BRANCHE07=Q:BELØB=1:SÆSON=EJSÆSON,2023-11-01,655.0
DST:FIKS22:BRANCHE07=Q:BELØB=1:SÆSON=EJSÆSON,2023-12-01,666.0
DST:FIKS22:BRANCHE07=Q:BELØB=1:SÆSON=EJSÆSON,2024-01-01,1085.0
DST:FIKS22:BRANCHE07=Q:BELØB=1:SÆSON=EJSÆSON,2024-02-01,451.0
DST:FIKS22:BRANCHE07=Q:BELØB=1:SÆSON=EJSÆSON,2024-03-01,533.0
DST:FIKS22:BRANCHE07=Q:BELØB=1:SÆSON=EJSÆSON,2024-04-01,611.0
DST:FIKS22:BRANCHE07=Q:BELØB=1:SÆSON=EJSÆSON,2024-05-01,593.0
DST:FIKS22:BRANCHE07=Q:BELØB=1:SÆSON=EJSÆSON,2024-06-01,615.0
DST:FIKS22:BRANCHE07=Q:BELØB=1:SÆSON=EJSÆSON,2024-07-01,743.0
DST:FIKS22:BRANCHE07=Q:BELØB=1:SÆSON=EJSÆSON,2024-08-01,504.0
DST:FIKS22:BRANCHE07=Q:BELØB=1:SÆSON=EJSÆSON,2024-09-01,653.0
DST:FIKS22:BRANCHE07=Q:BELØB=1:SÆSON=EJSÆSON,2024-10-01,692.0
DST:FIKS22:BRANCHE07=Q:BELØB=1:SÆSON=EJSÆSON,2024-11-01,546.0
DST:FIKS22:BRANCHE07=Q:BELØB=1:SÆSON=EJSÆSON,2024-12-01,974.0
DST:FIKS22:BRANCHE07=Q:BELØB=1:SÆSON=EJSÆSON,2025-01-01,1130.0
DST:FIKS22:BRANCHE07=Q:BELØB=1:SÆSON=EJSÆSON,2025-02-01,460.0
DST:FIKS22:BRANCHE07=Q:BELØB=1:SÆSON=EJSÆSON,2025-03-01,522.0
DST:FIKS22:BRANCHE07=Q:BELØB=1:SÆSON=EJSÆSON,2025-04-01,590.0
DST:FIKS22:BRANCHE07=Q:BELØB=1:SÆSON=EJSÆSON,2025-05-01,512.0
DST:FIKS22:BRANCHE07=Q:BELØB=1:SÆSON=EJSÆSON,2025-06-01,663.0
DST:FIKS22:BRANCHE07=Q:BELØB=1:SÆSON=EJSÆSON,2025-07-01,627.0
DST:FIKS22:BRANCHE07=Q:BELØB=1:SÆSON=EJSÆSON,2025-08-01,563.0
DST:FIKS22:BRANCHE07=Q:BELØB=1:SÆSON=EJSÆSON,2025-09-01,717.0
DST:FIKS22:BRANCHE07=Q:BELØB=1:SÆSON=EJSÆSON,2025-10-01,609.0
DST:FIKS22:BRANCHE07=Q:BELØB=1:SÆSON=EJSÆSON,2025-11-01,1233.0
DST:FIKS22:BRANCHE07=Q:BELØB=1:SÆSON=EJSÆSON,2025-12-01,702.0
DST:FIKS22:BRANCHE07=Q:BELØB=1:SÆSON=EJSÆSON,2026-01-01,558.0
DST:FIKS22:BRANCHE07=Q:BELØB=1:SÆSON=EJSÆSON,2026-02-01,497.0
DST:FIKS22:BRANCHE07=Q:BELØB=1:SÆSON=EJSÆSON,2026-03-01,684.0
DST:FIKS22:BRANCHE07=Q:BELØB=1:SÆSON=SÆSON,2009-01-01,322.0
DST:FIKS22:BRANCHE07=Q:BELØB=1:SÆSON=SÆSON,2009-02-01,289.0
DST:FIKS22:BRANCHE07=Q:BELØB=1:SÆSON=SÆSON,2009-03-01,350.0
DST:FIKS22:BRANCHE07=Q:BELØB=1:SÆSON=SÆSON,2009-04-01,276.0
DST:FIKS22:BRANCHE07=Q:BELØB=1:SÆSON=SÆSON,2009-05-01,314.0
DST:FIKS22:BRANCHE07=Q:BELØB=1:SÆSON=SÆSON,2009-06-01,321.0
DST:FIKS22:BRANCHE07=Q:BELØB=1:SÆSON=SÆSON,2009-07-01,320.0
DST:FIKS22:BRANCHE07=Q:BELØB=1:SÆSON=SÆSON,2009-08-01,339.0
DST:FIKS22:BRANCHE07=Q:BELØB=1:SÆSON=SÆSON,2009-09-01,333.0
DST:FIKS22:BRANCHE07=Q:BELØB=1:SÆSON=SÆSON,2009-10-01,336.0
DST:FIKS22:BRANCHE07=Q:BELØB=1:SÆSON=SÆSON,2009-11-01,356.0
DST:FIKS22:BRANCHE07=Q:BELØB=1:SÆSON=SÆSON,2009-12-01,324.0
DST:FIKS22:BRANCHE07=Q:BELØB=1:SÆSON=SÆSON,2010-01-01,293.0
DST:FIKS22:BRANCHE07=Q:BELØB=1:SÆSON=SÆSON,2010-02-01,374.0
DST:FIKS22:BRANCHE07=Q:BELØB=1:SÆSON=SÆSON,2010-03-01,359.0
DST:FIKS22:BRANCHE07=Q:BELØB=1:SÆSON=SÆSON,2010-04-01,377.0
DST:FIKS22:BRANCHE07=Q:BELØB=1:SÆSON=SÆSON,2010-05-01,384.0
DST:FIKS22:BRANCHE07=Q:BELØB=1:SÆSON=SÆSON,2010-06-01,377.0
DST:FIKS22:BRANCHE07=Q:BELØB=1:SÆSON=SÆSON,2010-07-01,367.0
DST:FIKS22:BRANCHE07=Q:BELØB=1:SÆSON=SÆSON,2010-08-01,342.0
DST:FIKS22:BRANCHE07=Q:BELØB=1:SÆSON=SÆSON,2010-09-01,366.0
DST:FIKS22:BRANCHE07=Q:BELØB=1:SÆSON=SÆSON,2010-10-01,384.0
DST:FIKS22:BRANCHE07=Q:BELØB=1:SÆSON=SÆSON,2010-11-01,357.0
DST:FIKS22:BRANCHE07=Q:BELØB=1:SÆSON=SÆSON,2010-12-01,385.0
DST:FIKS22:BRANCHE07=Q:BELØB=1:SÆSON=SÆSON,2011-01-01,348.0
DST:FIKS22:BRANCHE07=Q:BELØB=1:SÆSON=SÆSON,2011-02-01,382.0
DST:FIKS22:BRANCHE07=Q:BELØB=1:SÆSON=SÆSON,2011-03-01,379.0
DST:FIKS22:BRANCHE07=Q:BELØB=1:SÆSON=SÆSON,2011-04-01,355.0
DST:FIKS22:BRANCHE07=Q:BELØB=1:SÆSON=SÆSON,2011-05-01,376.0
DST:FIKS22:BRANCHE07=Q:BELØB=1:SÆSON=SÆSON,2011-06-01,379.0
DST:FIKS22:BRANCHE07=Q:BELØB=1:SÆSON=SÆSON,2011-07-01,373.0
DST:FIKS22:BRANCHE07=Q:BELØB=1:SÆSON=SÆSON,2011-08-01,418.0
DST:FIKS22:BRANCHE07=Q:BELØB=1:SÆSON=SÆSON,2011-09-01,357.0
DST:FIKS22:BRANCHE07=Q:BELØB=1:SÆSON=SÆSON,2011-10-01,372.0
DST:FIKS22:BRANCHE07=Q:BELØB=1:SÆSON=SÆSON,2011-11-01,384.0
DST:FIKS22:BRANCHE07=Q:BELØB=1:SÆSON=SÆSON,2011-12-01,386.0
DST:FIKS22:BRANCHE07=Q:BELØB=1:SÆSON=SÆSON,2012-01-01,398.0
DST:FIKS22:BRANCHE07=Q:BELØB=1:SÆSON=SÆSON,2012-02-01,409.0
DST:FIKS22:BRANCHE07=Q:BELØB=1:SÆSON=SÆSON,2012-03-01,405.0
DST:FIKS22:BRANCHE07=Q:BELØB=1:SÆSON=SÆSON,2012-04-01,438.0
DST:FIKS22:BRANCHE07=Q:BELØB=1:SÆSON=SÆSON,2012-05-01,365.0
DST:FIKS22:BRANCHE07=Q:BELØB=1:SÆSON=SÆSON,2012-06-01,372.0
DST:FIKS22:BRANCHE07=Q:BELØB=1:SÆSON=SÆSON,2012-07-01,415.0
DST:FIKS22:BRANCHE07=Q:BELØB=1:SÆSON=SÆSON,2012-08-01,406.0
DST:FIKS22:BRANCHE07=Q:BELØB=1:SÆSON=SÆSON,2012-09-01,415.0
DST:FIKS22:BRANCHE07=Q:BELØB=1:SÆSON=SÆSON,2012-10-01,385.0
DST:FIKS22:BRANCHE07=Q:BELØB=1:SÆSON=SÆSON,2012-11-01,422.0
DST:FIKS22:BRANCHE07=Q:BELØB=1:SÆSON=SÆSON,2012-12-01,379.0
DST:FIKS22:BRANCHE07=Q:BELØB=1:SÆSON=SÆSON,2013-01-01,391.0
DST:FIKS22:BRANCHE07=Q:BELØB=1:SÆSON=SÆSON,2013-02-01,365.0
DST:FIKS22:BRANCHE07=Q:BELØB=1:SÆSON=SÆSON,2013-03-01,378.0
DST:FIKS22:BRANCHE07=Q:BELØB=1:SÆSON=SÆSON,2013-04-01,391.0
DST:FIKS22:BRANCHE07=Q:BELØB=1:SÆSON=SÆSON,2013-05-01,401.0
DST:FIKS22:BRANCHE07=Q:BELØB=1:SÆSON=SÆSON,2013-06-01,404.0
DST:FIKS22:BRANCHE07=Q:BELØB=1:SÆSON=SÆSON,2013-07-01,423.0
DST:FIKS22:BRANCHE07=Q:BELØB=1:SÆSON=SÆSON,2013-08-01,409.0
DST:FIKS22:BRANCHE07=Q:BELØB=1:SÆSON=SÆSON,2013-09-01,360.0
DST:FIKS22:BRANCHE07=Q:BELØB=1:SÆSON=SÆSON,2013-10-01,410.0
DST:FIKS22:BRANCHE07=Q:BELØB=1:SÆSON=SÆSON,2013-11-01,396.0
DST:FIKS22:BRANCHE07=Q:BELØB=1:SÆSON=SÆSON,2013-12-01,462.0
DST:FIKS22:BRANCHE07=Q:BELØB=1:SÆSON=SÆSON,2014-01-01,407.0
DST:FIKS22:BRANCHE07=Q:BELØB=1:SÆSON=SÆSON,2014-02-01,412.0
DST:FIKS22:BRANCHE07=Q:BELØB=1:SÆSON=SÆSON,2014-03-01,422.0
DST:FIKS22:BRANCHE07=Q:BELØB=1:SÆSON=SÆSON,2014-04-01,443.0
DST:FIKS22:BRANCHE07=Q:BELØB=1:SÆSON=SÆSON,2014-05-01,430.0
DST:FIKS22:BRANCHE07=Q:BELØB=1:SÆSON=SÆSON,2014-06-01,418.0
DST:FIKS22:BRANCHE07=Q:BELØB=1:SÆSON=SÆSON,2014-07-01,470.0
DST:FIKS22:BRANCHE07=Q:BELØB=1:SÆSON=SÆSON,2014-08-01,416.0
DST:FIKS22:BRANCHE07=Q:BELØB=1:SÆSON=SÆSON,2014-09-01,484.0
DST:FIKS22:BRANCHE07=Q:BELØB=1:SÆSON=SÆSON,2014-10-01,442.0
DST:FIKS22:BRANCHE07=Q:BELØB=1:SÆSON=SÆSON,2014-11-01,427.0
DST:FIKS22:BRANCHE07=Q:BELØB=1:SÆSON=SÆSON,2014-12-01,441.0
DST:FIKS22:BRANCHE07=Q:BELØB=1:SÆSON=SÆSON,2015-01-01,458.0
DST:FIKS22:BRANCHE07=Q:BELØB=1:SÆSON=SÆSON,2015-02-01,421.0
DST:FIKS22:BRANCHE07=Q:BELØB=1:SÆSON=SÆSON,2015-03-01,455.0
DST:FIKS22:BRANCHE07=Q:BELØB=1:SÆSON=SÆSON,2015-04-01,428.0
DST:FIKS22:BRANCHE07=Q:BELØB=1:SÆSON=SÆSON,2015-05-01,445.0
DST:FIKS22:BRANCHE07=Q:BELØB=1:SÆSON=SÆSON,2015-06-01,459.0
DST:FIKS22:BRANCHE07=Q:BELØB=1:SÆSON=SÆSON,2015-07-01,436.0
DST:FIKS22:BRANCHE07=Q:BELØB=1:SÆSON=SÆSON,2015-08-01,383.0
DST:FIKS22:BRANCHE07=Q:BELØB=1:SÆSON=SÆSON,2015-09-01,521.0
DST:FIKS22:BRANCHE07=Q:BELØB=1:SÆSON=SÆSON,2015-10-01,466.0
DST:FIKS22:BRANCHE07=Q:BELØB=1:SÆSON=SÆSON,2015-11-01,461.0
DST:FIKS22:BRANCHE07=Q:BELØB=1:SÆSON=SÆSON,2015-12-01,527.0
DST:FIKS22:BRANCHE07=Q:BELØB=1:SÆSON=SÆSON,2016-01-01,440.0
DST:FIKS22:BRANCHE07=Q:BELØB=1:SÆSON=SÆSON,2016-02-01,504.0
DST:FIKS22:BRANCHE07=Q:BELØB=1:SÆSON=SÆSON,2016-03-01,412.0
DST:FIKS22:BRANCHE07=Q:BELØB=1:SÆSON=SÆSON,2016-04-01,468.0
DST:FIKS22:BRANCHE07=Q:BELØB=1:SÆSON=SÆSON,2016-05-01,470.0
DST:FIKS22:BRANCHE07=Q:BELØB=1:SÆSON=SÆSON,2016-06-01,487.0
DST:FIKS22:BRANCHE07=Q:BELØB=1:SÆSON=SÆSON,2016-07-01,418.0
DST:FIKS22:BRANCHE07=Q:BELØB=1:SÆSON=SÆSON,2016-08-01,459.0
DST:FIKS22:BRANCHE07=Q:BELØB=1:SÆSON=SÆSON,2016-09-01,538.0
DST:FIKS22:BRANCHE07=Q:BELØB=1:SÆSON=SÆSON,2016-10-01,476.0
DST:FIKS22:BRANCHE07=Q:BELØB=1:SÆSON=SÆSON,2016-11-01,488.0
DST:FIKS22:BRANCHE07=Q:BELØB=1:SÆSON=SÆSON,2016-12-01,438.0
DST:FIKS22:BRANCHE07=Q:BELØB=1:SÆSON=SÆSON,2017-01-01,375.0
DST:FIKS22:BRANCHE07=Q:BELØB=1:SÆSON=SÆSON,2017-02-01,444.0
DST:FIKS22:BRANCHE07=Q:BELØB=1:SÆSON=SÆSON,2017-03-01,527.0
DST:FIKS22:BRANCHE07=Q:BELØB=1:SÆSON=SÆSON,2017-04-01,446.0
DST:FIKS22:BRANCHE07=Q:BELØB=1:SÆSON=SÆSON,2017-05-01,477.0
DST:FIKS22:BRANCHE07=Q:BELØB=1:SÆSON=SÆSON,2017-06-01,535.0
DST:FIKS22:BRANCHE07=Q:BELØB=1:SÆSON=SÆSON,2017-07-01,449.0
DST:FIKS22:BRANCHE07=Q:BELØB=1:SÆSON=SÆSON,2017-08-01,539.0
DST:FIKS22:BRANCHE07=Q:BELØB=1:SÆSON=SÆSON,2017-09-01,452.0
DST:FIKS22:BRANCHE07=Q:BELØB=1:SÆSON=SÆSON,2017-10-01,517.0
DST:FIKS22:BRANCHE07=Q:BELØB=1:SÆSON=SÆSON,2017-11-01,620.0
DST:FIKS22:BRANCHE07=Q:BELØB=1:SÆSON=SÆSON,2017-12-01,456.0
DST:FIKS22:BRANCHE07=Q:BELØB=1:SÆSON=SÆSON,2018-01-01,387.0
DST:FIKS22:BRANCHE07=Q:BELØB=1:SÆSON=SÆSON,2018-02-01,560.0
DST:FIKS22:BRANCHE07=Q:BELØB=1:SÆSON=SÆSON,2018-03-01,509.0
DST:FIKS22:BRANCHE07=Q:BELØB=1:SÆSON=SÆSON,2018-04-01,537.0
DST:FIKS22:BRANCHE07=Q:BELØB=1:SÆSON=SÆSON,2018-05-01,524.0
DST:FIKS22:BRANCHE07=Q:BELØB=1:SÆSON=SÆSON,2018-06-01,509.0
DST:FIKS22:BRANCHE07=Q:BELØB=1:SÆSON=SÆSON,2018-07-01,544.0
DST:FIKS22:BRANCHE07=Q:BELØB=1:SÆSON=SÆSON,2018-08-01,575.0
DST:FIKS22:BRANCHE07=Q:BELØB=1:SÆSON=SÆSON,2018-09-01,537.0
DST:FIKS22:BRANCHE07=Q:BELØB=1:SÆSON=SÆSON,2018-10-01,513.0
DST:FIKS22:BRANCHE07=Q:BELØB=1:SÆSON=SÆSON,2018-11-01,547.0
DST:FIKS22:BRANCHE07=Q:BELØB=1:SÆSON=SÆSON,2018-12-01,551.0
DST:FIKS22:BRANCHE07=Q:BELØB=1:SÆSON=SÆSON,2019-01-01,570.0
DST:FIKS22:BRANCHE07=Q:BELØB=1:SÆSON=SÆSON,2019-02-01,562.0
DST:FIKS22:BRANCHE07=Q:BELØB=1:SÆSON=SÆSON,2019-03-01,335.0
DST:FIKS22:BRANCHE07=Q:BELØB=1:SÆSON=SÆSON,2019-04-01,636.0
DST:FIKS22:BRANCHE07=Q:BELØB=1:SÆSON=SÆSON,2019-05-01,586.0
DST:FIKS22:BRANCHE07=Q:BELØB=1:SÆSON=SÆSON,2019-06-01,547.0
DST:FIKS22:BRANCHE07=Q:BELØB=1:SÆSON=SÆSON,2019-07-01,719.0
DST:FIKS22:BRANCHE07=Q:BELØB=1:SÆSON=SÆSON,2019-08-01,506.0
DST:FIKS22:BRANCHE07=Q:BELØB=1:SÆSON=SÆSON,2019-09-01,488.0
DST:FIKS22:BRANCHE07=Q:BELØB=1:SÆSON=SÆSON,2019-10-01,569.0
DST:FIKS22:BRANCHE07=Q:BELØB=1:SÆSON=SÆSON,2019-11-01,491.0
DST:FIKS22:BRANCHE07=Q:BELØB=1:SÆSON=SÆSON,2019-12-01,524.0
DST:FIKS22:BRANCHE07=Q:BELØB=1:SÆSON=SÆSON,2020-01-01,536.0
DST:FIKS22:BRANCHE07=Q:BELØB=1:SÆSON=SÆSON,2020-02-01,473.0
DST:FIKS22:BRANCHE07=Q:BELØB=1:SÆSON=SÆSON,2020-03-01,525.0
DST:FIKS22:BRANCHE07=Q:BELØB=1:SÆSON=SÆSON,2020-04-01,427.0
DST:FIKS22:BRANCHE07=Q:BELØB=1:SÆSON=SÆSON,2020-05-01,492.0
DST:FIKS22:BRANCHE07=Q:BELØB=1:SÆSON=SÆSON,2020-06-01,445.0
DST:FIKS22:BRANCHE07=Q:BELØB=1:SÆSON=SÆSON,2020-07-01,541.0
DST:FIKS22:BRANCHE07=Q:BELØB=1:SÆSON=SÆSON,2020-08-01,523.0
DST:FIKS22:BRANCHE07=Q:BELØB=1:SÆSON=SÆSON,2020-09-01,565.0
DST:FIKS22:BRANCHE07=Q:BELØB=1:SÆSON=SÆSON,2020-10-01,526.0
DST:FIKS22:BRANCHE07=Q:BELØB=1:SÆSON=SÆSON,2020-11-01,579.0
DST:FIKS22:BRANCHE07=Q:BELØB=1:SÆSON=SÆSON,2020-12-01,526.0
DST:FIKS22:BRANCHE07=Q:BELØB=1:SÆSON=SÆSON,2021-01-01,926.0
DST:FIKS22:BRANCHE07=Q:BELØB=1:SÆSON=SÆSON,2021-02-01,404.0
DST:FIKS22:BRANCHE07=Q:BELØB=1:SÆSON=SÆSON,2021-03-01,510.0
DST:FIKS22:BRANCHE07=Q:BELØB=1:SÆSON=SÆSON,2021-04-01,581.0
DST:FIKS22:BRANCHE07=Q:BELØB=1:SÆSON=SÆSON,2021-05-01,596.0
DST:FIKS22:BRANCHE07=Q:BELØB=1:SÆSON=SÆSON,2021-06-01,577.0
DST:FIKS22:BRANCHE07=Q:BELØB=1:SÆSON=SÆSON,2021-07-01,606.0
DST:FIKS22:BRANCHE07=Q:BELØB=1:SÆSON=SÆSON,2021-08-01,612.0
DST:FIKS22:BRANCHE07=Q:BELØB=1:SÆSON=SÆSON,2021-09-01,632.0
DST:FIKS22:BRANCHE07=Q:BELØB=1:SÆSON=SÆSON,2021-10-01,600.0
DST:FIKS22:BRANCHE07=Q:BELØB=1:SÆSON=SÆSON,2021-11-01,616.0
DST:FIKS22:BRANCHE07=Q:BELØB=1:SÆSON=SÆSON,2021-12-01,704.0
DST:FIKS22:BRANCHE07=Q:BELØB=1:SÆSON=SÆSON,2022-01-01,598.0
DST:FIKS22:BRANCHE07=Q:BELØB=1:SÆSON=SÆSON,2022-02-01,789.0
DST:FIKS22:BRANCHE07=Q:BELØB=1:SÆSON=SÆSON,2022-03-01,670.0
DST:FIKS22:BRANCHE07=Q:BELØB=1:SÆSON=SÆSON,2022-04-01,600.0
DST:FIKS22:BRANCHE07=Q:BELØB=1:SÆSON=SÆSON,2022-05-01,600.0
DST:FIKS22:BRANCHE07=Q:BELØB=1:SÆSON=SÆSON,2022-06-01,634.0
DST:FIKS22:BRANCHE07=Q:BELØB=1:SÆSON=SÆSON,2022-07-01,566.0
DST:FIKS22:BRANCHE07=Q:BELØB=1:SÆSON=SÆSON,2022-08-01,678.0
DST:FIKS22:BRANCHE07=Q:BELØB=1:SÆSON=SÆSON,2022-09-01,630.0
DST:FIKS22:BRANCHE07=Q:BELØB=1:SÆSON=SÆSON,2022-10-01,614.0
DST:FIKS22:BRANCHE07=Q:BELØB=1:SÆSON=SÆSON,2022-11-01,655.0
DST:FIKS22:BRANCHE07=Q:BELØB=1:SÆSON=SÆSON,2022-12-01,693.0
DST:FIKS22:BRANCHE07=Q:BELØB=1:SÆSON=SÆSON,2023-01-01,755.0
DST:FIKS22:BRANCHE07=Q:BELØB=1:SÆSON=SÆSON,2023-02-01,733.0
DST:FIKS22:BRANCHE07=Q:BELØB=1:SÆSON=SÆSON,2023-03-01,708.0
DST:FIKS22:BRANCHE07=Q:BELØB=1:SÆSON=SÆSON,2023-04-01,578.0
DST:FIKS22:BRANCHE07=Q:BELØB=1:SÆSON=SÆSON,2023-05-01,646.0
DST:FIKS22:BRANCHE07=Q:BELØB=1:SÆSON=SÆSON,2023-06-01,800.0
DST:FIKS22:BRANCHE07=Q:BELØB=1:SÆSON=SÆSON,2023-07-01,646.0
DST:FIKS22:BRANCHE07=Q:BELØB=1:SÆSON=SÆSON,2023-08-01,675.0
DST:FIKS22:BRANCHE07=Q:BELØB=1:SÆSON=SÆSON,2023-09-01,686.0
DST:FIKS22:BRANCHE07=Q:BELØB=1:SÆSON=SÆSON,2023-10-01,762.0
DST:FIKS22:BRANCHE07=Q:BELØB=1:SÆSON=SÆSON,2023-11-01,695.0
DST:FIKS22:BRANCHE07=Q:BELØB=1:SÆSON=SÆSON,2023-12-01,574.0
DST:FIKS22:BRANCHE07=Q:BELØB=1:SÆSON=SÆSON,2024-01-01,651.0
DST:FIKS22:BRANCHE07=Q:BELØB=1:SÆSON=SÆSON,2024-02-01,596.0
DST:FIKS22:BRANCHE07=Q:BELØB=1:SÆSON=SÆSON,2024-03-01,615.0
DST:FIKS22:BRANCHE07=Q:BELØB=1:SÆSON=SÆSON,2024-04-01,682.0
DST:FIKS22:BRANCHE07=Q:BELØB=1:SÆSON=SÆSON,2024-05-01,693.0
DST:FIKS22:BRANCHE07=Q:BELØB=1:SÆSON=SÆSON,2024-06-01,612.0
DST:FIKS22:BRANCHE07=Q:BELØB=1:SÆSON=SÆSON,2024-07-01,844.0
DST:FIKS22:BRANCHE07=Q:BELØB=1:SÆSON=SÆSON,2024-08-01,581.0
DST:FIKS22:BRANCHE07=Q:BELØB=1:SÆSON=SÆSON,2024-09-01,612.0
DST:FIKS22:BRANCHE07=Q:BELØB=1:SÆSON=SÆSON,2024-10-01,661.0
DST:FIKS22:BRANCHE07=Q:BELØB=1:SÆSON=SÆSON,2024-11-01,586.0
DST:FIKS22:BRANCHE07=Q:BELØB=1:SÆSON=SÆSON,2024-12-01,855.0
DST:FIKS22:BRANCHE07=Q:BELØB=1:SÆSON=SÆSON,2025-01-01,669.0
DST:FIKS22:BRANCHE07=Q:BELØB=1:SÆSON=SÆSON,2025-02-01,618.0
DST:FIKS22:BRANCHE07=Q:BELØB=1:SÆSON=SÆSON,2025-03-01,602.0
DST:FIKS22:BRANCHE07=Q:BELØB=1:SÆSON=SÆSON,2025-04-01,653.0
DST:FIKS22:BRANCHE07=Q:BELØB=1:SÆSON=SÆSON,2025-05-01,602.0
DST:FIKS22:BRANCHE07=Q:BELØB=1:SÆSON=SÆSON,2025-06-01,657.0
DST:FIKS22:BRANCHE07=Q:BELØB=1:SÆSON=SÆSON,2025-07-01,693.0
DST:FIKS22:BRANCHE07=Q:BELØB=1:SÆSON=SÆSON,2025-08-01,658.0
DST:FIKS22:BRANCHE07=Q:BELØB=1:SÆSON=SÆSON,2025-09-01,670.0
DST:FIKS22:BRANCHE07=Q:BELØB=1:SÆSON=SÆSON,2025-10-01,583.0
DST:FIKS22:BRANCHE07=Q:BELØB=1:SÆSON=SÆSON,2025-11-01,1336.0
DST:FIKS22:BRANCHE07=Q:BELØB=1:SÆSON=SÆSON,2025-12-01,622.0
DST:FIKS22:BRANCHE07=Q:BELØB=1:SÆSON=SÆSON,2026-01-01,329.0
DST:FIKS22:BRANCHE07=Q:BELØB=1:SÆSON=SÆSON,2026-02-01,676.0
DST:FIKS22:BRANCHE07=Q:BELØB=1:SÆSON=SÆSON,2026-03-01,790.0
DST:FIKS22:BRANCHE07=Q:BELØB=3:SÆSON=EJSÆSON,2009-01-01,118.0
DST:FIKS22:BRANCHE07=Q:BELØB=3:SÆSON=EJSÆSON,2009-02-01,96.0
DST:FIKS22:BRANCHE07=Q:BELØB=3:SÆSON=EJSÆSON,2009-03-01,110.0
DST:FIKS22:BRANCHE07=Q:BELØB=3:SÆSON=EJSÆSON,2009-04-01,104.0
DST:FIKS22:BRANCHE07=Q:BELØB=3:SÆSON=EJSÆSON,2009-05-01,112.0
DST:FIKS22:BRANCHE07=Q:BELØB=3:SÆSON=EJSÆSON,2009-06-01,145.0
DST:FIKS22:BRANCHE07=Q:BELØB=3:SÆSON=EJSÆSON,2009-07-01,129.0
DST:FIKS22:BRANCHE07=Q:BELØB=3:SÆSON=EJSÆSON,2009-08-01,107.0
DST:FIKS22:BRANCHE07=Q:BELØB=3:SÆSON=EJSÆSON,2009-09-01,123.0
DST:FIKS22:BRANCHE07=Q:BELØB=3:SÆSON=EJSÆSON,2009-10-01,131.0
DST:FIKS22:BRANCHE07=Q:BELØB=3:SÆSON=EJSÆSON,2009-11-01,111.0
DST:FIKS22:BRANCHE07=Q:BELØB=3:SÆSON=EJSÆSON,2009-12-01,177.0
DST:FIKS22:BRANCHE07=Q:BELØB=3:SÆSON=EJSÆSON,2010-01-01,112.0
DST:FIKS22:BRANCHE07=Q:BELØB=3:SÆSON=EJSÆSON,2010-02-01,109.0
DST:FIKS22:BRANCHE07=Q:BELØB=3:SÆSON=EJSÆSON,2010-03-01,121.0
DST:FIKS22:BRANCHE07=Q:BELØB=3:SÆSON=EJSÆSON,2010-04-01,123.0
DST:FIKS22:BRANCHE07=Q:BELØB=3:SÆSON=EJSÆSON,2010-05-01,112.0
DST:FIKS22:BRANCHE07=Q:BELØB=3:SÆSON=EJSÆSON,2010-06-01,160.0
DST:FIKS22:BRANCHE07=Q:BELØB=3:SÆSON=EJSÆSON,2010-07-01,130.0
DST:FIKS22:BRANCHE07=Q:BELØB=3:SÆSON=EJSÆSON,2010-08-01,106.0
DST:FIKS22:BRANCHE07=Q:BELØB=3:SÆSON=EJSÆSON,2010-09-01,109.0
DST:FIKS22:BRANCHE07=Q:BELØB=3:SÆSON=EJSÆSON,2010-10-01,121.0
DST:FIKS22:BRANCHE07=Q:BELØB=3:SÆSON=EJSÆSON,2010-11-01,141.0
DST:FIKS22:BRANCHE07=Q:BELØB=3:SÆSON=EJSÆSON,2010-12-01,173.0
DST:FIKS22:BRANCHE07=Q:BELØB=3:SÆSON=EJSÆSON,2011-01-01,94.0
DST:FIKS22:BRANCHE07=Q:BELØB=3:SÆSON=EJSÆSON,2011-02-01,106.0
DST:FIKS22:BRANCHE07=Q:BELØB=3:SÆSON=EJSÆSON,2011-03-01,168.0
DST:FIKS22:BRANCHE07=Q:BELØB=3:SÆSON=EJSÆSON,2011-04-01,107.0
DST:FIKS22:BRANCHE07=Q:BELØB=3:SÆSON=EJSÆSON,2011-05-01,152.0
DST:FIKS22:BRANCHE07=Q:BELØB=3:SÆSON=EJSÆSON,2011-06-01,160.0
DST:FIKS22:BRANCHE07=Q:BELØB=3:SÆSON=EJSÆSON,2011-07-01,106.0
DST:FIKS22:BRANCHE07=Q:BELØB=3:SÆSON=EJSÆSON,2011-08-01,125.0
DST:FIKS22:BRANCHE07=Q:BELØB=3:SÆSON=EJSÆSON,2011-09-01,130.0
DST:FIKS22:BRANCHE07=Q:BELØB=3:SÆSON=EJSÆSON,2011-10-01,141.0
DST:FIKS22:BRANCHE07=Q:BELØB=3:SÆSON=EJSÆSON,2011-11-01,121.0
DST:FIKS22:BRANCHE07=Q:BELØB=3:SÆSON=EJSÆSON,2011-12-01,185.0
DST:FIKS22:BRANCHE07=Q:BELØB=3:SÆSON=EJSÆSON,2012-01-01,144.0
DST:FIKS22:BRANCHE07=Q:BELØB=3:SÆSON=EJSÆSON,2012-02-01,132.0
DST:FIKS22:BRANCHE07=Q:BELØB=3:SÆSON=EJSÆSON,2012-03-01,134.0
DST:FIKS22:BRANCHE07=Q:BELØB=3:SÆSON=EJSÆSON,2012-04-01,137.0
DST:FIKS22:BRANCHE07=Q:BELØB=3:SÆSON=EJSÆSON,2012-05-01,138.0
DST:FIKS22:BRANCHE07=Q:BELØB=3:SÆSON=EJSÆSON,2012-06-01,166.0
DST:FIKS22:BRANCHE07=Q:BELØB=3:SÆSON=EJSÆSON,2012-07-01,177.0
DST:FIKS22:BRANCHE07=Q:BELØB=3:SÆSON=EJSÆSON,2012-08-01,129.0
DST:FIKS22:BRANCHE07=Q:BELØB=3:SÆSON=EJSÆSON,2012-09-01,128.0
DST:FIKS22:BRANCHE07=Q:BELØB=3:SÆSON=EJSÆSON,2012-10-01,171.0
DST:FIKS22:BRANCHE07=Q:BELØB=3:SÆSON=EJSÆSON,2012-11-01,149.0
DST:FIKS22:BRANCHE07=Q:BELØB=3:SÆSON=EJSÆSON,2012-12-01,177.0
DST:FIKS22:BRANCHE07=Q:BELØB=3:SÆSON=EJSÆSON,2013-01-01,134.0
DST:FIKS22:BRANCHE07=Q:BELØB=3:SÆSON=EJSÆSON,2013-02-01,95.0
DST:FIKS22:BRANCHE07=Q:BELØB=3:SÆSON=EJSÆSON,2013-03-01,134.0
DST:FIKS22:BRANCHE07=Q:BELØB=3:SÆSON=EJSÆSON,2013-04-01,116.0
DST:FIKS22:BRANCHE07=Q:BELØB=3:SÆSON=EJSÆSON,2013-05-01,145.0
DST:FIKS22:BRANCHE07=Q:BELØB=3:SÆSON=EJSÆSON,2013-06-01,155.0
DST:FIKS22:BRANCHE07=Q:BELØB=3:SÆSON=EJSÆSON,2013-07-01,138.0
DST:FIKS22:BRANCHE07=Q:BELØB=3:SÆSON=EJSÆSON,2013-08-01,125.0
DST:FIKS22:BRANCHE07=Q:BELØB=3:SÆSON=EJSÆSON,2013-09-01,121.0
DST:FIKS22:BRANCHE07=Q:BELØB=3:SÆSON=EJSÆSON,2013-10-01,149.0
DST:FIKS22:BRANCHE07=Q:BELØB=3:SÆSON=EJSÆSON,2013-11-01,128.0
DST:FIKS22:BRANCHE07=Q:BELØB=3:SÆSON=EJSÆSON,2013-12-01,184.0
DST:FIKS22:BRANCHE07=Q:BELØB=3:SÆSON=EJSÆSON,2014-01-01,153.0
DST:FIKS22:BRANCHE07=Q:BELØB=3:SÆSON=EJSÆSON,2014-02-01,87.0
DST:FIKS22:BRANCHE07=Q:BELØB=3:SÆSON=EJSÆSON,2014-03-01,131.0
DST:FIKS22:BRANCHE07=Q:BELØB=3:SÆSON=EJSÆSON,2014-04-01,147.0
DST:FIKS22:BRANCHE07=Q:BELØB=3:SÆSON=EJSÆSON,2014-05-01,140.0
DST:FIKS22:BRANCHE07=Q:BELØB=3:SÆSON=EJSÆSON,2014-06-01,174.0
DST:FIKS22:BRANCHE07=Q:BELØB=3:SÆSON=EJSÆSON,2014-07-01,165.0
DST:FIKS22:BRANCHE07=Q:BELØB=3:SÆSON=EJSÆSON,2014-08-01,181.0
DST:FIKS22:BRANCHE07=Q:BELØB=3:SÆSON=EJSÆSON,2014-09-01,111.0
DST:FIKS22:BRANCHE07=Q:BELØB=3:SÆSON=EJSÆSON,2014-10-01,96.0
DST:FIKS22:BRANCHE07=Q:BELØB=3:SÆSON=EJSÆSON,2014-11-01,136.0
DST:FIKS22:BRANCHE07=Q:BELØB=3:SÆSON=EJSÆSON,2014-12-01,234.0
DST:FIKS22:BRANCHE07=Q:BELØB=3:SÆSON=EJSÆSON,2015-01-01,157.0
DST:FIKS22:BRANCHE07=Q:BELØB=3:SÆSON=EJSÆSON,2015-02-01,100.0
DST:FIKS22:BRANCHE07=Q:BELØB=3:SÆSON=EJSÆSON,2015-03-01,155.0
DST:FIKS22:BRANCHE07=Q:BELØB=3:SÆSON=EJSÆSON,2015-04-01,127.0
DST:FIKS22:BRANCHE07=Q:BELØB=3:SÆSON=EJSÆSON,2015-05-01,170.0
DST:FIKS22:BRANCHE07=Q:BELØB=3:SÆSON=EJSÆSON,2015-06-01,189.0
DST:FIKS22:BRANCHE07=Q:BELØB=3:SÆSON=EJSÆSON,2015-07-01,156.0
DST:FIKS22:BRANCHE07=Q:BELØB=3:SÆSON=EJSÆSON,2015-08-01,117.0
DST:FIKS22:BRANCHE07=Q:BELØB=3:SÆSON=EJSÆSON,2015-09-01,158.0
DST:FIKS22:BRANCHE07=Q:BELØB=3:SÆSON=EJSÆSON,2015-10-01,145.0
DST:FIKS22:BRANCHE07=Q:BELØB=3:SÆSON=EJSÆSON,2015-11-01,179.0
DST:FIKS22:BRANCHE07=Q:BELØB=3:SÆSON=EJSÆSON,2015-12-01,242.0
DST:FIKS22:BRANCHE07=Q:BELØB=3:SÆSON=EJSÆSON,2016-01-01,169.0
DST:FIKS22:BRANCHE07=Q:BELØB=3:SÆSON=EJSÆSON,2016-02-01,127.0
DST:FIKS22:BRANCHE07=Q:BELØB=3:SÆSON=EJSÆSON,2016-03-01,123.0
DST:FIKS22:BRANCHE07=Q:BELØB=3:SÆSON=EJSÆSON,2016-04-01,162.0
DST:FIKS22:BRANCHE07=Q:BELØB=3:SÆSON=EJSÆSON,2016-05-01,147.0
DST:FIKS22:BRANCHE07=Q:BELØB=3:SÆSON=EJSÆSON,2016-06-01,233.0
DST:FIKS22:BRANCHE07=Q:BELØB=3:SÆSON=EJSÆSON,2016-07-01,139.0
DST:FIKS22:BRANCHE07=Q:BELØB=3:SÆSON=EJSÆSON,2016-08-01,136.0
DST:FIKS22:BRANCHE07=Q:BELØB=3:SÆSON=EJSÆSON,2016-09-01,200.0
DST:FIKS22:BRANCHE07=Q:BELØB=3:SÆSON=EJSÆSON,2016-10-01,152.0
DST:FIKS22:BRANCHE07=Q:BELØB=3:SÆSON=EJSÆSON,2016-11-01,174.0
DST:FIKS22:BRANCHE07=Q:BELØB=3:SÆSON=EJSÆSON,2016-12-01,231.0
DST:FIKS22:BRANCHE07=Q:BELØB=3:SÆSON=EJSÆSON,2017-01-01,162.0
DST:FIKS22:BRANCHE07=Q:BELØB=3:SÆSON=EJSÆSON,2017-02-01,149.0
DST:FIKS22:BRANCHE07=Q:BELØB=3:SÆSON=EJSÆSON,2017-03-01,147.0
DST:FIKS22:BRANCHE07=Q:BELØB=3:SÆSON=EJSÆSON,2017-04-01,168.0
DST:FIKS22:BRANCHE07=Q:BELØB=3:SÆSON=EJSÆSON,2017-05-01,137.0
DST:FIKS22:BRANCHE07=Q:BELØB=3:SÆSON=EJSÆSON,2017-06-01,266.0
DST:FIKS22:BRANCHE07=Q:BELØB=3:SÆSON=EJSÆSON,2017-07-01,163.0
DST:FIKS22:BRANCHE07=Q:BELØB=3:SÆSON=EJSÆSON,2017-08-01,151.0
DST:FIKS22:BRANCHE07=Q:BELØB=3:SÆSON=EJSÆSON,2017-09-01,181.0
DST:FIKS22:BRANCHE07=Q:BELØB=3:SÆSON=EJSÆSON,2017-10-01,182.0
DST:FIKS22:BRANCHE07=Q:BELØB=3:SÆSON=EJSÆSON,2017-11-01,250.0
DST:FIKS22:BRANCHE07=Q:BELØB=3:SÆSON=EJSÆSON,2017-12-01,266.0
DST:FIKS22:BRANCHE07=Q:BELØB=3:SÆSON=EJSÆSON,2018-01-01,150.0
DST:FIKS22:BRANCHE07=Q:BELØB=3:SÆSON=EJSÆSON,2018-02-01,223.0
DST:FIKS22:BRANCHE07=Q:BELØB=3:SÆSON=EJSÆSON,2018-03-01,149.0
DST:FIKS22:BRANCHE07=Q:BELØB=3:SÆSON=EJSÆSON,2018-04-01,217.0
DST:FIKS22:BRANCHE07=Q:BELØB=3:SÆSON=EJSÆSON,2018-05-01,147.0
DST:FIKS22:BRANCHE07=Q:BELØB=3:SÆSON=EJSÆSON,2018-06-01,242.0
DST:FIKS22:BRANCHE07=Q:BELØB=3:SÆSON=EJSÆSON,2018-07-01,235.0
DST:FIKS22:BRANCHE07=Q:BELØB=3:SÆSON=EJSÆSON,2018-08-01,182.0
DST:FIKS22:BRANCHE07=Q:BELØB=3:SÆSON=EJSÆSON,2018-09-01,187.0
DST:FIKS22:BRANCHE07=Q:BELØB=3:SÆSON=EJSÆSON,2018-10-01,221.0
DST:FIKS22:BRANCHE07=Q:BELØB=3:SÆSON=EJSÆSON,2018-11-01,246.0
DST:FIKS22:BRANCHE07=Q:BELØB=3:SÆSON=EJSÆSON,2018-12-01,278.0
DST:FIKS22:BRANCHE07=Q:BELØB=3:SÆSON=EJSÆSON,2019-01-01,288.0
DST:FIKS22:BRANCHE07=Q:BELØB=3:SÆSON=EJSÆSON,2019-02-01,290.0
DST:FIKS22:BRANCHE07=Q:BELØB=3:SÆSON=EJSÆSON,2019-03-01,-94.0
DST:FIKS22:BRANCHE07=Q:BELØB=3:SÆSON=EJSÆSON,2019-04-01,172.0
DST:FIKS22:BRANCHE07=Q:BELØB=3:SÆSON=EJSÆSON,2019-05-01,242.0
DST:FIKS22:BRANCHE07=Q:BELØB=3:SÆSON=EJSÆSON,2019-06-01,224.0
DST:FIKS22:BRANCHE07=Q:BELØB=3:SÆSON=EJSÆSON,2019-07-01,250.0
DST:FIKS22:BRANCHE07=Q:BELØB=3:SÆSON=EJSÆSON,2019-08-01,186.0
DST:FIKS22:BRANCHE07=Q:BELØB=3:SÆSON=EJSÆSON,2019-09-01,182.0
DST:FIKS22:BRANCHE07=Q:BELØB=3:SÆSON=EJSÆSON,2019-10-01,192.0
DST:FIKS22:BRANCHE07=Q:BELØB=3:SÆSON=EJSÆSON,2019-11-01,200.0
DST:FIKS22:BRANCHE07=Q:BELØB=3:SÆSON=EJSÆSON,2019-12-01,327.0
DST:FIKS22:BRANCHE07=Q:BELØB=3:SÆSON=EJSÆSON,2020-01-01,187.0
DST:FIKS22:BRANCHE07=Q:BELØB=3:SÆSON=EJSÆSON,2020-02-01,175.0
DST:FIKS22:BRANCHE07=Q:BELØB=3:SÆSON=EJSÆSON,2020-03-01,171.0
DST:FIKS22:BRANCHE07=Q:BELØB=3:SÆSON=EJSÆSON,2020-04-01,235.0
DST:FIKS22:BRANCHE07=Q:BELØB=3:SÆSON=EJSÆSON,2020-05-01,174.0
DST:FIKS22:BRANCHE07=Q:BELØB=3:SÆSON=EJSÆSON,2020-06-01,172.0
DST:FIKS22:BRANCHE07=Q:BELØB=3:SÆSON=EJSÆSON,2020-07-01,162.0
DST:FIKS22:BRANCHE07=Q:BELØB=3:SÆSON=EJSÆSON,2020-08-01,192.0
DST:FIKS22:BRANCHE07=Q:BELØB=3:SÆSON=EJSÆSON,2020-09-01,190.0
DST:FIKS22:BRANCHE07=Q:BELØB=3:SÆSON=EJSÆSON,2020-10-01,198.0
DST:FIKS22:BRANCHE07=Q:BELØB=3:SÆSON=EJSÆSON,2020-11-01,214.0
DST:FIKS22:BRANCHE07=Q:BELØB=3:SÆSON=EJSÆSON,2020-12-01,310.0
DST:FIKS22:BRANCHE07=Q:BELØB=3:SÆSON=EJSÆSON,2021-01-01,268.0
DST:FIKS22:BRANCHE07=Q:BELØB=3:SÆSON=EJSÆSON,2021-02-01,195.0
DST:FIKS22:BRANCHE07=Q:BELØB=3:SÆSON=EJSÆSON,2021-03-01,249.0
DST:FIKS22:BRANCHE07=Q:BELØB=3:SÆSON=EJSÆSON,2021-04-01,287.0
DST:FIKS22:BRANCHE07=Q:BELØB=3:SÆSON=EJSÆSON,2021-05-01,263.0
DST:FIKS22:BRANCHE07=Q:BELØB=3:SÆSON=EJSÆSON,2021-06-01,296.0
DST:FIKS22:BRANCHE07=Q:BELØB=3:SÆSON=EJSÆSON,2021-07-01,255.0
DST:FIKS22:BRANCHE07=Q:BELØB=3:SÆSON=EJSÆSON,2021-08-01,202.0
DST:FIKS22:BRANCHE07=Q:BELØB=3:SÆSON=EJSÆSON,2021-09-01,275.0
DST:FIKS22:BRANCHE07=Q:BELØB=3:SÆSON=EJSÆSON,2021-10-01,331.0
DST:FIKS22:BRANCHE07=Q:BELØB=3:SÆSON=EJSÆSON,2021-11-01,353.0
DST:FIKS22:BRANCHE07=Q:BELØB=3:SÆSON=EJSÆSON,2021-12-01,213.0
DST:FIKS22:BRANCHE07=Q:BELØB=3:SÆSON=EJSÆSON,2022-01-01,489.0
DST:FIKS22:BRANCHE07=Q:BELØB=3:SÆSON=EJSÆSON,2022-02-01,223.0
DST:FIKS22:BRANCHE07=Q:BELØB=3:SÆSON=EJSÆSON,2022-03-01,308.0
DST:FIKS22:BRANCHE07=Q:BELØB=3:SÆSON=EJSÆSON,2022-04-01,296.0
DST:FIKS22:BRANCHE07=Q:BELØB=3:SÆSON=EJSÆSON,2022-05-01,211.0
DST:FIKS22:BRANCHE07=Q:BELØB=3:SÆSON=EJSÆSON,2022-06-01,264.0
DST:FIKS22:BRANCHE07=Q:BELØB=3:SÆSON=EJSÆSON,2022-07-01,216.0
DST:FIKS22:BRANCHE07=Q:BELØB=3:SÆSON=EJSÆSON,2022-08-01,256.0
DST:FIKS22:BRANCHE07=Q:BELØB=3:SÆSON=EJSÆSON,2022-09-01,290.0
DST:FIKS22:BRANCHE07=Q:BELØB=3:SÆSON=EJSÆSON,2022-10-01,250.0
DST:FIKS22:BRANCHE07=Q:BELØB=3:SÆSON=EJSÆSON,2022-11-01,239.0
DST:FIKS22:BRANCHE07=Q:BELØB=3:SÆSON=EJSÆSON,2022-12-01,582.0
DST:FIKS22:BRANCHE07=Q:BELØB=3:SÆSON=EJSÆSON,2023-01-01,391.0
DST:FIKS22:BRANCHE07=Q:BELØB=3:SÆSON=EJSÆSON,2023-02-01,237.0
DST:FIKS22:BRANCHE07=Q:BELØB=3:SÆSON=EJSÆSON,2023-03-01,269.0
DST:FIKS22:BRANCHE07=Q:BELØB=3:SÆSON=EJSÆSON,2023-04-01,254.0
DST:FIKS22:BRANCHE07=Q:BELØB=3:SÆSON=EJSÆSON,2023-05-01,266.0
DST:FIKS22:BRANCHE07=Q:BELØB=3:SÆSON=EJSÆSON,2023-06-01,456.0
DST:FIKS22:BRANCHE07=Q:BELØB=3:SÆSON=EJSÆSON,2023-07-01,259.0
DST:FIKS22:BRANCHE07=Q:BELØB=3:SÆSON=EJSÆSON,2023-08-01,306.0
DST:FIKS22:BRANCHE07=Q:BELØB=3:SÆSON=EJSÆSON,2023-09-01,311.0
DST:FIKS22:BRANCHE07=Q:BELØB=3:SÆSON=EJSÆSON,2023-10-01,313.0
DST:FIKS22:BRANCHE07=Q:BELØB=3:SÆSON=EJSÆSON,2023-11-01,361.0
DST:FIKS22:BRANCHE07=Q:BELØB=3:SÆSON=EJSÆSON,2023-12-01,377.0
DST:FIKS22:BRANCHE07=Q:BELØB=3:SÆSON=EJSÆSON,2024-01-01,235.0
DST:FIKS22:BRANCHE07=Q:BELØB=3:SÆSON=EJSÆSON,2024-02-01,244.0
DST:FIKS22:BRANCHE07=Q:BELØB=3:SÆSON=EJSÆSON,2024-03-01,260.0
DST:FIKS22:BRANCHE07=Q:BELØB=3:SÆSON=EJSÆSON,2024-04-01,255.0
DST:FIKS22:BRANCHE07=Q:BELØB=3:SÆSON=EJSÆSON,2024-05-01,265.0
DST:FIKS22:BRANCHE07=Q:BELØB=3:SÆSON=EJSÆSON,2024-06-01,435.0
DST:FIKS22:BRANCHE07=Q:BELØB=3:SÆSON=EJSÆSON,2024-07-01,298.0
DST:FIKS22:BRANCHE07=Q:BELØB=3:SÆSON=EJSÆSON,2024-08-01,212.0
DST:FIKS22:BRANCHE07=Q:BELØB=3:SÆSON=EJSÆSON,2024-09-01,350.0
DST:FIKS22:BRANCHE07=Q:BELØB=3:SÆSON=EJSÆSON,2024-10-01,262.0
DST:FIKS22:BRANCHE07=Q:BELØB=3:SÆSON=EJSÆSON,2024-11-01,266.0
DST:FIKS22:BRANCHE07=Q:BELØB=3:SÆSON=EJSÆSON,2024-12-01,590.0
DST:FIKS22:BRANCHE07=Q:BELØB=3:SÆSON=EJSÆSON,2025-01-01,311.0
DST:FIKS22:BRANCHE07=Q:BELØB=3:SÆSON=EJSÆSON,2025-02-01,199.0
DST:FIKS22:BRANCHE07=Q:BELØB=3:SÆSON=EJSÆSON,2025-03-01,276.0
DST:FIKS22:BRANCHE07=Q:BELØB=3:SÆSON=EJSÆSON,2025-04-01,294.0
DST:FIKS22:BRANCHE07=Q:BELØB=3:SÆSON=EJSÆSON,2025-05-01,252.0
DST:FIKS22:BRANCHE07=Q:BELØB=3:SÆSON=EJSÆSON,2025-06-01,319.0
DST:FIKS22:BRANCHE07=Q:BELØB=3:SÆSON=EJSÆSON,2025-07-01,276.0
DST:FIKS22:BRANCHE07=Q:BELØB=3:SÆSON=EJSÆSON,2025-08-01,319.0
DST:FIKS22:BRANCHE07=Q:BELØB=3:SÆSON=EJSÆSON,2025-09-01,286.0
DST:FIKS22:BRANCHE07=Q:BELØB=3:SÆSON=EJSÆSON,2025-10-01,299.0
DST:FIKS22:BRANCHE07=Q:BELØB=3:SÆSON=EJSÆSON,2025-11-01,428.0
DST:FIKS22:BRANCHE07=Q:BELØB=3:SÆSON=EJSÆSON,2025-12-01,446.0
DST:FIKS22:BRANCHE07=Q:BELØB=3:SÆSON=EJSÆSON,2026-01-01,245.0
DST:FIKS22:BRANCHE07=Q:BELØB=3:SÆSON=EJSÆSON,2026-02-01,294.0
DST:FIKS22:BRANCHE07=Q:BELØB=3:SÆSON=EJSÆSON,2026-03-01,298.0
DST:FIKS22:BRANCHE07=Q:BELØB=3:SÆSON=SÆSON,2009-01-01,122.0
DST:FIKS22:BRANCHE07=Q:BELØB=3:SÆSON=SÆSON,2009-02-01,115.0
DST:FIKS22:BRANCHE07=Q:BELØB=3:SÆSON=SÆSON,2009-03-01,117.0
DST:FIKS22:BRANCHE07=Q:BELØB=3:SÆSON=SÆSON,2009-04-01,115.0
DST:FIKS22:BRANCHE07=Q:BELØB=3:SÆSON=SÆSON,2009-05-01,119.0
DST:FIKS22:BRANCHE07=Q:BELØB=3:SÆSON=SÆSON,2009-06-01,119.0
DST:FIKS22:BRANCHE07=Q:BELØB=3:SÆSON=SÆSON,2009-07-01,119.0
DST:FIKS22:BRANCHE07=Q:BELØB=3:SÆSON=SÆSON,2009-08-01,123.0
DST:FIKS22:BRANCHE07=Q:BELØB=3:SÆSON=SÆSON,2009-09-01,132.0
DST:FIKS22:BRANCHE07=Q:BELØB=3:SÆSON=SÆSON,2009-10-01,127.0
DST:FIKS22:BRANCHE07=Q:BELØB=3:SÆSON=SÆSON,2009-11-01,123.0
DST:FIKS22:BRANCHE07=Q:BELØB=3:SÆSON=SÆSON,2009-12-01,132.0
DST:FIKS22:BRANCHE07=Q:BELØB=3:SÆSON=SÆSON,2010-01-01,116.0
DST:FIKS22:BRANCHE07=Q:BELØB=3:SÆSON=SÆSON,2010-02-01,130.0
DST:FIKS22:BRANCHE07=Q:BELØB=3:SÆSON=SÆSON,2010-03-01,127.0
DST:FIKS22:BRANCHE07=Q:BELØB=3:SÆSON=SÆSON,2010-04-01,135.0
DST:FIKS22:BRANCHE07=Q:BELØB=3:SÆSON=SÆSON,2010-05-01,118.0
DST:FIKS22:BRANCHE07=Q:BELØB=3:SÆSON=SÆSON,2010-06-01,134.0
DST:FIKS22:BRANCHE07=Q:BELØB=3:SÆSON=SÆSON,2010-07-01,120.0
DST:FIKS22:BRANCHE07=Q:BELØB=3:SÆSON=SÆSON,2010-08-01,122.0
DST:FIKS22:BRANCHE07=Q:BELØB=3:SÆSON=SÆSON,2010-09-01,120.0
DST:FIKS22:BRANCHE07=Q:BELØB=3:SÆSON=SÆSON,2010-10-01,115.0
DST:FIKS22:BRANCHE07=Q:BELØB=3:SÆSON=SÆSON,2010-11-01,152.0
DST:FIKS22:BRANCHE07=Q:BELØB=3:SÆSON=SÆSON,2010-12-01,128.0
DST:FIKS22:BRANCHE07=Q:BELØB=3:SÆSON=SÆSON,2011-01-01,97.0
DST:FIKS22:BRANCHE07=Q:BELØB=3:SÆSON=SÆSON,2011-02-01,131.0
DST:FIKS22:BRANCHE07=Q:BELØB=3:SÆSON=SÆSON,2011-03-01,174.0
DST:FIKS22:BRANCHE07=Q:BELØB=3:SÆSON=SÆSON,2011-04-01,118.0
DST:FIKS22:BRANCHE07=Q:BELØB=3:SÆSON=SÆSON,2011-05-01,156.0
DST:FIKS22:BRANCHE07=Q:BELØB=3:SÆSON=SÆSON,2011-06-01,134.0
DST:FIKS22:BRANCHE07=Q:BELØB=3:SÆSON=SÆSON,2011-07-01,94.0
DST:FIKS22:BRANCHE07=Q:BELØB=3:SÆSON=SÆSON,2011-08-01,141.0
DST:FIKS22:BRANCHE07=Q:BELØB=3:SÆSON=SÆSON,2011-09-01,143.0
DST:FIKS22:BRANCHE07=Q:BELØB=3:SÆSON=SÆSON,2011-10-01,134.0
DST:FIKS22:BRANCHE07=Q:BELØB=3:SÆSON=SÆSON,2011-11-01,130.0
DST:FIKS22:BRANCHE07=Q:BELØB=3:SÆSON=SÆSON,2011-12-01,139.0
DST:FIKS22:BRANCHE07=Q:BELØB=3:SÆSON=SÆSON,2012-01-01,145.0
DST:FIKS22:BRANCHE07=Q:BELØB=3:SÆSON=SÆSON,2012-02-01,162.0
DST:FIKS22:BRANCHE07=Q:BELØB=3:SÆSON=SÆSON,2012-03-01,139.0
DST:FIKS22:BRANCHE07=Q:BELØB=3:SÆSON=SÆSON,2012-04-01,148.0
DST:FIKS22:BRANCHE07=Q:BELØB=3:SÆSON=SÆSON,2012-05-01,139.0
DST:FIKS22:BRANCHE07=Q:BELØB=3:SÆSON=SÆSON,2012-06-01,140.0
DST:FIKS22:BRANCHE07=Q:BELØB=3:SÆSON=SÆSON,2012-07-01,165.0
DST:FIKS22:BRANCHE07=Q:BELØB=3:SÆSON=SÆSON,2012-08-01,147.0
DST:FIKS22:BRANCHE07=Q:BELØB=3:SÆSON=SÆSON,2012-09-01,143.0
DST:FIKS22:BRANCHE07=Q:BELØB=3:SÆSON=SÆSON,2012-10-01,166.0
DST:FIKS22:BRANCHE07=Q:BELØB=3:SÆSON=SÆSON,2012-11-01,156.0
DST:FIKS22:BRANCHE07=Q:BELØB=3:SÆSON=SÆSON,2012-12-01,129.0
DST:FIKS22:BRANCHE07=Q:BELØB=3:SÆSON=SÆSON,2013-01-01,132.0
DST:FIKS22:BRANCHE07=Q:BELØB=3:SÆSON=SÆSON,2013-02-01,130.0
DST:FIKS22:BRANCHE07=Q:BELØB=3:SÆSON=SÆSON,2013-03-01,142.0
DST:FIKS22:BRANCHE07=Q:BELØB=3:SÆSON=SÆSON,2013-04-01,127.0
DST:FIKS22:BRANCHE07=Q:BELØB=3:SÆSON=SÆSON,2013-05-01,145.0
DST:FIKS22:BRANCHE07=Q:BELØB=3:SÆSON=SÆSON,2013-06-01,127.0
DST:FIKS22:BRANCHE07=Q:BELØB=3:SÆSON=SÆSON,2013-07-01,128.0
DST:FIKS22:BRANCHE07=Q:BELØB=3:SÆSON=SÆSON,2013-08-01,146.0
DST:FIKS22:BRANCHE07=Q:BELØB=3:SÆSON=SÆSON,2013-09-01,137.0
DST:FIKS22:BRANCHE07=Q:BELØB=3:SÆSON=SÆSON,2013-10-01,145.0
DST:FIKS22:BRANCHE07=Q:BELØB=3:SÆSON=SÆSON,2013-11-01,131.0
DST:FIKS22:BRANCHE07=Q:BELØB=3:SÆSON=SÆSON,2013-12-01,130.0
DST:FIKS22:BRANCHE07=Q:BELØB=3:SÆSON=SÆSON,2014-01-01,149.0
DST:FIKS22:BRANCHE07=Q:BELØB=3:SÆSON=SÆSON,2014-02-01,125.0
DST:FIKS22:BRANCHE07=Q:BELØB=3:SÆSON=SÆSON,2014-03-01,141.0
DST:FIKS22:BRANCHE07=Q:BELØB=3:SÆSON=SÆSON,2014-04-01,158.0
DST:FIKS22:BRANCHE07=Q:BELØB=3:SÆSON=SÆSON,2014-05-01,141.0
DST:FIKS22:BRANCHE07=Q:BELØB=3:SÆSON=SÆSON,2014-06-01,142.0
DST:FIKS22:BRANCHE07=Q:BELØB=3:SÆSON=SÆSON,2014-07-01,161.0
DST:FIKS22:BRANCHE07=Q:BELØB=3:SÆSON=SÆSON,2014-08-01,205.0
DST:FIKS22:BRANCHE07=Q:BELØB=3:SÆSON=SÆSON,2014-09-01,124.0
DST:FIKS22:BRANCHE07=Q:BELØB=3:SÆSON=SÆSON,2014-10-01,96.0
DST:FIKS22:BRANCHE07=Q:BELØB=3:SÆSON=SÆSON,2014-11-01,132.0
DST:FIKS22:BRANCHE07=Q:BELØB=3:SÆSON=SÆSON,2014-12-01,173.0
DST:FIKS22:BRANCHE07=Q:BELØB=3:SÆSON=SÆSON,2015-01-01,155.0
DST:FIKS22:BRANCHE07=Q:BELØB=3:SÆSON=SÆSON,2015-02-01,137.0
DST:FIKS22:BRANCHE07=Q:BELØB=3:SÆSON=SÆSON,2015-03-01,171.0
DST:FIKS22:BRANCHE07=Q:BELØB=3:SÆSON=SÆSON,2015-04-01,133.0
DST:FIKS22:BRANCHE07=Q:BELØB=3:SÆSON=SÆSON,2015-05-01,178.0
DST:FIKS22:BRANCHE07=Q:BELØB=3:SÆSON=SÆSON,2015-06-01,152.0
DST:FIKS22:BRANCHE07=Q:BELØB=3:SÆSON=SÆSON,2015-07-01,155.0
DST:FIKS22:BRANCHE07=Q:BELØB=3:SÆSON=SÆSON,2015-08-01,144.0
DST:FIKS22:BRANCHE07=Q:BELØB=3:SÆSON=SÆSON,2015-09-01,170.0
DST:FIKS22:BRANCHE07=Q:BELØB=3:SÆSON=SÆSON,2015-10-01,148.0
DST:FIKS22:BRANCHE07=Q:BELØB=3:SÆSON=SÆSON,2015-11-01,167.0
DST:FIKS22:BRANCHE07=Q:BELØB=3:SÆSON=SÆSON,2015-12-01,176.0
DST:FIKS22:BRANCHE07=Q:BELØB=3:SÆSON=SÆSON,2016-01-01,174.0
DST:FIKS22:BRANCHE07=Q:BELØB=3:SÆSON=SÆSON,2016-02-01,159.0
DST:FIKS22:BRANCHE07=Q:BELØB=3:SÆSON=SÆSON,2016-03-01,144.0
DST:FIKS22:BRANCHE07=Q:BELØB=3:SÆSON=SÆSON,2016-04-01,165.0
DST:FIKS22:BRANCHE07=Q:BELØB=3:SÆSON=SÆSON,2016-05-01,161.0
DST:FIKS22:BRANCHE07=Q:BELØB=3:SÆSON=SÆSON,2016-06-01,196.0
DST:FIKS22:BRANCHE07=Q:BELØB=3:SÆSON=SÆSON,2016-07-01,140.0
DST:FIKS22:BRANCHE07=Q:BELØB=3:SÆSON=SÆSON,2016-08-01,165.0
DST:FIKS22:BRANCHE07=Q:BELØB=3:SÆSON=SÆSON,2016-09-01,211.0
DST:FIKS22:BRANCHE07=Q:BELØB=3:SÆSON=SÆSON,2016-10-01,157.0
DST:FIKS22:BRANCHE07=Q:BELØB=3:SÆSON=SÆSON,2016-11-01,157.0
DST:FIKS22:BRANCHE07=Q:BELØB=3:SÆSON=SÆSON,2016-12-01,157.0
DST:FIKS22:BRANCHE07=Q:BELØB=3:SÆSON=SÆSON,2017-01-01,175.0
DST:FIKS22:BRANCHE07=Q:BELØB=3:SÆSON=SÆSON,2017-02-01,173.0
DST:FIKS22:BRANCHE07=Q:BELØB=3:SÆSON=SÆSON,2017-03-01,175.0
DST:FIKS22:BRANCHE07=Q:BELØB=3:SÆSON=SÆSON,2017-04-01,163.0
DST:FIKS22:BRANCHE07=Q:BELØB=3:SÆSON=SÆSON,2017-05-01,157.0
DST:FIKS22:BRANCHE07=Q:BELØB=3:SÆSON=SÆSON,2017-06-01,234.0
DST:FIKS22:BRANCHE07=Q:BELØB=3:SÆSON=SÆSON,2017-07-01,165.0
DST:FIKS22:BRANCHE07=Q:BELØB=3:SÆSON=SÆSON,2017-08-01,178.0
DST:FIKS22:BRANCHE07=Q:BELØB=3:SÆSON=SÆSON,2017-09-01,192.0
DST:FIKS22:BRANCHE07=Q:BELØB=3:SÆSON=SÆSON,2017-10-01,187.0
DST:FIKS22:BRANCHE07=Q:BELØB=3:SÆSON=SÆSON,2017-11-01,229.0
DST:FIKS22:BRANCHE07=Q:BELØB=3:SÆSON=SÆSON,2017-12-01,185.0
DST:FIKS22:BRANCHE07=Q:BELØB=3:SÆSON=SÆSON,2018-01-01,168.0
DST:FIKS22:BRANCHE07=Q:BELØB=3:SÆSON=SÆSON,2018-02-01,245.0
DST:FIKS22:BRANCHE07=Q:BELØB=3:SÆSON=SÆSON,2018-03-01,179.0
DST:FIKS22:BRANCHE07=Q:BELØB=3:SÆSON=SÆSON,2018-04-01,208.0
DST:FIKS22:BRANCHE07=Q:BELØB=3:SÆSON=SÆSON,2018-05-01,170.0
DST:FIKS22:BRANCHE07=Q:BELØB=3:SÆSON=SÆSON,2018-06-01,220.0
DST:FIKS22:BRANCHE07=Q:BELØB=3:SÆSON=SÆSON,2018-07-01,240.0
DST:FIKS22:BRANCHE07=Q:BELØB=3:SÆSON=SÆSON,2018-08-01,206.0
DST:FIKS22:BRANCHE07=Q:BELØB=3:SÆSON=SÆSON,2018-09-01,199.0
DST:FIKS22:BRANCHE07=Q:BELØB=3:SÆSON=SÆSON,2018-10-01,224.0
DST:FIKS22:BRANCHE07=Q:BELØB=3:SÆSON=SÆSON,2018-11-01,223.0
DST:FIKS22:BRANCHE07=Q:BELØB=3:SÆSON=SÆSON,2018-12-01,190.0
DST:FIKS22:BRANCHE07=Q:BELØB=3:SÆSON=SÆSON,2019-01-01,310.0
DST:FIKS22:BRANCHE07=Q:BELØB=3:SÆSON=SÆSON,2019-02-01,316.0
DST:FIKS22:BRANCHE07=Q:BELØB=3:SÆSON=SÆSON,2019-03-01,-65.0
DST:FIKS22:BRANCHE07=Q:BELØB=3:SÆSON=SÆSON,2019-04-01,155.0
DST:FIKS22:BRANCHE07=Q:BELØB=3:SÆSON=SÆSON,2019-05-01,268.0
DST:FIKS22:BRANCHE07=Q:BELØB=3:SÆSON=SÆSON,2019-06-01,211.0
DST:FIKS22:BRANCHE07=Q:BELØB=3:SÆSON=SÆSON,2019-07-01,260.0
DST:FIKS22:BRANCHE07=Q:BELØB=3:SÆSON=SÆSON,2019-08-01,205.0
DST:FIKS22:BRANCHE07=Q:BELØB=3:SÆSON=SÆSON,2019-09-01,193.0
DST:FIKS22:BRANCHE07=Q:BELØB=3:SÆSON=SÆSON,2019-10-01,192.0
DST:FIKS22:BRANCHE07=Q:BELØB=3:SÆSON=SÆSON,2019-11-01,175.0
DST:FIKS22:BRANCHE07=Q:BELØB=3:SÆSON=SÆSON,2019-12-01,234.0
DST:FIKS22:BRANCHE07=Q:BELØB=3:SÆSON=SÆSON,2020-01-01,209.0
DST:FIKS22:BRANCHE07=Q:BELØB=3:SÆSON=SÆSON,2020-02-01,207.0
DST:FIKS22:BRANCHE07=Q:BELØB=3:SÆSON=SÆSON,2020-03-01,196.0
DST:FIKS22:BRANCHE07=Q:BELØB=3:SÆSON=SÆSON,2020-04-01,219.0
DST:FIKS22:BRANCHE07=Q:BELØB=3:SÆSON=SÆSON,2020-05-01,200.0
DST:FIKS22:BRANCHE07=Q:BELØB=3:SÆSON=SÆSON,2020-06-01,168.0
DST:FIKS22:BRANCHE07=Q:BELØB=3:SÆSON=SÆSON,2020-07-01,179.0
DST:FIKS22:BRANCHE07=Q:BELØB=3:SÆSON=SÆSON,2020-08-01,206.0
DST:FIKS22:BRANCHE07=Q:BELØB=3:SÆSON=SÆSON,2020-09-01,198.0
DST:FIKS22:BRANCHE07=Q:BELØB=3:SÆSON=SÆSON,2020-10-01,195.0
DST:FIKS22:BRANCHE07=Q:BELØB=3:SÆSON=SÆSON,2020-11-01,184.0
DST:FIKS22:BRANCHE07=Q:BELØB=3:SÆSON=SÆSON,2020-12-01,213.0
DST:FIKS22:BRANCHE07=Q:BELØB=3:SÆSON=SÆSON,2021-01-01,291.0
DST:FIKS22:BRANCHE07=Q:BELØB=3:SÆSON=SÆSON,2021-02-01,234.0
DST:FIKS22:BRANCHE07=Q:BELØB=3:SÆSON=SÆSON,2021-03-01,271.0
DST:FIKS22:BRANCHE07=Q:BELØB=3:SÆSON=SÆSON,2021-04-01,276.0
DST:FIKS22:BRANCHE07=Q:BELØB=3:SÆSON=SÆSON,2021-05-01,290.0
DST:FIKS22:BRANCHE07=Q:BELØB=3:SÆSON=SÆSON,2021-06-01,294.0
DST:FIKS22:BRANCHE07=Q:BELØB=3:SÆSON=SÆSON,2021-07-01,278.0
DST:FIKS22:BRANCHE07=Q:BELØB=3:SÆSON=SÆSON,2021-08-01,209.0
DST:FIKS22:BRANCHE07=Q:BELØB=3:SÆSON=SÆSON,2021-09-01,276.0
DST:FIKS22:BRANCHE07=Q:BELØB=3:SÆSON=SÆSON,2021-10-01,329.0
DST:FIKS22:BRANCHE07=Q:BELØB=3:SÆSON=SÆSON,2021-11-01,320.0
DST:FIKS22:BRANCHE07=Q:BELØB=3:SÆSON=SÆSON,2021-12-01,113.0
DST:FIKS22:BRANCHE07=Q:BELØB=3:SÆSON=SÆSON,2022-01-01,513.0
DST:FIKS22:BRANCHE07=Q:BELØB=3:SÆSON=SÆSON,2022-02-01,269.0
DST:FIKS22:BRANCHE07=Q:BELØB=3:SÆSON=SÆSON,2022-03-01,326.0
DST:FIKS22:BRANCHE07=Q:BELØB=3:SÆSON=SÆSON,2022-04-01,293.0
DST:FIKS22:BRANCHE07=Q:BELØB=3:SÆSON=SÆSON,2022-05-01,239.0
DST:FIKS22:BRANCHE07=Q:BELØB=3:SÆSON=SÆSON,2022-06-01,258.0
DST:FIKS22:BRANCHE07=Q:BELØB=3:SÆSON=SÆSON,2022-07-01,243.0
DST:FIKS22:BRANCHE07=Q:BELØB=3:SÆSON=SÆSON,2022-08-01,258.0
DST:FIKS22:BRANCHE07=Q:BELØB=3:SÆSON=SÆSON,2022-09-01,287.0
DST:FIKS22:BRANCHE07=Q:BELØB=3:SÆSON=SÆSON,2022-10-01,249.0
DST:FIKS22:BRANCHE07=Q:BELØB=3:SÆSON=SÆSON,2022-11-01,200.0
DST:FIKS22:BRANCHE07=Q:BELØB=3:SÆSON=SÆSON,2022-12-01,480.0
DST:FIKS22:BRANCHE07=Q:BELØB=3:SÆSON=SÆSON,2023-01-01,422.0
DST:FIKS22:BRANCHE07=Q:BELØB=3:SÆSON=SÆSON,2023-02-01,285.0
DST:FIKS22:BRANCHE07=Q:BELØB=3:SÆSON=SÆSON,2023-03-01,286.0
DST:FIKS22:BRANCHE07=Q:BELØB=3:SÆSON=SÆSON,2023-04-01,258.0
DST:FIKS22:BRANCHE07=Q:BELØB=3:SÆSON=SÆSON,2023-05-01,297.0
DST:FIKS22:BRANCHE07=Q:BELØB=3:SÆSON=SÆSON,2023-06-01,446.0
DST:FIKS22:BRANCHE07=Q:BELØB=3:SÆSON=SÆSON,2023-07-01,284.0
DST:FIKS22:BRANCHE07=Q:BELØB=3:SÆSON=SÆSON,2023-08-01,306.0
DST:FIKS22:BRANCHE07=Q:BELØB=3:SÆSON=SÆSON,2023-09-01,306.0
DST:FIKS22:BRANCHE07=Q:BELØB=3:SÆSON=SÆSON,2023-10-01,314.0
DST:FIKS22:BRANCHE07=Q:BELØB=3:SÆSON=SÆSON,2023-11-01,319.0
DST:FIKS22:BRANCHE07=Q:BELØB=3:SÆSON=SÆSON,2023-12-01,273.0
DST:FIKS22:BRANCHE07=Q:BELØB=3:SÆSON=SÆSON,2024-01-01,272.0
DST:FIKS22:BRANCHE07=Q:BELØB=3:SÆSON=SÆSON,2024-02-01,291.0
DST:FIKS22:BRANCHE07=Q:BELØB=3:SÆSON=SÆSON,2024-03-01,276.0
DST:FIKS22:BRANCHE07=Q:BELØB=3:SÆSON=SÆSON,2024-04-01,266.0
DST:FIKS22:BRANCHE07=Q:BELØB=3:SÆSON=SÆSON,2024-05-01,296.0
DST:FIKS22:BRANCHE07=Q:BELØB=3:SÆSON=SÆSON,2024-06-01,420.0
DST:FIKS22:BRANCHE07=Q:BELØB=3:SÆSON=SÆSON,2024-07-01,320.0
DST:FIKS22:BRANCHE07=Q:BELØB=3:SÆSON=SÆSON,2024-08-01,211.0
DST:FIKS22:BRANCHE07=Q:BELØB=3:SÆSON=SÆSON,2024-09-01,346.0
DST:FIKS22:BRANCHE07=Q:BELØB=3:SÆSON=SÆSON,2024-10-01,265.0
DST:FIKS22:BRANCHE07=Q:BELØB=3:SÆSON=SÆSON,2024-11-01,223.0
DST:FIKS22:BRANCHE07=Q:BELØB=3:SÆSON=SÆSON,2024-12-01,483.0
DST:FIKS22:BRANCHE07=Q:BELØB=3:SÆSON=SÆSON,2025-01-01,354.0
DST:FIKS22:BRANCHE07=Q:BELØB=3:SÆSON=SÆSON,2025-02-01,242.0
DST:FIKS22:BRANCHE07=Q:BELØB=3:SÆSON=SÆSON,2025-03-01,292.0
DST:FIKS22:BRANCHE07=Q:BELØB=3:SÆSON=SÆSON,2025-04-01,308.0
DST:FIKS22:BRANCHE07=Q:BELØB=3:SÆSON=SÆSON,2025-05-01,283.0
DST:FIKS22:BRANCHE07=Q:BELØB=3:SÆSON=SÆSON,2025-06-01,302.0
DST:FIKS22:BRANCHE07=Q:BELØB=3:SÆSON=SÆSON,2025-07-01,293.0
DST:FIKS22:BRANCHE07=Q:BELØB=3:SÆSON=SÆSON,2025-08-01,318.0
DST:FIKS22:BRANCHE07=Q:BELØB=3:SÆSON=SÆSON,2025-09-01,283.0
DST:FIKS22:BRANCHE07=Q:BELØB=3:SÆSON=SÆSON,2025-10-01,304.0
DST:FIKS22:BRANCHE07=Q:BELØB=3:SÆSON=SÆSON,2025-11-01,387.0
DST:FIKS22:BRANCHE07=Q:BELØB=3:SÆSON=SÆSON,2025-12-01,337.0
DST:FIKS22:BRANCHE07=Q:BELØB=3:SÆSON=SÆSON,2026-01-01,289.0
DST:FIKS22:BRANCHE07=Q:BELØB=3:SÆSON=SÆSON,2026-02-01,336.0
DST:FIKS22:BRANCHE07=Q:BELØB=3:SÆSON=SÆSON,2026-03-01,316.0
DST:FIKS22:BRANCHE07=Q:BELØB=4:SÆSON=EJSÆSON,2009-01-01,321.0
DST:FIKS22:BRANCHE07=Q:BELØB=4:SÆSON=EJSÆSON,2009-02-01,286.0
DST:FIKS22:BRANCHE07=Q:BELØB=4:SÆSON=EJSÆSON,2009-03-01,343.0
DST:FIKS22:BRANCHE07=Q:BELØB=4:SÆSON=EJSÆSON,2009-04-01,280.0
DST:FIKS22:BRANCHE07=Q:BELØB=4:SÆSON=EJSÆSON,2009-05-01,315.0
DST:FIKS22:BRANCHE07=Q:BELØB=4:SÆSON=EJSÆSON,2009-06-01,347.0
DST:FIKS22:BRANCHE07=Q:BELØB=4:SÆSON=EJSÆSON,2009-07-01,336.0
DST:FIKS22:BRANCHE07=Q:BELØB=4:SÆSON=EJSÆSON,2009-08-01,305.0
DST:FIKS22:BRANCHE07=Q:BELØB=4:SÆSON=EJSÆSON,2009-09-01,332.0
DST:FIKS22:BRANCHE07=Q:BELØB=4:SÆSON=EJSÆSON,2009-10-01,374.0
DST:FIKS22:BRANCHE07=Q:BELØB=4:SÆSON=EJSÆSON,2009-11-01,407.0
DST:FIKS22:BRANCHE07=Q:BELØB=4:SÆSON=EJSÆSON,2009-12-01,362.0
DST:FIKS22:BRANCHE07=Q:BELØB=4:SÆSON=EJSÆSON,2010-01-01,289.0
DST:FIKS22:BRANCHE07=Q:BELØB=4:SÆSON=EJSÆSON,2010-02-01,364.0
DST:FIKS22:BRANCHE07=Q:BELØB=4:SÆSON=EJSÆSON,2010-03-01,349.0
DST:FIKS22:BRANCHE07=Q:BELØB=4:SÆSON=EJSÆSON,2010-04-01,367.0
DST:FIKS22:BRANCHE07=Q:BELØB=4:SÆSON=EJSÆSON,2010-05-01,386.0
DST:FIKS22:BRANCHE07=Q:BELØB=4:SÆSON=EJSÆSON,2010-06-01,415.0
DST:FIKS22:BRANCHE07=Q:BELØB=4:SÆSON=EJSÆSON,2010-07-01,388.0
DST:FIKS22:BRANCHE07=Q:BELØB=4:SÆSON=EJSÆSON,2010-08-01,320.0
DST:FIKS22:BRANCHE07=Q:BELØB=4:SÆSON=EJSÆSON,2010-09-01,374.0
DST:FIKS22:BRANCHE07=Q:BELØB=4:SÆSON=EJSÆSON,2010-10-01,417.0
DST:FIKS22:BRANCHE07=Q:BELØB=4:SÆSON=EJSÆSON,2010-11-01,410.0
DST:FIKS22:BRANCHE07=Q:BELØB=4:SÆSON=EJSÆSON,2010-12-01,423.0
DST:FIKS22:BRANCHE07=Q:BELØB=4:SÆSON=EJSÆSON,2011-01-01,342.0
DST:FIKS22:BRANCHE07=Q:BELØB=4:SÆSON=EJSÆSON,2011-02-01,367.0
DST:FIKS22:BRANCHE07=Q:BELØB=4:SÆSON=EJSÆSON,2011-03-01,363.0
DST:FIKS22:BRANCHE07=Q:BELØB=4:SÆSON=EJSÆSON,2011-04-01,352.0
DST:FIKS22:BRANCHE07=Q:BELØB=4:SÆSON=EJSÆSON,2011-05-01,376.0
DST:FIKS22:BRANCHE07=Q:BELØB=4:SÆSON=EJSÆSON,2011-06-01,408.0
DST:FIKS22:BRANCHE07=Q:BELØB=4:SÆSON=EJSÆSON,2011-07-01,392.0
DST:FIKS22:BRANCHE07=Q:BELØB=4:SÆSON=EJSÆSON,2011-08-01,374.0
DST:FIKS22:BRANCHE07=Q:BELØB=4:SÆSON=EJSÆSON,2011-09-01,361.0
DST:FIKS22:BRANCHE07=Q:BELØB=4:SÆSON=EJSÆSON,2011-10-01,416.0
DST:FIKS22:BRANCHE07=Q:BELØB=4:SÆSON=EJSÆSON,2011-11-01,451.0
DST:FIKS22:BRANCHE07=Q:BELØB=4:SÆSON=EJSÆSON,2011-12-01,478.0
DST:FIKS22:BRANCHE07=Q:BELØB=4:SÆSON=EJSÆSON,2012-01-01,398.0
DST:FIKS22:BRANCHE07=Q:BELØB=4:SÆSON=EJSÆSON,2012-02-01,391.0
DST:FIKS22:BRANCHE07=Q:BELØB=4:SÆSON=EJSÆSON,2012-03-01,391.0
DST:FIKS22:BRANCHE07=Q:BELØB=4:SÆSON=EJSÆSON,2012-04-01,434.0
DST:FIKS22:BRANCHE07=Q:BELØB=4:SÆSON=EJSÆSON,2012-05-01,363.0
DST:FIKS22:BRANCHE07=Q:BELØB=4:SÆSON=EJSÆSON,2012-06-01,409.0
DST:FIKS22:BRANCHE07=Q:BELØB=4:SÆSON=EJSÆSON,2012-07-01,438.0
DST:FIKS22:BRANCHE07=Q:BELØB=4:SÆSON=EJSÆSON,2012-08-01,363.0
DST:FIKS22:BRANCHE07=Q:BELØB=4:SÆSON=EJSÆSON,2012-09-01,437.0
DST:FIKS22:BRANCHE07=Q:BELØB=4:SÆSON=EJSÆSON,2012-10-01,432.0
DST:FIKS22:BRANCHE07=Q:BELØB=4:SÆSON=EJSÆSON,2012-11-01,482.0
DST:FIKS22:BRANCHE07=Q:BELØB=4:SÆSON=EJSÆSON,2012-12-01,441.0
DST:FIKS22:BRANCHE07=Q:BELØB=4:SÆSON=EJSÆSON,2013-01-01,397.0
DST:FIKS22:BRANCHE07=Q:BELØB=4:SÆSON=EJSÆSON,2013-02-01,344.0
DST:FIKS22:BRANCHE07=Q:BELØB=4:SÆSON=EJSÆSON,2013-03-01,360.0
DST:FIKS22:BRANCHE07=Q:BELØB=4:SÆSON=EJSÆSON,2013-04-01,396.0
DST:FIKS22:BRANCHE07=Q:BELØB=4:SÆSON=EJSÆSON,2013-05-01,398.0
DST:FIKS22:BRANCHE07=Q:BELØB=4:SÆSON=EJSÆSON,2013-06-01,452.0
DST:FIKS22:BRANCHE07=Q:BELØB=4:SÆSON=EJSÆSON,2013-07-01,437.0
DST:FIKS22:BRANCHE07=Q:BELØB=4:SÆSON=EJSÆSON,2013-08-01,365.0
DST:FIKS22:BRANCHE07=Q:BELØB=4:SÆSON=EJSÆSON,2013-09-01,393.0
DST:FIKS22:BRANCHE07=Q:BELØB=4:SÆSON=EJSÆSON,2013-10-01,456.0
DST:FIKS22:BRANCHE07=Q:BELØB=4:SÆSON=EJSÆSON,2013-11-01,439.0
DST:FIKS22:BRANCHE07=Q:BELØB=4:SÆSON=EJSÆSON,2013-12-01,542.0
DST:FIKS22:BRANCHE07=Q:BELØB=4:SÆSON=EJSÆSON,2014-01-01,424.0
DST:FIKS22:BRANCHE07=Q:BELØB=4:SÆSON=EJSÆSON,2014-02-01,383.0
DST:FIKS22:BRANCHE07=Q:BELØB=4:SÆSON=EJSÆSON,2014-03-01,402.0
DST:FIKS22:BRANCHE07=Q:BELØB=4:SÆSON=EJSÆSON,2014-04-01,436.0
DST:FIKS22:BRANCHE07=Q:BELØB=4:SÆSON=EJSÆSON,2014-05-01,428.0
DST:FIKS22:BRANCHE07=Q:BELØB=4:SÆSON=EJSÆSON,2014-06-01,479.0
DST:FIKS22:BRANCHE07=Q:BELØB=4:SÆSON=EJSÆSON,2014-07-01,462.0
DST:FIKS22:BRANCHE07=Q:BELØB=4:SÆSON=EJSÆSON,2014-08-01,373.0
DST:FIKS22:BRANCHE07=Q:BELØB=4:SÆSON=EJSÆSON,2014-09-01,542.0
DST:FIKS22:BRANCHE07=Q:BELØB=4:SÆSON=EJSÆSON,2014-10-01,504.0
DST:FIKS22:BRANCHE07=Q:BELØB=4:SÆSON=EJSÆSON,2014-11-01,467.0
DST:FIKS22:BRANCHE07=Q:BELØB=4:SÆSON=EJSÆSON,2014-12-01,511.0
DST:FIKS22:BRANCHE07=Q:BELØB=4:SÆSON=EJSÆSON,2015-01-01,503.0
DST:FIKS22:BRANCHE07=Q:BELØB=4:SÆSON=EJSÆSON,2015-02-01,405.0
DST:FIKS22:BRANCHE07=Q:BELØB=4:SÆSON=EJSÆSON,2015-03-01,444.0
DST:FIKS22:BRANCHE07=Q:BELØB=4:SÆSON=EJSÆSON,2015-04-01,422.0
DST:FIKS22:BRANCHE07=Q:BELØB=4:SÆSON=EJSÆSON,2015-05-01,449.0
DST:FIKS22:BRANCHE07=Q:BELØB=4:SÆSON=EJSÆSON,2015-06-01,539.0
DST:FIKS22:BRANCHE07=Q:BELØB=4:SÆSON=EJSÆSON,2015-07-01,414.0
DST:FIKS22:BRANCHE07=Q:BELØB=4:SÆSON=EJSÆSON,2015-08-01,353.0
DST:FIKS22:BRANCHE07=Q:BELØB=4:SÆSON=EJSÆSON,2015-09-01,584.0
DST:FIKS22:BRANCHE07=Q:BELØB=4:SÆSON=EJSÆSON,2015-10-01,547.0
DST:FIKS22:BRANCHE07=Q:BELØB=4:SÆSON=EJSÆSON,2015-11-01,502.0
DST:FIKS22:BRANCHE07=Q:BELØB=4:SÆSON=EJSÆSON,2015-12-01,622.0
DST:FIKS22:BRANCHE07=Q:BELØB=4:SÆSON=EJSÆSON,2016-01-01,494.0
DST:FIKS22:BRANCHE07=Q:BELØB=4:SÆSON=EJSÆSON,2016-02-01,476.0
DST:FIKS22:BRANCHE07=Q:BELØB=4:SÆSON=EJSÆSON,2016-03-01,399.0
DST:FIKS22:BRANCHE07=Q:BELØB=4:SÆSON=EJSÆSON,2016-04-01,470.0
DST:FIKS22:BRANCHE07=Q:BELØB=4:SÆSON=EJSÆSON,2016-05-01,491.0
DST:FIKS22:BRANCHE07=Q:BELØB=4:SÆSON=EJSÆSON,2016-06-01,585.0
DST:FIKS22:BRANCHE07=Q:BELØB=4:SÆSON=EJSÆSON,2016-07-01,382.0
DST:FIKS22:BRANCHE07=Q:BELØB=4:SÆSON=EJSÆSON,2016-08-01,435.0
DST:FIKS22:BRANCHE07=Q:BELØB=4:SÆSON=EJSÆSON,2016-09-01,594.0
DST:FIKS22:BRANCHE07=Q:BELØB=4:SÆSON=EJSÆSON,2016-10-01,567.0
DST:FIKS22:BRANCHE07=Q:BELØB=4:SÆSON=EJSÆSON,2016-11-01,536.0
DST:FIKS22:BRANCHE07=Q:BELØB=4:SÆSON=EJSÆSON,2016-12-01,514.0
DST:FIKS22:BRANCHE07=Q:BELØB=4:SÆSON=EJSÆSON,2017-01-01,450.0
DST:FIKS22:BRANCHE07=Q:BELØB=4:SÆSON=EJSÆSON,2017-02-01,418.0
DST:FIKS22:BRANCHE07=Q:BELØB=4:SÆSON=EJSÆSON,2017-03-01,507.0
DST:FIKS22:BRANCHE07=Q:BELØB=4:SÆSON=EJSÆSON,2017-04-01,447.0
DST:FIKS22:BRANCHE07=Q:BELØB=4:SÆSON=EJSÆSON,2017-05-01,499.0
DST:FIKS22:BRANCHE07=Q:BELØB=4:SÆSON=EJSÆSON,2017-06-01,629.0
DST:FIKS22:BRANCHE07=Q:BELØB=4:SÆSON=EJSÆSON,2017-07-01,401.0
DST:FIKS22:BRANCHE07=Q:BELØB=4:SÆSON=EJSÆSON,2017-08-01,522.0
DST:FIKS22:BRANCHE07=Q:BELØB=4:SÆSON=EJSÆSON,2017-09-01,496.0
DST:FIKS22:BRANCHE07=Q:BELØB=4:SÆSON=EJSÆSON,2017-10-01,636.0
DST:FIKS22:BRANCHE07=Q:BELØB=4:SÆSON=EJSÆSON,2017-11-01,691.0
DST:FIKS22:BRANCHE07=Q:BELØB=4:SÆSON=EJSÆSON,2017-12-01,549.0
DST:FIKS22:BRANCHE07=Q:BELØB=4:SÆSON=EJSÆSON,2018-01-01,504.0
DST:FIKS22:BRANCHE07=Q:BELØB=4:SÆSON=EJSÆSON,2018-02-01,526.0
DST:FIKS22:BRANCHE07=Q:BELØB=4:SÆSON=EJSÆSON,2018-03-01,496.0
DST:FIKS22:BRANCHE07=Q:BELØB=4:SÆSON=EJSÆSON,2018-04-01,544.0
DST:FIKS22:BRANCHE07=Q:BELØB=4:SÆSON=EJSÆSON,2018-05-01,549.0
DST:FIKS22:BRANCHE07=Q:BELØB=4:SÆSON=EJSÆSON,2018-06-01,584.0
DST:FIKS22:BRANCHE07=Q:BELØB=4:SÆSON=EJSÆSON,2018-07-01,468.0
DST:FIKS22:BRANCHE07=Q:BELØB=4:SÆSON=EJSÆSON,2018-08-01,584.0
DST:FIKS22:BRANCHE07=Q:BELØB=4:SÆSON=EJSÆSON,2018-09-01,585.0
DST:FIKS22:BRANCHE07=Q:BELØB=4:SÆSON=EJSÆSON,2018-10-01,610.0
DST:FIKS22:BRANCHE07=Q:BELØB=4:SÆSON=EJSÆSON,2018-11-01,596.0
DST:FIKS22:BRANCHE07=Q:BELØB=4:SÆSON=EJSÆSON,2018-12-01,657.0
DST:FIKS22:BRANCHE07=Q:BELØB=4:SÆSON=EJSÆSON,2019-01-01,787.0
DST:FIKS22:BRANCHE07=Q:BELØB=4:SÆSON=EJSÆSON,2019-02-01,521.0
DST:FIKS22:BRANCHE07=Q:BELØB=4:SÆSON=EJSÆSON,2019-03-01,338.0
DST:FIKS22:BRANCHE07=Q:BELØB=4:SÆSON=EJSÆSON,2019-04-01,626.0
DST:FIKS22:BRANCHE07=Q:BELØB=4:SÆSON=EJSÆSON,2019-05-01,606.0
DST:FIKS22:BRANCHE07=Q:BELØB=4:SÆSON=EJSÆSON,2019-06-01,601.0
DST:FIKS22:BRANCHE07=Q:BELØB=4:SÆSON=EJSÆSON,2019-07-01,628.0
DST:FIKS22:BRANCHE07=Q:BELØB=4:SÆSON=EJSÆSON,2019-08-01,505.0
DST:FIKS22:BRANCHE07=Q:BELØB=4:SÆSON=EJSÆSON,2019-09-01,535.0
DST:FIKS22:BRANCHE07=Q:BELØB=4:SÆSON=EJSÆSON,2019-10-01,669.0
DST:FIKS22:BRANCHE07=Q:BELØB=4:SÆSON=EJSÆSON,2019-11-01,537.0
DST:FIKS22:BRANCHE07=Q:BELØB=4:SÆSON=EJSÆSON,2019-12-01,648.0
DST:FIKS22:BRANCHE07=Q:BELØB=4:SÆSON=EJSÆSON,2020-01-01,797.0
DST:FIKS22:BRANCHE07=Q:BELØB=4:SÆSON=EJSÆSON,2020-02-01,425.0
DST:FIKS22:BRANCHE07=Q:BELØB=4:SÆSON=EJSÆSON,2020-03-01,516.0
DST:FIKS22:BRANCHE07=Q:BELØB=4:SÆSON=EJSÆSON,2020-04-01,420.0
DST:FIKS22:BRANCHE07=Q:BELØB=4:SÆSON=EJSÆSON,2020-05-01,497.0
DST:FIKS22:BRANCHE07=Q:BELØB=4:SÆSON=EJSÆSON,2020-06-01,483.0
DST:FIKS22:BRANCHE07=Q:BELØB=4:SÆSON=EJSÆSON,2020-07-01,486.0
DST:FIKS22:BRANCHE07=Q:BELØB=4:SÆSON=EJSÆSON,2020-08-01,526.0
DST:FIKS22:BRANCHE07=Q:BELØB=4:SÆSON=EJSÆSON,2020-09-01,622.0
DST:FIKS22:BRANCHE07=Q:BELØB=4:SÆSON=EJSÆSON,2020-10-01,625.0
DST:FIKS22:BRANCHE07=Q:BELØB=4:SÆSON=EJSÆSON,2020-11-01,629.0
DST:FIKS22:BRANCHE07=Q:BELØB=4:SÆSON=EJSÆSON,2020-12-01,672.0
DST:FIKS22:BRANCHE07=Q:BELØB=4:SÆSON=EJSÆSON,2021-01-01,1449.0
DST:FIKS22:BRANCHE07=Q:BELØB=4:SÆSON=EJSÆSON,2021-02-01,371.0
DST:FIKS22:BRANCHE07=Q:BELØB=4:SÆSON=EJSÆSON,2021-03-01,514.0
DST:FIKS22:BRANCHE07=Q:BELØB=4:SÆSON=EJSÆSON,2021-04-01,584.0
DST:FIKS22:BRANCHE07=Q:BELØB=4:SÆSON=EJSÆSON,2021-05-01,601.0
DST:FIKS22:BRANCHE07=Q:BELØB=4:SÆSON=EJSÆSON,2021-06-01,626.0
DST:FIKS22:BRANCHE07=Q:BELØB=4:SÆSON=EJSÆSON,2021-07-01,556.0
DST:FIKS22:BRANCHE07=Q:BELØB=4:SÆSON=EJSÆSON,2021-08-01,619.0
DST:FIKS22:BRANCHE07=Q:BELØB=4:SÆSON=EJSÆSON,2021-09-01,718.0
DST:FIKS22:BRANCHE07=Q:BELØB=4:SÆSON=EJSÆSON,2021-10-01,708.0
DST:FIKS22:BRANCHE07=Q:BELØB=4:SÆSON=EJSÆSON,2021-11-01,707.0
DST:FIKS22:BRANCHE07=Q:BELØB=4:SÆSON=EJSÆSON,2021-12-01,914.0
DST:FIKS22:BRANCHE07=Q:BELØB=4:SÆSON=EJSÆSON,2022-01-01,1058.0
DST:FIKS22:BRANCHE07=Q:BELØB=4:SÆSON=EJSÆSON,2022-02-01,807.0
DST:FIKS22:BRANCHE07=Q:BELØB=4:SÆSON=EJSÆSON,2022-03-01,704.0
DST:FIKS22:BRANCHE07=Q:BELØB=4:SÆSON=EJSÆSON,2022-04-01,611.0
DST:FIKS22:BRANCHE07=Q:BELØB=4:SÆSON=EJSÆSON,2022-05-01,614.0
DST:FIKS22:BRANCHE07=Q:BELØB=4:SÆSON=EJSÆSON,2022-06-01,715.0
DST:FIKS22:BRANCHE07=Q:BELØB=4:SÆSON=EJSÆSON,2022-07-01,546.0
DST:FIKS22:BRANCHE07=Q:BELØB=4:SÆSON=EJSÆSON,2022-08-01,689.0
DST:FIKS22:BRANCHE07=Q:BELØB=4:SÆSON=EJSÆSON,2022-09-01,748.0
DST:FIKS22:BRANCHE07=Q:BELØB=4:SÆSON=EJSÆSON,2022-10-01,740.0
DST:FIKS22:BRANCHE07=Q:BELØB=4:SÆSON=EJSÆSON,2022-11-01,791.0
DST:FIKS22:BRANCHE07=Q:BELØB=4:SÆSON=EJSÆSON,2022-12-01,913.0
DST:FIKS22:BRANCHE07=Q:BELØB=4:SÆSON=EJSÆSON,2023-01-01,1334.0
DST:FIKS22:BRANCHE07=Q:BELØB=4:SÆSON=EJSÆSON,2023-02-01,624.0
DST:FIKS22:BRANCHE07=Q:BELØB=4:SÆSON=EJSÆSON,2023-03-01,696.0
DST:FIKS22:BRANCHE07=Q:BELØB=4:SÆSON=EJSÆSON,2023-04-01,593.0
DST:FIKS22:BRANCHE07=Q:BELØB=4:SÆSON=EJSÆSON,2023-05-01,651.0
DST:FIKS22:BRANCHE07=Q:BELØB=4:SÆSON=EJSÆSON,2023-06-01,890.0
DST:FIKS22:BRANCHE07=Q:BELØB=4:SÆSON=EJSÆSON,2023-07-01,623.0
DST:FIKS22:BRANCHE07=Q:BELØB=4:SÆSON=EJSÆSON,2023-08-01,673.0
DST:FIKS22:BRANCHE07=Q:BELØB=4:SÆSON=EJSÆSON,2023-09-01,813.0
DST:FIKS22:BRANCHE07=Q:BELØB=4:SÆSON=EJSÆSON,2023-10-01,899.0
DST:FIKS22:BRANCHE07=Q:BELØB=4:SÆSON=EJSÆSON,2023-11-01,915.0
DST:FIKS22:BRANCHE07=Q:BELØB=4:SÆSON=EJSÆSON,2023-12-01,759.0
DST:FIKS22:BRANCHE07=Q:BELØB=4:SÆSON=EJSÆSON,2024-01-01,1188.0
DST:FIKS22:BRANCHE07=Q:BELØB=4:SÆSON=EJSÆSON,2024-02-01,531.0
DST:FIKS22:BRANCHE07=Q:BELØB=4:SÆSON=EJSÆSON,2024-03-01,620.0
DST:FIKS22:BRANCHE07=Q:BELØB=4:SÆSON=EJSÆSON,2024-04-01,729.0
DST:FIKS22:BRANCHE07=Q:BELØB=4:SÆSON=EJSÆSON,2024-05-01,705.0
DST:FIKS22:BRANCHE07=Q:BELØB=4:SÆSON=EJSÆSON,2024-06-01,726.0
DST:FIKS22:BRANCHE07=Q:BELØB=4:SÆSON=EJSÆSON,2024-07-01,838.0
DST:FIKS22:BRANCHE07=Q:BELØB=4:SÆSON=EJSÆSON,2024-08-01,580.0
DST:FIKS22:BRANCHE07=Q:BELØB=4:SÆSON=EJSÆSON,2024-09-01,752.0
DST:FIKS22:BRANCHE07=Q:BELØB=4:SÆSON=EJSÆSON,2024-10-01,785.0
DST:FIKS22:BRANCHE07=Q:BELØB=4:SÆSON=EJSÆSON,2024-11-01,731.0
DST:FIKS22:BRANCHE07=Q:BELØB=4:SÆSON=EJSÆSON,2024-12-01,1087.0
DST:FIKS22:BRANCHE07=Q:BELØB=4:SÆSON=EJSÆSON,2025-01-01,1232.0
DST:FIKS22:BRANCHE07=Q:BELØB=4:SÆSON=EJSÆSON,2025-02-01,540.0
DST:FIKS22:BRANCHE07=Q:BELØB=4:SÆSON=EJSÆSON,2025-03-01,620.0
DST:FIKS22:BRANCHE07=Q:BELØB=4:SÆSON=EJSÆSON,2025-04-01,680.0
DST:FIKS22:BRANCHE07=Q:BELØB=4:SÆSON=EJSÆSON,2025-05-01,683.0
DST:FIKS22:BRANCHE07=Q:BELØB=4:SÆSON=EJSÆSON,2025-06-01,853.0
DST:FIKS22:BRANCHE07=Q:BELØB=4:SÆSON=EJSÆSON,2025-07-01,773.0
DST:FIKS22:BRANCHE07=Q:BELØB=4:SÆSON=EJSÆSON,2025-08-01,724.0
DST:FIKS22:BRANCHE07=Q:BELØB=4:SÆSON=EJSÆSON,2025-09-01,887.0
DST:FIKS22:BRANCHE07=Q:BELØB=4:SÆSON=EJSÆSON,2025-10-01,766.0
DST:FIKS22:BRANCHE07=Q:BELØB=4:SÆSON=EJSÆSON,2025-11-01,1524.0
DST:FIKS22:BRANCHE07=Q:BELØB=4:SÆSON=EJSÆSON,2025-12-01,879.0
DST:FIKS22:BRANCHE07=Q:BELØB=4:SÆSON=EJSÆSON,2026-01-01,707.0
DST:FIKS22:BRANCHE07=Q:BELØB=4:SÆSON=EJSÆSON,2026-02-01,657.0
DST:FIKS22:BRANCHE07=Q:BELØB=4:SÆSON=EJSÆSON,2026-03-01,846.0
DST:FIKS22:BRANCHE07=Q:BELØB=4:SÆSON=SÆSON,2009-01-01,338.0
DST:FIKS22:BRANCHE07=Q:BELØB=4:SÆSON=SÆSON,2009-02-01,300.0
DST:FIKS22:BRANCHE07=Q:BELØB=4:SÆSON=SÆSON,2009-03-01,361.0
DST:FIKS22:BRANCHE07=Q:BELØB=4:SÆSON=SÆSON,2009-04-01,300.0
DST:FIKS22:BRANCHE07=Q:BELØB=4:SÆSON=SÆSON,2009-05-01,322.0
DST:FIKS22:BRANCHE07=Q:BELØB=4:SÆSON=SÆSON,2009-06-01,329.0
DST:FIKS22:BRANCHE07=Q:BELØB=4:SÆSON=SÆSON,2009-07-01,330.0
DST:FIKS22:BRANCHE07=Q:BELØB=4:SÆSON=SÆSON,2009-08-01,343.0
DST:FIKS22:BRANCHE07=Q:BELØB=4:SÆSON=SÆSON,2009-09-01,332.0
DST:FIKS22:BRANCHE07=Q:BELØB=4:SÆSON=SÆSON,2009-10-01,350.0
DST:FIKS22:BRANCHE07=Q:BELØB=4:SÆSON=SÆSON,2009-11-01,365.0
DST:FIKS22:BRANCHE07=Q:BELØB=4:SÆSON=SÆSON,2009-12-01,331.0
DST:FIKS22:BRANCHE07=Q:BELØB=4:SÆSON=SÆSON,2010-01-01,303.0
DST:FIKS22:BRANCHE07=Q:BELØB=4:SÆSON=SÆSON,2010-02-01,385.0
DST:FIKS22:BRANCHE07=Q:BELØB=4:SÆSON=SÆSON,2010-03-01,369.0
DST:FIKS22:BRANCHE07=Q:BELØB=4:SÆSON=SÆSON,2010-04-01,390.0
DST:FIKS22:BRANCHE07=Q:BELØB=4:SÆSON=SÆSON,2010-05-01,396.0
DST:FIKS22:BRANCHE07=Q:BELØB=4:SÆSON=SÆSON,2010-06-01,394.0
DST:FIKS22:BRANCHE07=Q:BELØB=4:SÆSON=SÆSON,2010-07-01,380.0
DST:FIKS22:BRANCHE07=Q:BELØB=4:SÆSON=SÆSON,2010-08-01,360.0
DST:FIKS22:BRANCHE07=Q:BELØB=4:SÆSON=SÆSON,2010-09-01,371.0
DST:FIKS22:BRANCHE07=Q:BELØB=4:SÆSON=SÆSON,2010-10-01,391.0
DST:FIKS22:BRANCHE07=Q:BELØB=4:SÆSON=SÆSON,2010-11-01,370.0
DST:FIKS22:BRANCHE07=Q:BELØB=4:SÆSON=SÆSON,2010-12-01,384.0
DST:FIKS22:BRANCHE07=Q:BELØB=4:SÆSON=SÆSON,2011-01-01,359.0
DST:FIKS22:BRANCHE07=Q:BELØB=4:SÆSON=SÆSON,2011-02-01,392.0
DST:FIKS22:BRANCHE07=Q:BELØB=4:SÆSON=SÆSON,2011-03-01,388.0
DST:FIKS22:BRANCHE07=Q:BELØB=4:SÆSON=SÆSON,2011-04-01,369.0
DST:FIKS22:BRANCHE07=Q:BELØB=4:SÆSON=SÆSON,2011-05-01,388.0
DST:FIKS22:BRANCHE07=Q:BELØB=4:SÆSON=SÆSON,2011-06-01,387.0
DST:FIKS22:BRANCHE07=Q:BELØB=4:SÆSON=SÆSON,2011-07-01,383.0
DST:FIKS22:BRANCHE07=Q:BELØB=4:SÆSON=SÆSON,2011-08-01,425.0
DST:FIKS22:BRANCHE07=Q:BELØB=4:SÆSON=SÆSON,2011-09-01,350.0
DST:FIKS22:BRANCHE07=Q:BELØB=4:SÆSON=SÆSON,2011-10-01,389.0
DST:FIKS22:BRANCHE07=Q:BELØB=4:SÆSON=SÆSON,2011-11-01,412.0
DST:FIKS22:BRANCHE07=Q:BELØB=4:SÆSON=SÆSON,2011-12-01,429.0
DST:FIKS22:BRANCHE07=Q:BELØB=4:SÆSON=SÆSON,2012-01-01,414.0
DST:FIKS22:BRANCHE07=Q:BELØB=4:SÆSON=SÆSON,2012-02-01,425.0
DST:FIKS22:BRANCHE07=Q:BELØB=4:SÆSON=SÆSON,2012-03-01,421.0
DST:FIKS22:BRANCHE07=Q:BELØB=4:SÆSON=SÆSON,2012-04-01,455.0
DST:FIKS22:BRANCHE07=Q:BELØB=4:SÆSON=SÆSON,2012-05-01,378.0
DST:FIKS22:BRANCHE07=Q:BELØB=4:SÆSON=SÆSON,2012-06-01,386.0
DST:FIKS22:BRANCHE07=Q:BELØB=4:SÆSON=SÆSON,2012-07-01,431.0
DST:FIKS22:BRANCHE07=Q:BELØB=4:SÆSON=SÆSON,2012-08-01,417.0
DST:FIKS22:BRANCHE07=Q:BELØB=4:SÆSON=SÆSON,2012-09-01,411.0
DST:FIKS22:BRANCHE07=Q:BELØB=4:SÆSON=SÆSON,2012-10-01,404.0
DST:FIKS22:BRANCHE07=Q:BELØB=4:SÆSON=SÆSON,2012-11-01,450.0
DST:FIKS22:BRANCHE07=Q:BELØB=4:SÆSON=SÆSON,2012-12-01,390.0
DST:FIKS22:BRANCHE07=Q:BELØB=4:SÆSON=SÆSON,2013-01-01,407.0
DST:FIKS22:BRANCHE07=Q:BELØB=4:SÆSON=SÆSON,2013-02-01,379.0
DST:FIKS22:BRANCHE07=Q:BELØB=4:SÆSON=SÆSON,2013-03-01,392.0
DST:FIKS22:BRANCHE07=Q:BELØB=4:SÆSON=SÆSON,2013-04-01,413.0
DST:FIKS22:BRANCHE07=Q:BELØB=4:SÆSON=SÆSON,2013-05-01,417.0
DST:FIKS22:BRANCHE07=Q:BELØB=4:SÆSON=SÆSON,2013-06-01,423.0
DST:FIKS22:BRANCHE07=Q:BELØB=4:SÆSON=SÆSON,2013-07-01,441.0
DST:FIKS22:BRANCHE07=Q:BELØB=4:SÆSON=SÆSON,2013-08-01,425.0
DST:FIKS22:BRANCHE07=Q:BELØB=4:SÆSON=SÆSON,2013-09-01,356.0
DST:FIKS22:BRANCHE07=Q:BELØB=4:SÆSON=SÆSON,2013-10-01,423.0
DST:FIKS22:BRANCHE07=Q:BELØB=4:SÆSON=SÆSON,2013-11-01,415.0
DST:FIKS22:BRANCHE07=Q:BELØB=4:SÆSON=SÆSON,2013-12-01,479.0
DST:FIKS22:BRANCHE07=Q:BELØB=4:SÆSON=SÆSON,2014-01-01,425.0
DST:FIKS22:BRANCHE07=Q:BELØB=4:SÆSON=SÆSON,2014-02-01,430.0
DST:FIKS22:BRANCHE07=Q:BELØB=4:SÆSON=SÆSON,2014-03-01,441.0
DST:FIKS22:BRANCHE07=Q:BELØB=4:SÆSON=SÆSON,2014-04-01,461.0
DST:FIKS22:BRANCHE07=Q:BELØB=4:SÆSON=SÆSON,2014-05-01,449.0
DST:FIKS22:BRANCHE07=Q:BELØB=4:SÆSON=SÆSON,2014-06-01,438.0
DST:FIKS22:BRANCHE07=Q:BELØB=4:SÆSON=SÆSON,2014-07-01,489.0
DST:FIKS22:BRANCHE07=Q:BELØB=4:SÆSON=SÆSON,2014-08-01,432.0
DST:FIKS22:BRANCHE07=Q:BELØB=4:SÆSON=SÆSON,2014-09-01,481.0
DST:FIKS22:BRANCHE07=Q:BELØB=4:SÆSON=SÆSON,2014-10-01,461.0
DST:FIKS22:BRANCHE07=Q:BELØB=4:SÆSON=SÆSON,2014-11-01,448.0
DST:FIKS22:BRANCHE07=Q:BELØB=4:SÆSON=SÆSON,2014-12-01,455.0
DST:FIKS22:BRANCHE07=Q:BELØB=4:SÆSON=SÆSON,2015-01-01,491.0
DST:FIKS22:BRANCHE07=Q:BELØB=4:SÆSON=SÆSON,2015-02-01,456.0
DST:FIKS22:BRANCHE07=Q:BELØB=4:SÆSON=SÆSON,2015-03-01,491.0
DST:FIKS22:BRANCHE07=Q:BELØB=4:SÆSON=SÆSON,2015-04-01,448.0
DST:FIKS22:BRANCHE07=Q:BELØB=4:SÆSON=SÆSON,2015-05-01,467.0
DST:FIKS22:BRANCHE07=Q:BELØB=4:SÆSON=SÆSON,2015-06-01,484.0
DST:FIKS22:BRANCHE07=Q:BELØB=4:SÆSON=SÆSON,2015-07-01,462.0
DST:FIKS22:BRANCHE07=Q:BELØB=4:SÆSON=SÆSON,2015-08-01,404.0
DST:FIKS22:BRANCHE07=Q:BELØB=4:SÆSON=SÆSON,2015-09-01,517.0
DST:FIKS22:BRANCHE07=Q:BELØB=4:SÆSON=SÆSON,2015-10-01,494.0
DST:FIKS22:BRANCHE07=Q:BELØB=4:SÆSON=SÆSON,2015-11-01,487.0
DST:FIKS22:BRANCHE07=Q:BELØB=4:SÆSON=SÆSON,2015-12-01,565.0
DST:FIKS22:BRANCHE07=Q:BELØB=4:SÆSON=SÆSON,2016-01-01,464.0
DST:FIKS22:BRANCHE07=Q:BELØB=4:SÆSON=SÆSON,2016-02-01,539.0
DST:FIKS22:BRANCHE07=Q:BELØB=4:SÆSON=SÆSON,2016-03-01,442.0
DST:FIKS22:BRANCHE07=Q:BELØB=4:SÆSON=SÆSON,2016-04-01,501.0
DST:FIKS22:BRANCHE07=Q:BELØB=4:SÆSON=SÆSON,2016-05-01,505.0
DST:FIKS22:BRANCHE07=Q:BELØB=4:SÆSON=SÆSON,2016-06-01,520.0
DST:FIKS22:BRANCHE07=Q:BELØB=4:SÆSON=SÆSON,2016-07-01,449.0
DST:FIKS22:BRANCHE07=Q:BELØB=4:SÆSON=SÆSON,2016-08-01,487.0
DST:FIKS22:BRANCHE07=Q:BELØB=4:SÆSON=SÆSON,2016-09-01,538.0
DST:FIKS22:BRANCHE07=Q:BELØB=4:SÆSON=SÆSON,2016-10-01,507.0
DST:FIKS22:BRANCHE07=Q:BELØB=4:SÆSON=SÆSON,2016-11-01,526.0
DST:FIKS22:BRANCHE07=Q:BELØB=4:SÆSON=SÆSON,2016-12-01,470.0
DST:FIKS22:BRANCHE07=Q:BELØB=4:SÆSON=SÆSON,2017-01-01,402.0
DST:FIKS22:BRANCHE07=Q:BELØB=4:SÆSON=SÆSON,2017-02-01,476.0
DST:FIKS22:BRANCHE07=Q:BELØB=4:SÆSON=SÆSON,2017-03-01,566.0
DST:FIKS22:BRANCHE07=Q:BELØB=4:SÆSON=SÆSON,2017-04-01,470.0
DST:FIKS22:BRANCHE07=Q:BELØB=4:SÆSON=SÆSON,2017-05-01,507.0
DST:FIKS22:BRANCHE07=Q:BELØB=4:SÆSON=SÆSON,2017-06-01,568.0
DST:FIKS22:BRANCHE07=Q:BELØB=4:SÆSON=SÆSON,2017-07-01,486.0
DST:FIKS22:BRANCHE07=Q:BELØB=4:SÆSON=SÆSON,2017-08-01,573.0
DST:FIKS22:BRANCHE07=Q:BELØB=4:SÆSON=SÆSON,2017-09-01,462.0
DST:FIKS22:BRANCHE07=Q:BELØB=4:SÆSON=SÆSON,2017-10-01,569.0
DST:FIKS22:BRANCHE07=Q:BELØB=4:SÆSON=SÆSON,2017-11-01,679.0
DST:FIKS22:BRANCHE07=Q:BELØB=4:SÆSON=SÆSON,2017-12-01,506.0
DST:FIKS22:BRANCHE07=Q:BELØB=4:SÆSON=SÆSON,2018-01-01,422.0
DST:FIKS22:BRANCHE07=Q:BELØB=4:SÆSON=SÆSON,2018-02-01,615.0
DST:FIKS22:BRANCHE07=Q:BELØB=4:SÆSON=SÆSON,2018-03-01,560.0
DST:FIKS22:BRANCHE07=Q:BELØB=4:SÆSON=SÆSON,2018-04-01,565.0
DST:FIKS22:BRANCHE07=Q:BELØB=4:SÆSON=SÆSON,2018-05-01,553.0
DST:FIKS22:BRANCHE07=Q:BELØB=4:SÆSON=SÆSON,2018-06-01,542.0
DST:FIKS22:BRANCHE07=Q:BELØB=4:SÆSON=SÆSON,2018-07-01,572.0
DST:FIKS22:BRANCHE07=Q:BELØB=4:SÆSON=SÆSON,2018-08-01,632.0
DST:FIKS22:BRANCHE07=Q:BELØB=4:SÆSON=SÆSON,2018-09-01,564.0
DST:FIKS22:BRANCHE07=Q:BELØB=4:SÆSON=SÆSON,2018-10-01,549.0
DST:FIKS22:BRANCHE07=Q:BELØB=4:SÆSON=SÆSON,2018-11-01,589.0
DST:FIKS22:BRANCHE07=Q:BELØB=4:SÆSON=SÆSON,2018-12-01,597.0
DST:FIKS22:BRANCHE07=Q:BELØB=4:SÆSON=SÆSON,2019-01-01,616.0
DST:FIKS22:BRANCHE07=Q:BELØB=4:SÆSON=SÆSON,2019-02-01,633.0
DST:FIKS22:BRANCHE07=Q:BELØB=4:SÆSON=SÆSON,2019-03-01,384.0
DST:FIKS22:BRANCHE07=Q:BELØB=4:SÆSON=SÆSON,2019-04-01,647.0
DST:FIKS22:BRANCHE07=Q:BELØB=4:SÆSON=SÆSON,2019-05-01,611.0
DST:FIKS22:BRANCHE07=Q:BELØB=4:SÆSON=SÆSON,2019-06-01,580.0
DST:FIKS22:BRANCHE07=Q:BELØB=4:SÆSON=SÆSON,2019-07-01,762.0
DST:FIKS22:BRANCHE07=Q:BELØB=4:SÆSON=SÆSON,2019-08-01,544.0
DST:FIKS22:BRANCHE07=Q:BELØB=4:SÆSON=SÆSON,2019-09-01,525.0
DST:FIKS22:BRANCHE07=Q:BELØB=4:SÆSON=SÆSON,2019-10-01,616.0
DST:FIKS22:BRANCHE07=Q:BELØB=4:SÆSON=SÆSON,2019-11-01,531.0
DST:FIKS22:BRANCHE07=Q:BELØB=4:SÆSON=SÆSON,2019-12-01,576.0
DST:FIKS22:BRANCHE07=Q:BELØB=4:SÆSON=SÆSON,2020-01-01,581.0
DST:FIKS22:BRANCHE07=Q:BELØB=4:SÆSON=SÆSON,2020-02-01,535.0
DST:FIKS22:BRANCHE07=Q:BELØB=4:SÆSON=SÆSON,2020-03-01,587.0
DST:FIKS22:BRANCHE07=Q:BELØB=4:SÆSON=SÆSON,2020-04-01,437.0
DST:FIKS22:BRANCHE07=Q:BELØB=4:SÆSON=SÆSON,2020-05-01,512.0
DST:FIKS22:BRANCHE07=Q:BELØB=4:SÆSON=SÆSON,2020-06-01,477.0
DST:FIKS22:BRANCHE07=Q:BELØB=4:SÆSON=SÆSON,2020-07-01,589.0
DST:FIKS22:BRANCHE07=Q:BELØB=4:SÆSON=SÆSON,2020-08-01,572.0
DST:FIKS22:BRANCHE07=Q:BELØB=4:SÆSON=SÆSON,2020-09-01,614.0
DST:FIKS22:BRANCHE07=Q:BELØB=4:SÆSON=SÆSON,2020-10-01,583.0
DST:FIKS22:BRANCHE07=Q:BELØB=4:SÆSON=SÆSON,2020-11-01,618.0
DST:FIKS22:BRANCHE07=Q:BELØB=4:SÆSON=SÆSON,2020-12-01,583.0
DST:FIKS22:BRANCHE07=Q:BELØB=4:SÆSON=SÆSON,2021-01-01,999.0
DST:FIKS22:BRANCHE07=Q:BELØB=4:SÆSON=SÆSON,2021-02-01,485.0
DST:FIKS22:BRANCHE07=Q:BELØB=4:SÆSON=SÆSON,2021-03-01,590.0
DST:FIKS22:BRANCHE07=Q:BELØB=4:SÆSON=SÆSON,2021-04-01,615.0
DST:FIKS22:BRANCHE07=Q:BELØB=4:SÆSON=SÆSON,2021-05-01,635.0
DST:FIKS22:BRANCHE07=Q:BELØB=4:SÆSON=SÆSON,2021-06-01,625.0
DST:FIKS22:BRANCHE07=Q:BELØB=4:SÆSON=SÆSON,2021-07-01,673.0
DST:FIKS22:BRANCHE07=Q:BELØB=4:SÆSON=SÆSON,2021-08-01,685.0
DST:FIKS22:BRANCHE07=Q:BELØB=4:SÆSON=SÆSON,2021-09-01,704.0
DST:FIKS22:BRANCHE07=Q:BELØB=4:SÆSON=SÆSON,2021-10-01,669.0
DST:FIKS22:BRANCHE07=Q:BELØB=4:SÆSON=SÆSON,2021-11-01,685.0
DST:FIKS22:BRANCHE07=Q:BELØB=4:SÆSON=SÆSON,2021-12-01,785.0
DST:FIKS22:BRANCHE07=Q:BELØB=4:SÆSON=SÆSON,2022-01-01,697.0
DST:FIKS22:BRANCHE07=Q:BELØB=4:SÆSON=SÆSON,2022-02-01,1086.0
DST:FIKS22:BRANCHE07=Q:BELØB=4:SÆSON=SÆSON,2022-03-01,817.0
DST:FIKS22:BRANCHE07=Q:BELØB=4:SÆSON=SÆSON,2022-04-01,657.0
DST:FIKS22:BRANCHE07=Q:BELØB=4:SÆSON=SÆSON,2022-05-01,669.0
DST:FIKS22:BRANCHE07=Q:BELØB=4:SÆSON=SÆSON,2022-06-01,706.0
DST:FIKS22:BRANCHE07=Q:BELØB=4:SÆSON=SÆSON,2022-07-01,655.0
DST:FIKS22:BRANCHE07=Q:BELØB=4:SÆSON=SÆSON,2022-08-01,774.0
DST:FIKS22:BRANCHE07=Q:BELØB=4:SÆSON=SÆSON,2022-09-01,727.0
DST:FIKS22:BRANCHE07=Q:BELØB=4:SÆSON=SÆSON,2022-10-01,704.0
DST:FIKS22:BRANCHE07=Q:BELØB=4:SÆSON=SÆSON,2022-11-01,757.0
DST:FIKS22:BRANCHE07=Q:BELØB=4:SÆSON=SÆSON,2022-12-01,787.0
DST:FIKS22:BRANCHE07=Q:BELØB=4:SÆSON=SÆSON,2023-01-01,858.0
DST:FIKS22:BRANCHE07=Q:BELØB=4:SÆSON=SÆSON,2023-02-01,852.0
DST:FIKS22:BRANCHE07=Q:BELØB=4:SÆSON=SÆSON,2023-03-01,807.0
DST:FIKS22:BRANCHE07=Q:BELØB=4:SÆSON=SÆSON,2023-04-01,650.0
DST:FIKS22:BRANCHE07=Q:BELØB=4:SÆSON=SÆSON,2023-05-01,725.0
DST:FIKS22:BRANCHE07=Q:BELØB=4:SÆSON=SÆSON,2023-06-01,868.0
DST:FIKS22:BRANCHE07=Q:BELØB=4:SÆSON=SÆSON,2023-07-01,734.0
DST:FIKS22:BRANCHE07=Q:BELØB=4:SÆSON=SÆSON,2023-08-01,765.0
DST:FIKS22:BRANCHE07=Q:BELØB=4:SÆSON=SÆSON,2023-09-01,784.0
DST:FIKS22:BRANCHE07=Q:BELØB=4:SÆSON=SÆSON,2023-10-01,869.0
DST:FIKS22:BRANCHE07=Q:BELØB=4:SÆSON=SÆSON,2023-11-01,870.0
DST:FIKS22:BRANCHE07=Q:BELØB=4:SÆSON=SÆSON,2023-12-01,663.0
DST:FIKS22:BRANCHE07=Q:BELØB=4:SÆSON=SÆSON,2024-01-01,752.0
DST:FIKS22:BRANCHE07=Q:BELØB=4:SÆSON=SÆSON,2024-02-01,724.0
DST:FIKS22:BRANCHE07=Q:BELØB=4:SÆSON=SÆSON,2024-03-01,719.0
DST:FIKS22:BRANCHE07=Q:BELØB=4:SÆSON=SÆSON,2024-04-01,809.0
DST:FIKS22:BRANCHE07=Q:BELØB=4:SÆSON=SÆSON,2024-05-01,801.0
DST:FIKS22:BRANCHE07=Q:BELØB=4:SÆSON=SÆSON,2024-06-01,697.0
DST:FIKS22:BRANCHE07=Q:BELØB=4:SÆSON=SÆSON,2024-07-01,964.0
DST:FIKS22:BRANCHE07=Q:BELØB=4:SÆSON=SÆSON,2024-08-01,667.0
DST:FIKS22:BRANCHE07=Q:BELØB=4:SÆSON=SÆSON,2024-09-01,721.0
DST:FIKS22:BRANCHE07=Q:BELØB=4:SÆSON=SÆSON,2024-10-01,764.0
DST:FIKS22:BRANCHE07=Q:BELØB=4:SÆSON=SÆSON,2024-11-01,692.0
DST:FIKS22:BRANCHE07=Q:BELØB=4:SÆSON=SÆSON,2024-12-01,965.0
DST:FIKS22:BRANCHE07=Q:BELØB=4:SÆSON=SÆSON,2025-01-01,781.0
DST:FIKS22:BRANCHE07=Q:BELØB=4:SÆSON=SÆSON,2025-02-01,736.0
DST:FIKS22:BRANCHE07=Q:BELØB=4:SÆSON=SÆSON,2025-03-01,713.0
DST:FIKS22:BRANCHE07=Q:BELØB=4:SÆSON=SÆSON,2025-04-01,757.0
DST:FIKS22:BRANCHE07=Q:BELØB=4:SÆSON=SÆSON,2025-05-01,775.0
DST:FIKS22:BRANCHE07=Q:BELØB=4:SÆSON=SÆSON,2025-06-01,816.0
DST:FIKS22:BRANCHE07=Q:BELØB=4:SÆSON=SÆSON,2025-07-01,869.0
DST:FIKS22:BRANCHE07=Q:BELØB=4:SÆSON=SÆSON,2025-08-01,844.0
DST:FIKS22:BRANCHE07=Q:BELØB=4:SÆSON=SÆSON,2025-09-01,848.0
DST:FIKS22:BRANCHE07=Q:BELØB=4:SÆSON=SÆSON,2025-10-01,748.0
DST:FIKS22:BRANCHE07=Q:BELØB=4:SÆSON=SÆSON,2025-11-01,1446.0
DST:FIKS22:BRANCHE07=Q:BELØB=4:SÆSON=SÆSON,2025-12-01,790.0
DST:FIKS22:BRANCHE07=Q:BELØB=4:SÆSON=SÆSON,2026-01-01,449.0
DST:FIKS22:BRANCHE07=Q:BELØB=4:SÆSON=SÆSON,2026-02-01,895.0
DST:FIKS22:BRANCHE07=Q:BELØB=4:SÆSON=SÆSON,2026-03-01,970.0
DST:FIKS22:BRANCHE07=R:BELØB=0:SÆSON=EJSÆSON,2009-01-01,506.0
DST:FIKS22:BRANCHE07=R:BELØB=0:SÆSON=EJSÆSON,2009-02-01,501.0
DST:FIKS22:BRANCHE07=R:BELØB=0:SÆSON=EJSÆSON,2009-03-01,643.0
DST:FIKS22:BRANCHE07=R:BELØB=0:SÆSON=EJSÆSON,2009-04-01,633.0
DST:FIKS22:BRANCHE07=R:BELØB=0:SÆSON=EJSÆSON,2009-05-01,537.0
DST:FIKS22:BRANCHE07=R:BELØB=0:SÆSON=EJSÆSON,2009-06-01,673.0
DST:FIKS22:BRANCHE07=R:BELØB=0:SÆSON=EJSÆSON,2009-07-01,638.0
DST:FIKS22:BRANCHE07=R:BELØB=0:SÆSON=EJSÆSON,2009-08-01,704.0
DST:FIKS22:BRANCHE07=R:BELØB=0:SÆSON=EJSÆSON,2009-09-01,530.0
DST:FIKS22:BRANCHE07=R:BELØB=0:SÆSON=EJSÆSON,2009-10-01,570.0
DST:FIKS22:BRANCHE07=R:BELØB=0:SÆSON=EJSÆSON,2009-11-01,524.0
DST:FIKS22:BRANCHE07=R:BELØB=0:SÆSON=EJSÆSON,2009-12-01,780.0
DST:FIKS22:BRANCHE07=R:BELØB=0:SÆSON=EJSÆSON,2010-01-01,438.0
DST:FIKS22:BRANCHE07=R:BELØB=0:SÆSON=EJSÆSON,2010-02-01,504.0
DST:FIKS22:BRANCHE07=R:BELØB=0:SÆSON=EJSÆSON,2010-03-01,584.0
DST:FIKS22:BRANCHE07=R:BELØB=0:SÆSON=EJSÆSON,2010-04-01,579.0
DST:FIKS22:BRANCHE07=R:BELØB=0:SÆSON=EJSÆSON,2010-05-01,568.0
DST:FIKS22:BRANCHE07=R:BELØB=0:SÆSON=EJSÆSON,2010-06-01,737.0
DST:FIKS22:BRANCHE07=R:BELØB=0:SÆSON=EJSÆSON,2010-07-01,586.0
DST:FIKS22:BRANCHE07=R:BELØB=0:SÆSON=EJSÆSON,2010-08-01,754.0
DST:FIKS22:BRANCHE07=R:BELØB=0:SÆSON=EJSÆSON,2010-09-01,519.0
DST:FIKS22:BRANCHE07=R:BELØB=0:SÆSON=EJSÆSON,2010-10-01,533.0
DST:FIKS22:BRANCHE07=R:BELØB=0:SÆSON=EJSÆSON,2010-11-01,524.0
DST:FIKS22:BRANCHE07=R:BELØB=0:SÆSON=EJSÆSON,2010-12-01,724.0
DST:FIKS22:BRANCHE07=R:BELØB=0:SÆSON=EJSÆSON,2011-01-01,470.0
DST:FIKS22:BRANCHE07=R:BELØB=0:SÆSON=EJSÆSON,2011-02-01,556.0
DST:FIKS22:BRANCHE07=R:BELØB=0:SÆSON=EJSÆSON,2011-03-01,525.0
DST:FIKS22:BRANCHE07=R:BELØB=0:SÆSON=EJSÆSON,2011-04-01,576.0
DST:FIKS22:BRANCHE07=R:BELØB=0:SÆSON=EJSÆSON,2011-05-01,558.0
DST:FIKS22:BRANCHE07=R:BELØB=0:SÆSON=EJSÆSON,2011-06-01,883.0
DST:FIKS22:BRANCHE07=R:BELØB=0:SÆSON=EJSÆSON,2011-07-01,596.0
DST:FIKS22:BRANCHE07=R:BELØB=0:SÆSON=EJSÆSON,2011-08-01,697.0
DST:FIKS22:BRANCHE07=R:BELØB=0:SÆSON=EJSÆSON,2011-09-01,529.0
DST:FIKS22:BRANCHE07=R:BELØB=0:SÆSON=EJSÆSON,2011-10-01,622.0
DST:FIKS22:BRANCHE07=R:BELØB=0:SÆSON=EJSÆSON,2011-11-01,524.0
DST:FIKS22:BRANCHE07=R:BELØB=0:SÆSON=EJSÆSON,2011-12-01,731.0
DST:FIKS22:BRANCHE07=R:BELØB=0:SÆSON=EJSÆSON,2012-01-01,497.0
DST:FIKS22:BRANCHE07=R:BELØB=0:SÆSON=EJSÆSON,2012-02-01,513.0
DST:FIKS22:BRANCHE07=R:BELØB=0:SÆSON=EJSÆSON,2012-03-01,588.0
DST:FIKS22:BRANCHE07=R:BELØB=0:SÆSON=EJSÆSON,2012-04-01,575.0
DST:FIKS22:BRANCHE07=R:BELØB=0:SÆSON=EJSÆSON,2012-05-01,629.0
DST:FIKS22:BRANCHE07=R:BELØB=0:SÆSON=EJSÆSON,2012-06-01,845.0
DST:FIKS22:BRANCHE07=R:BELØB=0:SÆSON=EJSÆSON,2012-07-01,589.0
DST:FIKS22:BRANCHE07=R:BELØB=0:SÆSON=EJSÆSON,2012-08-01,672.0
DST:FIKS22:BRANCHE07=R:BELØB=0:SÆSON=EJSÆSON,2012-09-01,520.0
DST:FIKS22:BRANCHE07=R:BELØB=0:SÆSON=EJSÆSON,2012-10-01,570.0
DST:FIKS22:BRANCHE07=R:BELØB=0:SÆSON=EJSÆSON,2012-11-01,568.0
DST:FIKS22:BRANCHE07=R:BELØB=0:SÆSON=EJSÆSON,2012-12-01,775.0
DST:FIKS22:BRANCHE07=R:BELØB=0:SÆSON=EJSÆSON,2013-01-01,496.0
DST:FIKS22:BRANCHE07=R:BELØB=0:SÆSON=EJSÆSON,2013-02-01,486.0
DST:FIKS22:BRANCHE07=R:BELØB=0:SÆSON=EJSÆSON,2013-03-01,527.0
DST:FIKS22:BRANCHE07=R:BELØB=0:SÆSON=EJSÆSON,2013-04-01,660.0
DST:FIKS22:BRANCHE07=R:BELØB=0:SÆSON=EJSÆSON,2013-05-01,615.0
DST:FIKS22:BRANCHE07=R:BELØB=0:SÆSON=EJSÆSON,2013-06-01,810.0
DST:FIKS22:BRANCHE07=R:BELØB=0:SÆSON=EJSÆSON,2013-07-01,635.0
DST:FIKS22:BRANCHE07=R:BELØB=0:SÆSON=EJSÆSON,2013-08-01,655.0
DST:FIKS22:BRANCHE07=R:BELØB=0:SÆSON=EJSÆSON,2013-09-01,631.0
DST:FIKS22:BRANCHE07=R:BELØB=0:SÆSON=EJSÆSON,2013-10-01,654.0
DST:FIKS22:BRANCHE07=R:BELØB=0:SÆSON=EJSÆSON,2013-11-01,648.0
DST:FIKS22:BRANCHE07=R:BELØB=0:SÆSON=EJSÆSON,2013-12-01,645.0
DST:FIKS22:BRANCHE07=R:BELØB=0:SÆSON=EJSÆSON,2014-01-01,518.0
DST:FIKS22:BRANCHE07=R:BELØB=0:SÆSON=EJSÆSON,2014-02-01,596.0
DST:FIKS22:BRANCHE07=R:BELØB=0:SÆSON=EJSÆSON,2014-03-01,595.0
DST:FIKS22:BRANCHE07=R:BELØB=0:SÆSON=EJSÆSON,2014-04-01,757.0
DST:FIKS22:BRANCHE07=R:BELØB=0:SÆSON=EJSÆSON,2014-05-01,558.0
DST:FIKS22:BRANCHE07=R:BELØB=0:SÆSON=EJSÆSON,2014-06-01,888.0
DST:FIKS22:BRANCHE07=R:BELØB=0:SÆSON=EJSÆSON,2014-07-01,656.0
DST:FIKS22:BRANCHE07=R:BELØB=0:SÆSON=EJSÆSON,2014-08-01,704.0
DST:FIKS22:BRANCHE07=R:BELØB=0:SÆSON=EJSÆSON,2014-09-01,687.0
DST:FIKS22:BRANCHE07=R:BELØB=0:SÆSON=EJSÆSON,2014-10-01,666.0
DST:FIKS22:BRANCHE07=R:BELØB=0:SÆSON=EJSÆSON,2014-11-01,602.0
DST:FIKS22:BRANCHE07=R:BELØB=0:SÆSON=EJSÆSON,2014-12-01,983.0
DST:FIKS22:BRANCHE07=R:BELØB=0:SÆSON=EJSÆSON,2015-01-01,549.0
DST:FIKS22:BRANCHE07=R:BELØB=0:SÆSON=EJSÆSON,2015-02-01,624.0
DST:FIKS22:BRANCHE07=R:BELØB=0:SÆSON=EJSÆSON,2015-03-01,684.0
DST:FIKS22:BRANCHE07=R:BELØB=0:SÆSON=EJSÆSON,2015-04-01,651.0
DST:FIKS22:BRANCHE07=R:BELØB=0:SÆSON=EJSÆSON,2015-05-01,606.0
DST:FIKS22:BRANCHE07=R:BELØB=0:SÆSON=EJSÆSON,2015-06-01,1027.0
DST:FIKS22:BRANCHE07=R:BELØB=0:SÆSON=EJSÆSON,2015-07-01,695.0
DST:FIKS22:BRANCHE07=R:BELØB=0:SÆSON=EJSÆSON,2015-08-01,673.0
DST:FIKS22:BRANCHE07=R:BELØB=0:SÆSON=EJSÆSON,2015-09-01,768.0
DST:FIKS22:BRANCHE07=R:BELØB=0:SÆSON=EJSÆSON,2015-10-01,652.0
DST:FIKS22:BRANCHE07=R:BELØB=0:SÆSON=EJSÆSON,2015-11-01,494.0
DST:FIKS22:BRANCHE07=R:BELØB=0:SÆSON=EJSÆSON,2015-12-01,1141.0
DST:FIKS22:BRANCHE07=R:BELØB=0:SÆSON=EJSÆSON,2016-01-01,530.0
DST:FIKS22:BRANCHE07=R:BELØB=0:SÆSON=EJSÆSON,2016-02-01,539.0
DST:FIKS22:BRANCHE07=R:BELØB=0:SÆSON=EJSÆSON,2016-03-01,707.0
DST:FIKS22:BRANCHE07=R:BELØB=0:SÆSON=EJSÆSON,2016-04-01,635.0
DST:FIKS22:BRANCHE07=R:BELØB=0:SÆSON=EJSÆSON,2016-05-01,650.0
DST:FIKS22:BRANCHE07=R:BELØB=0:SÆSON=EJSÆSON,2016-06-01,1042.0
DST:FIKS22:BRANCHE07=R:BELØB=0:SÆSON=EJSÆSON,2016-07-01,696.0
DST:FIKS22:BRANCHE07=R:BELØB=0:SÆSON=EJSÆSON,2016-08-01,877.0
DST:FIKS22:BRANCHE07=R:BELØB=0:SÆSON=EJSÆSON,2016-09-01,679.0
DST:FIKS22:BRANCHE07=R:BELØB=0:SÆSON=EJSÆSON,2016-10-01,619.0
DST:FIKS22:BRANCHE07=R:BELØB=0:SÆSON=EJSÆSON,2016-11-01,662.0
DST:FIKS22:BRANCHE07=R:BELØB=0:SÆSON=EJSÆSON,2016-12-01,1172.0
DST:FIKS22:BRANCHE07=R:BELØB=0:SÆSON=EJSÆSON,2017-01-01,623.0
DST:FIKS22:BRANCHE07=R:BELØB=0:SÆSON=EJSÆSON,2017-02-01,592.0
DST:FIKS22:BRANCHE07=R:BELØB=0:SÆSON=EJSÆSON,2017-03-01,759.0
DST:FIKS22:BRANCHE07=R:BELØB=0:SÆSON=EJSÆSON,2017-04-01,614.0
DST:FIKS22:BRANCHE07=R:BELØB=0:SÆSON=EJSÆSON,2017-05-01,839.0
DST:FIKS22:BRANCHE07=R:BELØB=0:SÆSON=EJSÆSON,2017-06-01,1102.0
DST:FIKS22:BRANCHE07=R:BELØB=0:SÆSON=EJSÆSON,2017-07-01,758.0
DST:FIKS22:BRANCHE07=R:BELØB=0:SÆSON=EJSÆSON,2017-08-01,735.0
DST:FIKS22:BRANCHE07=R:BELØB=0:SÆSON=EJSÆSON,2017-09-01,758.0
DST:FIKS22:BRANCHE07=R:BELØB=0:SÆSON=EJSÆSON,2017-10-01,737.0
DST:FIKS22:BRANCHE07=R:BELØB=0:SÆSON=EJSÆSON,2017-11-01,632.0
DST:FIKS22:BRANCHE07=R:BELØB=0:SÆSON=EJSÆSON,2017-12-01,1114.0
DST:FIKS22:BRANCHE07=R:BELØB=0:SÆSON=EJSÆSON,2018-01-01,700.0
DST:FIKS22:BRANCHE07=R:BELØB=0:SÆSON=EJSÆSON,2018-02-01,678.0
DST:FIKS22:BRANCHE07=R:BELØB=0:SÆSON=EJSÆSON,2018-03-01,643.0
DST:FIKS22:BRANCHE07=R:BELØB=0:SÆSON=EJSÆSON,2018-04-01,697.0
DST:FIKS22:BRANCHE07=R:BELØB=0:SÆSON=EJSÆSON,2018-05-01,759.0
DST:FIKS22:BRANCHE07=R:BELØB=0:SÆSON=EJSÆSON,2018-06-01,1232.0
DST:FIKS22:BRANCHE07=R:BELØB=0:SÆSON=EJSÆSON,2018-07-01,762.0
DST:FIKS22:BRANCHE07=R:BELØB=0:SÆSON=EJSÆSON,2018-08-01,927.0
DST:FIKS22:BRANCHE07=R:BELØB=0:SÆSON=EJSÆSON,2018-09-01,718.0
DST:FIKS22:BRANCHE07=R:BELØB=0:SÆSON=EJSÆSON,2018-10-01,785.0
DST:FIKS22:BRANCHE07=R:BELØB=0:SÆSON=EJSÆSON,2018-11-01,702.0
DST:FIKS22:BRANCHE07=R:BELØB=0:SÆSON=EJSÆSON,2018-12-01,1261.0
DST:FIKS22:BRANCHE07=R:BELØB=0:SÆSON=EJSÆSON,2019-01-01,745.0
DST:FIKS22:BRANCHE07=R:BELØB=0:SÆSON=EJSÆSON,2019-02-01,508.0
DST:FIKS22:BRANCHE07=R:BELØB=0:SÆSON=EJSÆSON,2019-03-01,903.0
DST:FIKS22:BRANCHE07=R:BELØB=0:SÆSON=EJSÆSON,2019-04-01,830.0
DST:FIKS22:BRANCHE07=R:BELØB=0:SÆSON=EJSÆSON,2019-05-01,777.0
DST:FIKS22:BRANCHE07=R:BELØB=0:SÆSON=EJSÆSON,2019-06-01,1211.0
DST:FIKS22:BRANCHE07=R:BELØB=0:SÆSON=EJSÆSON,2019-07-01,961.0
DST:FIKS22:BRANCHE07=R:BELØB=0:SÆSON=EJSÆSON,2019-08-01,840.0
DST:FIKS22:BRANCHE07=R:BELØB=0:SÆSON=EJSÆSON,2019-09-01,817.0
DST:FIKS22:BRANCHE07=R:BELØB=0:SÆSON=EJSÆSON,2019-10-01,836.0
DST:FIKS22:BRANCHE07=R:BELØB=0:SÆSON=EJSÆSON,2019-11-01,704.0
DST:FIKS22:BRANCHE07=R:BELØB=0:SÆSON=EJSÆSON,2019-12-01,1282.0
DST:FIKS22:BRANCHE07=R:BELØB=0:SÆSON=EJSÆSON,2020-01-01,752.0
DST:FIKS22:BRANCHE07=R:BELØB=0:SÆSON=EJSÆSON,2020-02-01,592.0
DST:FIKS22:BRANCHE07=R:BELØB=0:SÆSON=EJSÆSON,2020-03-01,763.0
DST:FIKS22:BRANCHE07=R:BELØB=0:SÆSON=EJSÆSON,2020-04-01,482.0
DST:FIKS22:BRANCHE07=R:BELØB=0:SÆSON=EJSÆSON,2020-05-01,327.0
DST:FIKS22:BRANCHE07=R:BELØB=0:SÆSON=EJSÆSON,2020-06-01,800.0
DST:FIKS22:BRANCHE07=R:BELØB=0:SÆSON=EJSÆSON,2020-07-01,759.0
DST:FIKS22:BRANCHE07=R:BELØB=0:SÆSON=EJSÆSON,2020-08-01,639.0
DST:FIKS22:BRANCHE07=R:BELØB=0:SÆSON=EJSÆSON,2020-09-01,747.0
DST:FIKS22:BRANCHE07=R:BELØB=0:SÆSON=EJSÆSON,2020-10-01,566.0
DST:FIKS22:BRANCHE07=R:BELØB=0:SÆSON=EJSÆSON,2020-11-01,614.0
DST:FIKS22:BRANCHE07=R:BELØB=0:SÆSON=EJSÆSON,2020-12-01,1133.0
DST:FIKS22:BRANCHE07=R:BELØB=0:SÆSON=EJSÆSON,2021-01-01,533.0
DST:FIKS22:BRANCHE07=R:BELØB=0:SÆSON=EJSÆSON,2021-02-01,453.0
DST:FIKS22:BRANCHE07=R:BELØB=0:SÆSON=EJSÆSON,2021-03-01,604.0
DST:FIKS22:BRANCHE07=R:BELØB=0:SÆSON=EJSÆSON,2021-04-01,582.0
DST:FIKS22:BRANCHE07=R:BELØB=0:SÆSON=EJSÆSON,2021-05-01,596.0
DST:FIKS22:BRANCHE07=R:BELØB=0:SÆSON=EJSÆSON,2021-06-01,1232.0
DST:FIKS22:BRANCHE07=R:BELØB=0:SÆSON=EJSÆSON,2021-07-01,911.0
DST:FIKS22:BRANCHE07=R:BELØB=0:SÆSON=EJSÆSON,2021-08-01,857.0
DST:FIKS22:BRANCHE07=R:BELØB=0:SÆSON=EJSÆSON,2021-09-01,983.0
DST:FIKS22:BRANCHE07=R:BELØB=0:SÆSON=EJSÆSON,2021-10-01,897.0
DST:FIKS22:BRANCHE07=R:BELØB=0:SÆSON=EJSÆSON,2021-11-01,846.0
DST:FIKS22:BRANCHE07=R:BELØB=0:SÆSON=EJSÆSON,2021-12-01,1447.0
DST:FIKS22:BRANCHE07=R:BELØB=0:SÆSON=EJSÆSON,2022-01-01,670.0
DST:FIKS22:BRANCHE07=R:BELØB=0:SÆSON=EJSÆSON,2022-02-01,729.0
DST:FIKS22:BRANCHE07=R:BELØB=0:SÆSON=EJSÆSON,2022-03-01,975.0
DST:FIKS22:BRANCHE07=R:BELØB=0:SÆSON=EJSÆSON,2022-04-01,993.0
DST:FIKS22:BRANCHE07=R:BELØB=0:SÆSON=EJSÆSON,2022-05-01,964.0
DST:FIKS22:BRANCHE07=R:BELØB=0:SÆSON=EJSÆSON,2022-06-01,1540.0
DST:FIKS22:BRANCHE07=R:BELØB=0:SÆSON=EJSÆSON,2022-07-01,1135.0
DST:FIKS22:BRANCHE07=R:BELØB=0:SÆSON=EJSÆSON,2022-08-01,1089.0
DST:FIKS22:BRANCHE07=R:BELØB=0:SÆSON=EJSÆSON,2022-09-01,1153.0
DST:FIKS22:BRANCHE07=R:BELØB=0:SÆSON=EJSÆSON,2022-10-01,1067.0
DST:FIKS22:BRANCHE07=R:BELØB=0:SÆSON=EJSÆSON,2022-11-01,949.0
DST:FIKS22:BRANCHE07=R:BELØB=0:SÆSON=EJSÆSON,2022-12-01,1546.0
DST:FIKS22:BRANCHE07=R:BELØB=0:SÆSON=EJSÆSON,2023-01-01,1134.0
DST:FIKS22:BRANCHE07=R:BELØB=0:SÆSON=EJSÆSON,2023-02-01,750.0
DST:FIKS22:BRANCHE07=R:BELØB=0:SÆSON=EJSÆSON,2023-03-01,1053.0
DST:FIKS22:BRANCHE07=R:BELØB=0:SÆSON=EJSÆSON,2023-04-01,914.0
DST:FIKS22:BRANCHE07=R:BELØB=0:SÆSON=EJSÆSON,2023-05-01,1041.0
DST:FIKS22:BRANCHE07=R:BELØB=0:SÆSON=EJSÆSON,2023-06-01,1720.0
DST:FIKS22:BRANCHE07=R:BELØB=0:SÆSON=EJSÆSON,2023-07-01,1112.0
DST:FIKS22:BRANCHE07=R:BELØB=0:SÆSON=EJSÆSON,2023-08-01,1109.0
DST:FIKS22:BRANCHE07=R:BELØB=0:SÆSON=EJSÆSON,2023-09-01,1063.0
DST:FIKS22:BRANCHE07=R:BELØB=0:SÆSON=EJSÆSON,2023-10-01,1440.0
DST:FIKS22:BRANCHE07=R:BELØB=0:SÆSON=EJSÆSON,2023-11-01,1673.0
DST:FIKS22:BRANCHE07=R:BELØB=0:SÆSON=EJSÆSON,2023-12-01,333.0
DST:FIKS22:BRANCHE07=R:BELØB=0:SÆSON=EJSÆSON,2024-01-01,930.0
DST:FIKS22:BRANCHE07=R:BELØB=0:SÆSON=EJSÆSON,2024-02-01,995.0
DST:FIKS22:BRANCHE07=R:BELØB=0:SÆSON=EJSÆSON,2024-03-01,911.0
DST:FIKS22:BRANCHE07=R:BELØB=0:SÆSON=EJSÆSON,2024-04-01,1133.0
DST:FIKS22:BRANCHE07=R:BELØB=0:SÆSON=EJSÆSON,2024-05-01,1100.0
DST:FIKS22:BRANCHE07=R:BELØB=0:SÆSON=EJSÆSON,2024-06-01,1466.0
DST:FIKS22:BRANCHE07=R:BELØB=0:SÆSON=EJSÆSON,2024-07-01,1290.0
DST:FIKS22:BRANCHE07=R:BELØB=0:SÆSON=EJSÆSON,2024-08-01,1110.0
DST:FIKS22:BRANCHE07=R:BELØB=0:SÆSON=EJSÆSON,2024-09-01,1249.0
DST:FIKS22:BRANCHE07=R:BELØB=0:SÆSON=EJSÆSON,2024-10-01,849.0
DST:FIKS22:BRANCHE07=R:BELØB=0:SÆSON=EJSÆSON,2024-11-01,793.0
DST:FIKS22:BRANCHE07=R:BELØB=0:SÆSON=EJSÆSON,2024-12-01,1945.0
DST:FIKS22:BRANCHE07=R:BELØB=0:SÆSON=EJSÆSON,2025-01-01,923.0
DST:FIKS22:BRANCHE07=R:BELØB=0:SÆSON=EJSÆSON,2025-02-01,953.0
DST:FIKS22:BRANCHE07=R:BELØB=0:SÆSON=EJSÆSON,2025-03-01,1154.0
DST:FIKS22:BRANCHE07=R:BELØB=0:SÆSON=EJSÆSON,2025-04-01,1293.0
DST:FIKS22:BRANCHE07=R:BELØB=0:SÆSON=EJSÆSON,2025-05-01,1046.0
DST:FIKS22:BRANCHE07=R:BELØB=0:SÆSON=EJSÆSON,2025-06-01,1608.0
DST:FIKS22:BRANCHE07=R:BELØB=0:SÆSON=EJSÆSON,2025-07-01,1443.0
DST:FIKS22:BRANCHE07=R:BELØB=0:SÆSON=EJSÆSON,2025-08-01,1207.0
DST:FIKS22:BRANCHE07=R:BELØB=0:SÆSON=EJSÆSON,2025-09-01,1143.0
DST:FIKS22:BRANCHE07=R:BELØB=0:SÆSON=EJSÆSON,2025-10-01,1052.0
DST:FIKS22:BRANCHE07=R:BELØB=0:SÆSON=EJSÆSON,2025-11-01,1090.0
DST:FIKS22:BRANCHE07=R:BELØB=0:SÆSON=EJSÆSON,2025-12-01,1719.0
DST:FIKS22:BRANCHE07=R:BELØB=0:SÆSON=EJSÆSON,2026-01-01,1155.0
DST:FIKS22:BRANCHE07=R:BELØB=0:SÆSON=EJSÆSON,2026-02-01,855.0
DST:FIKS22:BRANCHE07=R:BELØB=0:SÆSON=EJSÆSON,2026-03-01,906.0
DST:FIKS22:BRANCHE07=R:BELØB=0:SÆSON=SÆSON,2009-01-01,643.0
DST:FIKS22:BRANCHE07=R:BELØB=0:SÆSON=SÆSON,2009-02-01,610.0
DST:FIKS22:BRANCHE07=R:BELØB=0:SÆSON=SÆSON,2009-03-01,686.0
DST:FIKS22:BRANCHE07=R:BELØB=0:SÆSON=SÆSON,2009-04-01,619.0
DST:FIKS22:BRANCHE07=R:BELØB=0:SÆSON=SÆSON,2009-05-01,581.0
DST:FIKS22:BRANCHE07=R:BELØB=0:SÆSON=SÆSON,2009-06-01,492.0
DST:FIKS22:BRANCHE07=R:BELØB=0:SÆSON=SÆSON,2009-07-01,605.0
DST:FIKS22:BRANCHE07=R:BELØB=0:SÆSON=SÆSON,2009-08-01,641.0
DST:FIKS22:BRANCHE07=R:BELØB=0:SÆSON=SÆSON,2009-09-01,590.0
DST:FIKS22:BRANCHE07=R:BELØB=0:SÆSON=SÆSON,2009-10-01,600.0
DST:FIKS22:BRANCHE07=R:BELØB=0:SÆSON=SÆSON,2009-11-01,601.0
DST:FIKS22:BRANCHE07=R:BELØB=0:SÆSON=SÆSON,2009-12-01,604.0
DST:FIKS22:BRANCHE07=R:BELØB=0:SÆSON=SÆSON,2010-01-01,569.0
DST:FIKS22:BRANCHE07=R:BELØB=0:SÆSON=SÆSON,2010-02-01,615.0
DST:FIKS22:BRANCHE07=R:BELØB=0:SÆSON=SÆSON,2010-03-01,591.0
DST:FIKS22:BRANCHE07=R:BELØB=0:SÆSON=SÆSON,2010-04-01,595.0
DST:FIKS22:BRANCHE07=R:BELØB=0:SÆSON=SÆSON,2010-05-01,612.0
DST:FIKS22:BRANCHE07=R:BELØB=0:SÆSON=SÆSON,2010-06-01,497.0
DST:FIKS22:BRANCHE07=R:BELØB=0:SÆSON=SÆSON,2010-07-01,591.0
DST:FIKS22:BRANCHE07=R:BELØB=0:SÆSON=SÆSON,2010-08-01,678.0
DST:FIKS22:BRANCHE07=R:BELØB=0:SÆSON=SÆSON,2010-09-01,573.0
DST:FIKS22:BRANCHE07=R:BELØB=0:SÆSON=SÆSON,2010-10-01,573.0
DST:FIKS22:BRANCHE07=R:BELØB=0:SÆSON=SÆSON,2010-11-01,589.0
DST:FIKS22:BRANCHE07=R:BELØB=0:SÆSON=SÆSON,2010-12-01,539.0
DST:FIKS22:BRANCHE07=R:BELØB=0:SÆSON=SÆSON,2011-01-01,596.0
DST:FIKS22:BRANCHE07=R:BELØB=0:SÆSON=SÆSON,2011-02-01,673.0
DST:FIKS22:BRANCHE07=R:BELØB=0:SÆSON=SÆSON,2011-03-01,540.0
DST:FIKS22:BRANCHE07=R:BELØB=0:SÆSON=SÆSON,2011-04-01,591.0
DST:FIKS22:BRANCHE07=R:BELØB=0:SÆSON=SÆSON,2011-05-01,576.0
DST:FIKS22:BRANCHE07=R:BELØB=0:SÆSON=SÆSON,2011-06-01,625.0
DST:FIKS22:BRANCHE07=R:BELØB=0:SÆSON=SÆSON,2011-07-01,619.0
DST:FIKS22:BRANCHE07=R:BELØB=0:SÆSON=SÆSON,2011-08-01,605.0
DST:FIKS22:BRANCHE07=R:BELØB=0:SÆSON=SÆSON,2011-09-01,589.0
DST:FIKS22:BRANCHE07=R:BELØB=0:SÆSON=SÆSON,2011-10-01,672.0
DST:FIKS22:BRANCHE07=R:BELØB=0:SÆSON=SÆSON,2011-11-01,570.0
DST:FIKS22:BRANCHE07=R:BELØB=0:SÆSON=SÆSON,2011-12-01,582.0
DST:FIKS22:BRANCHE07=R:BELØB=0:SÆSON=SÆSON,2012-01-01,619.0
DST:FIKS22:BRANCHE07=R:BELØB=0:SÆSON=SÆSON,2012-02-01,592.0
DST:FIKS22:BRANCHE07=R:BELØB=0:SÆSON=SÆSON,2012-03-01,642.0
DST:FIKS22:BRANCHE07=R:BELØB=0:SÆSON=SÆSON,2012-04-01,589.0
DST:FIKS22:BRANCHE07=R:BELØB=0:SÆSON=SÆSON,2012-05-01,654.0
DST:FIKS22:BRANCHE07=R:BELØB=0:SÆSON=SÆSON,2012-06-01,613.0
DST:FIKS22:BRANCHE07=R:BELØB=0:SÆSON=SÆSON,2012-07-01,607.0
DST:FIKS22:BRANCHE07=R:BELØB=0:SÆSON=SÆSON,2012-08-01,598.0
DST:FIKS22:BRANCHE07=R:BELØB=0:SÆSON=SÆSON,2012-09-01,588.0
DST:FIKS22:BRANCHE07=R:BELØB=0:SÆSON=SÆSON,2012-10-01,574.0
DST:FIKS22:BRANCHE07=R:BELØB=0:SÆSON=SÆSON,2012-11-01,639.0
DST:FIKS22:BRANCHE07=R:BELØB=0:SÆSON=SÆSON,2012-12-01,636.0
DST:FIKS22:BRANCHE07=R:BELØB=0:SÆSON=SÆSON,2013-01-01,604.0
DST:FIKS22:BRANCHE07=R:BELØB=0:SÆSON=SÆSON,2013-02-01,581.0
DST:FIKS22:BRANCHE07=R:BELØB=0:SÆSON=SÆSON,2013-03-01,584.0
DST:FIKS22:BRANCHE07=R:BELØB=0:SÆSON=SÆSON,2013-04-01,690.0
DST:FIKS22:BRANCHE07=R:BELØB=0:SÆSON=SÆSON,2013-05-01,628.0
DST:FIKS22:BRANCHE07=R:BELØB=0:SÆSON=SÆSON,2013-06-01,623.0
DST:FIKS22:BRANCHE07=R:BELØB=0:SÆSON=SÆSON,2013-07-01,629.0
DST:FIKS22:BRANCHE07=R:BELØB=0:SÆSON=SÆSON,2013-08-01,629.0
DST:FIKS22:BRANCHE07=R:BELØB=0:SÆSON=SÆSON,2013-09-01,675.0
DST:FIKS22:BRANCHE07=R:BELØB=0:SÆSON=SÆSON,2013-10-01,673.0
DST:FIKS22:BRANCHE07=R:BELØB=0:SÆSON=SÆSON,2013-11-01,747.0
DST:FIKS22:BRANCHE07=R:BELØB=0:SÆSON=SÆSON,2013-12-01,496.0
DST:FIKS22:BRANCHE07=R:BELØB=0:SÆSON=SÆSON,2014-01-01,650.0
DST:FIKS22:BRANCHE07=R:BELØB=0:SÆSON=SÆSON,2014-02-01,717.0
DST:FIKS22:BRANCHE07=R:BELØB=0:SÆSON=SÆSON,2014-03-01,653.0
DST:FIKS22:BRANCHE07=R:BELØB=0:SÆSON=SÆSON,2014-04-01,769.0
DST:FIKS22:BRANCHE07=R:BELØB=0:SÆSON=SÆSON,2014-05-01,611.0
DST:FIKS22:BRANCHE07=R:BELØB=0:SÆSON=SÆSON,2014-06-01,657.0
DST:FIKS22:BRANCHE07=R:BELØB=0:SÆSON=SÆSON,2014-07-01,658.0
DST:FIKS22:BRANCHE07=R:BELØB=0:SÆSON=SÆSON,2014-08-01,703.0
DST:FIKS22:BRANCHE07=R:BELØB=0:SÆSON=SÆSON,2014-09-01,705.0
DST:FIKS22:BRANCHE07=R:BELØB=0:SÆSON=SÆSON,2014-10-01,688.0
DST:FIKS22:BRANCHE07=R:BELØB=0:SÆSON=SÆSON,2014-11-01,719.0
DST:FIKS22:BRANCHE07=R:BELØB=0:SÆSON=SÆSON,2014-12-01,669.0
DST:FIKS22:BRANCHE07=R:BELØB=0:SÆSON=SÆSON,2015-01-01,702.0
DST:FIKS22:BRANCHE07=R:BELØB=0:SÆSON=SÆSON,2015-02-01,760.0
DST:FIKS22:BRANCHE07=R:BELØB=0:SÆSON=SÆSON,2015-03-01,732.0
DST:FIKS22:BRANCHE07=R:BELØB=0:SÆSON=SÆSON,2015-04-01,680.0
DST:FIKS22:BRANCHE07=R:BELØB=0:SÆSON=SÆSON,2015-05-01,703.0
DST:FIKS22:BRANCHE07=R:BELØB=0:SÆSON=SÆSON,2015-06-01,727.0
DST:FIKS22:BRANCHE07=R:BELØB=0:SÆSON=SÆSON,2015-07-01,694.0
DST:FIKS22:BRANCHE07=R:BELØB=0:SÆSON=SÆSON,2015-08-01,674.0
DST:FIKS22:BRANCHE07=R:BELØB=0:SÆSON=SÆSON,2015-09-01,762.0
DST:FIKS22:BRANCHE07=R:BELØB=0:SÆSON=SÆSON,2015-10-01,720.0
DST:FIKS22:BRANCHE07=R:BELØB=0:SÆSON=SÆSON,2015-11-01,581.0
DST:FIKS22:BRANCHE07=R:BELØB=0:SÆSON=SÆSON,2015-12-01,740.0
DST:FIKS22:BRANCHE07=R:BELØB=0:SÆSON=SÆSON,2016-01-01,686.0
DST:FIKS22:BRANCHE07=R:BELØB=0:SÆSON=SÆSON,2016-02-01,662.0
DST:FIKS22:BRANCHE07=R:BELØB=0:SÆSON=SÆSON,2016-03-01,746.0
DST:FIKS22:BRANCHE07=R:BELØB=0:SÆSON=SÆSON,2016-04-01,712.0
DST:FIKS22:BRANCHE07=R:BELØB=0:SÆSON=SÆSON,2016-05-01,728.0
DST:FIKS22:BRANCHE07=R:BELØB=0:SÆSON=SÆSON,2016-06-01,690.0
DST:FIKS22:BRANCHE07=R:BELØB=0:SÆSON=SÆSON,2016-07-01,741.0
DST:FIKS22:BRANCHE07=R:BELØB=0:SÆSON=SÆSON,2016-08-01,823.0
DST:FIKS22:BRANCHE07=R:BELØB=0:SÆSON=SÆSON,2016-09-01,695.0
DST:FIKS22:BRANCHE07=R:BELØB=0:SÆSON=SÆSON,2016-10-01,694.0
DST:FIKS22:BRANCHE07=R:BELØB=0:SÆSON=SÆSON,2016-11-01,758.0
DST:FIKS22:BRANCHE07=R:BELØB=0:SÆSON=SÆSON,2016-12-01,785.0
DST:FIKS22:BRANCHE07=R:BELØB=0:SÆSON=SÆSON,2017-01-01,758.0
DST:FIKS22:BRANCHE07=R:BELØB=0:SÆSON=SÆSON,2017-02-01,760.0
DST:FIKS22:BRANCHE07=R:BELØB=0:SÆSON=SÆSON,2017-03-01,786.0
DST:FIKS22:BRANCHE07=R:BELØB=0:SÆSON=SÆSON,2017-04-01,715.0
DST:FIKS22:BRANCHE07=R:BELØB=0:SÆSON=SÆSON,2017-05-01,896.0
DST:FIKS22:BRANCHE07=R:BELØB=0:SÆSON=SÆSON,2017-06-01,762.0
DST:FIKS22:BRANCHE07=R:BELØB=0:SÆSON=SÆSON,2017-07-01,789.0
DST:FIKS22:BRANCHE07=R:BELØB=0:SÆSON=SÆSON,2017-08-01,696.0
DST:FIKS22:BRANCHE07=R:BELØB=0:SÆSON=SÆSON,2017-09-01,798.0
DST:FIKS22:BRANCHE07=R:BELØB=0:SÆSON=SÆSON,2017-10-01,818.0
DST:FIKS22:BRANCHE07=R:BELØB=0:SÆSON=SÆSON,2017-11-01,729.0
DST:FIKS22:BRANCHE07=R:BELØB=0:SÆSON=SÆSON,2017-12-01,758.0
DST:FIKS22:BRANCHE07=R:BELØB=0:SÆSON=SÆSON,2018-01-01,816.0
DST:FIKS22:BRANCHE07=R:BELØB=0:SÆSON=SÆSON,2018-02-01,905.0
DST:FIKS22:BRANCHE07=R:BELØB=0:SÆSON=SÆSON,2018-03-01,718.0
DST:FIKS22:BRANCHE07=R:BELØB=0:SÆSON=SÆSON,2018-04-01,814.0
DST:FIKS22:BRANCHE07=R:BELØB=0:SÆSON=SÆSON,2018-05-01,829.0
DST:FIKS22:BRANCHE07=R:BELØB=0:SÆSON=SÆSON,2018-06-01,857.0
DST:FIKS22:BRANCHE07=R:BELØB=0:SÆSON=SÆSON,2018-07-01,752.0
DST:FIKS22:BRANCHE07=R:BELØB=0:SÆSON=SÆSON,2018-08-01,882.0
DST:FIKS22:BRANCHE07=R:BELØB=0:SÆSON=SÆSON,2018-09-01,766.0
DST:FIKS22:BRANCHE07=R:BELØB=0:SÆSON=SÆSON,2018-10-01,824.0
DST:FIKS22:BRANCHE07=R:BELØB=0:SÆSON=SÆSON,2018-11-01,833.0
DST:FIKS22:BRANCHE07=R:BELØB=0:SÆSON=SÆSON,2018-12-01,879.0
DST:FIKS22:BRANCHE07=R:BELØB=0:SÆSON=SÆSON,2019-01-01,868.0
DST:FIKS22:BRANCHE07=R:BELØB=0:SÆSON=SÆSON,2019-02-01,698.0
DST:FIKS22:BRANCHE07=R:BELØB=0:SÆSON=SÆSON,2019-03-01,1049.0
DST:FIKS22:BRANCHE07=R:BELØB=0:SÆSON=SÆSON,2019-04-01,927.0
DST:FIKS22:BRANCHE07=R:BELØB=0:SÆSON=SÆSON,2019-05-01,852.0
DST:FIKS22:BRANCHE07=R:BELØB=0:SÆSON=SÆSON,2019-06-01,914.0
DST:FIKS22:BRANCHE07=R:BELØB=0:SÆSON=SÆSON,2019-07-01,874.0
DST:FIKS22:BRANCHE07=R:BELØB=0:SÆSON=SÆSON,2019-08-01,847.0
DST:FIKS22:BRANCHE07=R:BELØB=0:SÆSON=SÆSON,2019-09-01,835.0
DST:FIKS22:BRANCHE07=R:BELØB=0:SÆSON=SÆSON,2019-10-01,879.0
DST:FIKS22:BRANCHE07=R:BELØB=0:SÆSON=SÆSON,2019-11-01,845.0
DST:FIKS22:BRANCHE07=R:BELØB=0:SÆSON=SÆSON,2019-12-01,883.0
DST:FIKS22:BRANCHE07=R:BELØB=0:SÆSON=SÆSON,2020-01-01,911.0
DST:FIKS22:BRANCHE07=R:BELØB=0:SÆSON=SÆSON,2020-02-01,848.0
DST:FIKS22:BRANCHE07=R:BELØB=0:SÆSON=SÆSON,2020-03-01,874.0
DST:FIKS22:BRANCHE07=R:BELØB=0:SÆSON=SÆSON,2020-04-01,524.0
DST:FIKS22:BRANCHE07=R:BELØB=0:SÆSON=SÆSON,2020-05-01,388.0
DST:FIKS22:BRANCHE07=R:BELØB=0:SÆSON=SÆSON,2020-06-01,556.0
DST:FIKS22:BRANCHE07=R:BELØB=0:SÆSON=SÆSON,2020-07-01,677.0
DST:FIKS22:BRANCHE07=R:BELØB=0:SÆSON=SÆSON,2020-08-01,660.0
DST:FIKS22:BRANCHE07=R:BELØB=0:SÆSON=SÆSON,2020-09-01,713.0
DST:FIKS22:BRANCHE07=R:BELØB=0:SÆSON=SÆSON,2020-10-01,623.0
DST:FIKS22:BRANCHE07=R:BELØB=0:SÆSON=SÆSON,2020-11-01,726.0
DST:FIKS22:BRANCHE07=R:BELØB=0:SÆSON=SÆSON,2020-12-01,719.0
DST:FIKS22:BRANCHE07=R:BELØB=0:SÆSON=SÆSON,2021-01-01,691.0
DST:FIKS22:BRANCHE07=R:BELØB=0:SÆSON=SÆSON,2021-02-01,641.0
DST:FIKS22:BRANCHE07=R:BELØB=0:SÆSON=SÆSON,2021-03-01,661.0
DST:FIKS22:BRANCHE07=R:BELØB=0:SÆSON=SÆSON,2021-04-01,660.0
DST:FIKS22:BRANCHE07=R:BELØB=0:SÆSON=SÆSON,2021-05-01,700.0
DST:FIKS22:BRANCHE07=R:BELØB=0:SÆSON=SÆSON,2021-06-01,795.0
DST:FIKS22:BRANCHE07=R:BELØB=0:SÆSON=SÆSON,2021-07-01,848.0
DST:FIKS22:BRANCHE07=R:BELØB=0:SÆSON=SÆSON,2021-08-01,869.0
DST:FIKS22:BRANCHE07=R:BELØB=0:SÆSON=SÆSON,2021-09-01,920.0
DST:FIKS22:BRANCHE07=R:BELØB=0:SÆSON=SÆSON,2021-10-01,1023.0
DST:FIKS22:BRANCHE07=R:BELØB=0:SÆSON=SÆSON,2021-11-01,973.0
DST:FIKS22:BRANCHE07=R:BELØB=0:SÆSON=SÆSON,2021-12-01,904.0
DST:FIKS22:BRANCHE07=R:BELØB=0:SÆSON=SÆSON,2022-01-01,865.0
DST:FIKS22:BRANCHE07=R:BELØB=0:SÆSON=SÆSON,2022-02-01,1024.0
DST:FIKS22:BRANCHE07=R:BELØB=0:SÆSON=SÆSON,2022-03-01,1071.0
DST:FIKS22:BRANCHE07=R:BELØB=0:SÆSON=SÆSON,2022-04-01,1110.0
DST:FIKS22:BRANCHE07=R:BELØB=0:SÆSON=SÆSON,2022-05-01,1096.0
DST:FIKS22:BRANCHE07=R:BELØB=0:SÆSON=SÆSON,2022-06-01,1027.0
DST:FIKS22:BRANCHE07=R:BELØB=0:SÆSON=SÆSON,2022-07-01,1064.0
DST:FIKS22:BRANCHE07=R:BELØB=0:SÆSON=SÆSON,2022-08-01,1049.0
DST:FIKS22:BRANCHE07=R:BELØB=0:SÆSON=SÆSON,2022-09-01,1102.0
DST:FIKS22:BRANCHE07=R:BELØB=0:SÆSON=SÆSON,2022-10-01,1238.0
DST:FIKS22:BRANCHE07=R:BELØB=0:SÆSON=SÆSON,2022-11-01,1050.0
DST:FIKS22:BRANCHE07=R:BELØB=0:SÆSON=SÆSON,2022-12-01,1070.0
DST:FIKS22:BRANCHE07=R:BELØB=0:SÆSON=SÆSON,2023-01-01,1464.0
DST:FIKS22:BRANCHE07=R:BELØB=0:SÆSON=SÆSON,2023-02-01,1029.0
DST:FIKS22:BRANCHE07=R:BELØB=0:SÆSON=SÆSON,2023-03-01,1159.0
DST:FIKS22:BRANCHE07=R:BELØB=0:SÆSON=SÆSON,2023-04-01,1017.0
DST:FIKS22:BRANCHE07=R:BELØB=0:SÆSON=SÆSON,2023-05-01,1136.0
DST:FIKS22:BRANCHE07=R:BELØB=0:SÆSON=SÆSON,2023-06-01,1190.0
DST:FIKS22:BRANCHE07=R:BELØB=0:SÆSON=SÆSON,2023-07-01,1041.0
DST:FIKS22:BRANCHE07=R:BELØB=0:SÆSON=SÆSON,2023-08-01,1073.0
DST:FIKS22:BRANCHE07=R:BELØB=0:SÆSON=SÆSON,2023-09-01,1040.0
DST:FIKS22:BRANCHE07=R:BELØB=0:SÆSON=SÆSON,2023-10-01,1675.0
DST:FIKS22:BRANCHE07=R:BELØB=0:SÆSON=SÆSON,2023-11-01,1843.0
DST:FIKS22:BRANCHE07=R:BELØB=0:SÆSON=SÆSON,2023-12-01,241.0
DST:FIKS22:BRANCHE07=R:BELØB=0:SÆSON=SÆSON,2024-01-01,1168.0
DST:FIKS22:BRANCHE07=R:BELØB=0:SÆSON=SÆSON,2024-02-01,1337.0
DST:FIKS22:BRANCHE07=R:BELØB=0:SÆSON=SÆSON,2024-03-01,1084.0
DST:FIKS22:BRANCHE07=R:BELØB=0:SÆSON=SÆSON,2024-04-01,1204.0
DST:FIKS22:BRANCHE07=R:BELØB=0:SÆSON=SÆSON,2024-05-01,1168.0
DST:FIKS22:BRANCHE07=R:BELØB=0:SÆSON=SÆSON,2024-06-01,1092.0
DST:FIKS22:BRANCHE07=R:BELØB=0:SÆSON=SÆSON,2024-07-01,1121.0
DST:FIKS22:BRANCHE07=R:BELØB=0:SÆSON=SÆSON,2024-08-01,1126.0
DST:FIKS22:BRANCHE07=R:BELØB=0:SÆSON=SÆSON,2024-09-01,1234.0
DST:FIKS22:BRANCHE07=R:BELØB=0:SÆSON=SÆSON,2024-10-01,968.0
DST:FIKS22:BRANCHE07=R:BELØB=0:SÆSON=SÆSON,2024-11-01,914.0
DST:FIKS22:BRANCHE07=R:BELØB=0:SÆSON=SÆSON,2024-12-01,1412.0
DST:FIKS22:BRANCHE07=R:BELØB=0:SÆSON=SÆSON,2025-01-01,1188.0
DST:FIKS22:BRANCHE07=R:BELØB=0:SÆSON=SÆSON,2025-02-01,1264.0
DST:FIKS22:BRANCHE07=R:BELØB=0:SÆSON=SÆSON,2025-03-01,1387.0
DST:FIKS22:BRANCHE07=R:BELØB=0:SÆSON=SÆSON,2025-04-01,1281.0
DST:FIKS22:BRANCHE07=R:BELØB=0:SÆSON=SÆSON,2025-05-01,1168.0
DST:FIKS22:BRANCHE07=R:BELØB=0:SÆSON=SÆSON,2025-06-01,1159.0
DST:FIKS22:BRANCHE07=R:BELØB=0:SÆSON=SÆSON,2025-07-01,1263.0
DST:FIKS22:BRANCHE07=R:BELØB=0:SÆSON=SÆSON,2025-08-01,1244.0
DST:FIKS22:BRANCHE07=R:BELØB=0:SÆSON=SÆSON,2025-09-01,1115.0
DST:FIKS22:BRANCHE07=R:BELØB=0:SÆSON=SÆSON,2025-10-01,1227.0
DST:FIKS22:BRANCHE07=R:BELØB=0:SÆSON=SÆSON,2025-11-01,1280.0
DST:FIKS22:BRANCHE07=R:BELØB=0:SÆSON=SÆSON,2025-12-01,1145.0
DST:FIKS22:BRANCHE07=R:BELØB=0:SÆSON=SÆSON,2026-01-01,1499.0
DST:FIKS22:BRANCHE07=R:BELØB=0:SÆSON=SÆSON,2026-02-01,1130.0
DST:FIKS22:BRANCHE07=R:BELØB=0:SÆSON=SÆSON,2026-03-01,1071.0
DST:FIKS22:BRANCHE07=R:BELØB=1:SÆSON=EJSÆSON,2009-01-01,775.0
DST:FIKS22:BRANCHE07=R:BELØB=1:SÆSON=EJSÆSON,2009-02-01,688.0
DST:FIKS22:BRANCHE07=R:BELØB=1:SÆSON=EJSÆSON,2009-03-01,727.0
DST:FIKS22:BRANCHE07=R:BELØB=1:SÆSON=EJSÆSON,2009-04-01,766.0
DST:FIKS22:BRANCHE07=R:BELØB=1:SÆSON=EJSÆSON,2009-05-01,782.0
DST:FIKS22:BRANCHE07=R:BELØB=1:SÆSON=EJSÆSON,2009-06-01,938.0
DST:FIKS22:BRANCHE07=R:BELØB=1:SÆSON=EJSÆSON,2009-07-01,1242.0
DST:FIKS22:BRANCHE07=R:BELØB=1:SÆSON=EJSÆSON,2009-08-01,1124.0
DST:FIKS22:BRANCHE07=R:BELØB=1:SÆSON=EJSÆSON,2009-09-01,744.0
DST:FIKS22:BRANCHE07=R:BELØB=1:SÆSON=EJSÆSON,2009-10-01,812.0
DST:FIKS22:BRANCHE07=R:BELØB=1:SÆSON=EJSÆSON,2009-11-01,827.0
DST:FIKS22:BRANCHE07=R:BELØB=1:SÆSON=EJSÆSON,2009-12-01,1018.0
DST:FIKS22:BRANCHE07=R:BELØB=1:SÆSON=EJSÆSON,2010-01-01,728.0
DST:FIKS22:BRANCHE07=R:BELØB=1:SÆSON=EJSÆSON,2010-02-01,647.0
DST:FIKS22:BRANCHE07=R:BELØB=1:SÆSON=EJSÆSON,2010-03-01,752.0
DST:FIKS22:BRANCHE07=R:BELØB=1:SÆSON=EJSÆSON,2010-04-01,694.0
DST:FIKS22:BRANCHE07=R:BELØB=1:SÆSON=EJSÆSON,2010-05-01,983.0
DST:FIKS22:BRANCHE07=R:BELØB=1:SÆSON=EJSÆSON,2010-06-01,1051.0
DST:FIKS22:BRANCHE07=R:BELØB=1:SÆSON=EJSÆSON,2010-07-01,1250.0
DST:FIKS22:BRANCHE07=R:BELØB=1:SÆSON=EJSÆSON,2010-08-01,1134.0
DST:FIKS22:BRANCHE07=R:BELØB=1:SÆSON=EJSÆSON,2010-09-01,786.0
DST:FIKS22:BRANCHE07=R:BELØB=1:SÆSON=EJSÆSON,2010-10-01,718.0
DST:FIKS22:BRANCHE07=R:BELØB=1:SÆSON=EJSÆSON,2010-11-01,854.0
DST:FIKS22:BRANCHE07=R:BELØB=1:SÆSON=EJSÆSON,2010-12-01,924.0
DST:FIKS22:BRANCHE07=R:BELØB=1:SÆSON=EJSÆSON,2011-01-01,811.0
DST:FIKS22:BRANCHE07=R:BELØB=1:SÆSON=EJSÆSON,2011-02-01,751.0
DST:FIKS22:BRANCHE07=R:BELØB=1:SÆSON=EJSÆSON,2011-03-01,717.0
DST:FIKS22:BRANCHE07=R:BELØB=1:SÆSON=EJSÆSON,2011-04-01,824.0
DST:FIKS22:BRANCHE07=R:BELØB=1:SÆSON=EJSÆSON,2011-05-01,971.0
DST:FIKS22:BRANCHE07=R:BELØB=1:SÆSON=EJSÆSON,2011-06-01,1121.0
DST:FIKS22:BRANCHE07=R:BELØB=1:SÆSON=EJSÆSON,2011-07-01,1266.0
DST:FIKS22:BRANCHE07=R:BELØB=1:SÆSON=EJSÆSON,2011-08-01,1024.0
DST:FIKS22:BRANCHE07=R:BELØB=1:SÆSON=EJSÆSON,2011-09-01,930.0
DST:FIKS22:BRANCHE07=R:BELØB=1:SÆSON=EJSÆSON,2011-10-01,759.0
DST:FIKS22:BRANCHE07=R:BELØB=1:SÆSON=EJSÆSON,2011-11-01,809.0
DST:FIKS22:BRANCHE07=R:BELØB=1:SÆSON=EJSÆSON,2011-12-01,1031.0
DST:FIKS22:BRANCHE07=R:BELØB=1:SÆSON=EJSÆSON,2012-01-01,882.0
DST:FIKS22:BRANCHE07=R:BELØB=1:SÆSON=EJSÆSON,2012-02-01,699.0
DST:FIKS22:BRANCHE07=R:BELØB=1:SÆSON=EJSÆSON,2012-03-01,718.0
DST:FIKS22:BRANCHE07=R:BELØB=1:SÆSON=EJSÆSON,2012-04-01,800.0
DST:FIKS22:BRANCHE07=R:BELØB=1:SÆSON=EJSÆSON,2012-05-01,1014.0
DST:FIKS22:BRANCHE07=R:BELØB=1:SÆSON=EJSÆSON,2012-06-01,1089.0
DST:FIKS22:BRANCHE07=R:BELØB=1:SÆSON=EJSÆSON,2012-07-01,1362.0
DST:FIKS22:BRANCHE07=R:BELØB=1:SÆSON=EJSÆSON,2012-08-01,1051.0
DST:FIKS22:BRANCHE07=R:BELØB=1:SÆSON=EJSÆSON,2012-09-01,841.0
DST:FIKS22:BRANCHE07=R:BELØB=1:SÆSON=EJSÆSON,2012-10-01,857.0
DST:FIKS22:BRANCHE07=R:BELØB=1:SÆSON=EJSÆSON,2012-11-01,870.0
DST:FIKS22:BRANCHE07=R:BELØB=1:SÆSON=EJSÆSON,2012-12-01,1093.0
DST:FIKS22:BRANCHE07=R:BELØB=1:SÆSON=EJSÆSON,2013-01-01,853.0
DST:FIKS22:BRANCHE07=R:BELØB=1:SÆSON=EJSÆSON,2013-02-01,831.0
DST:FIKS22:BRANCHE07=R:BELØB=1:SÆSON=EJSÆSON,2013-03-01,708.0
DST:FIKS22:BRANCHE07=R:BELØB=1:SÆSON=EJSÆSON,2013-04-01,934.0
DST:FIKS22:BRANCHE07=R:BELØB=1:SÆSON=EJSÆSON,2013-05-01,1011.0
DST:FIKS22:BRANCHE07=R:BELØB=1:SÆSON=EJSÆSON,2013-06-01,1143.0
DST:FIKS22:BRANCHE07=R:BELØB=1:SÆSON=EJSÆSON,2013-07-01,1423.0
DST:FIKS22:BRANCHE07=R:BELØB=1:SÆSON=EJSÆSON,2013-08-01,1125.0
DST:FIKS22:BRANCHE07=R:BELØB=1:SÆSON=EJSÆSON,2013-09-01,886.0
DST:FIKS22:BRANCHE07=R:BELØB=1:SÆSON=EJSÆSON,2013-10-01,1018.0
DST:FIKS22:BRANCHE07=R:BELØB=1:SÆSON=EJSÆSON,2013-11-01,849.0
DST:FIKS22:BRANCHE07=R:BELØB=1:SÆSON=EJSÆSON,2013-12-01,1031.0
DST:FIKS22:BRANCHE07=R:BELØB=1:SÆSON=EJSÆSON,2014-01-01,912.0
DST:FIKS22:BRANCHE07=R:BELØB=1:SÆSON=EJSÆSON,2014-02-01,907.0
DST:FIKS22:BRANCHE07=R:BELØB=1:SÆSON=EJSÆSON,2014-03-01,689.0
DST:FIKS22:BRANCHE07=R:BELØB=1:SÆSON=EJSÆSON,2014-04-01,953.0
DST:FIKS22:BRANCHE07=R:BELØB=1:SÆSON=EJSÆSON,2014-05-01,1057.0
DST:FIKS22:BRANCHE07=R:BELØB=1:SÆSON=EJSÆSON,2014-06-01,1258.0
DST:FIKS22:BRANCHE07=R:BELØB=1:SÆSON=EJSÆSON,2014-07-01,1490.0
DST:FIKS22:BRANCHE07=R:BELØB=1:SÆSON=EJSÆSON,2014-08-01,1329.0
DST:FIKS22:BRANCHE07=R:BELØB=1:SÆSON=EJSÆSON,2014-09-01,801.0
DST:FIKS22:BRANCHE07=R:BELØB=1:SÆSON=EJSÆSON,2014-10-01,1075.0
DST:FIKS22:BRANCHE07=R:BELØB=1:SÆSON=EJSÆSON,2014-11-01,964.0
DST:FIKS22:BRANCHE07=R:BELØB=1:SÆSON=EJSÆSON,2014-12-01,1043.0
DST:FIKS22:BRANCHE07=R:BELØB=1:SÆSON=EJSÆSON,2015-01-01,849.0
DST:FIKS22:BRANCHE07=R:BELØB=1:SÆSON=EJSÆSON,2015-02-01,928.0
DST:FIKS22:BRANCHE07=R:BELØB=1:SÆSON=EJSÆSON,2015-03-01,866.0
DST:FIKS22:BRANCHE07=R:BELØB=1:SÆSON=EJSÆSON,2015-04-01,917.0
DST:FIKS22:BRANCHE07=R:BELØB=1:SÆSON=EJSÆSON,2015-05-01,1186.0
DST:FIKS22:BRANCHE07=R:BELØB=1:SÆSON=EJSÆSON,2015-06-01,1406.0
DST:FIKS22:BRANCHE07=R:BELØB=1:SÆSON=EJSÆSON,2015-07-01,1579.0
DST:FIKS22:BRANCHE07=R:BELØB=1:SÆSON=EJSÆSON,2015-08-01,1455.0
DST:FIKS22:BRANCHE07=R:BELØB=1:SÆSON=EJSÆSON,2015-09-01,847.0
DST:FIKS22:BRANCHE07=R:BELØB=1:SÆSON=EJSÆSON,2015-10-01,1049.0
DST:FIKS22:BRANCHE07=R:BELØB=1:SÆSON=EJSÆSON,2015-11-01,950.0
DST:FIKS22:BRANCHE07=R:BELØB=1:SÆSON=EJSÆSON,2015-12-01,1399.0
DST:FIKS22:BRANCHE07=R:BELØB=1:SÆSON=EJSÆSON,2016-01-01,839.0
DST:FIKS22:BRANCHE07=R:BELØB=1:SÆSON=EJSÆSON,2016-02-01,918.0
DST:FIKS22:BRANCHE07=R:BELØB=1:SÆSON=EJSÆSON,2016-03-01,1045.0
DST:FIKS22:BRANCHE07=R:BELØB=1:SÆSON=EJSÆSON,2016-04-01,942.0
DST:FIKS22:BRANCHE07=R:BELØB=1:SÆSON=EJSÆSON,2016-05-01,1279.0
DST:FIKS22:BRANCHE07=R:BELØB=1:SÆSON=EJSÆSON,2016-06-01,1409.0
DST:FIKS22:BRANCHE07=R:BELØB=1:SÆSON=EJSÆSON,2016-07-01,1632.0
DST:FIKS22:BRANCHE07=R:BELØB=1:SÆSON=EJSÆSON,2016-08-01,1435.0
DST:FIKS22:BRANCHE07=R:BELØB=1:SÆSON=EJSÆSON,2016-09-01,948.0
DST:FIKS22:BRANCHE07=R:BELØB=1:SÆSON=EJSÆSON,2016-10-01,1179.0
DST:FIKS22:BRANCHE07=R:BELØB=1:SÆSON=EJSÆSON,2016-11-01,1181.0
DST:FIKS22:BRANCHE07=R:BELØB=1:SÆSON=EJSÆSON,2016-12-01,1357.0
DST:FIKS22:BRANCHE07=R:BELØB=1:SÆSON=EJSÆSON,2017-01-01,1017.0
DST:FIKS22:BRANCHE07=R:BELØB=1:SÆSON=EJSÆSON,2017-02-01,983.0
DST:FIKS22:BRANCHE07=R:BELØB=1:SÆSON=EJSÆSON,2017-03-01,1016.0
DST:FIKS22:BRANCHE07=R:BELØB=1:SÆSON=EJSÆSON,2017-04-01,910.0
DST:FIKS22:BRANCHE07=R:BELØB=1:SÆSON=EJSÆSON,2017-05-01,1346.0
DST:FIKS22:BRANCHE07=R:BELØB=1:SÆSON=EJSÆSON,2017-06-01,1749.0
DST:FIKS22:BRANCHE07=R:BELØB=1:SÆSON=EJSÆSON,2017-07-01,1686.0
DST:FIKS22:BRANCHE07=R:BELØB=1:SÆSON=EJSÆSON,2017-08-01,1370.0
DST:FIKS22:BRANCHE07=R:BELØB=1:SÆSON=EJSÆSON,2017-09-01,1079.0
DST:FIKS22:BRANCHE07=R:BELØB=1:SÆSON=EJSÆSON,2017-10-01,1296.0
DST:FIKS22:BRANCHE07=R:BELØB=1:SÆSON=EJSÆSON,2017-11-01,1154.0
DST:FIKS22:BRANCHE07=R:BELØB=1:SÆSON=EJSÆSON,2017-12-01,1437.0
DST:FIKS22:BRANCHE07=R:BELØB=1:SÆSON=EJSÆSON,2018-01-01,1155.0
DST:FIKS22:BRANCHE07=R:BELØB=1:SÆSON=EJSÆSON,2018-02-01,1111.0
DST:FIKS22:BRANCHE07=R:BELØB=1:SÆSON=EJSÆSON,2018-03-01,1073.0
DST:FIKS22:BRANCHE07=R:BELØB=1:SÆSON=EJSÆSON,2018-04-01,993.0
DST:FIKS22:BRANCHE07=R:BELØB=1:SÆSON=EJSÆSON,2018-05-01,1521.0
DST:FIKS22:BRANCHE07=R:BELØB=1:SÆSON=EJSÆSON,2018-06-01,1576.0
DST:FIKS22:BRANCHE07=R:BELØB=1:SÆSON=EJSÆSON,2018-07-01,1620.0
DST:FIKS22:BRANCHE07=R:BELØB=1:SÆSON=EJSÆSON,2018-08-01,1490.0
DST:FIKS22:BRANCHE07=R:BELØB=1:SÆSON=EJSÆSON,2018-09-01,1351.0
DST:FIKS22:BRANCHE07=R:BELØB=1:SÆSON=EJSÆSON,2018-10-01,1268.0
DST:FIKS22:BRANCHE07=R:BELØB=1:SÆSON=EJSÆSON,2018-11-01,1325.0
DST:FIKS22:BRANCHE07=R:BELØB=1:SÆSON=EJSÆSON,2018-12-01,1520.0
DST:FIKS22:BRANCHE07=R:BELØB=1:SÆSON=EJSÆSON,2019-01-01,1168.0
DST:FIKS22:BRANCHE07=R:BELØB=1:SÆSON=EJSÆSON,2019-02-01,1167.0
DST:FIKS22:BRANCHE07=R:BELØB=1:SÆSON=EJSÆSON,2019-03-01,1094.0
DST:FIKS22:BRANCHE07=R:BELØB=1:SÆSON=EJSÆSON,2019-04-01,1221.0
DST:FIKS22:BRANCHE07=R:BELØB=1:SÆSON=EJSÆSON,2019-05-01,1514.0
DST:FIKS22:BRANCHE07=R:BELØB=1:SÆSON=EJSÆSON,2019-06-01,1668.0
DST:FIKS22:BRANCHE07=R:BELØB=1:SÆSON=EJSÆSON,2019-07-01,1937.0
DST:FIKS22:BRANCHE07=R:BELØB=1:SÆSON=EJSÆSON,2019-08-01,1646.0
DST:FIKS22:BRANCHE07=R:BELØB=1:SÆSON=EJSÆSON,2019-09-01,1083.0
DST:FIKS22:BRANCHE07=R:BELØB=1:SÆSON=EJSÆSON,2019-10-01,1341.0
DST:FIKS22:BRANCHE07=R:BELØB=1:SÆSON=EJSÆSON,2019-11-01,1502.0
DST:FIKS22:BRANCHE07=R:BELØB=1:SÆSON=EJSÆSON,2019-12-01,1565.0
DST:FIKS22:BRANCHE07=R:BELØB=1:SÆSON=EJSÆSON,2020-01-01,1561.0
DST:FIKS22:BRANCHE07=R:BELØB=1:SÆSON=EJSÆSON,2020-02-01,1014.0
DST:FIKS22:BRANCHE07=R:BELØB=1:SÆSON=EJSÆSON,2020-03-01,753.0
DST:FIKS22:BRANCHE07=R:BELØB=1:SÆSON=EJSÆSON,2020-04-01,450.0
DST:FIKS22:BRANCHE07=R:BELØB=1:SÆSON=EJSÆSON,2020-05-01,456.0
DST:FIKS22:BRANCHE07=R:BELØB=1:SÆSON=EJSÆSON,2020-06-01,901.0
DST:FIKS22:BRANCHE07=R:BELØB=1:SÆSON=EJSÆSON,2020-07-01,1473.0
DST:FIKS22:BRANCHE07=R:BELØB=1:SÆSON=EJSÆSON,2020-08-01,1230.0
DST:FIKS22:BRANCHE07=R:BELØB=1:SÆSON=EJSÆSON,2020-09-01,900.0
DST:FIKS22:BRANCHE07=R:BELØB=1:SÆSON=EJSÆSON,2020-10-01,1225.0
DST:FIKS22:BRANCHE07=R:BELØB=1:SÆSON=EJSÆSON,2020-11-01,824.0
DST:FIKS22:BRANCHE07=R:BELØB=1:SÆSON=EJSÆSON,2020-12-01,902.0
DST:FIKS22:BRANCHE07=R:BELØB=1:SÆSON=EJSÆSON,2021-01-01,620.0
DST:FIKS22:BRANCHE07=R:BELØB=1:SÆSON=EJSÆSON,2021-02-01,620.0
DST:FIKS22:BRANCHE07=R:BELØB=1:SÆSON=EJSÆSON,2021-03-01,593.0
DST:FIKS22:BRANCHE07=R:BELØB=1:SÆSON=EJSÆSON,2021-04-01,514.0
DST:FIKS22:BRANCHE07=R:BELØB=1:SÆSON=EJSÆSON,2021-05-01,972.0
DST:FIKS22:BRANCHE07=R:BELØB=1:SÆSON=EJSÆSON,2021-06-01,1662.0
DST:FIKS22:BRANCHE07=R:BELØB=1:SÆSON=EJSÆSON,2021-07-01,1788.0
DST:FIKS22:BRANCHE07=R:BELØB=1:SÆSON=EJSÆSON,2021-08-01,1588.0
DST:FIKS22:BRANCHE07=R:BELØB=1:SÆSON=EJSÆSON,2021-09-01,1455.0
DST:FIKS22:BRANCHE07=R:BELØB=1:SÆSON=EJSÆSON,2021-10-01,1390.0
DST:FIKS22:BRANCHE07=R:BELØB=1:SÆSON=EJSÆSON,2021-11-01,1629.0
DST:FIKS22:BRANCHE07=R:BELØB=1:SÆSON=EJSÆSON,2021-12-01,1394.0
DST:FIKS22:BRANCHE07=R:BELØB=1:SÆSON=EJSÆSON,2022-01-01,1012.0
DST:FIKS22:BRANCHE07=R:BELØB=1:SÆSON=EJSÆSON,2022-02-01,1156.0
DST:FIKS22:BRANCHE07=R:BELØB=1:SÆSON=EJSÆSON,2022-03-01,1218.0
DST:FIKS22:BRANCHE07=R:BELØB=1:SÆSON=EJSÆSON,2022-04-01,1323.0
DST:FIKS22:BRANCHE07=R:BELØB=1:SÆSON=EJSÆSON,2022-05-01,1855.0
DST:FIKS22:BRANCHE07=R:BELØB=1:SÆSON=EJSÆSON,2022-06-01,2190.0
DST:FIKS22:BRANCHE07=R:BELØB=1:SÆSON=EJSÆSON,2022-07-01,2037.0
DST:FIKS22:BRANCHE07=R:BELØB=1:SÆSON=EJSÆSON,2022-08-01,2291.0
DST:FIKS22:BRANCHE07=R:BELØB=1:SÆSON=EJSÆSON,2022-09-01,1578.0
DST:FIKS22:BRANCHE07=R:BELØB=1:SÆSON=EJSÆSON,2022-10-01,1630.0
DST:FIKS22:BRANCHE07=R:BELØB=1:SÆSON=EJSÆSON,2022-11-01,1474.0
DST:FIKS22:BRANCHE07=R:BELØB=1:SÆSON=EJSÆSON,2022-12-01,1842.0
DST:FIKS22:BRANCHE07=R:BELØB=1:SÆSON=EJSÆSON,2023-01-01,1450.0
DST:FIKS22:BRANCHE07=R:BELØB=1:SÆSON=EJSÆSON,2023-02-01,1354.0
DST:FIKS22:BRANCHE07=R:BELØB=1:SÆSON=EJSÆSON,2023-03-01,1233.0
DST:FIKS22:BRANCHE07=R:BELØB=1:SÆSON=EJSÆSON,2023-04-01,1559.0
DST:FIKS22:BRANCHE07=R:BELØB=1:SÆSON=EJSÆSON,2023-05-01,1749.0
DST:FIKS22:BRANCHE07=R:BELØB=1:SÆSON=EJSÆSON,2023-06-01,2341.0
DST:FIKS22:BRANCHE07=R:BELØB=1:SÆSON=EJSÆSON,2023-07-01,2283.0
DST:FIKS22:BRANCHE07=R:BELØB=1:SÆSON=EJSÆSON,2023-08-01,1923.0
DST:FIKS22:BRANCHE07=R:BELØB=1:SÆSON=EJSÆSON,2023-09-01,1663.0
DST:FIKS22:BRANCHE07=R:BELØB=1:SÆSON=EJSÆSON,2023-10-01,1624.0
DST:FIKS22:BRANCHE07=R:BELØB=1:SÆSON=EJSÆSON,2023-11-01,1786.0
DST:FIKS22:BRANCHE07=R:BELØB=1:SÆSON=EJSÆSON,2023-12-01,1847.0
DST:FIKS22:BRANCHE07=R:BELØB=1:SÆSON=EJSÆSON,2024-01-01,1491.0
DST:FIKS22:BRANCHE07=R:BELØB=1:SÆSON=EJSÆSON,2024-02-01,1539.0
DST:FIKS22:BRANCHE07=R:BELØB=1:SÆSON=EJSÆSON,2024-03-01,1450.0
DST:FIKS22:BRANCHE07=R:BELØB=1:SÆSON=EJSÆSON,2024-04-01,1596.0
DST:FIKS22:BRANCHE07=R:BELØB=1:SÆSON=EJSÆSON,2024-05-01,1971.0
DST:FIKS22:BRANCHE07=R:BELØB=1:SÆSON=EJSÆSON,2024-06-01,2409.0
DST:FIKS22:BRANCHE07=R:BELØB=1:SÆSON=EJSÆSON,2024-07-01,2584.0
DST:FIKS22:BRANCHE07=R:BELØB=1:SÆSON=EJSÆSON,2024-08-01,2008.0
DST:FIKS22:BRANCHE07=R:BELØB=1:SÆSON=EJSÆSON,2024-09-01,1696.0
DST:FIKS22:BRANCHE07=R:BELØB=1:SÆSON=EJSÆSON,2024-10-01,1791.0
DST:FIKS22:BRANCHE07=R:BELØB=1:SÆSON=EJSÆSON,2024-11-01,1905.0
DST:FIKS22:BRANCHE07=R:BELØB=1:SÆSON=EJSÆSON,2024-12-01,1959.0
DST:FIKS22:BRANCHE07=R:BELØB=1:SÆSON=EJSÆSON,2025-01-01,1700.0
DST:FIKS22:BRANCHE07=R:BELØB=1:SÆSON=EJSÆSON,2025-02-01,1535.0
DST:FIKS22:BRANCHE07=R:BELØB=1:SÆSON=EJSÆSON,2025-03-01,1534.0
DST:FIKS22:BRANCHE07=R:BELØB=1:SÆSON=EJSÆSON,2025-04-01,1759.0
DST:FIKS22:BRANCHE07=R:BELØB=1:SÆSON=EJSÆSON,2025-05-01,1722.0
DST:FIKS22:BRANCHE07=R:BELØB=1:SÆSON=EJSÆSON,2025-06-01,2628.0
DST:FIKS22:BRANCHE07=R:BELØB=1:SÆSON=EJSÆSON,2025-07-01,2915.0
DST:FIKS22:BRANCHE07=R:BELØB=1:SÆSON=EJSÆSON,2025-08-01,2166.0
DST:FIKS22:BRANCHE07=R:BELØB=1:SÆSON=EJSÆSON,2025-09-01,1959.0
DST:FIKS22:BRANCHE07=R:BELØB=1:SÆSON=EJSÆSON,2025-10-01,2359.0
DST:FIKS22:BRANCHE07=R:BELØB=1:SÆSON=EJSÆSON,2025-11-01,1823.0
DST:FIKS22:BRANCHE07=R:BELØB=1:SÆSON=EJSÆSON,2025-12-01,2194.0
DST:FIKS22:BRANCHE07=R:BELØB=1:SÆSON=EJSÆSON,2026-01-01,2154.0
DST:FIKS22:BRANCHE07=R:BELØB=1:SÆSON=EJSÆSON,2026-02-01,1361.0
DST:FIKS22:BRANCHE07=R:BELØB=1:SÆSON=EJSÆSON,2026-03-01,1450.0
DST:FIKS22:BRANCHE07=R:BELØB=1:SÆSON=SÆSON,2009-01-01,880.0
DST:FIKS22:BRANCHE07=R:BELØB=1:SÆSON=SÆSON,2009-02-01,885.0
DST:FIKS22:BRANCHE07=R:BELØB=1:SÆSON=SÆSON,2009-03-01,891.0
DST:FIKS22:BRANCHE07=R:BELØB=1:SÆSON=SÆSON,2009-04-01,881.0
DST:FIKS22:BRANCHE07=R:BELØB=1:SÆSON=SÆSON,2009-05-01,706.0
DST:FIKS22:BRANCHE07=R:BELØB=1:SÆSON=SÆSON,2009-06-01,781.0
DST:FIKS22:BRANCHE07=R:BELØB=1:SÆSON=SÆSON,2009-07-01,869.0
DST:FIKS22:BRANCHE07=R:BELØB=1:SÆSON=SÆSON,2009-08-01,935.0
DST:FIKS22:BRANCHE07=R:BELØB=1:SÆSON=SÆSON,2009-09-01,863.0
DST:FIKS22:BRANCHE07=R:BELØB=1:SÆSON=SÆSON,2009-10-01,938.0
DST:FIKS22:BRANCHE07=R:BELØB=1:SÆSON=SÆSON,2009-11-01,898.0
DST:FIKS22:BRANCHE07=R:BELØB=1:SÆSON=SÆSON,2009-12-01,918.0
DST:FIKS22:BRANCHE07=R:BELØB=1:SÆSON=SÆSON,2010-01-01,830.0
DST:FIKS22:BRANCHE07=R:BELØB=1:SÆSON=SÆSON,2010-02-01,842.0
DST:FIKS22:BRANCHE07=R:BELØB=1:SÆSON=SÆSON,2010-03-01,924.0
DST:FIKS22:BRANCHE07=R:BELØB=1:SÆSON=SÆSON,2010-04-01,805.0
DST:FIKS22:BRANCHE07=R:BELØB=1:SÆSON=SÆSON,2010-05-01,910.0
DST:FIKS22:BRANCHE07=R:BELØB=1:SÆSON=SÆSON,2010-06-01,894.0
DST:FIKS22:BRANCHE07=R:BELØB=1:SÆSON=SÆSON,2010-07-01,870.0
DST:FIKS22:BRANCHE07=R:BELØB=1:SÆSON=SÆSON,2010-08-01,952.0
DST:FIKS22:BRANCHE07=R:BELØB=1:SÆSON=SÆSON,2010-09-01,904.0
DST:FIKS22:BRANCHE07=R:BELØB=1:SÆSON=SÆSON,2010-10-01,833.0
DST:FIKS22:BRANCHE07=R:BELØB=1:SÆSON=SÆSON,2010-11-01,931.0
DST:FIKS22:BRANCHE07=R:BELØB=1:SÆSON=SÆSON,2010-12-01,829.0
DST:FIKS22:BRANCHE07=R:BELØB=1:SÆSON=SÆSON,2011-01-01,911.0
DST:FIKS22:BRANCHE07=R:BELØB=1:SÆSON=SÆSON,2011-02-01,939.0
DST:FIKS22:BRANCHE07=R:BELØB=1:SÆSON=SÆSON,2011-03-01,906.0
DST:FIKS22:BRANCHE07=R:BELØB=1:SÆSON=SÆSON,2011-04-01,930.0
DST:FIKS22:BRANCHE07=R:BELØB=1:SÆSON=SÆSON,2011-05-01,904.0
DST:FIKS22:BRANCHE07=R:BELØB=1:SÆSON=SÆSON,2011-06-01,955.0
DST:FIKS22:BRANCHE07=R:BELØB=1:SÆSON=SÆSON,2011-07-01,873.0
DST:FIKS22:BRANCHE07=R:BELØB=1:SÆSON=SÆSON,2011-08-01,847.0
DST:FIKS22:BRANCHE07=R:BELØB=1:SÆSON=SÆSON,2011-09-01,1054.0
DST:FIKS22:BRANCHE07=R:BELØB=1:SÆSON=SÆSON,2011-10-01,856.0
DST:FIKS22:BRANCHE07=R:BELØB=1:SÆSON=SÆSON,2011-11-01,895.0
DST:FIKS22:BRANCHE07=R:BELØB=1:SÆSON=SÆSON,2011-12-01,945.0
DST:FIKS22:BRANCHE07=R:BELØB=1:SÆSON=SÆSON,2012-01-01,989.0
DST:FIKS22:BRANCHE07=R:BELØB=1:SÆSON=SÆSON,2012-02-01,874.0
DST:FIKS22:BRANCHE07=R:BELØB=1:SÆSON=SÆSON,2012-03-01,929.0
DST:FIKS22:BRANCHE07=R:BELØB=1:SÆSON=SÆSON,2012-04-01,901.0
DST:FIKS22:BRANCHE07=R:BELØB=1:SÆSON=SÆSON,2012-05-01,954.0
DST:FIKS22:BRANCHE07=R:BELØB=1:SÆSON=SÆSON,2012-06-01,905.0
DST:FIKS22:BRANCHE07=R:BELØB=1:SÆSON=SÆSON,2012-07-01,953.0
DST:FIKS22:BRANCHE07=R:BELØB=1:SÆSON=SÆSON,2012-08-01,872.0
DST:FIKS22:BRANCHE07=R:BELØB=1:SÆSON=SÆSON,2012-09-01,981.0
DST:FIKS22:BRANCHE07=R:BELØB=1:SÆSON=SÆSON,2012-10-01,929.0
DST:FIKS22:BRANCHE07=R:BELØB=1:SÆSON=SÆSON,2012-11-01,970.0
DST:FIKS22:BRANCHE07=R:BELØB=1:SÆSON=SÆSON,2012-12-01,1013.0
DST:FIKS22:BRANCHE07=R:BELØB=1:SÆSON=SÆSON,2013-01-01,976.0
DST:FIKS22:BRANCHE07=R:BELØB=1:SÆSON=SÆSON,2013-02-01,999.0
DST:FIKS22:BRANCHE07=R:BELØB=1:SÆSON=SÆSON,2013-03-01,928.0
DST:FIKS22:BRANCHE07=R:BELØB=1:SÆSON=SÆSON,2013-04-01,1044.0
DST:FIKS22:BRANCHE07=R:BELØB=1:SÆSON=SÆSON,2013-05-01,951.0
DST:FIKS22:BRANCHE07=R:BELØB=1:SÆSON=SÆSON,2013-06-01,942.0
DST:FIKS22:BRANCHE07=R:BELØB=1:SÆSON=SÆSON,2013-07-01,997.0
DST:FIKS22:BRANCHE07=R:BELØB=1:SÆSON=SÆSON,2013-08-01,935.0
DST:FIKS22:BRANCHE07=R:BELØB=1:SÆSON=SÆSON,2013-09-01,1053.0
DST:FIKS22:BRANCHE07=R:BELØB=1:SÆSON=SÆSON,2013-10-01,1068.0
DST:FIKS22:BRANCHE07=R:BELØB=1:SÆSON=SÆSON,2013-11-01,954.0
DST:FIKS22:BRANCHE07=R:BELØB=1:SÆSON=SÆSON,2013-12-01,949.0
DST:FIKS22:BRANCHE07=R:BELØB=1:SÆSON=SÆSON,2014-01-01,1061.0
DST:FIKS22:BRANCHE07=R:BELØB=1:SÆSON=SÆSON,2014-02-01,1073.0
DST:FIKS22:BRANCHE07=R:BELØB=1:SÆSON=SÆSON,2014-03-01,911.0
DST:FIKS22:BRANCHE07=R:BELØB=1:SÆSON=SÆSON,2014-04-01,1085.0
DST:FIKS22:BRANCHE07=R:BELØB=1:SÆSON=SÆSON,2014-05-01,992.0
DST:FIKS22:BRANCHE07=R:BELØB=1:SÆSON=SÆSON,2014-06-01,1040.0
DST:FIKS22:BRANCHE07=R:BELØB=1:SÆSON=SÆSON,2014-07-01,1050.0
DST:FIKS22:BRANCHE07=R:BELØB=1:SÆSON=SÆSON,2014-08-01,1128.0
DST:FIKS22:BRANCHE07=R:BELØB=1:SÆSON=SÆSON,2014-09-01,991.0
DST:FIKS22:BRANCHE07=R:BELØB=1:SÆSON=SÆSON,2014-10-01,1101.0
DST:FIKS22:BRANCHE07=R:BELØB=1:SÆSON=SÆSON,2014-11-01,1073.0
DST:FIKS22:BRANCHE07=R:BELØB=1:SÆSON=SÆSON,2014-12-01,953.0
DST:FIKS22:BRANCHE07=R:BELØB=1:SÆSON=SÆSON,2015-01-01,1021.0
DST:FIKS22:BRANCHE07=R:BELØB=1:SÆSON=SÆSON,2015-02-01,1100.0
DST:FIKS22:BRANCHE07=R:BELØB=1:SÆSON=SÆSON,2015-03-01,1081.0
DST:FIKS22:BRANCHE07=R:BELØB=1:SÆSON=SÆSON,2015-04-01,1087.0
DST:FIKS22:BRANCHE07=R:BELØB=1:SÆSON=SÆSON,2015-05-01,1104.0
DST:FIKS22:BRANCHE07=R:BELØB=1:SÆSON=SÆSON,2015-06-01,1172.0
DST:FIKS22:BRANCHE07=R:BELØB=1:SÆSON=SÆSON,2015-07-01,1131.0
DST:FIKS22:BRANCHE07=R:BELØB=1:SÆSON=SÆSON,2015-08-01,1241.0
DST:FIKS22:BRANCHE07=R:BELØB=1:SÆSON=SÆSON,2015-09-01,1056.0
DST:FIKS22:BRANCHE07=R:BELØB=1:SÆSON=SÆSON,2015-10-01,1064.0
DST:FIKS22:BRANCHE07=R:BELØB=1:SÆSON=SÆSON,2015-11-01,1048.0
DST:FIKS22:BRANCHE07=R:BELØB=1:SÆSON=SÆSON,2015-12-01,1298.0
DST:FIKS22:BRANCHE07=R:BELØB=1:SÆSON=SÆSON,2016-01-01,1031.0
DST:FIKS22:BRANCHE07=R:BELØB=1:SÆSON=SÆSON,2016-02-01,1102.0
DST:FIKS22:BRANCHE07=R:BELØB=1:SÆSON=SÆSON,2016-03-01,1260.0
DST:FIKS22:BRANCHE07=R:BELØB=1:SÆSON=SÆSON,2016-04-01,1149.0
DST:FIKS22:BRANCHE07=R:BELØB=1:SÆSON=SÆSON,2016-05-01,1178.0
DST:FIKS22:BRANCHE07=R:BELØB=1:SÆSON=SÆSON,2016-06-01,1159.0
DST:FIKS22:BRANCHE07=R:BELØB=1:SÆSON=SÆSON,2016-07-01,1177.0
DST:FIKS22:BRANCHE07=R:BELØB=1:SÆSON=SÆSON,2016-08-01,1219.0
DST:FIKS22:BRANCHE07=R:BELØB=1:SÆSON=SÆSON,2016-09-01,1164.0
DST:FIKS22:BRANCHE07=R:BELØB=1:SÆSON=SÆSON,2016-10-01,1195.0
DST:FIKS22:BRANCHE07=R:BELØB=1:SÆSON=SÆSON,2016-11-01,1258.0
DST:FIKS22:BRANCHE07=R:BELØB=1:SÆSON=SÆSON,2016-12-01,1235.0
DST:FIKS22:BRANCHE07=R:BELØB=1:SÆSON=SÆSON,2017-01-01,1216.0
DST:FIKS22:BRANCHE07=R:BELØB=1:SÆSON=SÆSON,2017-02-01,1193.0
DST:FIKS22:BRANCHE07=R:BELØB=1:SÆSON=SÆSON,2017-03-01,1241.0
DST:FIKS22:BRANCHE07=R:BELØB=1:SÆSON=SÆSON,2017-04-01,1141.0
DST:FIKS22:BRANCHE07=R:BELØB=1:SÆSON=SÆSON,2017-05-01,1241.0
DST:FIKS22:BRANCHE07=R:BELØB=1:SÆSON=SÆSON,2017-06-01,1498.0
DST:FIKS22:BRANCHE07=R:BELØB=1:SÆSON=SÆSON,2017-07-01,1218.0
DST:FIKS22:BRANCHE07=R:BELØB=1:SÆSON=SÆSON,2017-08-01,1154.0
DST:FIKS22:BRANCHE07=R:BELØB=1:SÆSON=SÆSON,2017-09-01,1291.0
DST:FIKS22:BRANCHE07=R:BELØB=1:SÆSON=SÆSON,2017-10-01,1308.0
DST:FIKS22:BRANCHE07=R:BELØB=1:SÆSON=SÆSON,2017-11-01,1187.0
DST:FIKS22:BRANCHE07=R:BELØB=1:SÆSON=SÆSON,2017-12-01,1296.0
DST:FIKS22:BRANCHE07=R:BELØB=1:SÆSON=SÆSON,2018-01-01,1363.0
DST:FIKS22:BRANCHE07=R:BELØB=1:SÆSON=SÆSON,2018-02-01,1351.0
DST:FIKS22:BRANCHE07=R:BELØB=1:SÆSON=SÆSON,2018-03-01,1329.0
DST:FIKS22:BRANCHE07=R:BELØB=1:SÆSON=SÆSON,2018-04-01,1243.0
DST:FIKS22:BRANCHE07=R:BELØB=1:SÆSON=SÆSON,2018-05-01,1434.0
DST:FIKS22:BRANCHE07=R:BELØB=1:SÆSON=SÆSON,2018-06-01,1314.0
DST:FIKS22:BRANCHE07=R:BELØB=1:SÆSON=SÆSON,2018-07-01,1137.0
DST:FIKS22:BRANCHE07=R:BELØB=1:SÆSON=SÆSON,2018-08-01,1278.0
DST:FIKS22:BRANCHE07=R:BELØB=1:SÆSON=SÆSON,2018-09-01,1534.0
DST:FIKS22:BRANCHE07=R:BELØB=1:SÆSON=SÆSON,2018-10-01,1268.0
DST:FIKS22:BRANCHE07=R:BELØB=1:SÆSON=SÆSON,2018-11-01,1309.0
DST:FIKS22:BRANCHE07=R:BELØB=1:SÆSON=SÆSON,2018-12-01,1382.0
DST:FIKS22:BRANCHE07=R:BELØB=1:SÆSON=SÆSON,2019-01-01,1392.0
DST:FIKS22:BRANCHE07=R:BELØB=1:SÆSON=SÆSON,2019-02-01,1434.0
DST:FIKS22:BRANCHE07=R:BELØB=1:SÆSON=SÆSON,2019-03-01,1393.0
DST:FIKS22:BRANCHE07=R:BELØB=1:SÆSON=SÆSON,2019-04-01,1484.0
DST:FIKS22:BRANCHE07=R:BELØB=1:SÆSON=SÆSON,2019-05-01,1451.0
DST:FIKS22:BRANCHE07=R:BELØB=1:SÆSON=SÆSON,2019-06-01,1377.0
DST:FIKS22:BRANCHE07=R:BELØB=1:SÆSON=SÆSON,2019-07-01,1446.0
DST:FIKS22:BRANCHE07=R:BELØB=1:SÆSON=SÆSON,2019-08-01,1431.0
DST:FIKS22:BRANCHE07=R:BELØB=1:SÆSON=SÆSON,2019-09-01,1231.0
DST:FIKS22:BRANCHE07=R:BELØB=1:SÆSON=SÆSON,2019-10-01,1330.0
DST:FIKS22:BRANCHE07=R:BELØB=1:SÆSON=SÆSON,2019-11-01,1438.0
DST:FIKS22:BRANCHE07=R:BELØB=1:SÆSON=SÆSON,2019-12-01,1441.0
DST:FIKS22:BRANCHE07=R:BELØB=1:SÆSON=SÆSON,2020-01-01,1809.0
DST:FIKS22:BRANCHE07=R:BELØB=1:SÆSON=SÆSON,2020-02-01,1305.0
DST:FIKS22:BRANCHE07=R:BELØB=1:SÆSON=SÆSON,2020-03-01,1105.0
DST:FIKS22:BRANCHE07=R:BELØB=1:SÆSON=SÆSON,2020-04-01,718.0
DST:FIKS22:BRANCHE07=R:BELØB=1:SÆSON=SÆSON,2020-05-01,417.0
DST:FIKS22:BRANCHE07=R:BELØB=1:SÆSON=SÆSON,2020-06-01,550.0
DST:FIKS22:BRANCHE07=R:BELØB=1:SÆSON=SÆSON,2020-07-01,974.0
DST:FIKS22:BRANCHE07=R:BELØB=1:SÆSON=SÆSON,2020-08-01,1011.0
DST:FIKS22:BRANCHE07=R:BELØB=1:SÆSON=SÆSON,2020-09-01,1016.0
DST:FIKS22:BRANCHE07=R:BELØB=1:SÆSON=SÆSON,2020-10-01,1220.0
DST:FIKS22:BRANCHE07=R:BELØB=1:SÆSON=SÆSON,2020-11-01,731.0
DST:FIKS22:BRANCHE07=R:BELØB=1:SÆSON=SÆSON,2020-12-01,796.0
DST:FIKS22:BRANCHE07=R:BELØB=1:SÆSON=SÆSON,2021-01-01,898.0
DST:FIKS22:BRANCHE07=R:BELØB=1:SÆSON=SÆSON,2021-02-01,930.0
DST:FIKS22:BRANCHE07=R:BELØB=1:SÆSON=SÆSON,2021-03-01,985.0
DST:FIKS22:BRANCHE07=R:BELØB=1:SÆSON=SÆSON,2021-04-01,778.0
DST:FIKS22:BRANCHE07=R:BELØB=1:SÆSON=SÆSON,2021-05-01,944.0
DST:FIKS22:BRANCHE07=R:BELØB=1:SÆSON=SÆSON,2021-06-01,1249.0
DST:FIKS22:BRANCHE07=R:BELØB=1:SÆSON=SÆSON,2021-07-01,1270.0
DST:FIKS22:BRANCHE07=R:BELØB=1:SÆSON=SÆSON,2021-08-01,1373.0
DST:FIKS22:BRANCHE07=R:BELØB=1:SÆSON=SÆSON,2021-09-01,1554.0
DST:FIKS22:BRANCHE07=R:BELØB=1:SÆSON=SÆSON,2021-10-01,1398.0
DST:FIKS22:BRANCHE07=R:BELØB=1:SÆSON=SÆSON,2021-11-01,1528.0
DST:FIKS22:BRANCHE07=R:BELØB=1:SÆSON=SÆSON,2021-12-01,1304.0
DST:FIKS22:BRANCHE07=R:BELØB=1:SÆSON=SÆSON,2022-01-01,1305.0
DST:FIKS22:BRANCHE07=R:BELØB=1:SÆSON=SÆSON,2022-02-01,1484.0
DST:FIKS22:BRANCHE07=R:BELØB=1:SÆSON=SÆSON,2022-03-01,1640.0
DST:FIKS22:BRANCHE07=R:BELØB=1:SÆSON=SÆSON,2022-04-01,1588.0
DST:FIKS22:BRANCHE07=R:BELØB=1:SÆSON=SÆSON,2022-05-01,1835.0
DST:FIKS22:BRANCHE07=R:BELØB=1:SÆSON=SÆSON,2022-06-01,1708.0
DST:FIKS22:BRANCHE07=R:BELØB=1:SÆSON=SÆSON,2022-07-01,1483.0
DST:FIKS22:BRANCHE07=R:BELØB=1:SÆSON=SÆSON,2022-08-01,2095.0
DST:FIKS22:BRANCHE07=R:BELØB=1:SÆSON=SÆSON,2022-09-01,1669.0
DST:FIKS22:BRANCHE07=R:BELØB=1:SÆSON=SÆSON,2022-10-01,1656.0
DST:FIKS22:BRANCHE07=R:BELØB=1:SÆSON=SÆSON,2022-11-01,1389.0
DST:FIKS22:BRANCHE07=R:BELØB=1:SÆSON=SÆSON,2022-12-01,1764.0
DST:FIKS22:BRANCHE07=R:BELØB=1:SÆSON=SÆSON,2023-01-01,1743.0
DST:FIKS22:BRANCHE07=R:BELØB=1:SÆSON=SÆSON,2023-02-01,1693.0
DST:FIKS22:BRANCHE07=R:BELØB=1:SÆSON=SÆSON,2023-03-01,1676.0
DST:FIKS22:BRANCHE07=R:BELØB=1:SÆSON=SÆSON,2023-04-01,1814.0
DST:FIKS22:BRANCHE07=R:BELØB=1:SÆSON=SÆSON,2023-05-01,1735.0
DST:FIKS22:BRANCHE07=R:BELØB=1:SÆSON=SÆSON,2023-06-01,1811.0
DST:FIKS22:BRANCHE07=R:BELØB=1:SÆSON=SÆSON,2023-07-01,1678.0
DST:FIKS22:BRANCHE07=R:BELØB=1:SÆSON=SÆSON,2023-08-01,1757.0
DST:FIKS22:BRANCHE07=R:BELØB=1:SÆSON=SÆSON,2023-09-01,1762.0
DST:FIKS22:BRANCHE07=R:BELØB=1:SÆSON=SÆSON,2023-10-01,1654.0
DST:FIKS22:BRANCHE07=R:BELØB=1:SÆSON=SÆSON,2023-11-01,1742.0
DST:FIKS22:BRANCHE07=R:BELØB=1:SÆSON=SÆSON,2023-12-01,1768.0
DST:FIKS22:BRANCHE07=R:BELØB=1:SÆSON=SÆSON,2024-01-01,1755.0
DST:FIKS22:BRANCHE07=R:BELØB=1:SÆSON=SÆSON,2024-02-01,1902.0
DST:FIKS22:BRANCHE07=R:BELØB=1:SÆSON=SÆSON,2024-03-01,1914.0
DST:FIKS22:BRANCHE07=R:BELØB=1:SÆSON=SÆSON,2024-04-01,1827.0
DST:FIKS22:BRANCHE07=R:BELØB=1:SÆSON=SÆSON,2024-05-01,1975.0
DST:FIKS22:BRANCHE07=R:BELØB=1:SÆSON=SÆSON,2024-06-01,1851.0
DST:FIKS22:BRANCHE07=R:BELØB=1:SÆSON=SÆSON,2024-07-01,1920.0
DST:FIKS22:BRANCHE07=R:BELØB=1:SÆSON=SÆSON,2024-08-01,1866.0
DST:FIKS22:BRANCHE07=R:BELØB=1:SÆSON=SÆSON,2024-09-01,1811.0
DST:FIKS22:BRANCHE07=R:BELØB=1:SÆSON=SÆSON,2024-10-01,1822.0
DST:FIKS22:BRANCHE07=R:BELØB=1:SÆSON=SÆSON,2024-11-01,1902.0
DST:FIKS22:BRANCHE07=R:BELØB=1:SÆSON=SÆSON,2024-12-01,1875.0
DST:FIKS22:BRANCHE07=R:BELØB=1:SÆSON=SÆSON,2025-01-01,1931.0
DST:FIKS22:BRANCHE07=R:BELØB=1:SÆSON=SÆSON,2025-02-01,1923.0
DST:FIKS22:BRANCHE07=R:BELØB=1:SÆSON=SÆSON,2025-03-01,2012.0
DST:FIKS22:BRANCHE07=R:BELØB=1:SÆSON=SÆSON,2025-04-01,1962.0
DST:FIKS22:BRANCHE07=R:BELØB=1:SÆSON=SÆSON,2025-05-01,1748.0
DST:FIKS22:BRANCHE07=R:BELØB=1:SÆSON=SÆSON,2025-06-01,2071.0
DST:FIKS22:BRANCHE07=R:BELØB=1:SÆSON=SÆSON,2025-07-01,2195.0
DST:FIKS22:BRANCHE07=R:BELØB=1:SÆSON=SÆSON,2025-08-01,2041.0
DST:FIKS22:BRANCHE07=R:BELØB=1:SÆSON=SÆSON,2025-09-01,2092.0
DST:FIKS22:BRANCHE07=R:BELØB=1:SÆSON=SÆSON,2025-10-01,2373.0
DST:FIKS22:BRANCHE07=R:BELØB=1:SÆSON=SÆSON,2025-11-01,1851.0
DST:FIKS22:BRANCHE07=R:BELØB=1:SÆSON=SÆSON,2025-12-01,2106.0
DST:FIKS22:BRANCHE07=R:BELØB=1:SÆSON=SÆSON,2026-01-01,2350.0
DST:FIKS22:BRANCHE07=R:BELØB=1:SÆSON=SÆSON,2026-02-01,1777.0
DST:FIKS22:BRANCHE07=R:BELØB=1:SÆSON=SÆSON,2026-03-01,1936.0
DST:FIKS22:BRANCHE07=R:BELØB=3:SÆSON=EJSÆSON,2009-01-01,546.0
DST:FIKS22:BRANCHE07=R:BELØB=3:SÆSON=EJSÆSON,2009-02-01,530.0
DST:FIKS22:BRANCHE07=R:BELØB=3:SÆSON=EJSÆSON,2009-03-01,687.0
DST:FIKS22:BRANCHE07=R:BELØB=3:SÆSON=EJSÆSON,2009-04-01,665.0
DST:FIKS22:BRANCHE07=R:BELØB=3:SÆSON=EJSÆSON,2009-05-01,562.0
DST:FIKS22:BRANCHE07=R:BELØB=3:SÆSON=EJSÆSON,2009-06-01,702.0
DST:FIKS22:BRANCHE07=R:BELØB=3:SÆSON=EJSÆSON,2009-07-01,662.0
DST:FIKS22:BRANCHE07=R:BELØB=3:SÆSON=EJSÆSON,2009-08-01,739.0
DST:FIKS22:BRANCHE07=R:BELØB=3:SÆSON=EJSÆSON,2009-09-01,554.0
DST:FIKS22:BRANCHE07=R:BELØB=3:SÆSON=EJSÆSON,2009-10-01,596.0
DST:FIKS22:BRANCHE07=R:BELØB=3:SÆSON=EJSÆSON,2009-11-01,546.0
DST:FIKS22:BRANCHE07=R:BELØB=3:SÆSON=EJSÆSON,2009-12-01,817.0
DST:FIKS22:BRANCHE07=R:BELØB=3:SÆSON=EJSÆSON,2010-01-01,461.0
DST:FIKS22:BRANCHE07=R:BELØB=3:SÆSON=EJSÆSON,2010-02-01,528.0
DST:FIKS22:BRANCHE07=R:BELØB=3:SÆSON=EJSÆSON,2010-03-01,622.0
DST:FIKS22:BRANCHE07=R:BELØB=3:SÆSON=EJSÆSON,2010-04-01,612.0
DST:FIKS22:BRANCHE07=R:BELØB=3:SÆSON=EJSÆSON,2010-05-01,590.0
DST:FIKS22:BRANCHE07=R:BELØB=3:SÆSON=EJSÆSON,2010-06-01,781.0
DST:FIKS22:BRANCHE07=R:BELØB=3:SÆSON=EJSÆSON,2010-07-01,615.0
DST:FIKS22:BRANCHE07=R:BELØB=3:SÆSON=EJSÆSON,2010-08-01,784.0
DST:FIKS22:BRANCHE07=R:BELØB=3:SÆSON=EJSÆSON,2010-09-01,548.0
DST:FIKS22:BRANCHE07=R:BELØB=3:SÆSON=EJSÆSON,2010-10-01,568.0
DST:FIKS22:BRANCHE07=R:BELØB=3:SÆSON=EJSÆSON,2010-11-01,552.0
DST:FIKS22:BRANCHE07=R:BELØB=3:SÆSON=EJSÆSON,2010-12-01,760.0
DST:FIKS22:BRANCHE07=R:BELØB=3:SÆSON=EJSÆSON,2011-01-01,502.0
DST:FIKS22:BRANCHE07=R:BELØB=3:SÆSON=EJSÆSON,2011-02-01,591.0
DST:FIKS22:BRANCHE07=R:BELØB=3:SÆSON=EJSÆSON,2011-03-01,554.0
DST:FIKS22:BRANCHE07=R:BELØB=3:SÆSON=EJSÆSON,2011-04-01,609.0
DST:FIKS22:BRANCHE07=R:BELØB=3:SÆSON=EJSÆSON,2011-05-01,600.0
DST:FIKS22:BRANCHE07=R:BELØB=3:SÆSON=EJSÆSON,2011-06-01,931.0
DST:FIKS22:BRANCHE07=R:BELØB=3:SÆSON=EJSÆSON,2011-07-01,624.0
DST:FIKS22:BRANCHE07=R:BELØB=3:SÆSON=EJSÆSON,2011-08-01,742.0
DST:FIKS22:BRANCHE07=R:BELØB=3:SÆSON=EJSÆSON,2011-09-01,559.0
DST:FIKS22:BRANCHE07=R:BELØB=3:SÆSON=EJSÆSON,2011-10-01,670.0
DST:FIKS22:BRANCHE07=R:BELØB=3:SÆSON=EJSÆSON,2011-11-01,555.0
DST:FIKS22:BRANCHE07=R:BELØB=3:SÆSON=EJSÆSON,2011-12-01,767.0
DST:FIKS22:BRANCHE07=R:BELØB=3:SÆSON=EJSÆSON,2012-01-01,525.0
DST:FIKS22:BRANCHE07=R:BELØB=3:SÆSON=EJSÆSON,2012-02-01,558.0
DST:FIKS22:BRANCHE07=R:BELØB=3:SÆSON=EJSÆSON,2012-03-01,633.0
DST:FIKS22:BRANCHE07=R:BELØB=3:SÆSON=EJSÆSON,2012-04-01,619.0
DST:FIKS22:BRANCHE07=R:BELØB=3:SÆSON=EJSÆSON,2012-05-01,664.0
DST:FIKS22:BRANCHE07=R:BELØB=3:SÆSON=EJSÆSON,2012-06-01,881.0
DST:FIKS22:BRANCHE07=R:BELØB=3:SÆSON=EJSÆSON,2012-07-01,626.0
DST:FIKS22:BRANCHE07=R:BELØB=3:SÆSON=EJSÆSON,2012-08-01,720.0
DST:FIKS22:BRANCHE07=R:BELØB=3:SÆSON=EJSÆSON,2012-09-01,563.0
DST:FIKS22:BRANCHE07=R:BELØB=3:SÆSON=EJSÆSON,2012-10-01,611.0
DST:FIKS22:BRANCHE07=R:BELØB=3:SÆSON=EJSÆSON,2012-11-01,608.0
DST:FIKS22:BRANCHE07=R:BELØB=3:SÆSON=EJSÆSON,2012-12-01,819.0
DST:FIKS22:BRANCHE07=R:BELØB=3:SÆSON=EJSÆSON,2013-01-01,523.0
DST:FIKS22:BRANCHE07=R:BELØB=3:SÆSON=EJSÆSON,2013-02-01,525.0
DST:FIKS22:BRANCHE07=R:BELØB=3:SÆSON=EJSÆSON,2013-03-01,568.0
DST:FIKS22:BRANCHE07=R:BELØB=3:SÆSON=EJSÆSON,2013-04-01,703.0
DST:FIKS22:BRANCHE07=R:BELØB=3:SÆSON=EJSÆSON,2013-05-01,652.0
DST:FIKS22:BRANCHE07=R:BELØB=3:SÆSON=EJSÆSON,2013-06-01,860.0
DST:FIKS22:BRANCHE07=R:BELØB=3:SÆSON=EJSÆSON,2013-07-01,679.0
DST:FIKS22:BRANCHE07=R:BELØB=3:SÆSON=EJSÆSON,2013-08-01,698.0
DST:FIKS22:BRANCHE07=R:BELØB=3:SÆSON=EJSÆSON,2013-09-01,680.0
DST:FIKS22:BRANCHE07=R:BELØB=3:SÆSON=EJSÆSON,2013-10-01,713.0
DST:FIKS22:BRANCHE07=R:BELØB=3:SÆSON=EJSÆSON,2013-11-01,707.0
DST:FIKS22:BRANCHE07=R:BELØB=3:SÆSON=EJSÆSON,2013-12-01,714.0
DST:FIKS22:BRANCHE07=R:BELØB=3:SÆSON=EJSÆSON,2014-01-01,555.0
DST:FIKS22:BRANCHE07=R:BELØB=3:SÆSON=EJSÆSON,2014-02-01,661.0
DST:FIKS22:BRANCHE07=R:BELØB=3:SÆSON=EJSÆSON,2014-03-01,650.0
DST:FIKS22:BRANCHE07=R:BELØB=3:SÆSON=EJSÆSON,2014-04-01,802.0
DST:FIKS22:BRANCHE07=R:BELØB=3:SÆSON=EJSÆSON,2014-05-01,618.0
DST:FIKS22:BRANCHE07=R:BELØB=3:SÆSON=EJSÆSON,2014-06-01,971.0
DST:FIKS22:BRANCHE07=R:BELØB=3:SÆSON=EJSÆSON,2014-07-01,700.0
DST:FIKS22:BRANCHE07=R:BELØB=3:SÆSON=EJSÆSON,2014-08-01,778.0
DST:FIKS22:BRANCHE07=R:BELØB=3:SÆSON=EJSÆSON,2014-09-01,743.0
DST:FIKS22:BRANCHE07=R:BELØB=3:SÆSON=EJSÆSON,2014-10-01,706.0
DST:FIKS22:BRANCHE07=R:BELØB=3:SÆSON=EJSÆSON,2014-11-01,649.0
DST:FIKS22:BRANCHE07=R:BELØB=3:SÆSON=EJSÆSON,2014-12-01,1074.0
DST:FIKS22:BRANCHE07=R:BELØB=3:SÆSON=EJSÆSON,2015-01-01,583.0
DST:FIKS22:BRANCHE07=R:BELØB=3:SÆSON=EJSÆSON,2015-02-01,688.0
DST:FIKS22:BRANCHE07=R:BELØB=3:SÆSON=EJSÆSON,2015-03-01,767.0
DST:FIKS22:BRANCHE07=R:BELØB=3:SÆSON=EJSÆSON,2015-04-01,715.0
DST:FIKS22:BRANCHE07=R:BELØB=3:SÆSON=EJSÆSON,2015-05-01,677.0
DST:FIKS22:BRANCHE07=R:BELØB=3:SÆSON=EJSÆSON,2015-06-01,1086.0
DST:FIKS22:BRANCHE07=R:BELØB=3:SÆSON=EJSÆSON,2015-07-01,791.0
DST:FIKS22:BRANCHE07=R:BELØB=3:SÆSON=EJSÆSON,2015-08-01,722.0
DST:FIKS22:BRANCHE07=R:BELØB=3:SÆSON=EJSÆSON,2015-09-01,834.0
DST:FIKS22:BRANCHE07=R:BELØB=3:SÆSON=EJSÆSON,2015-10-01,709.0
DST:FIKS22:BRANCHE07=R:BELØB=3:SÆSON=EJSÆSON,2015-11-01,583.0
DST:FIKS22:BRANCHE07=R:BELØB=3:SÆSON=EJSÆSON,2015-12-01,1213.0
DST:FIKS22:BRANCHE07=R:BELØB=3:SÆSON=EJSÆSON,2016-01-01,571.0
DST:FIKS22:BRANCHE07=R:BELØB=3:SÆSON=EJSÆSON,2016-02-01,648.0
DST:FIKS22:BRANCHE07=R:BELØB=3:SÆSON=EJSÆSON,2016-03-01,767.0
DST:FIKS22:BRANCHE07=R:BELØB=3:SÆSON=EJSÆSON,2016-04-01,691.0
DST:FIKS22:BRANCHE07=R:BELØB=3:SÆSON=EJSÆSON,2016-05-01,711.0
DST:FIKS22:BRANCHE07=R:BELØB=3:SÆSON=EJSÆSON,2016-06-01,1189.0
DST:FIKS22:BRANCHE07=R:BELØB=3:SÆSON=EJSÆSON,2016-07-01,766.0
DST:FIKS22:BRANCHE07=R:BELØB=3:SÆSON=EJSÆSON,2016-08-01,955.0
DST:FIKS22:BRANCHE07=R:BELØB=3:SÆSON=EJSÆSON,2016-09-01,804.0
DST:FIKS22:BRANCHE07=R:BELØB=3:SÆSON=EJSÆSON,2016-10-01,754.0
DST:FIKS22:BRANCHE07=R:BELØB=3:SÆSON=EJSÆSON,2016-11-01,725.0
DST:FIKS22:BRANCHE07=R:BELØB=3:SÆSON=EJSÆSON,2016-12-01,1245.0
DST:FIKS22:BRANCHE07=R:BELØB=3:SÆSON=EJSÆSON,2017-01-01,737.0
DST:FIKS22:BRANCHE07=R:BELØB=3:SÆSON=EJSÆSON,2017-02-01,651.0
DST:FIKS22:BRANCHE07=R:BELØB=3:SÆSON=EJSÆSON,2017-03-01,816.0
DST:FIKS22:BRANCHE07=R:BELØB=3:SÆSON=EJSÆSON,2017-04-01,737.0
DST:FIKS22:BRANCHE07=R:BELØB=3:SÆSON=EJSÆSON,2017-05-01,934.0
DST:FIKS22:BRANCHE07=R:BELØB=3:SÆSON=EJSÆSON,2017-06-01,1242.0
DST:FIKS22:BRANCHE07=R:BELØB=3:SÆSON=EJSÆSON,2017-07-01,868.0
DST:FIKS22:BRANCHE07=R:BELØB=3:SÆSON=EJSÆSON,2017-08-01,803.0
DST:FIKS22:BRANCHE07=R:BELØB=3:SÆSON=EJSÆSON,2017-09-01,860.0
DST:FIKS22:BRANCHE07=R:BELØB=3:SÆSON=EJSÆSON,2017-10-01,794.0
DST:FIKS22:BRANCHE07=R:BELØB=3:SÆSON=EJSÆSON,2017-11-01,806.0
DST:FIKS22:BRANCHE07=R:BELØB=3:SÆSON=EJSÆSON,2017-12-01,1205.0
DST:FIKS22:BRANCHE07=R:BELØB=3:SÆSON=EJSÆSON,2018-01-01,809.0
DST:FIKS22:BRANCHE07=R:BELØB=3:SÆSON=EJSÆSON,2018-02-01,745.0
DST:FIKS22:BRANCHE07=R:BELØB=3:SÆSON=EJSÆSON,2018-03-01,706.0
DST:FIKS22:BRANCHE07=R:BELØB=3:SÆSON=EJSÆSON,2018-04-01,777.0
DST:FIKS22:BRANCHE07=R:BELØB=3:SÆSON=EJSÆSON,2018-05-01,821.0
DST:FIKS22:BRANCHE07=R:BELØB=3:SÆSON=EJSÆSON,2018-06-01,1352.0
DST:FIKS22:BRANCHE07=R:BELØB=3:SÆSON=EJSÆSON,2018-07-01,845.0
DST:FIKS22:BRANCHE07=R:BELØB=3:SÆSON=EJSÆSON,2018-08-01,1014.0
DST:FIKS22:BRANCHE07=R:BELØB=3:SÆSON=EJSÆSON,2018-09-01,886.0
DST:FIKS22:BRANCHE07=R:BELØB=3:SÆSON=EJSÆSON,2018-10-01,897.0
DST:FIKS22:BRANCHE07=R:BELØB=3:SÆSON=EJSÆSON,2018-11-01,800.0
DST:FIKS22:BRANCHE07=R:BELØB=3:SÆSON=EJSÆSON,2018-12-01,1393.0
DST:FIKS22:BRANCHE07=R:BELØB=3:SÆSON=EJSÆSON,2019-01-01,846.0
DST:FIKS22:BRANCHE07=R:BELØB=3:SÆSON=EJSÆSON,2019-02-01,586.0
DST:FIKS22:BRANCHE07=R:BELØB=3:SÆSON=EJSÆSON,2019-03-01,989.0
DST:FIKS22:BRANCHE07=R:BELØB=3:SÆSON=EJSÆSON,2019-04-01,922.0
DST:FIKS22:BRANCHE07=R:BELØB=3:SÆSON=EJSÆSON,2019-05-01,867.0
DST:FIKS22:BRANCHE07=R:BELØB=3:SÆSON=EJSÆSON,2019-06-01,1349.0
DST:FIKS22:BRANCHE07=R:BELØB=3:SÆSON=EJSÆSON,2019-07-01,1091.0
DST:FIKS22:BRANCHE07=R:BELØB=3:SÆSON=EJSÆSON,2019-08-01,926.0
DST:FIKS22:BRANCHE07=R:BELØB=3:SÆSON=EJSÆSON,2019-09-01,904.0
DST:FIKS22:BRANCHE07=R:BELØB=3:SÆSON=EJSÆSON,2019-10-01,1012.0
DST:FIKS22:BRANCHE07=R:BELØB=3:SÆSON=EJSÆSON,2019-11-01,801.0
DST:FIKS22:BRANCHE07=R:BELØB=3:SÆSON=EJSÆSON,2019-12-01,1458.0
DST:FIKS22:BRANCHE07=R:BELØB=3:SÆSON=EJSÆSON,2020-01-01,915.0
DST:FIKS22:BRANCHE07=R:BELØB=3:SÆSON=EJSÆSON,2020-02-01,685.0
DST:FIKS22:BRANCHE07=R:BELØB=3:SÆSON=EJSÆSON,2020-03-01,929.0
DST:FIKS22:BRANCHE07=R:BELØB=3:SÆSON=EJSÆSON,2020-04-01,551.0
DST:FIKS22:BRANCHE07=R:BELØB=3:SÆSON=EJSÆSON,2020-05-01,382.0
DST:FIKS22:BRANCHE07=R:BELØB=3:SÆSON=EJSÆSON,2020-06-01,877.0
DST:FIKS22:BRANCHE07=R:BELØB=3:SÆSON=EJSÆSON,2020-07-01,836.0
DST:FIKS22:BRANCHE07=R:BELØB=3:SÆSON=EJSÆSON,2020-08-01,712.0
DST:FIKS22:BRANCHE07=R:BELØB=3:SÆSON=EJSÆSON,2020-09-01,856.0
DST:FIKS22:BRANCHE07=R:BELØB=3:SÆSON=EJSÆSON,2020-10-01,644.0
DST:FIKS22:BRANCHE07=R:BELØB=3:SÆSON=EJSÆSON,2020-11-01,692.0
DST:FIKS22:BRANCHE07=R:BELØB=3:SÆSON=EJSÆSON,2020-12-01,1263.0
DST:FIKS22:BRANCHE07=R:BELØB=3:SÆSON=EJSÆSON,2021-01-01,637.0
DST:FIKS22:BRANCHE07=R:BELØB=3:SÆSON=EJSÆSON,2021-02-01,629.0
DST:FIKS22:BRANCHE07=R:BELØB=3:SÆSON=EJSÆSON,2021-03-01,678.0
DST:FIKS22:BRANCHE07=R:BELØB=3:SÆSON=EJSÆSON,2021-04-01,661.0
DST:FIKS22:BRANCHE07=R:BELØB=3:SÆSON=EJSÆSON,2021-05-01,712.0
DST:FIKS22:BRANCHE07=R:BELØB=3:SÆSON=EJSÆSON,2021-06-01,1366.0
DST:FIKS22:BRANCHE07=R:BELØB=3:SÆSON=EJSÆSON,2021-07-01,1035.0
DST:FIKS22:BRANCHE07=R:BELØB=3:SÆSON=EJSÆSON,2021-08-01,944.0
DST:FIKS22:BRANCHE07=R:BELØB=3:SÆSON=EJSÆSON,2021-09-01,1094.0
DST:FIKS22:BRANCHE07=R:BELØB=3:SÆSON=EJSÆSON,2021-10-01,1014.0
DST:FIKS22:BRANCHE07=R:BELØB=3:SÆSON=EJSÆSON,2021-11-01,964.0
DST:FIKS22:BRANCHE07=R:BELØB=3:SÆSON=EJSÆSON,2021-12-01,1641.0
DST:FIKS22:BRANCHE07=R:BELØB=3:SÆSON=EJSÆSON,2022-01-01,784.0
DST:FIKS22:BRANCHE07=R:BELØB=3:SÆSON=EJSÆSON,2022-02-01,994.0
DST:FIKS22:BRANCHE07=R:BELØB=3:SÆSON=EJSÆSON,2022-03-01,1108.0
DST:FIKS22:BRANCHE07=R:BELØB=3:SÆSON=EJSÆSON,2022-04-01,1118.0
DST:FIKS22:BRANCHE07=R:BELØB=3:SÆSON=EJSÆSON,2022-05-01,1072.0
DST:FIKS22:BRANCHE07=R:BELØB=3:SÆSON=EJSÆSON,2022-06-01,1681.0
DST:FIKS22:BRANCHE07=R:BELØB=3:SÆSON=EJSÆSON,2022-07-01,1245.0
DST:FIKS22:BRANCHE07=R:BELØB=3:SÆSON=EJSÆSON,2022-08-01,1201.0
DST:FIKS22:BRANCHE07=R:BELØB=3:SÆSON=EJSÆSON,2022-09-01,1266.0
DST:FIKS22:BRANCHE07=R:BELØB=3:SÆSON=EJSÆSON,2022-10-01,1188.0
DST:FIKS22:BRANCHE07=R:BELØB=3:SÆSON=EJSÆSON,2022-11-01,1055.0
DST:FIKS22:BRANCHE07=R:BELØB=3:SÆSON=EJSÆSON,2022-12-01,1765.0
DST:FIKS22:BRANCHE07=R:BELØB=3:SÆSON=EJSÆSON,2023-01-01,1467.0
DST:FIKS22:BRANCHE07=R:BELØB=3:SÆSON=EJSÆSON,2023-02-01,865.0
DST:FIKS22:BRANCHE07=R:BELØB=3:SÆSON=EJSÆSON,2023-03-01,1200.0
DST:FIKS22:BRANCHE07=R:BELØB=3:SÆSON=EJSÆSON,2023-04-01,1037.0
DST:FIKS22:BRANCHE07=R:BELØB=3:SÆSON=EJSÆSON,2023-05-01,1186.0
DST:FIKS22:BRANCHE07=R:BELØB=3:SÆSON=EJSÆSON,2023-06-01,1879.0
DST:FIKS22:BRANCHE07=R:BELØB=3:SÆSON=EJSÆSON,2023-07-01,1271.0
DST:FIKS22:BRANCHE07=R:BELØB=3:SÆSON=EJSÆSON,2023-08-01,1277.0
DST:FIKS22:BRANCHE07=R:BELØB=3:SÆSON=EJSÆSON,2023-09-01,1230.0
DST:FIKS22:BRANCHE07=R:BELØB=3:SÆSON=EJSÆSON,2023-10-01,999.0
DST:FIKS22:BRANCHE07=R:BELØB=3:SÆSON=EJSÆSON,2023-11-01,882.0
DST:FIKS22:BRANCHE07=R:BELØB=3:SÆSON=EJSÆSON,2023-12-01,2073.0
DST:FIKS22:BRANCHE07=R:BELØB=3:SÆSON=EJSÆSON,2024-01-01,1221.0
DST:FIKS22:BRANCHE07=R:BELØB=3:SÆSON=EJSÆSON,2024-02-01,1178.0
DST:FIKS22:BRANCHE07=R:BELØB=3:SÆSON=EJSÆSON,2024-03-01,1038.0
DST:FIKS22:BRANCHE07=R:BELØB=3:SÆSON=EJSÆSON,2024-04-01,1382.0
DST:FIKS22:BRANCHE07=R:BELØB=3:SÆSON=EJSÆSON,2024-05-01,1312.0
DST:FIKS22:BRANCHE07=R:BELØB=3:SÆSON=EJSÆSON,2024-06-01,1644.0
DST:FIKS22:BRANCHE07=R:BELØB=3:SÆSON=EJSÆSON,2024-07-01,1491.0
DST:FIKS22:BRANCHE07=R:BELØB=3:SÆSON=EJSÆSON,2024-08-01,1266.0
DST:FIKS22:BRANCHE07=R:BELØB=3:SÆSON=EJSÆSON,2024-09-01,1499.0
DST:FIKS22:BRANCHE07=R:BELØB=3:SÆSON=EJSÆSON,2024-10-01,1381.0
DST:FIKS22:BRANCHE07=R:BELØB=3:SÆSON=EJSÆSON,2024-11-01,1260.0
DST:FIKS22:BRANCHE07=R:BELØB=3:SÆSON=EJSÆSON,2024-12-01,1608.0
DST:FIKS22:BRANCHE07=R:BELØB=3:SÆSON=EJSÆSON,2025-01-01,1126.0
DST:FIKS22:BRANCHE07=R:BELØB=3:SÆSON=EJSÆSON,2025-02-01,1150.0
DST:FIKS22:BRANCHE07=R:BELØB=3:SÆSON=EJSÆSON,2025-03-01,1427.0
DST:FIKS22:BRANCHE07=R:BELØB=3:SÆSON=EJSÆSON,2025-04-01,1473.0
DST:FIKS22:BRANCHE07=R:BELØB=3:SÆSON=EJSÆSON,2025-05-01,1203.0
DST:FIKS22:BRANCHE07=R:BELØB=3:SÆSON=EJSÆSON,2025-06-01,1802.0
DST:FIKS22:BRANCHE07=R:BELØB=3:SÆSON=EJSÆSON,2025-07-01,1684.0
DST:FIKS22:BRANCHE07=R:BELØB=3:SÆSON=EJSÆSON,2025-08-01,1416.0
DST:FIKS22:BRANCHE07=R:BELØB=3:SÆSON=EJSÆSON,2025-09-01,1444.0
DST:FIKS22:BRANCHE07=R:BELØB=3:SÆSON=EJSÆSON,2025-10-01,1329.0
DST:FIKS22:BRANCHE07=R:BELØB=3:SÆSON=EJSÆSON,2025-11-01,1410.0
DST:FIKS22:BRANCHE07=R:BELØB=3:SÆSON=EJSÆSON,2025-12-01,2493.0
DST:FIKS22:BRANCHE07=R:BELØB=3:SÆSON=EJSÆSON,2026-01-01,1770.0
DST:FIKS22:BRANCHE07=R:BELØB=3:SÆSON=EJSÆSON,2026-02-01,1231.0
DST:FIKS22:BRANCHE07=R:BELØB=3:SÆSON=EJSÆSON,2026-03-01,1349.0
DST:FIKS22:BRANCHE07=R:BELØB=3:SÆSON=SÆSON,2009-01-01,677.0
DST:FIKS22:BRANCHE07=R:BELØB=3:SÆSON=SÆSON,2009-02-01,641.0
DST:FIKS22:BRANCHE07=R:BELØB=3:SÆSON=SÆSON,2009-03-01,728.0
DST:FIKS22:BRANCHE07=R:BELØB=3:SÆSON=SÆSON,2009-04-01,642.0
DST:FIKS22:BRANCHE07=R:BELØB=3:SÆSON=SÆSON,2009-05-01,600.0
DST:FIKS22:BRANCHE07=R:BELØB=3:SÆSON=SÆSON,2009-06-01,555.0
DST:FIKS22:BRANCHE07=R:BELØB=3:SÆSON=SÆSON,2009-07-01,628.0
DST:FIKS22:BRANCHE07=R:BELØB=3:SÆSON=SÆSON,2009-08-01,658.0
DST:FIKS22:BRANCHE07=R:BELØB=3:SÆSON=SÆSON,2009-09-01,603.0
DST:FIKS22:BRANCHE07=R:BELØB=3:SÆSON=SÆSON,2009-10-01,630.0
DST:FIKS22:BRANCHE07=R:BELØB=3:SÆSON=SÆSON,2009-11-01,628.0
DST:FIKS22:BRANCHE07=R:BELØB=3:SÆSON=SÆSON,2009-12-01,636.0
DST:FIKS22:BRANCHE07=R:BELØB=3:SÆSON=SÆSON,2010-01-01,586.0
DST:FIKS22:BRANCHE07=R:BELØB=3:SÆSON=SÆSON,2010-02-01,640.0
DST:FIKS22:BRANCHE07=R:BELØB=3:SÆSON=SÆSON,2010-03-01,616.0
DST:FIKS22:BRANCHE07=R:BELØB=3:SÆSON=SÆSON,2010-04-01,633.0
DST:FIKS22:BRANCHE07=R:BELØB=3:SÆSON=SÆSON,2010-05-01,628.0
DST:FIKS22:BRANCHE07=R:BELØB=3:SÆSON=SÆSON,2010-06-01,569.0
DST:FIKS22:BRANCHE07=R:BELØB=3:SÆSON=SÆSON,2010-07-01,618.0
DST:FIKS22:BRANCHE07=R:BELØB=3:SÆSON=SÆSON,2010-08-01,700.0
DST:FIKS22:BRANCHE07=R:BELØB=3:SÆSON=SÆSON,2010-09-01,599.0
DST:FIKS22:BRANCHE07=R:BELØB=3:SÆSON=SÆSON,2010-10-01,611.0
DST:FIKS22:BRANCHE07=R:BELØB=3:SÆSON=SÆSON,2010-11-01,613.0
DST:FIKS22:BRANCHE07=R:BELØB=3:SÆSON=SÆSON,2010-12-01,573.0
DST:FIKS22:BRANCHE07=R:BELØB=3:SÆSON=SÆSON,2011-01-01,637.0
DST:FIKS22:BRANCHE07=R:BELØB=3:SÆSON=SÆSON,2011-02-01,713.0
DST:FIKS22:BRANCHE07=R:BELØB=3:SÆSON=SÆSON,2011-03-01,561.0
DST:FIKS22:BRANCHE07=R:BELØB=3:SÆSON=SÆSON,2011-04-01,617.0
DST:FIKS22:BRANCHE07=R:BELØB=3:SÆSON=SÆSON,2011-05-01,626.0
DST:FIKS22:BRANCHE07=R:BELØB=3:SÆSON=SÆSON,2011-06-01,689.0
DST:FIKS22:BRANCHE07=R:BELØB=3:SÆSON=SÆSON,2011-07-01,645.0
DST:FIKS22:BRANCHE07=R:BELØB=3:SÆSON=SÆSON,2011-08-01,631.0
DST:FIKS22:BRANCHE07=R:BELØB=3:SÆSON=SÆSON,2011-09-01,627.0
DST:FIKS22:BRANCHE07=R:BELØB=3:SÆSON=SÆSON,2011-10-01,725.0
DST:FIKS22:BRANCHE07=R:BELØB=3:SÆSON=SÆSON,2011-11-01,585.0
DST:FIKS22:BRANCHE07=R:BELØB=3:SÆSON=SÆSON,2011-12-01,604.0
DST:FIKS22:BRANCHE07=R:BELØB=3:SÆSON=SÆSON,2012-01-01,654.0
DST:FIKS22:BRANCHE07=R:BELØB=3:SÆSON=SÆSON,2012-02-01,618.0
DST:FIKS22:BRANCHE07=R:BELØB=3:SÆSON=SÆSON,2012-03-01,681.0
DST:FIKS22:BRANCHE07=R:BELØB=3:SÆSON=SÆSON,2012-04-01,647.0
DST:FIKS22:BRANCHE07=R:BELØB=3:SÆSON=SÆSON,2012-05-01,688.0
DST:FIKS22:BRANCHE07=R:BELØB=3:SÆSON=SÆSON,2012-06-01,656.0
DST:FIKS22:BRANCHE07=R:BELØB=3:SÆSON=SÆSON,2012-07-01,649.0
DST:FIKS22:BRANCHE07=R:BELØB=3:SÆSON=SÆSON,2012-08-01,639.0
DST:FIKS22:BRANCHE07=R:BELØB=3:SÆSON=SÆSON,2012-09-01,625.0
DST:FIKS22:BRANCHE07=R:BELØB=3:SÆSON=SÆSON,2012-10-01,614.0
DST:FIKS22:BRANCHE07=R:BELØB=3:SÆSON=SÆSON,2012-11-01,682.0
DST:FIKS22:BRANCHE07=R:BELØB=3:SÆSON=SÆSON,2012-12-01,681.0
DST:FIKS22:BRANCHE07=R:BELØB=3:SÆSON=SÆSON,2013-01-01,640.0
DST:FIKS22:BRANCHE07=R:BELØB=3:SÆSON=SÆSON,2013-02-01,625.0
DST:FIKS22:BRANCHE07=R:BELØB=3:SÆSON=SÆSON,2013-03-01,618.0
DST:FIKS22:BRANCHE07=R:BELØB=3:SÆSON=SÆSON,2013-04-01,749.0
DST:FIKS22:BRANCHE07=R:BELØB=3:SÆSON=SÆSON,2013-05-01,668.0
DST:FIKS22:BRANCHE07=R:BELØB=3:SÆSON=SÆSON,2013-06-01,674.0
DST:FIKS22:BRANCHE07=R:BELØB=3:SÆSON=SÆSON,2013-07-01,667.0
DST:FIKS22:BRANCHE07=R:BELØB=3:SÆSON=SÆSON,2013-08-01,668.0
DST:FIKS22:BRANCHE07=R:BELØB=3:SÆSON=SÆSON,2013-09-01,727.0
DST:FIKS22:BRANCHE07=R:BELØB=3:SÆSON=SÆSON,2013-10-01,734.0
DST:FIKS22:BRANCHE07=R:BELØB=3:SÆSON=SÆSON,2013-11-01,797.0
DST:FIKS22:BRANCHE07=R:BELØB=3:SÆSON=SÆSON,2013-12-01,561.0
DST:FIKS22:BRANCHE07=R:BELØB=3:SÆSON=SÆSON,2014-01-01,710.0
DST:FIKS22:BRANCHE07=R:BELØB=3:SÆSON=SÆSON,2014-02-01,788.0
DST:FIKS22:BRANCHE07=R:BELØB=3:SÆSON=SÆSON,2014-03-01,703.0
DST:FIKS22:BRANCHE07=R:BELØB=3:SÆSON=SÆSON,2014-04-01,819.0
DST:FIKS22:BRANCHE07=R:BELØB=3:SÆSON=SÆSON,2014-05-01,677.0
DST:FIKS22:BRANCHE07=R:BELØB=3:SÆSON=SÆSON,2014-06-01,725.0
DST:FIKS22:BRANCHE07=R:BELØB=3:SÆSON=SÆSON,2014-07-01,700.0
DST:FIKS22:BRANCHE07=R:BELØB=3:SÆSON=SÆSON,2014-08-01,769.0
DST:FIKS22:BRANCHE07=R:BELØB=3:SÆSON=SÆSON,2014-09-01,757.0
DST:FIKS22:BRANCHE07=R:BELØB=3:SÆSON=SÆSON,2014-10-01,731.0
DST:FIKS22:BRANCHE07=R:BELØB=3:SÆSON=SÆSON,2014-11-01,760.0
DST:FIKS22:BRANCHE07=R:BELØB=3:SÆSON=SÆSON,2014-12-01,730.0
DST:FIKS22:BRANCHE07=R:BELØB=3:SÆSON=SÆSON,2015-01-01,740.0
DST:FIKS22:BRANCHE07=R:BELØB=3:SÆSON=SÆSON,2015-02-01,824.0
DST:FIKS22:BRANCHE07=R:BELØB=3:SÆSON=SÆSON,2015-03-01,825.0
DST:FIKS22:BRANCHE07=R:BELØB=3:SÆSON=SÆSON,2015-04-01,756.0
DST:FIKS22:BRANCHE07=R:BELØB=3:SÆSON=SÆSON,2015-05-01,785.0
DST:FIKS22:BRANCHE07=R:BELØB=3:SÆSON=SÆSON,2015-06-01,772.0
DST:FIKS22:BRANCHE07=R:BELØB=3:SÆSON=SÆSON,2015-07-01,793.0
DST:FIKS22:BRANCHE07=R:BELØB=3:SÆSON=SÆSON,2015-08-01,717.0
DST:FIKS22:BRANCHE07=R:BELØB=3:SÆSON=SÆSON,2015-09-01,805.0
DST:FIKS22:BRANCHE07=R:BELØB=3:SÆSON=SÆSON,2015-10-01,778.0
DST:FIKS22:BRANCHE07=R:BELØB=3:SÆSON=SÆSON,2015-11-01,687.0
DST:FIKS22:BRANCHE07=R:BELØB=3:SÆSON=SÆSON,2015-12-01,818.0
DST:FIKS22:BRANCHE07=R:BELØB=3:SÆSON=SÆSON,2016-01-01,732.0
DST:FIKS22:BRANCHE07=R:BELØB=3:SÆSON=SÆSON,2016-02-01,755.0
DST:FIKS22:BRANCHE07=R:BELØB=3:SÆSON=SÆSON,2016-03-01,808.0
DST:FIKS22:BRANCHE07=R:BELØB=3:SÆSON=SÆSON,2016-04-01,769.0
DST:FIKS22:BRANCHE07=R:BELØB=3:SÆSON=SÆSON,2016-05-01,810.0
DST:FIKS22:BRANCHE07=R:BELØB=3:SÆSON=SÆSON,2016-06-01,790.0
DST:FIKS22:BRANCHE07=R:BELØB=3:SÆSON=SÆSON,2016-07-01,811.0
DST:FIKS22:BRANCHE07=R:BELØB=3:SÆSON=SÆSON,2016-08-01,889.0
DST:FIKS22:BRANCHE07=R:BELØB=3:SÆSON=SÆSON,2016-09-01,823.0
DST:FIKS22:BRANCHE07=R:BELØB=3:SÆSON=SÆSON,2016-10-01,838.0
DST:FIKS22:BRANCHE07=R:BELØB=3:SÆSON=SÆSON,2016-11-01,815.0
DST:FIKS22:BRANCHE07=R:BELØB=3:SÆSON=SÆSON,2016-12-01,855.0
DST:FIKS22:BRANCHE07=R:BELØB=3:SÆSON=SÆSON,2017-01-01,890.0
DST:FIKS22:BRANCHE07=R:BELØB=3:SÆSON=SÆSON,2017-02-01,798.0
DST:FIKS22:BRANCHE07=R:BELØB=3:SÆSON=SÆSON,2017-03-01,846.0
DST:FIKS22:BRANCHE07=R:BELØB=3:SÆSON=SÆSON,2017-04-01,849.0
DST:FIKS22:BRANCHE07=R:BELØB=3:SÆSON=SÆSON,2017-05-01,1004.0
DST:FIKS22:BRANCHE07=R:BELØB=3:SÆSON=SÆSON,2017-06-01,880.0
DST:FIKS22:BRANCHE07=R:BELØB=3:SÆSON=SÆSON,2017-07-01,905.0
DST:FIKS22:BRANCHE07=R:BELØB=3:SÆSON=SÆSON,2017-08-01,765.0
DST:FIKS22:BRANCHE07=R:BELØB=3:SÆSON=SÆSON,2017-09-01,882.0
DST:FIKS22:BRANCHE07=R:BELØB=3:SÆSON=SÆSON,2017-10-01,881.0
DST:FIKS22:BRANCHE07=R:BELØB=3:SÆSON=SÆSON,2017-11-01,926.0
DST:FIKS22:BRANCHE07=R:BELØB=3:SÆSON=SÆSON,2017-12-01,843.0
DST:FIKS22:BRANCHE07=R:BELØB=3:SÆSON=SÆSON,2018-01-01,916.0
DST:FIKS22:BRANCHE07=R:BELØB=3:SÆSON=SÆSON,2018-02-01,927.0
DST:FIKS22:BRANCHE07=R:BELØB=3:SÆSON=SÆSON,2018-03-01,783.0
DST:FIKS22:BRANCHE07=R:BELØB=3:SÆSON=SÆSON,2018-04-01,916.0
DST:FIKS22:BRANCHE07=R:BELØB=3:SÆSON=SÆSON,2018-05-01,906.0
DST:FIKS22:BRANCHE07=R:BELØB=3:SÆSON=SÆSON,2018-06-01,951.0
DST:FIKS22:BRANCHE07=R:BELØB=3:SÆSON=SÆSON,2018-07-01,851.0
DST:FIKS22:BRANCHE07=R:BELØB=3:SÆSON=SÆSON,2018-08-01,986.0
DST:FIKS22:BRANCHE07=R:BELØB=3:SÆSON=SÆSON,2018-09-01,932.0
DST:FIKS22:BRANCHE07=R:BELØB=3:SÆSON=SÆSON,2018-10-01,928.0
DST:FIKS22:BRANCHE07=R:BELØB=3:SÆSON=SÆSON,2018-11-01,958.0
DST:FIKS22:BRANCHE07=R:BELØB=3:SÆSON=SÆSON,2018-12-01,1011.0
DST:FIKS22:BRANCHE07=R:BELØB=3:SÆSON=SÆSON,2019-01-01,954.0
DST:FIKS22:BRANCHE07=R:BELØB=3:SÆSON=SÆSON,2019-02-01,731.0
DST:FIKS22:BRANCHE07=R:BELØB=3:SÆSON=SÆSON,2019-03-01,1135.0
DST:FIKS22:BRANCHE07=R:BELØB=3:SÆSON=SÆSON,2019-04-01,1034.0
DST:FIKS22:BRANCHE07=R:BELØB=3:SÆSON=SÆSON,2019-05-01,966.0
DST:FIKS22:BRANCHE07=R:BELØB=3:SÆSON=SÆSON,2019-06-01,1048.0
DST:FIKS22:BRANCHE07=R:BELØB=3:SÆSON=SÆSON,2019-07-01,1006.0
DST:FIKS22:BRANCHE07=R:BELØB=3:SÆSON=SÆSON,2019-08-01,957.0
DST:FIKS22:BRANCHE07=R:BELØB=3:SÆSON=SÆSON,2019-09-01,935.0
DST:FIKS22:BRANCHE07=R:BELØB=3:SÆSON=SÆSON,2019-10-01,1058.0
DST:FIKS22:BRANCHE07=R:BELØB=3:SÆSON=SÆSON,2019-11-01,950.0
DST:FIKS22:BRANCHE07=R:BELØB=3:SÆSON=SÆSON,2019-12-01,1039.0
DST:FIKS22:BRANCHE07=R:BELØB=3:SÆSON=SÆSON,2020-01-01,1072.0
DST:FIKS22:BRANCHE07=R:BELØB=3:SÆSON=SÆSON,2020-02-01,829.0
DST:FIKS22:BRANCHE07=R:BELØB=3:SÆSON=SÆSON,2020-03-01,1067.0
DST:FIKS22:BRANCHE07=R:BELØB=3:SÆSON=SÆSON,2020-04-01,603.0
DST:FIKS22:BRANCHE07=R:BELØB=3:SÆSON=SÆSON,2020-05-01,454.0
DST:FIKS22:BRANCHE07=R:BELØB=3:SÆSON=SÆSON,2020-06-01,630.0
DST:FIKS22:BRANCHE07=R:BELØB=3:SÆSON=SÆSON,2020-07-01,767.0
DST:FIKS22:BRANCHE07=R:BELØB=3:SÆSON=SÆSON,2020-08-01,756.0
DST:FIKS22:BRANCHE07=R:BELØB=3:SÆSON=SÆSON,2020-09-01,819.0
DST:FIKS22:BRANCHE07=R:BELØB=3:SÆSON=SÆSON,2020-10-01,709.0
DST:FIKS22:BRANCHE07=R:BELØB=3:SÆSON=SÆSON,2020-11-01,834.0
DST:FIKS22:BRANCHE07=R:BELØB=3:SÆSON=SÆSON,2020-12-01,829.0
DST:FIKS22:BRANCHE07=R:BELØB=3:SÆSON=SÆSON,2021-01-01,755.0
DST:FIKS22:BRANCHE07=R:BELØB=3:SÆSON=SÆSON,2021-02-01,774.0
DST:FIKS22:BRANCHE07=R:BELØB=3:SÆSON=SÆSON,2021-03-01,732.0
DST:FIKS22:BRANCHE07=R:BELØB=3:SÆSON=SÆSON,2021-04-01,769.0
DST:FIKS22:BRANCHE07=R:BELØB=3:SÆSON=SÆSON,2021-05-01,838.0
DST:FIKS22:BRANCHE07=R:BELØB=3:SÆSON=SÆSON,2021-06-01,923.0
DST:FIKS22:BRANCHE07=R:BELØB=3:SÆSON=SÆSON,2021-07-01,991.0
DST:FIKS22:BRANCHE07=R:BELØB=3:SÆSON=SÆSON,2021-08-01,1001.0
DST:FIKS22:BRANCHE07=R:BELØB=3:SÆSON=SÆSON,2021-09-01,1041.0
DST:FIKS22:BRANCHE07=R:BELØB=3:SÆSON=SÆSON,2021-10-01,1131.0
DST:FIKS22:BRANCHE07=R:BELØB=3:SÆSON=SÆSON,2021-11-01,1125.0
DST:FIKS22:BRANCHE07=R:BELØB=3:SÆSON=SÆSON,2021-12-01,1075.0
DST:FIKS22:BRANCHE07=R:BELØB=3:SÆSON=SÆSON,2022-01-01,922.0
DST:FIKS22:BRANCHE07=R:BELØB=3:SÆSON=SÆSON,2022-02-01,1215.0
DST:FIKS22:BRANCHE07=R:BELØB=3:SÆSON=SÆSON,2022-03-01,1221.0
DST:FIKS22:BRANCHE07=R:BELØB=3:SÆSON=SÆSON,2022-04-01,1244.0
DST:FIKS22:BRANCHE07=R:BELØB=3:SÆSON=SÆSON,2022-05-01,1234.0
DST:FIKS22:BRANCHE07=R:BELØB=3:SÆSON=SÆSON,2022-06-01,1170.0
DST:FIKS22:BRANCHE07=R:BELØB=3:SÆSON=SÆSON,2022-07-01,1199.0
DST:FIKS22:BRANCHE07=R:BELØB=3:SÆSON=SÆSON,2022-08-01,1192.0
DST:FIKS22:BRANCHE07=R:BELØB=3:SÆSON=SÆSON,2022-09-01,1251.0
DST:FIKS22:BRANCHE07=R:BELØB=3:SÆSON=SÆSON,2022-10-01,1333.0
DST:FIKS22:BRANCHE07=R:BELØB=3:SÆSON=SÆSON,2022-11-01,1164.0
DST:FIKS22:BRANCHE07=R:BELØB=3:SÆSON=SÆSON,2022-12-01,1258.0
DST:FIKS22:BRANCHE07=R:BELØB=3:SÆSON=SÆSON,2023-01-01,1674.0
DST:FIKS22:BRANCHE07=R:BELØB=3:SÆSON=SÆSON,2023-02-01,1047.0
DST:FIKS22:BRANCHE07=R:BELØB=3:SÆSON=SÆSON,2023-03-01,1332.0
DST:FIKS22:BRANCHE07=R:BELØB=3:SÆSON=SÆSON,2023-04-01,1149.0
DST:FIKS22:BRANCHE07=R:BELØB=3:SÆSON=SÆSON,2023-05-01,1295.0
DST:FIKS22:BRANCHE07=R:BELØB=3:SÆSON=SÆSON,2023-06-01,1387.0
DST:FIKS22:BRANCHE07=R:BELØB=3:SÆSON=SÆSON,2023-07-01,1227.0
DST:FIKS22:BRANCHE07=R:BELØB=3:SÆSON=SÆSON,2023-08-01,1283.0
DST:FIKS22:BRANCHE07=R:BELØB=3:SÆSON=SÆSON,2023-09-01,1203.0
DST:FIKS22:BRANCHE07=R:BELØB=3:SÆSON=SÆSON,2023-10-01,1119.0
DST:FIKS22:BRANCHE07=R:BELØB=3:SÆSON=SÆSON,2023-11-01,976.0
DST:FIKS22:BRANCHE07=R:BELØB=3:SÆSON=SÆSON,2023-12-01,1556.0
DST:FIKS22:BRANCHE07=R:BELØB=3:SÆSON=SÆSON,2024-01-01,1331.0
DST:FIKS22:BRANCHE07=R:BELØB=3:SÆSON=SÆSON,2024-02-01,1401.0
DST:FIKS22:BRANCHE07=R:BELØB=3:SÆSON=SÆSON,2024-03-01,1228.0
DST:FIKS22:BRANCHE07=R:BELØB=3:SÆSON=SÆSON,2024-04-01,1485.0
DST:FIKS22:BRANCHE07=R:BELØB=3:SÆSON=SÆSON,2024-05-01,1416.0
DST:FIKS22:BRANCHE07=R:BELØB=3:SÆSON=SÆSON,2024-06-01,1295.0
DST:FIKS22:BRANCHE07=R:BELØB=3:SÆSON=SÆSON,2024-07-01,1334.0
DST:FIKS22:BRANCHE07=R:BELØB=3:SÆSON=SÆSON,2024-08-01,1338.0
DST:FIKS22:BRANCHE07=R:BELØB=3:SÆSON=SÆSON,2024-09-01,1505.0
DST:FIKS22:BRANCHE07=R:BELØB=3:SÆSON=SÆSON,2024-10-01,1486.0
DST:FIKS22:BRANCHE07=R:BELØB=3:SÆSON=SÆSON,2024-11-01,1440.0
DST:FIKS22:BRANCHE07=R:BELØB=3:SÆSON=SÆSON,2024-12-01,1230.0
DST:FIKS22:BRANCHE07=R:BELØB=3:SÆSON=SÆSON,2025-01-01,1288.0
DST:FIKS22:BRANCHE07=R:BELØB=3:SÆSON=SÆSON,2025-02-01,1407.0
DST:FIKS22:BRANCHE07=R:BELØB=3:SÆSON=SÆSON,2025-03-01,1684.0
DST:FIKS22:BRANCHE07=R:BELØB=3:SÆSON=SÆSON,2025-04-01,1451.0
DST:FIKS22:BRANCHE07=R:BELØB=3:SÆSON=SÆSON,2025-05-01,1363.0
DST:FIKS22:BRANCHE07=R:BELØB=3:SÆSON=SÆSON,2025-06-01,1380.0
DST:FIKS22:BRANCHE07=R:BELØB=3:SÆSON=SÆSON,2025-07-01,1531.0
DST:FIKS22:BRANCHE07=R:BELØB=3:SÆSON=SÆSON,2025-08-01,1516.0
DST:FIKS22:BRANCHE07=R:BELØB=3:SÆSON=SÆSON,2025-09-01,1414.0
DST:FIKS22:BRANCHE07=R:BELØB=3:SÆSON=SÆSON,2025-10-01,1446.0
DST:FIKS22:BRANCHE07=R:BELØB=3:SÆSON=SÆSON,2025-11-01,1638.0
DST:FIKS22:BRANCHE07=R:BELØB=3:SÆSON=SÆSON,2025-12-01,1697.0
DST:FIKS22:BRANCHE07=R:BELØB=3:SÆSON=SÆSON,2026-01-01,2007.0
DST:FIKS22:BRANCHE07=R:BELØB=3:SÆSON=SÆSON,2026-02-01,1520.0
DST:FIKS22:BRANCHE07=R:BELØB=3:SÆSON=SÆSON,2026-03-01,1577.0
DST:FIKS22:BRANCHE07=R:BELØB=4:SÆSON=EJSÆSON,2009-01-01,783.0
DST:FIKS22:BRANCHE07=R:BELØB=4:SÆSON=EJSÆSON,2009-02-01,700.0
DST:FIKS22:BRANCHE07=R:BELØB=4:SÆSON=EJSÆSON,2009-03-01,736.0
DST:FIKS22:BRANCHE07=R:BELØB=4:SÆSON=EJSÆSON,2009-04-01,782.0
DST:FIKS22:BRANCHE07=R:BELØB=4:SÆSON=EJSÆSON,2009-05-01,795.0
DST:FIKS22:BRANCHE07=R:BELØB=4:SÆSON=EJSÆSON,2009-06-01,955.0
DST:FIKS22:BRANCHE07=R:BELØB=4:SÆSON=EJSÆSON,2009-07-01,1261.0
DST:FIKS22:BRANCHE07=R:BELØB=4:SÆSON=EJSÆSON,2009-08-01,1137.0
DST:FIKS22:BRANCHE07=R:BELØB=4:SÆSON=EJSÆSON,2009-09-01,760.0
DST:FIKS22:BRANCHE07=R:BELØB=4:SÆSON=EJSÆSON,2009-10-01,827.0
DST:FIKS22:BRANCHE07=R:BELØB=4:SÆSON=EJSÆSON,2009-11-01,845.0
DST:FIKS22:BRANCHE07=R:BELØB=4:SÆSON=EJSÆSON,2009-12-01,1032.0
DST:FIKS22:BRANCHE07=R:BELØB=4:SÆSON=EJSÆSON,2010-01-01,740.0
DST:FIKS22:BRANCHE07=R:BELØB=4:SÆSON=EJSÆSON,2010-02-01,665.0
DST:FIKS22:BRANCHE07=R:BELØB=4:SÆSON=EJSÆSON,2010-03-01,768.0
DST:FIKS22:BRANCHE07=R:BELØB=4:SÆSON=EJSÆSON,2010-04-01,709.0
DST:FIKS22:BRANCHE07=R:BELØB=4:SÆSON=EJSÆSON,2010-05-01,1004.0
DST:FIKS22:BRANCHE07=R:BELØB=4:SÆSON=EJSÆSON,2010-06-01,1074.0
DST:FIKS22:BRANCHE07=R:BELØB=4:SÆSON=EJSÆSON,2010-07-01,1287.0
DST:FIKS22:BRANCHE07=R:BELØB=4:SÆSON=EJSÆSON,2010-08-01,1154.0
DST:FIKS22:BRANCHE07=R:BELØB=4:SÆSON=EJSÆSON,2010-09-01,816.0
DST:FIKS22:BRANCHE07=R:BELØB=4:SÆSON=EJSÆSON,2010-10-01,737.0
DST:FIKS22:BRANCHE07=R:BELØB=4:SÆSON=EJSÆSON,2010-11-01,870.0
DST:FIKS22:BRANCHE07=R:BELØB=4:SÆSON=EJSÆSON,2010-12-01,946.0
DST:FIKS22:BRANCHE07=R:BELØB=4:SÆSON=EJSÆSON,2011-01-01,853.0
DST:FIKS22:BRANCHE07=R:BELØB=4:SÆSON=EJSÆSON,2011-02-01,763.0
DST:FIKS22:BRANCHE07=R:BELØB=4:SÆSON=EJSÆSON,2011-03-01,752.0
DST:FIKS22:BRANCHE07=R:BELØB=4:SÆSON=EJSÆSON,2011-04-01,844.0
DST:FIKS22:BRANCHE07=R:BELØB=4:SÆSON=EJSÆSON,2011-05-01,991.0
DST:FIKS22:BRANCHE07=R:BELØB=4:SÆSON=EJSÆSON,2011-06-01,1150.0
DST:FIKS22:BRANCHE07=R:BELØB=4:SÆSON=EJSÆSON,2011-07-01,1281.0
DST:FIKS22:BRANCHE07=R:BELØB=4:SÆSON=EJSÆSON,2011-08-01,1048.0
DST:FIKS22:BRANCHE07=R:BELØB=4:SÆSON=EJSÆSON,2011-09-01,954.0
DST:FIKS22:BRANCHE07=R:BELØB=4:SÆSON=EJSÆSON,2011-10-01,780.0
DST:FIKS22:BRANCHE07=R:BELØB=4:SÆSON=EJSÆSON,2011-11-01,850.0
DST:FIKS22:BRANCHE07=R:BELØB=4:SÆSON=EJSÆSON,2011-12-01,1060.0
DST:FIKS22:BRANCHE07=R:BELØB=4:SÆSON=EJSÆSON,2012-01-01,898.0
DST:FIKS22:BRANCHE07=R:BELØB=4:SÆSON=EJSÆSON,2012-02-01,715.0
DST:FIKS22:BRANCHE07=R:BELØB=4:SÆSON=EJSÆSON,2012-03-01,734.0
DST:FIKS22:BRANCHE07=R:BELØB=4:SÆSON=EJSÆSON,2012-04-01,818.0
DST:FIKS22:BRANCHE07=R:BELØB=4:SÆSON=EJSÆSON,2012-05-01,1039.0
DST:FIKS22:BRANCHE07=R:BELØB=4:SÆSON=EJSÆSON,2012-06-01,1109.0
DST:FIKS22:BRANCHE07=R:BELØB=4:SÆSON=EJSÆSON,2012-07-01,1391.0
DST:FIKS22:BRANCHE07=R:BELØB=4:SÆSON=EJSÆSON,2012-08-01,1094.0
DST:FIKS22:BRANCHE07=R:BELØB=4:SÆSON=EJSÆSON,2012-09-01,865.0
DST:FIKS22:BRANCHE07=R:BELØB=4:SÆSON=EJSÆSON,2012-10-01,883.0
DST:FIKS22:BRANCHE07=R:BELØB=4:SÆSON=EJSÆSON,2012-11-01,894.0
DST:FIKS22:BRANCHE07=R:BELØB=4:SÆSON=EJSÆSON,2012-12-01,1145.0
DST:FIKS22:BRANCHE07=R:BELØB=4:SÆSON=EJSÆSON,2013-01-01,870.0
DST:FIKS22:BRANCHE07=R:BELØB=4:SÆSON=EJSÆSON,2013-02-01,860.0
DST:FIKS22:BRANCHE07=R:BELØB=4:SÆSON=EJSÆSON,2013-03-01,727.0
DST:FIKS22:BRANCHE07=R:BELØB=4:SÆSON=EJSÆSON,2013-04-01,975.0
DST:FIKS22:BRANCHE07=R:BELØB=4:SÆSON=EJSÆSON,2013-05-01,1038.0
DST:FIKS22:BRANCHE07=R:BELØB=4:SÆSON=EJSÆSON,2013-06-01,1193.0
DST:FIKS22:BRANCHE07=R:BELØB=4:SÆSON=EJSÆSON,2013-07-01,1457.0
DST:FIKS22:BRANCHE07=R:BELØB=4:SÆSON=EJSÆSON,2013-08-01,1148.0
DST:FIKS22:BRANCHE07=R:BELØB=4:SÆSON=EJSÆSON,2013-09-01,921.0
DST:FIKS22:BRANCHE07=R:BELØB=4:SÆSON=EJSÆSON,2013-10-01,1055.0
DST:FIKS22:BRANCHE07=R:BELØB=4:SÆSON=EJSÆSON,2013-11-01,872.0
DST:FIKS22:BRANCHE07=R:BELØB=4:SÆSON=EJSÆSON,2013-12-01,1061.0
DST:FIKS22:BRANCHE07=R:BELØB=4:SÆSON=EJSÆSON,2014-01-01,957.0
DST:FIKS22:BRANCHE07=R:BELØB=4:SÆSON=EJSÆSON,2014-02-01,934.0
DST:FIKS22:BRANCHE07=R:BELØB=4:SÆSON=EJSÆSON,2014-03-01,720.0
DST:FIKS22:BRANCHE07=R:BELØB=4:SÆSON=EJSÆSON,2014-04-01,1016.0
DST:FIKS22:BRANCHE07=R:BELØB=4:SÆSON=EJSÆSON,2014-05-01,1094.0
DST:FIKS22:BRANCHE07=R:BELØB=4:SÆSON=EJSÆSON,2014-06-01,1330.0
DST:FIKS22:BRANCHE07=R:BELØB=4:SÆSON=EJSÆSON,2014-07-01,1528.0
DST:FIKS22:BRANCHE07=R:BELØB=4:SÆSON=EJSÆSON,2014-08-01,1373.0
DST:FIKS22:BRANCHE07=R:BELØB=4:SÆSON=EJSÆSON,2014-09-01,833.0
DST:FIKS22:BRANCHE07=R:BELØB=4:SÆSON=EJSÆSON,2014-10-01,1150.0
DST:FIKS22:BRANCHE07=R:BELØB=4:SÆSON=EJSÆSON,2014-11-01,1000.0
DST:FIKS22:BRANCHE07=R:BELØB=4:SÆSON=EJSÆSON,2014-12-01,1085.0
DST:FIKS22:BRANCHE07=R:BELØB=4:SÆSON=EJSÆSON,2015-01-01,878.0
DST:FIKS22:BRANCHE07=R:BELØB=4:SÆSON=EJSÆSON,2015-02-01,964.0
DST:FIKS22:BRANCHE07=R:BELØB=4:SÆSON=EJSÆSON,2015-03-01,932.0
DST:FIKS22:BRANCHE07=R:BELØB=4:SÆSON=EJSÆSON,2015-04-01,972.0
DST:FIKS22:BRANCHE07=R:BELØB=4:SÆSON=EJSÆSON,2015-05-01,1213.0
DST:FIKS22:BRANCHE07=R:BELØB=4:SÆSON=EJSÆSON,2015-06-01,1459.0
DST:FIKS22:BRANCHE07=R:BELØB=4:SÆSON=EJSÆSON,2015-07-01,1692.0
DST:FIKS22:BRANCHE07=R:BELØB=4:SÆSON=EJSÆSON,2015-08-01,1503.0
DST:FIKS22:BRANCHE07=R:BELØB=4:SÆSON=EJSÆSON,2015-09-01,881.0
DST:FIKS22:BRANCHE07=R:BELØB=4:SÆSON=EJSÆSON,2015-10-01,1124.0
DST:FIKS22:BRANCHE07=R:BELØB=4:SÆSON=EJSÆSON,2015-11-01,986.0
DST:FIKS22:BRANCHE07=R:BELØB=4:SÆSON=EJSÆSON,2015-12-01,1456.0
DST:FIKS22:BRANCHE07=R:BELØB=4:SÆSON=EJSÆSON,2016-01-01,881.0
DST:FIKS22:BRANCHE07=R:BELØB=4:SÆSON=EJSÆSON,2016-02-01,972.0
DST:FIKS22:BRANCHE07=R:BELØB=4:SÆSON=EJSÆSON,2016-03-01,1110.0
DST:FIKS22:BRANCHE07=R:BELØB=4:SÆSON=EJSÆSON,2016-04-01,987.0
DST:FIKS22:BRANCHE07=R:BELØB=4:SÆSON=EJSÆSON,2016-05-01,1316.0
DST:FIKS22:BRANCHE07=R:BELØB=4:SÆSON=EJSÆSON,2016-06-01,1470.0
DST:FIKS22:BRANCHE07=R:BELØB=4:SÆSON=EJSÆSON,2016-07-01,1753.0
DST:FIKS22:BRANCHE07=R:BELØB=4:SÆSON=EJSÆSON,2016-08-01,1503.0
DST:FIKS22:BRANCHE07=R:BELØB=4:SÆSON=EJSÆSON,2016-09-01,1000.0
DST:FIKS22:BRANCHE07=R:BELØB=4:SÆSON=EJSÆSON,2016-10-01,1241.0
DST:FIKS22:BRANCHE07=R:BELØB=4:SÆSON=EJSÆSON,2016-11-01,1231.0
DST:FIKS22:BRANCHE07=R:BELØB=4:SÆSON=EJSÆSON,2016-12-01,1419.0
DST:FIKS22:BRANCHE07=R:BELØB=4:SÆSON=EJSÆSON,2017-01-01,1059.0
DST:FIKS22:BRANCHE07=R:BELØB=4:SÆSON=EJSÆSON,2017-02-01,1082.0
DST:FIKS22:BRANCHE07=R:BELØB=4:SÆSON=EJSÆSON,2017-03-01,1054.0
DST:FIKS22:BRANCHE07=R:BELØB=4:SÆSON=EJSÆSON,2017-04-01,939.0
DST:FIKS22:BRANCHE07=R:BELØB=4:SÆSON=EJSÆSON,2017-05-01,1383.0
DST:FIKS22:BRANCHE07=R:BELØB=4:SÆSON=EJSÆSON,2017-06-01,1799.0
DST:FIKS22:BRANCHE07=R:BELØB=4:SÆSON=EJSÆSON,2017-07-01,1746.0
DST:FIKS22:BRANCHE07=R:BELØB=4:SÆSON=EJSÆSON,2017-08-01,1417.0
DST:FIKS22:BRANCHE07=R:BELØB=4:SÆSON=EJSÆSON,2017-09-01,1120.0
DST:FIKS22:BRANCHE07=R:BELØB=4:SÆSON=EJSÆSON,2017-10-01,1364.0
DST:FIKS22:BRANCHE07=R:BELØB=4:SÆSON=EJSÆSON,2017-11-01,1213.0
DST:FIKS22:BRANCHE07=R:BELØB=4:SÆSON=EJSÆSON,2017-12-01,1496.0
DST:FIKS22:BRANCHE07=R:BELØB=4:SÆSON=EJSÆSON,2018-01-01,1202.0
DST:FIKS22:BRANCHE07=R:BELØB=4:SÆSON=EJSÆSON,2018-02-01,1162.0
DST:FIKS22:BRANCHE07=R:BELØB=4:SÆSON=EJSÆSON,2018-03-01,1121.0
DST:FIKS22:BRANCHE07=R:BELØB=4:SÆSON=EJSÆSON,2018-04-01,1037.0
DST:FIKS22:BRANCHE07=R:BELØB=4:SÆSON=EJSÆSON,2018-05-01,1580.0
DST:FIKS22:BRANCHE07=R:BELØB=4:SÆSON=EJSÆSON,2018-06-01,1725.0
DST:FIKS22:BRANCHE07=R:BELØB=4:SÆSON=EJSÆSON,2018-07-01,1784.0
DST:FIKS22:BRANCHE07=R:BELØB=4:SÆSON=EJSÆSON,2018-08-01,1594.0
DST:FIKS22:BRANCHE07=R:BELØB=4:SÆSON=EJSÆSON,2018-09-01,1420.0
DST:FIKS22:BRANCHE07=R:BELØB=4:SÆSON=EJSÆSON,2018-10-01,1322.0
DST:FIKS22:BRANCHE07=R:BELØB=4:SÆSON=EJSÆSON,2018-11-01,1382.0
DST:FIKS22:BRANCHE07=R:BELØB=4:SÆSON=EJSÆSON,2018-12-01,1582.0
DST:FIKS22:BRANCHE07=R:BELØB=4:SÆSON=EJSÆSON,2019-01-01,1260.0
DST:FIKS22:BRANCHE07=R:BELØB=4:SÆSON=EJSÆSON,2019-02-01,1218.0
DST:FIKS22:BRANCHE07=R:BELØB=4:SÆSON=EJSÆSON,2019-03-01,1146.0
DST:FIKS22:BRANCHE07=R:BELØB=4:SÆSON=EJSÆSON,2019-04-01,1267.0
DST:FIKS22:BRANCHE07=R:BELØB=4:SÆSON=EJSÆSON,2019-05-01,1577.0
DST:FIKS22:BRANCHE07=R:BELØB=4:SÆSON=EJSÆSON,2019-06-01,1748.0
DST:FIKS22:BRANCHE07=R:BELØB=4:SÆSON=EJSÆSON,2019-07-01,2203.0
DST:FIKS22:BRANCHE07=R:BELØB=4:SÆSON=EJSÆSON,2019-08-01,1745.0
DST:FIKS22:BRANCHE07=R:BELØB=4:SÆSON=EJSÆSON,2019-09-01,1173.0
DST:FIKS22:BRANCHE07=R:BELØB=4:SÆSON=EJSÆSON,2019-10-01,1403.0
DST:FIKS22:BRANCHE07=R:BELØB=4:SÆSON=EJSÆSON,2019-11-01,1559.0
DST:FIKS22:BRANCHE07=R:BELØB=4:SÆSON=EJSÆSON,2019-12-01,1633.0
DST:FIKS22:BRANCHE07=R:BELØB=4:SÆSON=EJSÆSON,2020-01-01,1657.0
DST:FIKS22:BRANCHE07=R:BELØB=4:SÆSON=EJSÆSON,2020-02-01,1115.0
DST:FIKS22:BRANCHE07=R:BELØB=4:SÆSON=EJSÆSON,2020-03-01,821.0
DST:FIKS22:BRANCHE07=R:BELØB=4:SÆSON=EJSÆSON,2020-04-01,483.0
DST:FIKS22:BRANCHE07=R:BELØB=4:SÆSON=EJSÆSON,2020-05-01,480.0
DST:FIKS22:BRANCHE07=R:BELØB=4:SÆSON=EJSÆSON,2020-06-01,967.0
DST:FIKS22:BRANCHE07=R:BELØB=4:SÆSON=EJSÆSON,2020-07-01,1592.0
DST:FIKS22:BRANCHE07=R:BELØB=4:SÆSON=EJSÆSON,2020-08-01,1285.0
DST:FIKS22:BRANCHE07=R:BELØB=4:SÆSON=EJSÆSON,2020-09-01,1012.0
DST:FIKS22:BRANCHE07=R:BELØB=4:SÆSON=EJSÆSON,2020-10-01,1304.0
DST:FIKS22:BRANCHE07=R:BELØB=4:SÆSON=EJSÆSON,2020-11-01,940.0
DST:FIKS22:BRANCHE07=R:BELØB=4:SÆSON=EJSÆSON,2020-12-01,970.0
DST:FIKS22:BRANCHE07=R:BELØB=4:SÆSON=EJSÆSON,2021-01-01,678.0
DST:FIKS22:BRANCHE07=R:BELØB=4:SÆSON=EJSÆSON,2021-02-01,711.0
DST:FIKS22:BRANCHE07=R:BELØB=4:SÆSON=EJSÆSON,2021-03-01,616.0
DST:FIKS22:BRANCHE07=R:BELØB=4:SÆSON=EJSÆSON,2021-04-01,592.0
DST:FIKS22:BRANCHE07=R:BELØB=4:SÆSON=EJSÆSON,2021-05-01,1025.0
DST:FIKS22:BRANCHE07=R:BELØB=4:SÆSON=EJSÆSON,2021-06-01,1749.0
DST:FIKS22:BRANCHE07=R:BELØB=4:SÆSON=EJSÆSON,2021-07-01,2073.0
DST:FIKS22:BRANCHE07=R:BELØB=4:SÆSON=EJSÆSON,2021-08-01,1834.0
DST:FIKS22:BRANCHE07=R:BELØB=4:SÆSON=EJSÆSON,2021-09-01,1542.0
DST:FIKS22:BRANCHE07=R:BELØB=4:SÆSON=EJSÆSON,2021-10-01,1477.0
DST:FIKS22:BRANCHE07=R:BELØB=4:SÆSON=EJSÆSON,2021-11-01,1709.0
DST:FIKS22:BRANCHE07=R:BELØB=4:SÆSON=EJSÆSON,2021-12-01,1464.0
DST:FIKS22:BRANCHE07=R:BELØB=4:SÆSON=EJSÆSON,2022-01-01,1119.0
DST:FIKS22:BRANCHE07=R:BELØB=4:SÆSON=EJSÆSON,2022-02-01,1337.0
DST:FIKS22:BRANCHE07=R:BELØB=4:SÆSON=EJSÆSON,2022-03-01,1284.0
DST:FIKS22:BRANCHE07=R:BELØB=4:SÆSON=EJSÆSON,2022-04-01,1380.0
DST:FIKS22:BRANCHE07=R:BELØB=4:SÆSON=EJSÆSON,2022-05-01,1951.0
DST:FIKS22:BRANCHE07=R:BELØB=4:SÆSON=EJSÆSON,2022-06-01,2378.0
DST:FIKS22:BRANCHE07=R:BELØB=4:SÆSON=EJSÆSON,2022-07-01,2152.0
DST:FIKS22:BRANCHE07=R:BELØB=4:SÆSON=EJSÆSON,2022-08-01,2453.0
DST:FIKS22:BRANCHE07=R:BELØB=4:SÆSON=EJSÆSON,2022-09-01,1715.0
DST:FIKS22:BRANCHE07=R:BELØB=4:SÆSON=EJSÆSON,2022-10-01,1716.0
DST:FIKS22:BRANCHE07=R:BELØB=4:SÆSON=EJSÆSON,2022-11-01,1650.0
DST:FIKS22:BRANCHE07=R:BELØB=4:SÆSON=EJSÆSON,2022-12-01,2036.0
DST:FIKS22:BRANCHE07=R:BELØB=4:SÆSON=EJSÆSON,2023-01-01,1753.0
DST:FIKS22:BRANCHE07=R:BELØB=4:SÆSON=EJSÆSON,2023-02-01,1559.0
DST:FIKS22:BRANCHE07=R:BELØB=4:SÆSON=EJSÆSON,2023-03-01,1360.0
DST:FIKS22:BRANCHE07=R:BELØB=4:SÆSON=EJSÆSON,2023-04-01,1669.0
DST:FIKS22:BRANCHE07=R:BELØB=4:SÆSON=EJSÆSON,2023-05-01,1866.0
DST:FIKS22:BRANCHE07=R:BELØB=4:SÆSON=EJSÆSON,2023-06-01,2521.0
DST:FIKS22:BRANCHE07=R:BELØB=4:SÆSON=EJSÆSON,2023-07-01,2578.0
DST:FIKS22:BRANCHE07=R:BELØB=4:SÆSON=EJSÆSON,2023-08-01,2457.0
DST:FIKS22:BRANCHE07=R:BELØB=4:SÆSON=EJSÆSON,2023-09-01,1893.0
DST:FIKS22:BRANCHE07=R:BELØB=4:SÆSON=EJSÆSON,2023-10-01,1774.0
DST:FIKS22:BRANCHE07=R:BELØB=4:SÆSON=EJSÆSON,2023-11-01,2071.0
DST:FIKS22:BRANCHE07=R:BELØB=4:SÆSON=EJSÆSON,2023-12-01,2006.0
DST:FIKS22:BRANCHE07=R:BELØB=4:SÆSON=EJSÆSON,2024-01-01,1897.0
DST:FIKS22:BRANCHE07=R:BELØB=4:SÆSON=EJSÆSON,2024-02-01,1782.0
DST:FIKS22:BRANCHE07=R:BELØB=4:SÆSON=EJSÆSON,2024-03-01,1590.0
DST:FIKS22:BRANCHE07=R:BELØB=4:SÆSON=EJSÆSON,2024-04-01,1738.0
DST:FIKS22:BRANCHE07=R:BELØB=4:SÆSON=EJSÆSON,2024-05-01,2111.0
DST:FIKS22:BRANCHE07=R:BELØB=4:SÆSON=EJSÆSON,2024-06-01,2780.0
DST:FIKS22:BRANCHE07=R:BELØB=4:SÆSON=EJSÆSON,2024-07-01,2738.0
DST:FIKS22:BRANCHE07=R:BELØB=4:SÆSON=EJSÆSON,2024-08-01,2456.0
DST:FIKS22:BRANCHE07=R:BELØB=4:SÆSON=EJSÆSON,2024-09-01,2088.0
DST:FIKS22:BRANCHE07=R:BELØB=4:SÆSON=EJSÆSON,2024-10-01,1953.0
DST:FIKS22:BRANCHE07=R:BELØB=4:SÆSON=EJSÆSON,2024-11-01,2114.0
DST:FIKS22:BRANCHE07=R:BELØB=4:SÆSON=EJSÆSON,2024-12-01,2128.0
DST:FIKS22:BRANCHE07=R:BELØB=4:SÆSON=EJSÆSON,2025-01-01,1948.0
DST:FIKS22:BRANCHE07=R:BELØB=4:SÆSON=EJSÆSON,2025-02-01,1827.0
DST:FIKS22:BRANCHE07=R:BELØB=4:SÆSON=EJSÆSON,2025-03-01,1689.0
DST:FIKS22:BRANCHE07=R:BELØB=4:SÆSON=EJSÆSON,2025-04-01,2011.0
DST:FIKS22:BRANCHE07=R:BELØB=4:SÆSON=EJSÆSON,2025-05-01,1946.0
DST:FIKS22:BRANCHE07=R:BELØB=4:SÆSON=EJSÆSON,2025-06-01,2896.0
DST:FIKS22:BRANCHE07=R:BELØB=4:SÆSON=EJSÆSON,2025-07-01,3468.0
DST:FIKS22:BRANCHE07=R:BELØB=4:SÆSON=EJSÆSON,2025-08-01,2774.0
DST:FIKS22:BRANCHE07=R:BELØB=4:SÆSON=EJSÆSON,2025-09-01,2223.0
DST:FIKS22:BRANCHE07=R:BELØB=4:SÆSON=EJSÆSON,2025-10-01,2615.0
DST:FIKS22:BRANCHE07=R:BELØB=4:SÆSON=EJSÆSON,2025-11-01,2059.0
DST:FIKS22:BRANCHE07=R:BELØB=4:SÆSON=EJSÆSON,2025-12-01,2433.0
DST:FIKS22:BRANCHE07=R:BELØB=4:SÆSON=EJSÆSON,2026-01-01,2493.0
DST:FIKS22:BRANCHE07=R:BELØB=4:SÆSON=EJSÆSON,2026-02-01,1887.0
DST:FIKS22:BRANCHE07=R:BELØB=4:SÆSON=EJSÆSON,2026-03-01,1659.0
DST:FIKS22:BRANCHE07=R:BELØB=4:SÆSON=SÆSON,2009-01-01,886.0
DST:FIKS22:BRANCHE07=R:BELØB=4:SÆSON=SÆSON,2009-02-01,902.0
DST:FIKS22:BRANCHE07=R:BELØB=4:SÆSON=SÆSON,2009-03-01,900.0
DST:FIKS22:BRANCHE07=R:BELØB=4:SÆSON=SÆSON,2009-04-01,898.0
DST:FIKS22:BRANCHE07=R:BELØB=4:SÆSON=SÆSON,2009-05-01,721.0
DST:FIKS22:BRANCHE07=R:BELØB=4:SÆSON=SÆSON,2009-06-01,799.0
DST:FIKS22:BRANCHE07=R:BELØB=4:SÆSON=SÆSON,2009-07-01,884.0
DST:FIKS22:BRANCHE07=R:BELØB=4:SÆSON=SÆSON,2009-08-01,953.0
DST:FIKS22:BRANCHE07=R:BELØB=4:SÆSON=SÆSON,2009-09-01,877.0
DST:FIKS22:BRANCHE07=R:BELØB=4:SÆSON=SÆSON,2009-10-01,955.0
DST:FIKS22:BRANCHE07=R:BELØB=4:SÆSON=SÆSON,2009-11-01,913.0
DST:FIKS22:BRANCHE07=R:BELØB=4:SÆSON=SÆSON,2009-12-01,927.0
DST:FIKS22:BRANCHE07=R:BELØB=4:SÆSON=SÆSON,2010-01-01,841.0
DST:FIKS22:BRANCHE07=R:BELØB=4:SÆSON=SÆSON,2010-02-01,864.0
DST:FIKS22:BRANCHE07=R:BELØB=4:SÆSON=SÆSON,2010-03-01,941.0
DST:FIKS22:BRANCHE07=R:BELØB=4:SÆSON=SÆSON,2010-04-01,821.0
DST:FIKS22:BRANCHE07=R:BELØB=4:SÆSON=SÆSON,2010-05-01,933.0
DST:FIKS22:BRANCHE07=R:BELØB=4:SÆSON=SÆSON,2010-06-01,916.0
DST:FIKS22:BRANCHE07=R:BELØB=4:SÆSON=SÆSON,2010-07-01,902.0
DST:FIKS22:BRANCHE07=R:BELØB=4:SÆSON=SÆSON,2010-08-01,977.0
DST:FIKS22:BRANCHE07=R:BELØB=4:SÆSON=SÆSON,2010-09-01,931.0
DST:FIKS22:BRANCHE07=R:BELØB=4:SÆSON=SÆSON,2010-10-01,854.0
DST:FIKS22:BRANCHE07=R:BELØB=4:SÆSON=SÆSON,2010-11-01,946.0
DST:FIKS22:BRANCHE07=R:BELØB=4:SÆSON=SÆSON,2010-12-01,844.0
DST:FIKS22:BRANCHE07=R:BELØB=4:SÆSON=SÆSON,2011-01-01,953.0
DST:FIKS22:BRANCHE07=R:BELØB=4:SÆSON=SÆSON,2011-02-01,957.0
DST:FIKS22:BRANCHE07=R:BELØB=4:SÆSON=SÆSON,2011-03-01,945.0
DST:FIKS22:BRANCHE07=R:BELØB=4:SÆSON=SÆSON,2011-04-01,949.0
DST:FIKS22:BRANCHE07=R:BELØB=4:SÆSON=SÆSON,2011-05-01,926.0
DST:FIKS22:BRANCHE07=R:BELØB=4:SÆSON=SÆSON,2011-06-01,981.0
DST:FIKS22:BRANCHE07=R:BELØB=4:SÆSON=SÆSON,2011-07-01,885.0
DST:FIKS22:BRANCHE07=R:BELØB=4:SÆSON=SÆSON,2011-08-01,874.0
DST:FIKS22:BRANCHE07=R:BELØB=4:SÆSON=SÆSON,2011-09-01,1076.0
DST:FIKS22:BRANCHE07=R:BELØB=4:SÆSON=SÆSON,2011-10-01,877.0
DST:FIKS22:BRANCHE07=R:BELØB=4:SÆSON=SÆSON,2011-11-01,936.0
DST:FIKS22:BRANCHE07=R:BELØB=4:SÆSON=SÆSON,2011-12-01,969.0
DST:FIKS22:BRANCHE07=R:BELØB=4:SÆSON=SÆSON,2012-01-01,1006.0
DST:FIKS22:BRANCHE07=R:BELØB=4:SÆSON=SÆSON,2012-02-01,897.0
DST:FIKS22:BRANCHE07=R:BELØB=4:SÆSON=SÆSON,2012-03-01,949.0
DST:FIKS22:BRANCHE07=R:BELØB=4:SÆSON=SÆSON,2012-04-01,917.0
DST:FIKS22:BRANCHE07=R:BELØB=4:SÆSON=SÆSON,2012-05-01,984.0
DST:FIKS22:BRANCHE07=R:BELØB=4:SÆSON=SÆSON,2012-06-01,919.0
DST:FIKS22:BRANCHE07=R:BELØB=4:SÆSON=SÆSON,2012-07-01,977.0
DST:FIKS22:BRANCHE07=R:BELØB=4:SÆSON=SÆSON,2012-08-01,914.0
DST:FIKS22:BRANCHE07=R:BELØB=4:SÆSON=SÆSON,2012-09-01,1006.0
DST:FIKS22:BRANCHE07=R:BELØB=4:SÆSON=SÆSON,2012-10-01,951.0
DST:FIKS22:BRANCHE07=R:BELØB=4:SÆSON=SÆSON,2012-11-01,996.0
DST:FIKS22:BRANCHE07=R:BELØB=4:SÆSON=SÆSON,2012-12-01,1061.0
DST:FIKS22:BRANCHE07=R:BELØB=4:SÆSON=SÆSON,2013-01-01,995.0
DST:FIKS22:BRANCHE07=R:BELØB=4:SÆSON=SÆSON,2013-02-01,1036.0
DST:FIKS22:BRANCHE07=R:BELØB=4:SÆSON=SÆSON,2013-03-01,957.0
DST:FIKS22:BRANCHE07=R:BELØB=4:SÆSON=SÆSON,2013-04-01,1081.0
DST:FIKS22:BRANCHE07=R:BELØB=4:SÆSON=SÆSON,2013-05-01,986.0
DST:FIKS22:BRANCHE07=R:BELØB=4:SÆSON=SÆSON,2013-06-01,983.0
DST:FIKS22:BRANCHE07=R:BELØB=4:SÆSON=SÆSON,2013-07-01,1019.0
DST:FIKS22:BRANCHE07=R:BELØB=4:SÆSON=SÆSON,2013-08-01,951.0
DST:FIKS22:BRANCHE07=R:BELØB=4:SÆSON=SÆSON,2013-09-01,1093.0
DST:FIKS22:BRANCHE07=R:BELØB=4:SÆSON=SÆSON,2013-10-01,1096.0
DST:FIKS22:BRANCHE07=R:BELØB=4:SÆSON=SÆSON,2013-11-01,982.0
DST:FIKS22:BRANCHE07=R:BELØB=4:SÆSON=SÆSON,2013-12-01,977.0
DST:FIKS22:BRANCHE07=R:BELØB=4:SÆSON=SÆSON,2014-01-01,1111.0
DST:FIKS22:BRANCHE07=R:BELØB=4:SÆSON=SÆSON,2014-02-01,1105.0
DST:FIKS22:BRANCHE07=R:BELØB=4:SÆSON=SÆSON,2014-03-01,956.0
DST:FIKS22:BRANCHE07=R:BELØB=4:SÆSON=SÆSON,2014-04-01,1146.0
DST:FIKS22:BRANCHE07=R:BELØB=4:SÆSON=SÆSON,2014-05-01,1041.0
DST:FIKS22:BRANCHE07=R:BELØB=4:SÆSON=SÆSON,2014-06-01,1102.0
DST:FIKS22:BRANCHE07=R:BELØB=4:SÆSON=SÆSON,2014-07-01,1068.0
DST:FIKS22:BRANCHE07=R:BELØB=4:SÆSON=SÆSON,2014-08-01,1159.0
DST:FIKS22:BRANCHE07=R:BELØB=4:SÆSON=SÆSON,2014-09-01,1031.0
DST:FIKS22:BRANCHE07=R:BELØB=4:SÆSON=SÆSON,2014-10-01,1164.0
DST:FIKS22:BRANCHE07=R:BELØB=4:SÆSON=SÆSON,2014-11-01,1117.0
DST:FIKS22:BRANCHE07=R:BELØB=4:SÆSON=SÆSON,2014-12-01,995.0
DST:FIKS22:BRANCHE07=R:BELØB=4:SÆSON=SÆSON,2015-01-01,1058.0
DST:FIKS22:BRANCHE07=R:BELØB=4:SÆSON=SÆSON,2015-02-01,1139.0
DST:FIKS22:BRANCHE07=R:BELØB=4:SÆSON=SÆSON,2015-03-01,1168.0
DST:FIKS22:BRANCHE07=R:BELØB=4:SÆSON=SÆSON,2015-04-01,1145.0
DST:FIKS22:BRANCHE07=R:BELØB=4:SÆSON=SÆSON,2015-05-01,1144.0
DST:FIKS22:BRANCHE07=R:BELØB=4:SÆSON=SÆSON,2015-06-01,1211.0
DST:FIKS22:BRANCHE07=R:BELØB=4:SÆSON=SÆSON,2015-07-01,1221.0
DST:FIKS22:BRANCHE07=R:BELØB=4:SÆSON=SÆSON,2015-08-01,1275.0
DST:FIKS22:BRANCHE07=R:BELØB=4:SÆSON=SÆSON,2015-09-01,1087.0
DST:FIKS22:BRANCHE07=R:BELØB=4:SÆSON=SÆSON,2015-10-01,1128.0
DST:FIKS22:BRANCHE07=R:BELØB=4:SÆSON=SÆSON,2015-11-01,1094.0
DST:FIKS22:BRANCHE07=R:BELØB=4:SÆSON=SÆSON,2015-12-01,1357.0
DST:FIKS22:BRANCHE07=R:BELØB=4:SÆSON=SÆSON,2016-01-01,1082.0
DST:FIKS22:BRANCHE07=R:BELØB=4:SÆSON=SÆSON,2016-02-01,1157.0
DST:FIKS22:BRANCHE07=R:BELØB=4:SÆSON=SÆSON,2016-03-01,1350.0
DST:FIKS22:BRANCHE07=R:BELØB=4:SÆSON=SÆSON,2016-04-01,1207.0
DST:FIKS22:BRANCHE07=R:BELØB=4:SÆSON=SÆSON,2016-05-01,1232.0
DST:FIKS22:BRANCHE07=R:BELØB=4:SÆSON=SÆSON,2016-06-01,1205.0
DST:FIKS22:BRANCHE07=R:BELØB=4:SÆSON=SÆSON,2016-07-01,1269.0
DST:FIKS22:BRANCHE07=R:BELØB=4:SÆSON=SÆSON,2016-08-01,1273.0
DST:FIKS22:BRANCHE07=R:BELØB=4:SÆSON=SÆSON,2016-09-01,1190.0
DST:FIKS22:BRANCHE07=R:BELØB=4:SÆSON=SÆSON,2016-10-01,1254.0
DST:FIKS22:BRANCHE07=R:BELØB=4:SÆSON=SÆSON,2016-11-01,1321.0
DST:FIKS22:BRANCHE07=R:BELØB=4:SÆSON=SÆSON,2016-12-01,1303.0
DST:FIKS22:BRANCHE07=R:BELØB=4:SÆSON=SÆSON,2017-01-01,1266.0
DST:FIKS22:BRANCHE07=R:BELØB=4:SÆSON=SÆSON,2017-02-01,1294.0
DST:FIKS22:BRANCHE07=R:BELØB=4:SÆSON=SÆSON,2017-03-01,1309.0
DST:FIKS22:BRANCHE07=R:BELØB=4:SÆSON=SÆSON,2017-04-01,1202.0
DST:FIKS22:BRANCHE07=R:BELØB=4:SÆSON=SÆSON,2017-05-01,1296.0
DST:FIKS22:BRANCHE07=R:BELØB=4:SÆSON=SÆSON,2017-06-01,1520.0
DST:FIKS22:BRANCHE07=R:BELØB=4:SÆSON=SÆSON,2017-07-01,1242.0
DST:FIKS22:BRANCHE07=R:BELØB=4:SÆSON=SÆSON,2017-08-01,1186.0
DST:FIKS22:BRANCHE07=R:BELØB=4:SÆSON=SÆSON,2017-09-01,1267.0
DST:FIKS22:BRANCHE07=R:BELØB=4:SÆSON=SÆSON,2017-10-01,1399.0
DST:FIKS22:BRANCHE07=R:BELØB=4:SÆSON=SÆSON,2017-11-01,1275.0
DST:FIKS22:BRANCHE07=R:BELØB=4:SÆSON=SÆSON,2017-12-01,1372.0
DST:FIKS22:BRANCHE07=R:BELØB=4:SÆSON=SÆSON,2018-01-01,1415.0
DST:FIKS22:BRANCHE07=R:BELØB=4:SÆSON=SÆSON,2018-02-01,1399.0
DST:FIKS22:BRANCHE07=R:BELØB=4:SÆSON=SÆSON,2018-03-01,1402.0
DST:FIKS22:BRANCHE07=R:BELØB=4:SÆSON=SÆSON,2018-04-01,1333.0
DST:FIKS22:BRANCHE07=R:BELØB=4:SÆSON=SÆSON,2018-05-01,1504.0
DST:FIKS22:BRANCHE07=R:BELØB=4:SÆSON=SÆSON,2018-06-01,1440.0
DST:FIKS22:BRANCHE07=R:BELØB=4:SÆSON=SÆSON,2018-07-01,1252.0
DST:FIKS22:BRANCHE07=R:BELØB=4:SÆSON=SÆSON,2018-08-01,1358.0
DST:FIKS22:BRANCHE07=R:BELØB=4:SÆSON=SÆSON,2018-09-01,1511.0
DST:FIKS22:BRANCHE07=R:BELØB=4:SÆSON=SÆSON,2018-10-01,1371.0
DST:FIKS22:BRANCHE07=R:BELØB=4:SÆSON=SÆSON,2018-11-01,1409.0
DST:FIKS22:BRANCHE07=R:BELØB=4:SÆSON=SÆSON,2018-12-01,1470.0
DST:FIKS22:BRANCHE07=R:BELØB=4:SÆSON=SÆSON,2019-01-01,1482.0
DST:FIKS22:BRANCHE07=R:BELØB=4:SÆSON=SÆSON,2019-02-01,1475.0
DST:FIKS22:BRANCHE07=R:BELØB=4:SÆSON=SÆSON,2019-03-01,1472.0
DST:FIKS22:BRANCHE07=R:BELØB=4:SÆSON=SÆSON,2019-04-01,1591.0
DST:FIKS22:BRANCHE07=R:BELØB=4:SÆSON=SÆSON,2019-05-01,1515.0
DST:FIKS22:BRANCHE07=R:BELØB=4:SÆSON=SÆSON,2019-06-01,1437.0
DST:FIKS22:BRANCHE07=R:BELØB=4:SÆSON=SÆSON,2019-07-01,1649.0
DST:FIKS22:BRANCHE07=R:BELØB=4:SÆSON=SÆSON,2019-08-01,1483.0
DST:FIKS22:BRANCHE07=R:BELØB=4:SÆSON=SÆSON,2019-09-01,1218.0
DST:FIKS22:BRANCHE07=R:BELØB=4:SÆSON=SÆSON,2019-10-01,1470.0
DST:FIKS22:BRANCHE07=R:BELØB=4:SÆSON=SÆSON,2019-11-01,1562.0
DST:FIKS22:BRANCHE07=R:BELØB=4:SÆSON=SÆSON,2019-12-01,1542.0
DST:FIKS22:BRANCHE07=R:BELØB=4:SÆSON=SÆSON,2020-01-01,1890.0
DST:FIKS22:BRANCHE07=R:BELØB=4:SÆSON=SÆSON,2020-02-01,1387.0
DST:FIKS22:BRANCHE07=R:BELØB=4:SÆSON=SÆSON,2020-03-01,1200.0
DST:FIKS22:BRANCHE07=R:BELØB=4:SÆSON=SÆSON,2020-04-01,821.0
DST:FIKS22:BRANCHE07=R:BELØB=4:SÆSON=SÆSON,2020-05-01,438.0
DST:FIKS22:BRANCHE07=R:BELØB=4:SÆSON=SÆSON,2020-06-01,619.0
DST:FIKS22:BRANCHE07=R:BELØB=4:SÆSON=SÆSON,2020-07-01,1009.0
DST:FIKS22:BRANCHE07=R:BELØB=4:SÆSON=SÆSON,2020-08-01,978.0
DST:FIKS22:BRANCHE07=R:BELØB=4:SÆSON=SÆSON,2020-09-01,1037.0
DST:FIKS22:BRANCHE07=R:BELØB=4:SÆSON=SÆSON,2020-10-01,1389.0
DST:FIKS22:BRANCHE07=R:BELØB=4:SÆSON=SÆSON,2020-11-01,927.0
DST:FIKS22:BRANCHE07=R:BELØB=4:SÆSON=SÆSON,2020-12-01,907.0
DST:FIKS22:BRANCHE07=R:BELØB=4:SÆSON=SÆSON,2021-01-01,921.0
DST:FIKS22:BRANCHE07=R:BELØB=4:SÆSON=SÆSON,2021-02-01,996.0
DST:FIKS22:BRANCHE07=R:BELØB=4:SÆSON=SÆSON,2021-03-01,1048.0
DST:FIKS22:BRANCHE07=R:BELØB=4:SÆSON=SÆSON,2021-04-01,940.0
DST:FIKS22:BRANCHE07=R:BELØB=4:SÆSON=SÆSON,2021-05-01,1003.0
DST:FIKS22:BRANCHE07=R:BELØB=4:SÆSON=SÆSON,2021-06-01,1335.0
DST:FIKS22:BRANCHE07=R:BELØB=4:SÆSON=SÆSON,2021-07-01,1468.0
DST:FIKS22:BRANCHE07=R:BELØB=4:SÆSON=SÆSON,2021-08-01,1479.0
DST:FIKS22:BRANCHE07=R:BELØB=4:SÆSON=SÆSON,2021-09-01,1566.0
DST:FIKS22:BRANCHE07=R:BELØB=4:SÆSON=SÆSON,2021-10-01,1585.0
DST:FIKS22:BRANCHE07=R:BELØB=4:SÆSON=SÆSON,2021-11-01,1702.0
DST:FIKS22:BRANCHE07=R:BELØB=4:SÆSON=SÆSON,2021-12-01,1428.0
DST:FIKS22:BRANCHE07=R:BELØB=4:SÆSON=SÆSON,2022-01-01,1361.0
DST:FIKS22:BRANCHE07=R:BELØB=4:SÆSON=SÆSON,2022-02-01,1634.0
DST:FIKS22:BRANCHE07=R:BELØB=4:SÆSON=SÆSON,2022-03-01,1755.0
DST:FIKS22:BRANCHE07=R:BELØB=4:SÆSON=SÆSON,2022-04-01,1722.0
DST:FIKS22:BRANCHE07=R:BELØB=4:SÆSON=SÆSON,2022-05-01,1946.0
DST:FIKS22:BRANCHE07=R:BELØB=4:SÆSON=SÆSON,2022-06-01,1898.0
DST:FIKS22:BRANCHE07=R:BELØB=4:SÆSON=SÆSON,2022-07-01,1542.0
DST:FIKS22:BRANCHE07=R:BELØB=4:SÆSON=SÆSON,2022-08-01,2055.0
DST:FIKS22:BRANCHE07=R:BELØB=4:SÆSON=SÆSON,2022-09-01,1746.0
DST:FIKS22:BRANCHE07=R:BELØB=4:SÆSON=SÆSON,2022-10-01,1844.0
DST:FIKS22:BRANCHE07=R:BELØB=4:SÆSON=SÆSON,2022-11-01,1658.0
DST:FIKS22:BRANCHE07=R:BELØB=4:SÆSON=SÆSON,2022-12-01,2018.0
DST:FIKS22:BRANCHE07=R:BELØB=4:SÆSON=SÆSON,2023-01-01,1993.0
DST:FIKS22:BRANCHE07=R:BELØB=4:SÆSON=SÆSON,2023-02-01,1864.0
DST:FIKS22:BRANCHE07=R:BELØB=4:SÆSON=SÆSON,2023-03-01,1865.0
DST:FIKS22:BRANCHE07=R:BELØB=4:SÆSON=SÆSON,2023-04-01,2000.0
DST:FIKS22:BRANCHE07=R:BELØB=4:SÆSON=SÆSON,2023-05-01,1871.0
DST:FIKS22:BRANCHE07=R:BELØB=4:SÆSON=SÆSON,2023-06-01,1966.0
DST:FIKS22:BRANCHE07=R:BELØB=4:SÆSON=SÆSON,2023-07-01,1980.0
DST:FIKS22:BRANCHE07=R:BELØB=4:SÆSON=SÆSON,2023-08-01,2028.0
DST:FIKS22:BRANCHE07=R:BELØB=4:SÆSON=SÆSON,2023-09-01,1931.0
DST:FIKS22:BRANCHE07=R:BELØB=4:SÆSON=SÆSON,2023-10-01,1929.0
DST:FIKS22:BRANCHE07=R:BELØB=4:SÆSON=SÆSON,2023-11-01,2115.0
DST:FIKS22:BRANCHE07=R:BELØB=4:SÆSON=SÆSON,2023-12-01,1980.0
DST:FIKS22:BRANCHE07=R:BELØB=4:SÆSON=SÆSON,2024-01-01,2124.0
DST:FIKS22:BRANCHE07=R:BELØB=4:SÆSON=SÆSON,2024-02-01,2100.0
DST:FIKS22:BRANCHE07=R:BELØB=4:SÆSON=SÆSON,2024-03-01,2119.0
DST:FIKS22:BRANCHE07=R:BELØB=4:SÆSON=SÆSON,2024-04-01,2039.0
DST:FIKS22:BRANCHE07=R:BELØB=4:SÆSON=SÆSON,2024-05-01,2137.0
DST:FIKS22:BRANCHE07=R:BELØB=4:SÆSON=SÆSON,2024-06-01,2175.0
DST:FIKS22:BRANCHE07=R:BELØB=4:SÆSON=SÆSON,2024-07-01,2151.0
DST:FIKS22:BRANCHE07=R:BELØB=4:SÆSON=SÆSON,2024-08-01,2001.0
DST:FIKS22:BRANCHE07=R:BELØB=4:SÆSON=SÆSON,2024-09-01,2128.0
DST:FIKS22:BRANCHE07=R:BELØB=4:SÆSON=SÆSON,2024-10-01,2131.0
DST:FIKS22:BRANCHE07=R:BELØB=4:SÆSON=SÆSON,2024-11-01,2185.0
DST:FIKS22:BRANCHE07=R:BELØB=4:SÆSON=SÆSON,2024-12-01,2091.0
DST:FIKS22:BRANCHE07=R:BELØB=4:SÆSON=SÆSON,2025-01-01,2168.0
DST:FIKS22:BRANCHE07=R:BELØB=4:SÆSON=SÆSON,2025-02-01,2159.0
DST:FIKS22:BRANCHE07=R:BELØB=4:SÆSON=SÆSON,2025-03-01,2229.0
DST:FIKS22:BRANCHE07=R:BELØB=4:SÆSON=SÆSON,2025-04-01,2289.0
DST:FIKS22:BRANCHE07=R:BELØB=4:SÆSON=SÆSON,2025-05-01,1993.0
DST:FIKS22:BRANCHE07=R:BELØB=4:SÆSON=SÆSON,2025-06-01,2254.0
DST:FIKS22:BRANCHE07=R:BELØB=4:SÆSON=SÆSON,2025-07-01,2886.0
DST:FIKS22:BRANCHE07=R:BELØB=4:SÆSON=SÆSON,2025-08-01,2308.0
DST:FIKS22:BRANCHE07=R:BELØB=4:SÆSON=SÆSON,2025-09-01,2258.0
DST:FIKS22:BRANCHE07=R:BELØB=4:SÆSON=SÆSON,2025-10-01,2810.0
DST:FIKS22:BRANCHE07=R:BELØB=4:SÆSON=SÆSON,2025-11-01,2149.0
DST:FIKS22:BRANCHE07=R:BELØB=4:SÆSON=SÆSON,2025-12-01,2386.0
DST:FIKS22:BRANCHE07=R:BELØB=4:SÆSON=SÆSON,2026-01-01,2711.0
DST:FIKS22:BRANCHE07=R:BELØB=4:SÆSON=SÆSON,2026-02-01,2230.0
DST:FIKS22:BRANCHE07=R:BELØB=4:SÆSON=SÆSON,2026-03-01,2198.0
DST:FIKS22:BRANCHE07=S:BELØB=0:SÆSON=EJSÆSON,2009-01-01,984.0
DST:FIKS22:BRANCHE07=S:BELØB=0:SÆSON=EJSÆSON,2009-02-01,879.0
DST:FIKS22:BRANCHE07=S:BELØB=0:SÆSON=EJSÆSON,2009-03-01,1143.0
DST:FIKS22:BRANCHE07=S:BELØB=0:SÆSON=EJSÆSON,2009-04-01,996.0
DST:FIKS22:BRANCHE07=S:BELØB=0:SÆSON=EJSÆSON,2009-05-01,837.0
DST:FIKS22:BRANCHE07=S:BELØB=0:SÆSON=EJSÆSON,2009-06-01,1178.0
DST:FIKS22:BRANCHE07=S:BELØB=0:SÆSON=EJSÆSON,2009-07-01,803.0
DST:FIKS22:BRANCHE07=S:BELØB=0:SÆSON=EJSÆSON,2009-08-01,901.0
DST:FIKS22:BRANCHE07=S:BELØB=0:SÆSON=EJSÆSON,2009-09-01,1245.0
DST:FIKS22:BRANCHE07=S:BELØB=0:SÆSON=EJSÆSON,2009-10-01,1127.0
DST:FIKS22:BRANCHE07=S:BELØB=0:SÆSON=EJSÆSON,2009-11-01,965.0
DST:FIKS22:BRANCHE07=S:BELØB=0:SÆSON=EJSÆSON,2009-12-01,1343.0
DST:FIKS22:BRANCHE07=S:BELØB=0:SÆSON=EJSÆSON,2010-01-01,923.0
DST:FIKS22:BRANCHE07=S:BELØB=0:SÆSON=EJSÆSON,2010-02-01,794.0
DST:FIKS22:BRANCHE07=S:BELØB=0:SÆSON=EJSÆSON,2010-03-01,1183.0
DST:FIKS22:BRANCHE07=S:BELØB=0:SÆSON=EJSÆSON,2010-04-01,950.0
DST:FIKS22:BRANCHE07=S:BELØB=0:SÆSON=EJSÆSON,2010-05-01,918.0
DST:FIKS22:BRANCHE07=S:BELØB=0:SÆSON=EJSÆSON,2010-06-01,1073.0
DST:FIKS22:BRANCHE07=S:BELØB=0:SÆSON=EJSÆSON,2010-07-01,883.0
DST:FIKS22:BRANCHE07=S:BELØB=0:SÆSON=EJSÆSON,2010-08-01,973.0
DST:FIKS22:BRANCHE07=S:BELØB=0:SÆSON=EJSÆSON,2010-09-01,1213.0
DST:FIKS22:BRANCHE07=S:BELØB=0:SÆSON=EJSÆSON,2010-10-01,1122.0
DST:FIKS22:BRANCHE07=S:BELØB=0:SÆSON=EJSÆSON,2010-11-01,1050.0
DST:FIKS22:BRANCHE07=S:BELØB=0:SÆSON=EJSÆSON,2010-12-01,1469.0
DST:FIKS22:BRANCHE07=S:BELØB=0:SÆSON=EJSÆSON,2011-01-01,960.0
DST:FIKS22:BRANCHE07=S:BELØB=0:SÆSON=EJSÆSON,2011-02-01,917.0
DST:FIKS22:BRANCHE07=S:BELØB=0:SÆSON=EJSÆSON,2011-03-01,1083.0
DST:FIKS22:BRANCHE07=S:BELØB=0:SÆSON=EJSÆSON,2011-04-01,930.0
DST:FIKS22:BRANCHE07=S:BELØB=0:SÆSON=EJSÆSON,2011-05-01,971.0
DST:FIKS22:BRANCHE07=S:BELØB=0:SÆSON=EJSÆSON,2011-06-01,1127.0
DST:FIKS22:BRANCHE07=S:BELØB=0:SÆSON=EJSÆSON,2011-07-01,934.0
DST:FIKS22:BRANCHE07=S:BELØB=0:SÆSON=EJSÆSON,2011-08-01,1064.0
DST:FIKS22:BRANCHE07=S:BELØB=0:SÆSON=EJSÆSON,2011-09-01,1152.0
DST:FIKS22:BRANCHE07=S:BELØB=0:SÆSON=EJSÆSON,2011-10-01,1170.0
DST:FIKS22:BRANCHE07=S:BELØB=0:SÆSON=EJSÆSON,2011-11-01,1050.0
DST:FIKS22:BRANCHE07=S:BELØB=0:SÆSON=EJSÆSON,2011-12-01,1487.0
DST:FIKS22:BRANCHE07=S:BELØB=0:SÆSON=EJSÆSON,2012-01-01,940.0
DST:FIKS22:BRANCHE07=S:BELØB=0:SÆSON=EJSÆSON,2012-02-01,896.0
DST:FIKS22:BRANCHE07=S:BELØB=0:SÆSON=EJSÆSON,2012-03-01,1071.0
DST:FIKS22:BRANCHE07=S:BELØB=0:SÆSON=EJSÆSON,2012-04-01,994.0
DST:FIKS22:BRANCHE07=S:BELØB=0:SÆSON=EJSÆSON,2012-05-01,905.0
DST:FIKS22:BRANCHE07=S:BELØB=0:SÆSON=EJSÆSON,2012-06-01,1017.0
DST:FIKS22:BRANCHE07=S:BELØB=0:SÆSON=EJSÆSON,2012-07-01,881.0
DST:FIKS22:BRANCHE07=S:BELØB=0:SÆSON=EJSÆSON,2012-08-01,1060.0
DST:FIKS22:BRANCHE07=S:BELØB=0:SÆSON=EJSÆSON,2012-09-01,1141.0
DST:FIKS22:BRANCHE07=S:BELØB=0:SÆSON=EJSÆSON,2012-10-01,1181.0
DST:FIKS22:BRANCHE07=S:BELØB=0:SÆSON=EJSÆSON,2012-11-01,1044.0
DST:FIKS22:BRANCHE07=S:BELØB=0:SÆSON=EJSÆSON,2012-12-01,1492.0
DST:FIKS22:BRANCHE07=S:BELØB=0:SÆSON=EJSÆSON,2013-01-01,971.0
DST:FIKS22:BRANCHE07=S:BELØB=0:SÆSON=EJSÆSON,2013-02-01,864.0
DST:FIKS22:BRANCHE07=S:BELØB=0:SÆSON=EJSÆSON,2013-03-01,1091.0
DST:FIKS22:BRANCHE07=S:BELØB=0:SÆSON=EJSÆSON,2013-04-01,1018.0
DST:FIKS22:BRANCHE07=S:BELØB=0:SÆSON=EJSÆSON,2013-05-01,1006.0
DST:FIKS22:BRANCHE07=S:BELØB=0:SÆSON=EJSÆSON,2013-06-01,1190.0
DST:FIKS22:BRANCHE07=S:BELØB=0:SÆSON=EJSÆSON,2013-07-01,897.0
DST:FIKS22:BRANCHE07=S:BELØB=0:SÆSON=EJSÆSON,2013-08-01,980.0
DST:FIKS22:BRANCHE07=S:BELØB=0:SÆSON=EJSÆSON,2013-09-01,1195.0
DST:FIKS22:BRANCHE07=S:BELØB=0:SÆSON=EJSÆSON,2013-10-01,1177.0
DST:FIKS22:BRANCHE07=S:BELØB=0:SÆSON=EJSÆSON,2013-11-01,1033.0
DST:FIKS22:BRANCHE07=S:BELØB=0:SÆSON=EJSÆSON,2013-12-01,1453.0
DST:FIKS22:BRANCHE07=S:BELØB=0:SÆSON=EJSÆSON,2014-01-01,938.0
DST:FIKS22:BRANCHE07=S:BELØB=0:SÆSON=EJSÆSON,2014-02-01,911.0
DST:FIKS22:BRANCHE07=S:BELØB=0:SÆSON=EJSÆSON,2014-03-01,1101.0
DST:FIKS22:BRANCHE07=S:BELØB=0:SÆSON=EJSÆSON,2014-04-01,939.0
DST:FIKS22:BRANCHE07=S:BELØB=0:SÆSON=EJSÆSON,2014-05-01,1001.0
DST:FIKS22:BRANCHE07=S:BELØB=0:SÆSON=EJSÆSON,2014-06-01,1040.0
DST:FIKS22:BRANCHE07=S:BELØB=0:SÆSON=EJSÆSON,2014-07-01,861.0
DST:FIKS22:BRANCHE07=S:BELØB=0:SÆSON=EJSÆSON,2014-08-01,1097.0
DST:FIKS22:BRANCHE07=S:BELØB=0:SÆSON=EJSÆSON,2014-09-01,1096.0
DST:FIKS22:BRANCHE07=S:BELØB=0:SÆSON=EJSÆSON,2014-10-01,1223.0
DST:FIKS22:BRANCHE07=S:BELØB=0:SÆSON=EJSÆSON,2014-11-01,1080.0
DST:FIKS22:BRANCHE07=S:BELØB=0:SÆSON=EJSÆSON,2014-12-01,1432.0
DST:FIKS22:BRANCHE07=S:BELØB=0:SÆSON=EJSÆSON,2015-01-01,909.0
DST:FIKS22:BRANCHE07=S:BELØB=0:SÆSON=EJSÆSON,2015-02-01,899.0
DST:FIKS22:BRANCHE07=S:BELØB=0:SÆSON=EJSÆSON,2015-03-01,1167.0
DST:FIKS22:BRANCHE07=S:BELØB=0:SÆSON=EJSÆSON,2015-04-01,1067.0
DST:FIKS22:BRANCHE07=S:BELØB=0:SÆSON=EJSÆSON,2015-05-01,892.0
DST:FIKS22:BRANCHE07=S:BELØB=0:SÆSON=EJSÆSON,2015-06-01,1137.0
DST:FIKS22:BRANCHE07=S:BELØB=0:SÆSON=EJSÆSON,2015-07-01,977.0
DST:FIKS22:BRANCHE07=S:BELØB=0:SÆSON=EJSÆSON,2015-08-01,880.0
DST:FIKS22:BRANCHE07=S:BELØB=0:SÆSON=EJSÆSON,2015-09-01,1213.0
DST:FIKS22:BRANCHE07=S:BELØB=0:SÆSON=EJSÆSON,2015-10-01,1120.0
DST:FIKS22:BRANCHE07=S:BELØB=0:SÆSON=EJSÆSON,2015-11-01,1102.0
DST:FIKS22:BRANCHE07=S:BELØB=0:SÆSON=EJSÆSON,2015-12-01,1464.0
DST:FIKS22:BRANCHE07=S:BELØB=0:SÆSON=EJSÆSON,2016-01-01,917.0
DST:FIKS22:BRANCHE07=S:BELØB=0:SÆSON=EJSÆSON,2016-02-01,948.0
DST:FIKS22:BRANCHE07=S:BELØB=0:SÆSON=EJSÆSON,2016-03-01,1103.0
DST:FIKS22:BRANCHE07=S:BELØB=0:SÆSON=EJSÆSON,2016-04-01,1069.0
DST:FIKS22:BRANCHE07=S:BELØB=0:SÆSON=EJSÆSON,2016-05-01,1048.0
DST:FIKS22:BRANCHE07=S:BELØB=0:SÆSON=EJSÆSON,2016-06-01,1098.0
DST:FIKS22:BRANCHE07=S:BELØB=0:SÆSON=EJSÆSON,2016-07-01,885.0
DST:FIKS22:BRANCHE07=S:BELØB=0:SÆSON=EJSÆSON,2016-08-01,961.0
DST:FIKS22:BRANCHE07=S:BELØB=0:SÆSON=EJSÆSON,2016-09-01,1111.0
DST:FIKS22:BRANCHE07=S:BELØB=0:SÆSON=EJSÆSON,2016-10-01,1256.0
DST:FIKS22:BRANCHE07=S:BELØB=0:SÆSON=EJSÆSON,2016-11-01,1106.0
DST:FIKS22:BRANCHE07=S:BELØB=0:SÆSON=EJSÆSON,2016-12-01,1367.0
DST:FIKS22:BRANCHE07=S:BELØB=0:SÆSON=EJSÆSON,2017-01-01,931.0
DST:FIKS22:BRANCHE07=S:BELØB=0:SÆSON=EJSÆSON,2017-02-01,850.0
DST:FIKS22:BRANCHE07=S:BELØB=0:SÆSON=EJSÆSON,2017-03-01,1236.0
DST:FIKS22:BRANCHE07=S:BELØB=0:SÆSON=EJSÆSON,2017-04-01,1014.0
DST:FIKS22:BRANCHE07=S:BELØB=0:SÆSON=EJSÆSON,2017-05-01,1079.0
DST:FIKS22:BRANCHE07=S:BELØB=0:SÆSON=EJSÆSON,2017-06-01,1144.0
DST:FIKS22:BRANCHE07=S:BELØB=0:SÆSON=EJSÆSON,2017-07-01,869.0
DST:FIKS22:BRANCHE07=S:BELØB=0:SÆSON=EJSÆSON,2017-08-01,1037.0
DST:FIKS22:BRANCHE07=S:BELØB=0:SÆSON=EJSÆSON,2017-09-01,1108.0
DST:FIKS22:BRANCHE07=S:BELØB=0:SÆSON=EJSÆSON,2017-10-01,1225.0
DST:FIKS22:BRANCHE07=S:BELØB=0:SÆSON=EJSÆSON,2017-11-01,1232.0
DST:FIKS22:BRANCHE07=S:BELØB=0:SÆSON=EJSÆSON,2017-12-01,1614.0
DST:FIKS22:BRANCHE07=S:BELØB=0:SÆSON=EJSÆSON,2018-01-01,1010.0
DST:FIKS22:BRANCHE07=S:BELØB=0:SÆSON=EJSÆSON,2018-02-01,928.0
DST:FIKS22:BRANCHE07=S:BELØB=0:SÆSON=EJSÆSON,2018-03-01,1067.0
DST:FIKS22:BRANCHE07=S:BELØB=0:SÆSON=EJSÆSON,2018-04-01,1048.0
DST:FIKS22:BRANCHE07=S:BELØB=0:SÆSON=EJSÆSON,2018-05-01,983.0
DST:FIKS22:BRANCHE07=S:BELØB=0:SÆSON=EJSÆSON,2018-06-01,1172.0
DST:FIKS22:BRANCHE07=S:BELØB=0:SÆSON=EJSÆSON,2018-07-01,940.0
DST:FIKS22:BRANCHE07=S:BELØB=0:SÆSON=EJSÆSON,2018-08-01,1063.0
DST:FIKS22:BRANCHE07=S:BELØB=0:SÆSON=EJSÆSON,2018-09-01,1074.0
DST:FIKS22:BRANCHE07=S:BELØB=0:SÆSON=EJSÆSON,2018-10-01,1291.0
DST:FIKS22:BRANCHE07=S:BELØB=0:SÆSON=EJSÆSON,2018-11-01,1276.0
DST:FIKS22:BRANCHE07=S:BELØB=0:SÆSON=EJSÆSON,2018-12-01,1438.0
DST:FIKS22:BRANCHE07=S:BELØB=0:SÆSON=EJSÆSON,2019-01-01,1045.0
DST:FIKS22:BRANCHE07=S:BELØB=0:SÆSON=EJSÆSON,2019-02-01,909.0
DST:FIKS22:BRANCHE07=S:BELØB=0:SÆSON=EJSÆSON,2019-03-01,1032.0
DST:FIKS22:BRANCHE07=S:BELØB=0:SÆSON=EJSÆSON,2019-04-01,1059.0
DST:FIKS22:BRANCHE07=S:BELØB=0:SÆSON=EJSÆSON,2019-05-01,999.0
DST:FIKS22:BRANCHE07=S:BELØB=0:SÆSON=EJSÆSON,2019-06-01,1093.0
DST:FIKS22:BRANCHE07=S:BELØB=0:SÆSON=EJSÆSON,2019-07-01,893.0
DST:FIKS22:BRANCHE07=S:BELØB=0:SÆSON=EJSÆSON,2019-08-01,1037.0
DST:FIKS22:BRANCHE07=S:BELØB=0:SÆSON=EJSÆSON,2019-09-01,1130.0
DST:FIKS22:BRANCHE07=S:BELØB=0:SÆSON=EJSÆSON,2019-10-01,1146.0
DST:FIKS22:BRANCHE07=S:BELØB=0:SÆSON=EJSÆSON,2019-11-01,1088.0
DST:FIKS22:BRANCHE07=S:BELØB=0:SÆSON=EJSÆSON,2019-12-01,1495.0
DST:FIKS22:BRANCHE07=S:BELØB=0:SÆSON=EJSÆSON,2020-01-01,1096.0
DST:FIKS22:BRANCHE07=S:BELØB=0:SÆSON=EJSÆSON,2020-02-01,945.0
DST:FIKS22:BRANCHE07=S:BELØB=0:SÆSON=EJSÆSON,2020-03-01,912.0
DST:FIKS22:BRANCHE07=S:BELØB=0:SÆSON=EJSÆSON,2020-04-01,947.0
DST:FIKS22:BRANCHE07=S:BELØB=0:SÆSON=EJSÆSON,2020-05-01,822.0
DST:FIKS22:BRANCHE07=S:BELØB=0:SÆSON=EJSÆSON,2020-06-01,918.0
DST:FIKS22:BRANCHE07=S:BELØB=0:SÆSON=EJSÆSON,2020-07-01,1029.0
DST:FIKS22:BRANCHE07=S:BELØB=0:SÆSON=EJSÆSON,2020-08-01,975.0
DST:FIKS22:BRANCHE07=S:BELØB=0:SÆSON=EJSÆSON,2020-09-01,1157.0
DST:FIKS22:BRANCHE07=S:BELØB=0:SÆSON=EJSÆSON,2020-10-01,1275.0
DST:FIKS22:BRANCHE07=S:BELØB=0:SÆSON=EJSÆSON,2020-11-01,1281.0
DST:FIKS22:BRANCHE07=S:BELØB=0:SÆSON=EJSÆSON,2020-12-01,1514.0
DST:FIKS22:BRANCHE07=S:BELØB=0:SÆSON=EJSÆSON,2021-01-01,902.0
DST:FIKS22:BRANCHE07=S:BELØB=0:SÆSON=EJSÆSON,2021-02-01,822.0
DST:FIKS22:BRANCHE07=S:BELØB=0:SÆSON=EJSÆSON,2021-03-01,960.0
DST:FIKS22:BRANCHE07=S:BELØB=0:SÆSON=EJSÆSON,2021-04-01,975.0
DST:FIKS22:BRANCHE07=S:BELØB=0:SÆSON=EJSÆSON,2021-05-01,989.0
DST:FIKS22:BRANCHE07=S:BELØB=0:SÆSON=EJSÆSON,2021-06-01,1159.0
DST:FIKS22:BRANCHE07=S:BELØB=0:SÆSON=EJSÆSON,2021-07-01,949.0
DST:FIKS22:BRANCHE07=S:BELØB=0:SÆSON=EJSÆSON,2021-08-01,942.0
DST:FIKS22:BRANCHE07=S:BELØB=0:SÆSON=EJSÆSON,2021-09-01,1207.0
DST:FIKS22:BRANCHE07=S:BELØB=0:SÆSON=EJSÆSON,2021-10-01,1319.0
DST:FIKS22:BRANCHE07=S:BELØB=0:SÆSON=EJSÆSON,2021-11-01,1201.0
DST:FIKS22:BRANCHE07=S:BELØB=0:SÆSON=EJSÆSON,2021-12-01,1496.0
DST:FIKS22:BRANCHE07=S:BELØB=0:SÆSON=EJSÆSON,2022-01-01,1189.0
DST:FIKS22:BRANCHE07=S:BELØB=0:SÆSON=EJSÆSON,2022-02-01,945.0
DST:FIKS22:BRANCHE07=S:BELØB=0:SÆSON=EJSÆSON,2022-03-01,1104.0
DST:FIKS22:BRANCHE07=S:BELØB=0:SÆSON=EJSÆSON,2022-04-01,1159.0
DST:FIKS22:BRANCHE07=S:BELØB=0:SÆSON=EJSÆSON,2022-05-01,1134.0
DST:FIKS22:BRANCHE07=S:BELØB=0:SÆSON=EJSÆSON,2022-06-01,1188.0
DST:FIKS22:BRANCHE07=S:BELØB=0:SÆSON=EJSÆSON,2022-07-01,977.0
DST:FIKS22:BRANCHE07=S:BELØB=0:SÆSON=EJSÆSON,2022-08-01,1138.0
DST:FIKS22:BRANCHE07=S:BELØB=0:SÆSON=EJSÆSON,2022-09-01,1212.0
DST:FIKS22:BRANCHE07=S:BELØB=0:SÆSON=EJSÆSON,2022-10-01,1281.0
DST:FIKS22:BRANCHE07=S:BELØB=0:SÆSON=EJSÆSON,2022-11-01,1155.0
DST:FIKS22:BRANCHE07=S:BELØB=0:SÆSON=EJSÆSON,2022-12-01,1504.0
DST:FIKS22:BRANCHE07=S:BELØB=0:SÆSON=EJSÆSON,2023-01-01,1156.0
DST:FIKS22:BRANCHE07=S:BELØB=0:SÆSON=EJSÆSON,2023-02-01,1033.0
DST:FIKS22:BRANCHE07=S:BELØB=0:SÆSON=EJSÆSON,2023-03-01,1288.0
DST:FIKS22:BRANCHE07=S:BELØB=0:SÆSON=EJSÆSON,2023-04-01,1108.0
DST:FIKS22:BRANCHE07=S:BELØB=0:SÆSON=EJSÆSON,2023-05-01,1113.0
DST:FIKS22:BRANCHE07=S:BELØB=0:SÆSON=EJSÆSON,2023-06-01,1140.0
DST:FIKS22:BRANCHE07=S:BELØB=0:SÆSON=EJSÆSON,2023-07-01,1054.0
DST:FIKS22:BRANCHE07=S:BELØB=0:SÆSON=EJSÆSON,2023-08-01,1076.0
DST:FIKS22:BRANCHE07=S:BELØB=0:SÆSON=EJSÆSON,2023-09-01,1200.0
DST:FIKS22:BRANCHE07=S:BELØB=0:SÆSON=EJSÆSON,2023-10-01,1181.0
DST:FIKS22:BRANCHE07=S:BELØB=0:SÆSON=EJSÆSON,2023-11-01,1251.0
DST:FIKS22:BRANCHE07=S:BELØB=0:SÆSON=EJSÆSON,2023-12-01,1518.0
DST:FIKS22:BRANCHE07=S:BELØB=0:SÆSON=EJSÆSON,2024-01-01,1123.0
DST:FIKS22:BRANCHE07=S:BELØB=0:SÆSON=EJSÆSON,2024-02-01,1060.0
DST:FIKS22:BRANCHE07=S:BELØB=0:SÆSON=EJSÆSON,2024-03-01,1072.0
DST:FIKS22:BRANCHE07=S:BELØB=0:SÆSON=EJSÆSON,2024-04-01,1304.0
DST:FIKS22:BRANCHE07=S:BELØB=0:SÆSON=EJSÆSON,2024-05-01,1150.0
DST:FIKS22:BRANCHE07=S:BELØB=0:SÆSON=EJSÆSON,2024-06-01,1338.0
DST:FIKS22:BRANCHE07=S:BELØB=0:SÆSON=EJSÆSON,2024-07-01,1100.0
DST:FIKS22:BRANCHE07=S:BELØB=0:SÆSON=EJSÆSON,2024-08-01,1200.0
DST:FIKS22:BRANCHE07=S:BELØB=0:SÆSON=EJSÆSON,2024-09-01,1258.0
DST:FIKS22:BRANCHE07=S:BELØB=0:SÆSON=EJSÆSON,2024-10-01,1329.0
DST:FIKS22:BRANCHE07=S:BELØB=0:SÆSON=EJSÆSON,2024-11-01,1235.0
DST:FIKS22:BRANCHE07=S:BELØB=0:SÆSON=EJSÆSON,2024-12-01,1505.0
DST:FIKS22:BRANCHE07=S:BELØB=0:SÆSON=EJSÆSON,2025-01-01,1238.0
DST:FIKS22:BRANCHE07=S:BELØB=0:SÆSON=EJSÆSON,2025-02-01,1102.0
DST:FIKS22:BRANCHE07=S:BELØB=0:SÆSON=EJSÆSON,2025-03-01,1129.0
DST:FIKS22:BRANCHE07=S:BELØB=0:SÆSON=EJSÆSON,2025-04-01,1208.0
DST:FIKS22:BRANCHE07=S:BELØB=0:SÆSON=EJSÆSON,2025-05-01,1156.0
DST:FIKS22:BRANCHE07=S:BELØB=0:SÆSON=EJSÆSON,2025-06-01,1301.0
DST:FIKS22:BRANCHE07=S:BELØB=0:SÆSON=EJSÆSON,2025-07-01,1062.0
DST:FIKS22:BRANCHE07=S:BELØB=0:SÆSON=EJSÆSON,2025-08-01,1273.0
DST:FIKS22:BRANCHE07=S:BELØB=0:SÆSON=EJSÆSON,2025-09-01,1309.0
DST:FIKS22:BRANCHE07=S:BELØB=0:SÆSON=EJSÆSON,2025-10-01,1440.0
DST:FIKS22:BRANCHE07=S:BELØB=0:SÆSON=EJSÆSON,2025-11-01,1301.0
DST:FIKS22:BRANCHE07=S:BELØB=0:SÆSON=EJSÆSON,2025-12-01,1503.0
DST:FIKS22:BRANCHE07=S:BELØB=0:SÆSON=EJSÆSON,2026-01-01,1120.0
DST:FIKS22:BRANCHE07=S:BELØB=0:SÆSON=EJSÆSON,2026-02-01,1103.0
DST:FIKS22:BRANCHE07=S:BELØB=0:SÆSON=EJSÆSON,2026-03-01,1215.0
DST:FIKS22:BRANCHE07=S:BELØB=0:SÆSON=SÆSON,2009-01-01,1086.0
DST:FIKS22:BRANCHE07=S:BELØB=0:SÆSON=SÆSON,2009-02-01,1064.0
DST:FIKS22:BRANCHE07=S:BELØB=0:SÆSON=SÆSON,2009-03-01,1097.0
DST:FIKS22:BRANCHE07=S:BELØB=0:SÆSON=SÆSON,2009-04-01,1070.0
DST:FIKS22:BRANCHE07=S:BELØB=0:SÆSON=SÆSON,2009-05-01,950.0
DST:FIKS22:BRANCHE07=S:BELØB=0:SÆSON=SÆSON,2009-06-01,1181.0
DST:FIKS22:BRANCHE07=S:BELØB=0:SÆSON=SÆSON,2009-07-01,917.0
DST:FIKS22:BRANCHE07=S:BELØB=0:SÆSON=SÆSON,2009-08-01,958.0
DST:FIKS22:BRANCHE07=S:BELØB=0:SÆSON=SÆSON,2009-09-01,1147.0
DST:FIKS22:BRANCHE07=S:BELØB=0:SÆSON=SÆSON,2009-10-01,1024.0
DST:FIKS22:BRANCHE07=S:BELØB=0:SÆSON=SÆSON,2009-11-01,969.0
DST:FIKS22:BRANCHE07=S:BELØB=0:SÆSON=SÆSON,2009-12-01,949.0
DST:FIKS22:BRANCHE07=S:BELØB=0:SÆSON=SÆSON,2010-01-01,1040.0
DST:FIKS22:BRANCHE07=S:BELØB=0:SÆSON=SÆSON,2010-02-01,980.0
DST:FIKS22:BRANCHE07=S:BELØB=0:SÆSON=SÆSON,2010-03-01,1128.0
DST:FIKS22:BRANCHE07=S:BELØB=0:SÆSON=SÆSON,2010-04-01,1029.0
DST:FIKS22:BRANCHE07=S:BELØB=0:SÆSON=SÆSON,2010-05-01,1031.0
DST:FIKS22:BRANCHE07=S:BELØB=0:SÆSON=SÆSON,2010-06-01,1028.0
DST:FIKS22:BRANCHE07=S:BELØB=0:SÆSON=SÆSON,2010-07-01,1035.0
DST:FIKS22:BRANCHE07=S:BELØB=0:SÆSON=SÆSON,2010-08-01,1025.0
DST:FIKS22:BRANCHE07=S:BELØB=0:SÆSON=SÆSON,2010-09-01,1088.0
DST:FIKS22:BRANCHE07=S:BELØB=0:SÆSON=SÆSON,2010-10-01,1020.0
DST:FIKS22:BRANCHE07=S:BELØB=0:SÆSON=SÆSON,2010-11-01,1077.0
DST:FIKS22:BRANCHE07=S:BELØB=0:SÆSON=SÆSON,2010-12-01,1022.0
DST:FIKS22:BRANCHE07=S:BELØB=0:SÆSON=SÆSON,2011-01-01,1041.0
DST:FIKS22:BRANCHE07=S:BELØB=0:SÆSON=SÆSON,2011-02-01,1101.0
DST:FIKS22:BRANCHE07=S:BELØB=0:SÆSON=SÆSON,2011-03-01,1035.0
DST:FIKS22:BRANCHE07=S:BELØB=0:SÆSON=SÆSON,2011-04-01,1028.0
DST:FIKS22:BRANCHE07=S:BELØB=0:SÆSON=SÆSON,2011-05-01,1071.0
DST:FIKS22:BRANCHE07=S:BELØB=0:SÆSON=SÆSON,2011-06-01,1104.0
DST:FIKS22:BRANCHE07=S:BELØB=0:SÆSON=SÆSON,2011-07-01,1094.0
DST:FIKS22:BRANCHE07=S:BELØB=0:SÆSON=SÆSON,2011-08-01,1108.0
DST:FIKS22:BRANCHE07=S:BELØB=0:SÆSON=SÆSON,2011-09-01,1026.0
DST:FIKS22:BRANCHE07=S:BELØB=0:SÆSON=SÆSON,2011-10-01,1068.0
DST:FIKS22:BRANCHE07=S:BELØB=0:SÆSON=SÆSON,2011-11-01,1077.0
DST:FIKS22:BRANCHE07=S:BELØB=0:SÆSON=SÆSON,2011-12-01,1112.0
DST:FIKS22:BRANCHE07=S:BELØB=0:SÆSON=SÆSON,2012-01-01,1057.0
DST:FIKS22:BRANCHE07=S:BELØB=0:SÆSON=SÆSON,2012-02-01,1043.0
DST:FIKS22:BRANCHE07=S:BELØB=0:SÆSON=SÆSON,2012-03-01,1021.0
DST:FIKS22:BRANCHE07=S:BELØB=0:SÆSON=SÆSON,2012-04-01,1064.0
DST:FIKS22:BRANCHE07=S:BELØB=0:SÆSON=SÆSON,2012-05-01,1013.0
DST:FIKS22:BRANCHE07=S:BELØB=0:SÆSON=SÆSON,2012-06-01,982.0
DST:FIKS22:BRANCHE07=S:BELØB=0:SÆSON=SÆSON,2012-07-01,1040.0
DST:FIKS22:BRANCHE07=S:BELØB=0:SÆSON=SÆSON,2012-08-01,1079.0
DST:FIKS22:BRANCHE07=S:BELØB=0:SÆSON=SÆSON,2012-09-01,1071.0
DST:FIKS22:BRANCHE07=S:BELØB=0:SÆSON=SÆSON,2012-10-01,1066.0
DST:FIKS22:BRANCHE07=S:BELØB=0:SÆSON=SÆSON,2012-11-01,1033.0
DST:FIKS22:BRANCHE07=S:BELØB=0:SÆSON=SÆSON,2012-12-01,1088.0
DST:FIKS22:BRANCHE07=S:BELØB=0:SÆSON=SÆSON,2013-01-01,1078.0
DST:FIKS22:BRANCHE07=S:BELØB=0:SÆSON=SÆSON,2013-02-01,1040.0
DST:FIKS22:BRANCHE07=S:BELØB=0:SÆSON=SÆSON,2013-03-01,1095.0
DST:FIKS22:BRANCHE07=S:BELØB=0:SÆSON=SÆSON,2013-04-01,1061.0
DST:FIKS22:BRANCHE07=S:BELØB=0:SÆSON=SÆSON,2013-05-01,1055.0
DST:FIKS22:BRANCHE07=S:BELØB=0:SÆSON=SÆSON,2013-06-01,1200.0
DST:FIKS22:BRANCHE07=S:BELØB=0:SÆSON=SÆSON,2013-07-01,1054.0
DST:FIKS22:BRANCHE07=S:BELØB=0:SÆSON=SÆSON,2013-08-01,1041.0
DST:FIKS22:BRANCHE07=S:BELØB=0:SÆSON=SÆSON,2013-09-01,1099.0
DST:FIKS22:BRANCHE07=S:BELØB=0:SÆSON=SÆSON,2013-10-01,1067.0
DST:FIKS22:BRANCHE07=S:BELØB=0:SÆSON=SÆSON,2013-11-01,1045.0
DST:FIKS22:BRANCHE07=S:BELØB=0:SÆSON=SÆSON,2013-12-01,1075.0
DST:FIKS22:BRANCHE07=S:BELØB=0:SÆSON=SÆSON,2014-01-01,1050.0
DST:FIKS22:BRANCHE07=S:BELØB=0:SÆSON=SÆSON,2014-02-01,1090.0
DST:FIKS22:BRANCHE07=S:BELØB=0:SÆSON=SÆSON,2014-03-01,1037.0
DST:FIKS22:BRANCHE07=S:BELØB=0:SÆSON=SÆSON,2014-04-01,1021.0
DST:FIKS22:BRANCHE07=S:BELØB=0:SÆSON=SÆSON,2014-05-01,1073.0
DST:FIKS22:BRANCHE07=S:BELØB=0:SÆSON=SÆSON,2014-06-01,1015.0
DST:FIKS22:BRANCHE07=S:BELØB=0:SÆSON=SÆSON,2014-07-01,1033.0
DST:FIKS22:BRANCHE07=S:BELØB=0:SÆSON=SÆSON,2014-08-01,1172.0
DST:FIKS22:BRANCHE07=S:BELØB=0:SÆSON=SÆSON,2014-09-01,1040.0
DST:FIKS22:BRANCHE07=S:BELØB=0:SÆSON=SÆSON,2014-10-01,1073.0
DST:FIKS22:BRANCHE07=S:BELØB=0:SÆSON=SÆSON,2014-11-01,1091.0
DST:FIKS22:BRANCHE07=S:BELØB=0:SÆSON=SÆSON,2014-12-01,1062.0
DST:FIKS22:BRANCHE07=S:BELØB=0:SÆSON=SÆSON,2015-01-01,1054.0
DST:FIKS22:BRANCHE07=S:BELØB=0:SÆSON=SÆSON,2015-02-01,1080.0
DST:FIKS22:BRANCHE07=S:BELØB=0:SÆSON=SÆSON,2015-03-01,1090.0
DST:FIKS22:BRANCHE07=S:BELØB=0:SÆSON=SÆSON,2015-04-01,1118.0
DST:FIKS22:BRANCHE07=S:BELØB=0:SÆSON=SÆSON,2015-05-01,969.0
DST:FIKS22:BRANCHE07=S:BELØB=0:SÆSON=SÆSON,2015-06-01,1131.0
DST:FIKS22:BRANCHE07=S:BELØB=0:SÆSON=SÆSON,2015-07-01,1120.0
DST:FIKS22:BRANCHE07=S:BELØB=0:SÆSON=SÆSON,2015-08-01,966.0
DST:FIKS22:BRANCHE07=S:BELØB=0:SÆSON=SÆSON,2015-09-01,1177.0
DST:FIKS22:BRANCHE07=S:BELØB=0:SÆSON=SÆSON,2015-10-01,998.0
DST:FIKS22:BRANCHE07=S:BELØB=0:SÆSON=SÆSON,2015-11-01,1050.0
DST:FIKS22:BRANCHE07=S:BELØB=0:SÆSON=SÆSON,2015-12-01,1086.0
DST:FIKS22:BRANCHE07=S:BELØB=0:SÆSON=SÆSON,2016-01-01,1068.0
DST:FIKS22:BRANCHE07=S:BELØB=0:SÆSON=SÆSON,2016-02-01,1095.0
DST:FIKS22:BRANCHE07=S:BELØB=0:SÆSON=SÆSON,2016-03-01,1100.0
DST:FIKS22:BRANCHE07=S:BELØB=0:SÆSON=SÆSON,2016-04-01,1087.0
DST:FIKS22:BRANCHE07=S:BELØB=0:SÆSON=SÆSON,2016-05-01,1107.0
DST:FIKS22:BRANCHE07=S:BELØB=0:SÆSON=SÆSON,2016-06-01,1048.0
DST:FIKS22:BRANCHE07=S:BELØB=0:SÆSON=SÆSON,2016-07-01,1072.0
DST:FIKS22:BRANCHE07=S:BELØB=0:SÆSON=SÆSON,2016-08-01,1036.0
DST:FIKS22:BRANCHE07=S:BELØB=0:SÆSON=SÆSON,2016-09-01,1061.0
DST:FIKS22:BRANCHE07=S:BELØB=0:SÆSON=SÆSON,2016-10-01,1138.0
DST:FIKS22:BRANCHE07=S:BELØB=0:SÆSON=SÆSON,2016-11-01,1066.0
DST:FIKS22:BRANCHE07=S:BELØB=0:SÆSON=SÆSON,2016-12-01,1024.0
DST:FIKS22:BRANCHE07=S:BELØB=0:SÆSON=SÆSON,2017-01-01,1049.0
DST:FIKS22:BRANCHE07=S:BELØB=0:SÆSON=SÆSON,2017-02-01,1032.0
DST:FIKS22:BRANCHE07=S:BELØB=0:SÆSON=SÆSON,2017-03-01,1143.0
DST:FIKS22:BRANCHE07=S:BELØB=0:SÆSON=SÆSON,2017-04-01,1096.0
DST:FIKS22:BRANCHE07=S:BELØB=0:SÆSON=SÆSON,2017-05-01,1141.0
DST:FIKS22:BRANCHE07=S:BELØB=0:SÆSON=SÆSON,2017-06-01,1097.0
DST:FIKS22:BRANCHE07=S:BELØB=0:SÆSON=SÆSON,2017-07-01,1059.0
DST:FIKS22:BRANCHE07=S:BELØB=0:SÆSON=SÆSON,2017-08-01,1122.0
DST:FIKS22:BRANCHE07=S:BELØB=0:SÆSON=SÆSON,2017-09-01,1100.0
DST:FIKS22:BRANCHE07=S:BELØB=0:SÆSON=SÆSON,2017-10-01,1096.0
DST:FIKS22:BRANCHE07=S:BELØB=0:SÆSON=SÆSON,2017-11-01,1152.0
DST:FIKS22:BRANCHE07=S:BELØB=0:SÆSON=SÆSON,2017-12-01,1254.0
DST:FIKS22:BRANCHE07=S:BELØB=0:SÆSON=SÆSON,2018-01-01,1110.0
DST:FIKS22:BRANCHE07=S:BELØB=0:SÆSON=SÆSON,2018-02-01,1112.0
DST:FIKS22:BRANCHE07=S:BELØB=0:SÆSON=SÆSON,2018-03-01,1089.0
DST:FIKS22:BRANCHE07=S:BELØB=0:SÆSON=SÆSON,2018-04-01,1044.0
DST:FIKS22:BRANCHE07=S:BELØB=0:SÆSON=SÆSON,2018-05-01,1064.0
DST:FIKS22:BRANCHE07=S:BELØB=0:SÆSON=SÆSON,2018-06-01,1118.0
DST:FIKS22:BRANCHE07=S:BELØB=0:SÆSON=SÆSON,2018-07-01,1125.0
DST:FIKS22:BRANCHE07=S:BELØB=0:SÆSON=SÆSON,2018-08-01,1111.0
DST:FIKS22:BRANCHE07=S:BELØB=0:SÆSON=SÆSON,2018-09-01,1077.0
DST:FIKS22:BRANCHE07=S:BELØB=0:SÆSON=SÆSON,2018-10-01,1153.0
DST:FIKS22:BRANCHE07=S:BELØB=0:SÆSON=SÆSON,2018-11-01,1186.0
DST:FIKS22:BRANCHE07=S:BELØB=0:SÆSON=SÆSON,2018-12-01,1075.0
DST:FIKS22:BRANCHE07=S:BELØB=0:SÆSON=SÆSON,2019-01-01,1092.0
DST:FIKS22:BRANCHE07=S:BELØB=0:SÆSON=SÆSON,2019-02-01,1092.0
DST:FIKS22:BRANCHE07=S:BELØB=0:SÆSON=SÆSON,2019-03-01,1030.0
DST:FIKS22:BRANCHE07=S:BELØB=0:SÆSON=SÆSON,2019-04-01,1122.0
DST:FIKS22:BRANCHE07=S:BELØB=0:SÆSON=SÆSON,2019-05-01,1055.0
DST:FIKS22:BRANCHE07=S:BELØB=0:SÆSON=SÆSON,2019-06-01,1096.0
DST:FIKS22:BRANCHE07=S:BELØB=0:SÆSON=SÆSON,2019-07-01,1067.0
DST:FIKS22:BRANCHE07=S:BELØB=0:SÆSON=SÆSON,2019-08-01,1119.0
DST:FIKS22:BRANCHE07=S:BELØB=0:SÆSON=SÆSON,2019-09-01,1089.0
DST:FIKS22:BRANCHE07=S:BELØB=0:SÆSON=SÆSON,2019-10-01,1009.0
DST:FIKS22:BRANCHE07=S:BELØB=0:SÆSON=SÆSON,2019-11-01,1030.0
DST:FIKS22:BRANCHE07=S:BELØB=0:SÆSON=SÆSON,2019-12-01,1158.0
DST:FIKS22:BRANCHE07=S:BELØB=0:SÆSON=SÆSON,2020-01-01,1115.0
DST:FIKS22:BRANCHE07=S:BELØB=0:SÆSON=SÆSON,2020-02-01,1130.0
DST:FIKS22:BRANCHE07=S:BELØB=0:SÆSON=SÆSON,2020-03-01,935.0
DST:FIKS22:BRANCHE07=S:BELØB=0:SÆSON=SÆSON,2020-04-01,983.0
DST:FIKS22:BRANCHE07=S:BELØB=0:SÆSON=SÆSON,2020-05-01,918.0
DST:FIKS22:BRANCHE07=S:BELØB=0:SÆSON=SÆSON,2020-06-01,912.0
DST:FIKS22:BRANCHE07=S:BELØB=0:SÆSON=SÆSON,2020-07-01,1169.0
DST:FIKS22:BRANCHE07=S:BELØB=0:SÆSON=SÆSON,2020-08-01,1057.0
DST:FIKS22:BRANCHE07=S:BELØB=0:SÆSON=SÆSON,2020-09-01,1137.0
DST:FIKS22:BRANCHE07=S:BELØB=0:SÆSON=SÆSON,2020-10-01,1142.0
DST:FIKS22:BRANCHE07=S:BELØB=0:SÆSON=SÆSON,2020-11-01,1206.0
DST:FIKS22:BRANCHE07=S:BELØB=0:SÆSON=SÆSON,2020-12-01,1157.0
DST:FIKS22:BRANCHE07=S:BELØB=0:SÆSON=SÆSON,2021-01-01,951.0
DST:FIKS22:BRANCHE07=S:BELØB=0:SÆSON=SÆSON,2021-02-01,1001.0
DST:FIKS22:BRANCHE07=S:BELØB=0:SÆSON=SÆSON,2021-03-01,996.0
DST:FIKS22:BRANCHE07=S:BELØB=0:SÆSON=SÆSON,2021-04-01,1008.0
DST:FIKS22:BRANCHE07=S:BELØB=0:SÆSON=SÆSON,2021-05-01,1082.0
DST:FIKS22:BRANCHE07=S:BELØB=0:SÆSON=SÆSON,2021-06-01,1110.0
DST:FIKS22:BRANCHE07=S:BELØB=0:SÆSON=SÆSON,2021-07-01,1116.0
DST:FIKS22:BRANCHE07=S:BELØB=0:SÆSON=SÆSON,2021-08-01,1016.0
DST:FIKS22:BRANCHE07=S:BELØB=0:SÆSON=SÆSON,2021-09-01,1158.0
DST:FIKS22:BRANCHE07=S:BELØB=0:SÆSON=SÆSON,2021-10-01,1191.0
DST:FIKS22:BRANCHE07=S:BELØB=0:SÆSON=SÆSON,2021-11-01,1158.0
DST:FIKS22:BRANCHE07=S:BELØB=0:SÆSON=SÆSON,2021-12-01,1099.0
DST:FIKS22:BRANCHE07=S:BELØB=0:SÆSON=SÆSON,2022-01-01,1192.0
DST:FIKS22:BRANCHE07=S:BELØB=0:SÆSON=SÆSON,2022-02-01,1118.0
DST:FIKS22:BRANCHE07=S:BELØB=0:SÆSON=SÆSON,2022-03-01,1164.0
DST:FIKS22:BRANCHE07=S:BELØB=0:SÆSON=SÆSON,2022-04-01,1205.0
DST:FIKS22:BRANCHE07=S:BELØB=0:SÆSON=SÆSON,2022-05-01,1215.0
DST:FIKS22:BRANCHE07=S:BELØB=0:SÆSON=SÆSON,2022-06-01,1157.0
DST:FIKS22:BRANCHE07=S:BELØB=0:SÆSON=SÆSON,2022-07-01,1142.0
DST:FIKS22:BRANCHE07=S:BELØB=0:SÆSON=SÆSON,2022-08-01,1195.0
DST:FIKS22:BRANCHE07=S:BELØB=0:SÆSON=SÆSON,2022-09-01,1154.0
DST:FIKS22:BRANCHE07=S:BELØB=0:SÆSON=SÆSON,2022-10-01,1156.0
DST:FIKS22:BRANCHE07=S:BELØB=0:SÆSON=SÆSON,2022-11-01,1122.0
DST:FIKS22:BRANCHE07=S:BELØB=0:SÆSON=SÆSON,2022-12-01,1199.0
DST:FIKS22:BRANCHE07=S:BELØB=0:SÆSON=SÆSON,2023-01-01,1185.0
DST:FIKS22:BRANCHE07=S:BELØB=0:SÆSON=SÆSON,2023-02-01,1202.0
DST:FIKS22:BRANCHE07=S:BELØB=0:SÆSON=SÆSON,2023-03-01,1320.0
DST:FIKS22:BRANCHE07=S:BELØB=0:SÆSON=SÆSON,2023-04-01,1159.0
DST:FIKS22:BRANCHE07=S:BELØB=0:SÆSON=SÆSON,2023-05-01,1195.0
DST:FIKS22:BRANCHE07=S:BELØB=0:SÆSON=SÆSON,2023-06-01,1102.0
DST:FIKS22:BRANCHE07=S:BELØB=0:SÆSON=SÆSON,2023-07-01,1217.0
DST:FIKS22:BRANCHE07=S:BELØB=0:SÆSON=SÆSON,2023-08-01,1128.0
DST:FIKS22:BRANCHE07=S:BELØB=0:SÆSON=SÆSON,2023-09-01,1176.0
DST:FIKS22:BRANCHE07=S:BELØB=0:SÆSON=SÆSON,2023-10-01,1053.0
DST:FIKS22:BRANCHE07=S:BELØB=0:SÆSON=SÆSON,2023-11-01,1194.0
DST:FIKS22:BRANCHE07=S:BELØB=0:SÆSON=SÆSON,2023-12-01,1206.0
DST:FIKS22:BRANCHE07=S:BELØB=0:SÆSON=SÆSON,2024-01-01,1164.0
DST:FIKS22:BRANCHE07=S:BELØB=0:SÆSON=SÆSON,2024-02-01,1192.0
DST:FIKS22:BRANCHE07=S:BELØB=0:SÆSON=SÆSON,2024-03-01,1204.0
DST:FIKS22:BRANCHE07=S:BELØB=0:SÆSON=SÆSON,2024-04-01,1288.0
DST:FIKS22:BRANCHE07=S:BELØB=0:SÆSON=SÆSON,2024-05-01,1193.0
DST:FIKS22:BRANCHE07=S:BELØB=0:SÆSON=SÆSON,2024-06-01,1337.0
DST:FIKS22:BRANCHE07=S:BELØB=0:SÆSON=SÆSON,2024-07-01,1248.0
DST:FIKS22:BRANCHE07=S:BELØB=0:SÆSON=SÆSON,2024-08-01,1240.0
DST:FIKS22:BRANCHE07=S:BELØB=0:SÆSON=SÆSON,2024-09-01,1204.0
DST:FIKS22:BRANCHE07=S:BELØB=0:SÆSON=SÆSON,2024-10-01,1206.0
DST:FIKS22:BRANCHE07=S:BELØB=0:SÆSON=SÆSON,2024-11-01,1206.0
DST:FIKS22:BRANCHE07=S:BELØB=0:SÆSON=SÆSON,2024-12-01,1219.0
DST:FIKS22:BRANCHE07=S:BELØB=0:SÆSON=SÆSON,2025-01-01,1261.0
DST:FIKS22:BRANCHE07=S:BELØB=0:SÆSON=SÆSON,2025-02-01,1259.0
DST:FIKS22:BRANCHE07=S:BELØB=0:SÆSON=SÆSON,2025-03-01,1203.0
DST:FIKS22:BRANCHE07=S:BELØB=0:SÆSON=SÆSON,2025-04-01,1234.0
DST:FIKS22:BRANCHE07=S:BELØB=0:SÆSON=SÆSON,2025-05-01,1240.0
DST:FIKS22:BRANCHE07=S:BELØB=0:SÆSON=SÆSON,2025-06-01,1263.0
DST:FIKS22:BRANCHE07=S:BELØB=0:SÆSON=SÆSON,2025-07-01,1218.0
DST:FIKS22:BRANCHE07=S:BELØB=0:SÆSON=SÆSON,2025-08-01,1311.0
DST:FIKS22:BRANCHE07=S:BELØB=0:SÆSON=SÆSON,2025-09-01,1278.0
DST:FIKS22:BRANCHE07=S:BELØB=0:SÆSON=SÆSON,2025-10-01,1285.0
DST:FIKS22:BRANCHE07=S:BELØB=0:SÆSON=SÆSON,2025-11-01,1282.0
DST:FIKS22:BRANCHE07=S:BELØB=0:SÆSON=SÆSON,2025-12-01,1219.0
DST:FIKS22:BRANCHE07=S:BELØB=0:SÆSON=SÆSON,2026-01-01,1182.0
DST:FIKS22:BRANCHE07=S:BELØB=0:SÆSON=SÆSON,2026-02-01,1256.0
DST:FIKS22:BRANCHE07=S:BELØB=0:SÆSON=SÆSON,2026-03-01,1281.0
DST:FIKS22:BRANCHE07=S:BELØB=1:SÆSON=EJSÆSON,2009-01-01,1932.0
DST:FIKS22:BRANCHE07=S:BELØB=1:SÆSON=EJSÆSON,2009-02-01,1540.0
DST:FIKS22:BRANCHE07=S:BELØB=1:SÆSON=EJSÆSON,2009-03-01,2069.0
DST:FIKS22:BRANCHE07=S:BELØB=1:SÆSON=EJSÆSON,2009-04-01,1755.0
DST:FIKS22:BRANCHE07=S:BELØB=1:SÆSON=EJSÆSON,2009-05-01,1602.0
DST:FIKS22:BRANCHE07=S:BELØB=1:SÆSON=EJSÆSON,2009-06-01,2172.0
DST:FIKS22:BRANCHE07=S:BELØB=1:SÆSON=EJSÆSON,2009-07-01,1686.0
DST:FIKS22:BRANCHE07=S:BELØB=1:SÆSON=EJSÆSON,2009-08-01,1719.0
DST:FIKS22:BRANCHE07=S:BELØB=1:SÆSON=EJSÆSON,2009-09-01,1902.0
DST:FIKS22:BRANCHE07=S:BELØB=1:SÆSON=EJSÆSON,2009-10-01,1983.0
DST:FIKS22:BRANCHE07=S:BELØB=1:SÆSON=EJSÆSON,2009-11-01,1591.0
DST:FIKS22:BRANCHE07=S:BELØB=1:SÆSON=EJSÆSON,2009-12-01,1980.0
DST:FIKS22:BRANCHE07=S:BELØB=1:SÆSON=EJSÆSON,2010-01-01,1824.0
DST:FIKS22:BRANCHE07=S:BELØB=1:SÆSON=EJSÆSON,2010-02-01,1493.0
DST:FIKS22:BRANCHE07=S:BELØB=1:SÆSON=EJSÆSON,2010-03-01,2267.0
DST:FIKS22:BRANCHE07=S:BELØB=1:SÆSON=EJSÆSON,2010-04-01,1531.0
DST:FIKS22:BRANCHE07=S:BELØB=1:SÆSON=EJSÆSON,2010-05-01,1642.0
DST:FIKS22:BRANCHE07=S:BELØB=1:SÆSON=EJSÆSON,2010-06-01,1744.0
DST:FIKS22:BRANCHE07=S:BELØB=1:SÆSON=EJSÆSON,2010-07-01,1841.0
DST:FIKS22:BRANCHE07=S:BELØB=1:SÆSON=EJSÆSON,2010-08-01,1765.0
DST:FIKS22:BRANCHE07=S:BELØB=1:SÆSON=EJSÆSON,2010-09-01,1924.0
DST:FIKS22:BRANCHE07=S:BELØB=1:SÆSON=EJSÆSON,2010-10-01,1813.0
DST:FIKS22:BRANCHE07=S:BELØB=1:SÆSON=EJSÆSON,2010-11-01,1867.0
DST:FIKS22:BRANCHE07=S:BELØB=1:SÆSON=EJSÆSON,2010-12-01,2155.0
DST:FIKS22:BRANCHE07=S:BELØB=1:SÆSON=EJSÆSON,2011-01-01,1768.0
DST:FIKS22:BRANCHE07=S:BELØB=1:SÆSON=EJSÆSON,2011-02-01,1648.0
DST:FIKS22:BRANCHE07=S:BELØB=1:SÆSON=EJSÆSON,2011-03-01,2143.0
DST:FIKS22:BRANCHE07=S:BELØB=1:SÆSON=EJSÆSON,2011-04-01,1813.0
DST:FIKS22:BRANCHE07=S:BELØB=1:SÆSON=EJSÆSON,2011-05-01,1741.0
DST:FIKS22:BRANCHE07=S:BELØB=1:SÆSON=EJSÆSON,2011-06-01,1961.0
DST:FIKS22:BRANCHE07=S:BELØB=1:SÆSON=EJSÆSON,2011-07-01,1674.0
DST:FIKS22:BRANCHE07=S:BELØB=1:SÆSON=EJSÆSON,2011-08-01,1913.0
DST:FIKS22:BRANCHE07=S:BELØB=1:SÆSON=EJSÆSON,2011-09-01,1868.0
DST:FIKS22:BRANCHE07=S:BELØB=1:SÆSON=EJSÆSON,2011-10-01,1976.0
DST:FIKS22:BRANCHE07=S:BELØB=1:SÆSON=EJSÆSON,2011-11-01,1770.0
DST:FIKS22:BRANCHE07=S:BELØB=1:SÆSON=EJSÆSON,2011-12-01,2226.0
DST:FIKS22:BRANCHE07=S:BELØB=1:SÆSON=EJSÆSON,2012-01-01,2017.0
DST:FIKS22:BRANCHE07=S:BELØB=1:SÆSON=EJSÆSON,2012-02-01,1723.0
DST:FIKS22:BRANCHE07=S:BELØB=1:SÆSON=EJSÆSON,2012-03-01,2017.0
DST:FIKS22:BRANCHE07=S:BELØB=1:SÆSON=EJSÆSON,2012-04-01,1942.0
DST:FIKS22:BRANCHE07=S:BELØB=1:SÆSON=EJSÆSON,2012-05-01,1685.0
DST:FIKS22:BRANCHE07=S:BELØB=1:SÆSON=EJSÆSON,2012-06-01,1811.0
DST:FIKS22:BRANCHE07=S:BELØB=1:SÆSON=EJSÆSON,2012-07-01,1724.0
DST:FIKS22:BRANCHE07=S:BELØB=1:SÆSON=EJSÆSON,2012-08-01,1968.0
DST:FIKS22:BRANCHE07=S:BELØB=1:SÆSON=EJSÆSON,2012-09-01,1851.0
DST:FIKS22:BRANCHE07=S:BELØB=1:SÆSON=EJSÆSON,2012-10-01,2230.0
DST:FIKS22:BRANCHE07=S:BELØB=1:SÆSON=EJSÆSON,2012-11-01,1696.0
DST:FIKS22:BRANCHE07=S:BELØB=1:SÆSON=EJSÆSON,2012-12-01,2074.0
DST:FIKS22:BRANCHE07=S:BELØB=1:SÆSON=EJSÆSON,2013-01-01,2157.0
DST:FIKS22:BRANCHE07=S:BELØB=1:SÆSON=EJSÆSON,2013-02-01,1657.0
DST:FIKS22:BRANCHE07=S:BELØB=1:SÆSON=EJSÆSON,2013-03-01,1865.0
DST:FIKS22:BRANCHE07=S:BELØB=1:SÆSON=EJSÆSON,2013-04-01,1999.0
DST:FIKS22:BRANCHE07=S:BELØB=1:SÆSON=EJSÆSON,2013-05-01,2007.0
DST:FIKS22:BRANCHE07=S:BELØB=1:SÆSON=EJSÆSON,2013-06-01,1885.0
DST:FIKS22:BRANCHE07=S:BELØB=1:SÆSON=EJSÆSON,2013-07-01,1866.0
DST:FIKS22:BRANCHE07=S:BELØB=1:SÆSON=EJSÆSON,2013-08-01,1740.0
DST:FIKS22:BRANCHE07=S:BELØB=1:SÆSON=EJSÆSON,2013-09-01,1976.0
DST:FIKS22:BRANCHE07=S:BELØB=1:SÆSON=EJSÆSON,2013-10-01,2112.0
DST:FIKS22:BRANCHE07=S:BELØB=1:SÆSON=EJSÆSON,2013-11-01,1864.0
DST:FIKS22:BRANCHE07=S:BELØB=1:SÆSON=EJSÆSON,2013-12-01,2048.0
DST:FIKS22:BRANCHE07=S:BELØB=1:SÆSON=EJSÆSON,2014-01-01,2055.0
DST:FIKS22:BRANCHE07=S:BELØB=1:SÆSON=EJSÆSON,2014-02-01,1737.0
DST:FIKS22:BRANCHE07=S:BELØB=1:SÆSON=EJSÆSON,2014-03-01,2083.0
DST:FIKS22:BRANCHE07=S:BELØB=1:SÆSON=EJSÆSON,2014-04-01,1915.0
DST:FIKS22:BRANCHE07=S:BELØB=1:SÆSON=EJSÆSON,2014-05-01,1863.0
DST:FIKS22:BRANCHE07=S:BELØB=1:SÆSON=EJSÆSON,2014-06-01,1992.0
DST:FIKS22:BRANCHE07=S:BELØB=1:SÆSON=EJSÆSON,2014-07-01,1755.0
DST:FIKS22:BRANCHE07=S:BELØB=1:SÆSON=EJSÆSON,2014-08-01,1879.0
DST:FIKS22:BRANCHE07=S:BELØB=1:SÆSON=EJSÆSON,2014-09-01,1949.0
DST:FIKS22:BRANCHE07=S:BELØB=1:SÆSON=EJSÆSON,2014-10-01,2023.0
DST:FIKS22:BRANCHE07=S:BELØB=1:SÆSON=EJSÆSON,2014-11-01,1942.0
DST:FIKS22:BRANCHE07=S:BELØB=1:SÆSON=EJSÆSON,2014-12-01,2232.0
DST:FIKS22:BRANCHE07=S:BELØB=1:SÆSON=EJSÆSON,2015-01-01,2070.0
DST:FIKS22:BRANCHE07=S:BELØB=1:SÆSON=EJSÆSON,2015-02-01,1790.0
DST:FIKS22:BRANCHE07=S:BELØB=1:SÆSON=EJSÆSON,2015-03-01,2193.0
DST:FIKS22:BRANCHE07=S:BELØB=1:SÆSON=EJSÆSON,2015-04-01,2215.0
DST:FIKS22:BRANCHE07=S:BELØB=1:SÆSON=EJSÆSON,2015-05-01,1802.0
DST:FIKS22:BRANCHE07=S:BELØB=1:SÆSON=EJSÆSON,2015-06-01,2041.0
DST:FIKS22:BRANCHE07=S:BELØB=1:SÆSON=EJSÆSON,2015-07-01,1803.0
DST:FIKS22:BRANCHE07=S:BELØB=1:SÆSON=EJSÆSON,2015-08-01,1847.0
DST:FIKS22:BRANCHE07=S:BELØB=1:SÆSON=EJSÆSON,2015-09-01,2039.0
DST:FIKS22:BRANCHE07=S:BELØB=1:SÆSON=EJSÆSON,2015-10-01,2113.0
DST:FIKS22:BRANCHE07=S:BELØB=1:SÆSON=EJSÆSON,2015-11-01,2182.0
DST:FIKS22:BRANCHE07=S:BELØB=1:SÆSON=EJSÆSON,2015-12-01,2031.0
DST:FIKS22:BRANCHE07=S:BELØB=1:SÆSON=EJSÆSON,2016-01-01,2029.0
DST:FIKS22:BRANCHE07=S:BELØB=1:SÆSON=EJSÆSON,2016-02-01,1812.0
DST:FIKS22:BRANCHE07=S:BELØB=1:SÆSON=EJSÆSON,2016-03-01,2227.0
DST:FIKS22:BRANCHE07=S:BELØB=1:SÆSON=EJSÆSON,2016-04-01,1944.0
DST:FIKS22:BRANCHE07=S:BELØB=1:SÆSON=EJSÆSON,2016-05-01,2151.0
DST:FIKS22:BRANCHE07=S:BELØB=1:SÆSON=EJSÆSON,2016-06-01,2021.0
DST:FIKS22:BRANCHE07=S:BELØB=1:SÆSON=EJSÆSON,2016-07-01,1609.0
DST:FIKS22:BRANCHE07=S:BELØB=1:SÆSON=EJSÆSON,2016-08-01,1887.0
DST:FIKS22:BRANCHE07=S:BELØB=1:SÆSON=EJSÆSON,2016-09-01,2163.0
DST:FIKS22:BRANCHE07=S:BELØB=1:SÆSON=EJSÆSON,2016-10-01,2136.0
DST:FIKS22:BRANCHE07=S:BELØB=1:SÆSON=EJSÆSON,2016-11-01,2242.0
DST:FIKS22:BRANCHE07=S:BELØB=1:SÆSON=EJSÆSON,2016-12-01,2147.0
DST:FIKS22:BRANCHE07=S:BELØB=1:SÆSON=EJSÆSON,2017-01-01,2006.0
DST:FIKS22:BRANCHE07=S:BELØB=1:SÆSON=EJSÆSON,2017-02-01,1838.0
DST:FIKS22:BRANCHE07=S:BELØB=1:SÆSON=EJSÆSON,2017-03-01,2484.0
DST:FIKS22:BRANCHE07=S:BELØB=1:SÆSON=EJSÆSON,2017-04-01,2180.0
DST:FIKS22:BRANCHE07=S:BELØB=1:SÆSON=EJSÆSON,2017-05-01,1822.0
DST:FIKS22:BRANCHE07=S:BELØB=1:SÆSON=EJSÆSON,2017-06-01,2171.0
DST:FIKS22:BRANCHE07=S:BELØB=1:SÆSON=EJSÆSON,2017-07-01,1932.0
DST:FIKS22:BRANCHE07=S:BELØB=1:SÆSON=EJSÆSON,2017-08-01,1901.0
DST:FIKS22:BRANCHE07=S:BELØB=1:SÆSON=EJSÆSON,2017-09-01,1996.0
DST:FIKS22:BRANCHE07=S:BELØB=1:SÆSON=EJSÆSON,2017-10-01,2379.0
DST:FIKS22:BRANCHE07=S:BELØB=1:SÆSON=EJSÆSON,2017-11-01,2155.0
DST:FIKS22:BRANCHE07=S:BELØB=1:SÆSON=EJSÆSON,2017-12-01,2203.0
DST:FIKS22:BRANCHE07=S:BELØB=1:SÆSON=EJSÆSON,2018-01-01,2145.0
DST:FIKS22:BRANCHE07=S:BELØB=1:SÆSON=EJSÆSON,2018-02-01,1876.0
DST:FIKS22:BRANCHE07=S:BELØB=1:SÆSON=EJSÆSON,2018-03-01,2405.0
DST:FIKS22:BRANCHE07=S:BELØB=1:SÆSON=EJSÆSON,2018-04-01,2001.0
DST:FIKS22:BRANCHE07=S:BELØB=1:SÆSON=EJSÆSON,2018-05-01,2210.0
DST:FIKS22:BRANCHE07=S:BELØB=1:SÆSON=EJSÆSON,2018-06-01,2041.0
DST:FIKS22:BRANCHE07=S:BELØB=1:SÆSON=EJSÆSON,2018-07-01,1996.0
DST:FIKS22:BRANCHE07=S:BELØB=1:SÆSON=EJSÆSON,2018-08-01,1999.0
DST:FIKS22:BRANCHE07=S:BELØB=1:SÆSON=EJSÆSON,2018-09-01,1951.0
DST:FIKS22:BRANCHE07=S:BELØB=1:SÆSON=EJSÆSON,2018-10-01,2441.0
DST:FIKS22:BRANCHE07=S:BELØB=1:SÆSON=EJSÆSON,2018-11-01,2279.0
DST:FIKS22:BRANCHE07=S:BELØB=1:SÆSON=EJSÆSON,2018-12-01,2178.0
DST:FIKS22:BRANCHE07=S:BELØB=1:SÆSON=EJSÆSON,2019-01-01,2048.0
DST:FIKS22:BRANCHE07=S:BELØB=1:SÆSON=EJSÆSON,2019-02-01,2090.0
DST:FIKS22:BRANCHE07=S:BELØB=1:SÆSON=EJSÆSON,2019-03-01,2315.0
DST:FIKS22:BRANCHE07=S:BELØB=1:SÆSON=EJSÆSON,2019-04-01,2308.0
DST:FIKS22:BRANCHE07=S:BELØB=1:SÆSON=EJSÆSON,2019-05-01,1869.0
DST:FIKS22:BRANCHE07=S:BELØB=1:SÆSON=EJSÆSON,2019-06-01,2079.0
DST:FIKS22:BRANCHE07=S:BELØB=1:SÆSON=EJSÆSON,2019-07-01,2172.0
DST:FIKS22:BRANCHE07=S:BELØB=1:SÆSON=EJSÆSON,2019-08-01,1866.0
DST:FIKS22:BRANCHE07=S:BELØB=1:SÆSON=EJSÆSON,2019-09-01,1931.0
DST:FIKS22:BRANCHE07=S:BELØB=1:SÆSON=EJSÆSON,2019-10-01,2524.0
DST:FIKS22:BRANCHE07=S:BELØB=1:SÆSON=EJSÆSON,2019-11-01,1858.0
DST:FIKS22:BRANCHE07=S:BELØB=1:SÆSON=EJSÆSON,2019-12-01,2387.0
DST:FIKS22:BRANCHE07=S:BELØB=1:SÆSON=EJSÆSON,2020-01-01,2159.0
DST:FIKS22:BRANCHE07=S:BELØB=1:SÆSON=EJSÆSON,2020-02-01,1863.0
DST:FIKS22:BRANCHE07=S:BELØB=1:SÆSON=EJSÆSON,2020-03-01,2344.0
DST:FIKS22:BRANCHE07=S:BELØB=1:SÆSON=EJSÆSON,2020-04-01,2058.0
DST:FIKS22:BRANCHE07=S:BELØB=1:SÆSON=EJSÆSON,2020-05-01,1452.0
DST:FIKS22:BRANCHE07=S:BELØB=1:SÆSON=EJSÆSON,2020-06-01,1856.0
DST:FIKS22:BRANCHE07=S:BELØB=1:SÆSON=EJSÆSON,2020-07-01,2368.0
DST:FIKS22:BRANCHE07=S:BELØB=1:SÆSON=EJSÆSON,2020-08-01,1810.0
DST:FIKS22:BRANCHE07=S:BELØB=1:SÆSON=EJSÆSON,2020-09-01,2154.0
DST:FIKS22:BRANCHE07=S:BELØB=1:SÆSON=EJSÆSON,2020-10-01,2453.0
DST:FIKS22:BRANCHE07=S:BELØB=1:SÆSON=EJSÆSON,2020-11-01,2024.0
DST:FIKS22:BRANCHE07=S:BELØB=1:SÆSON=EJSÆSON,2020-12-01,2266.0
DST:FIKS22:BRANCHE07=S:BELØB=1:SÆSON=EJSÆSON,2021-01-01,1581.0
DST:FIKS22:BRANCHE07=S:BELØB=1:SÆSON=EJSÆSON,2021-02-01,1381.0
DST:FIKS22:BRANCHE07=S:BELØB=1:SÆSON=EJSÆSON,2021-03-01,2152.0
DST:FIKS22:BRANCHE07=S:BELØB=1:SÆSON=EJSÆSON,2021-04-01,2172.0
DST:FIKS22:BRANCHE07=S:BELØB=1:SÆSON=EJSÆSON,2021-05-01,2031.0
DST:FIKS22:BRANCHE07=S:BELØB=1:SÆSON=EJSÆSON,2021-06-01,2069.0
DST:FIKS22:BRANCHE07=S:BELØB=1:SÆSON=EJSÆSON,2021-07-01,2334.0
DST:FIKS22:BRANCHE07=S:BELØB=1:SÆSON=EJSÆSON,2021-08-01,1883.0
DST:FIKS22:BRANCHE07=S:BELØB=1:SÆSON=EJSÆSON,2021-09-01,2198.0
DST:FIKS22:BRANCHE07=S:BELØB=1:SÆSON=EJSÆSON,2021-10-01,2617.0
DST:FIKS22:BRANCHE07=S:BELØB=1:SÆSON=EJSÆSON,2021-11-01,2158.0
DST:FIKS22:BRANCHE07=S:BELØB=1:SÆSON=EJSÆSON,2021-12-01,2348.0
DST:FIKS22:BRANCHE07=S:BELØB=1:SÆSON=EJSÆSON,2022-01-01,2128.0
DST:FIKS22:BRANCHE07=S:BELØB=1:SÆSON=EJSÆSON,2022-02-01,2013.0
DST:FIKS22:BRANCHE07=S:BELØB=1:SÆSON=EJSÆSON,2022-03-01,2885.0
DST:FIKS22:BRANCHE07=S:BELØB=1:SÆSON=EJSÆSON,2022-04-01,2517.0
DST:FIKS22:BRANCHE07=S:BELØB=1:SÆSON=EJSÆSON,2022-05-01,2226.0
DST:FIKS22:BRANCHE07=S:BELØB=1:SÆSON=EJSÆSON,2022-06-01,2202.0
DST:FIKS22:BRANCHE07=S:BELØB=1:SÆSON=EJSÆSON,2022-07-01,2252.0
DST:FIKS22:BRANCHE07=S:BELØB=1:SÆSON=EJSÆSON,2022-08-01,2104.0
DST:FIKS22:BRANCHE07=S:BELØB=1:SÆSON=EJSÆSON,2022-09-01,2258.0
DST:FIKS22:BRANCHE07=S:BELØB=1:SÆSON=EJSÆSON,2022-10-01,2664.0
DST:FIKS22:BRANCHE07=S:BELØB=1:SÆSON=EJSÆSON,2022-11-01,2259.0
DST:FIKS22:BRANCHE07=S:BELØB=1:SÆSON=EJSÆSON,2022-12-01,2394.0
DST:FIKS22:BRANCHE07=S:BELØB=1:SÆSON=EJSÆSON,2023-01-01,2327.0
DST:FIKS22:BRANCHE07=S:BELØB=1:SÆSON=EJSÆSON,2023-02-01,2058.0
DST:FIKS22:BRANCHE07=S:BELØB=1:SÆSON=EJSÆSON,2023-03-01,3185.0
DST:FIKS22:BRANCHE07=S:BELØB=1:SÆSON=EJSÆSON,2023-04-01,2547.0
DST:FIKS22:BRANCHE07=S:BELØB=1:SÆSON=EJSÆSON,2023-05-01,2307.0
DST:FIKS22:BRANCHE07=S:BELØB=1:SÆSON=EJSÆSON,2023-06-01,2296.0
DST:FIKS22:BRANCHE07=S:BELØB=1:SÆSON=EJSÆSON,2023-07-01,2421.0
DST:FIKS22:BRANCHE07=S:BELØB=1:SÆSON=EJSÆSON,2023-08-01,2170.0
DST:FIKS22:BRANCHE07=S:BELØB=1:SÆSON=EJSÆSON,2023-09-01,2288.0
DST:FIKS22:BRANCHE07=S:BELØB=1:SÆSON=EJSÆSON,2023-10-01,2835.0
DST:FIKS22:BRANCHE07=S:BELØB=1:SÆSON=EJSÆSON,2023-11-01,2406.0
DST:FIKS22:BRANCHE07=S:BELØB=1:SÆSON=EJSÆSON,2023-12-01,2165.0
DST:FIKS22:BRANCHE07=S:BELØB=1:SÆSON=EJSÆSON,2024-01-01,2604.0
DST:FIKS22:BRANCHE07=S:BELØB=1:SÆSON=EJSÆSON,2024-02-01,2414.0
DST:FIKS22:BRANCHE07=S:BELØB=1:SÆSON=EJSÆSON,2024-03-01,2648.0
DST:FIKS22:BRANCHE07=S:BELØB=1:SÆSON=EJSÆSON,2024-04-01,2840.0
DST:FIKS22:BRANCHE07=S:BELØB=1:SÆSON=EJSÆSON,2024-05-01,2350.0
DST:FIKS22:BRANCHE07=S:BELØB=1:SÆSON=EJSÆSON,2024-06-01,2407.0
DST:FIKS22:BRANCHE07=S:BELØB=1:SÆSON=EJSÆSON,2024-07-01,2583.0
DST:FIKS22:BRANCHE07=S:BELØB=1:SÆSON=EJSÆSON,2024-08-01,2403.0
DST:FIKS22:BRANCHE07=S:BELØB=1:SÆSON=EJSÆSON,2024-09-01,2112.0
DST:FIKS22:BRANCHE07=S:BELØB=1:SÆSON=EJSÆSON,2024-10-01,2928.0
DST:FIKS22:BRANCHE07=S:BELØB=1:SÆSON=EJSÆSON,2024-11-01,2498.0
DST:FIKS22:BRANCHE07=S:BELØB=1:SÆSON=EJSÆSON,2024-12-01,2241.0
DST:FIKS22:BRANCHE07=S:BELØB=1:SÆSON=EJSÆSON,2025-01-01,2806.0
DST:FIKS22:BRANCHE07=S:BELØB=1:SÆSON=EJSÆSON,2025-02-01,2356.0
DST:FIKS22:BRANCHE07=S:BELØB=1:SÆSON=EJSÆSON,2025-03-01,2780.0
DST:FIKS22:BRANCHE07=S:BELØB=1:SÆSON=EJSÆSON,2025-04-01,2904.0
DST:FIKS22:BRANCHE07=S:BELØB=1:SÆSON=EJSÆSON,2025-05-01,2374.0
DST:FIKS22:BRANCHE07=S:BELØB=1:SÆSON=EJSÆSON,2025-06-01,2351.0
DST:FIKS22:BRANCHE07=S:BELØB=1:SÆSON=EJSÆSON,2025-07-01,2742.0
DST:FIKS22:BRANCHE07=S:BELØB=1:SÆSON=EJSÆSON,2025-08-01,2352.0
DST:FIKS22:BRANCHE07=S:BELØB=1:SÆSON=EJSÆSON,2025-09-01,2421.0
DST:FIKS22:BRANCHE07=S:BELØB=1:SÆSON=EJSÆSON,2025-10-01,3169.0
DST:FIKS22:BRANCHE07=S:BELØB=1:SÆSON=EJSÆSON,2025-11-01,2532.0
DST:FIKS22:BRANCHE07=S:BELØB=1:SÆSON=EJSÆSON,2025-12-01,2480.0
DST:FIKS22:BRANCHE07=S:BELØB=1:SÆSON=EJSÆSON,2026-01-01,3176.0
DST:FIKS22:BRANCHE07=S:BELØB=1:SÆSON=EJSÆSON,2026-02-01,2556.0
DST:FIKS22:BRANCHE07=S:BELØB=1:SÆSON=EJSÆSON,2026-03-01,3468.0
DST:FIKS22:BRANCHE07=S:BELØB=1:SÆSON=SÆSON,2009-01-01,1859.0
DST:FIKS22:BRANCHE07=S:BELØB=1:SÆSON=SÆSON,2009-02-01,1790.0
DST:FIKS22:BRANCHE07=S:BELØB=1:SÆSON=SÆSON,2009-03-01,1873.0
DST:FIKS22:BRANCHE07=S:BELØB=1:SÆSON=SÆSON,2009-04-01,1775.0
DST:FIKS22:BRANCHE07=S:BELØB=1:SÆSON=SÆSON,2009-05-01,1793.0
DST:FIKS22:BRANCHE07=S:BELØB=1:SÆSON=SÆSON,2009-06-01,2205.0
DST:FIKS22:BRANCHE07=S:BELØB=1:SÆSON=SÆSON,2009-07-01,1785.0
DST:FIKS22:BRANCHE07=S:BELØB=1:SÆSON=SÆSON,2009-08-01,1796.0
DST:FIKS22:BRANCHE07=S:BELØB=1:SÆSON=SÆSON,2009-09-01,1832.0
DST:FIKS22:BRANCHE07=S:BELØB=1:SÆSON=SÆSON,2009-10-01,1814.0
DST:FIKS22:BRANCHE07=S:BELØB=1:SÆSON=SÆSON,2009-11-01,1737.0
DST:FIKS22:BRANCHE07=S:BELØB=1:SÆSON=SÆSON,2009-12-01,1719.0
DST:FIKS22:BRANCHE07=S:BELØB=1:SÆSON=SÆSON,2010-01-01,1804.0
DST:FIKS22:BRANCHE07=S:BELØB=1:SÆSON=SÆSON,2010-02-01,1744.0
DST:FIKS22:BRANCHE07=S:BELØB=1:SÆSON=SÆSON,2010-03-01,2094.0
DST:FIKS22:BRANCHE07=S:BELØB=1:SÆSON=SÆSON,2010-04-01,1530.0
DST:FIKS22:BRANCHE07=S:BELØB=1:SÆSON=SÆSON,2010-05-01,1830.0
DST:FIKS22:BRANCHE07=S:BELØB=1:SÆSON=SÆSON,2010-06-01,1689.0
DST:FIKS22:BRANCHE07=S:BELØB=1:SÆSON=SÆSON,2010-07-01,1968.0
DST:FIKS22:BRANCHE07=S:BELØB=1:SÆSON=SÆSON,2010-08-01,1796.0
DST:FIKS22:BRANCHE07=S:BELØB=1:SÆSON=SÆSON,2010-09-01,1877.0
DST:FIKS22:BRANCHE07=S:BELØB=1:SÆSON=SÆSON,2010-10-01,1687.0
DST:FIKS22:BRANCHE07=S:BELØB=1:SÆSON=SÆSON,2010-11-01,1945.0
DST:FIKS22:BRANCHE07=S:BELØB=1:SÆSON=SÆSON,2010-12-01,1841.0
DST:FIKS22:BRANCHE07=S:BELØB=1:SÆSON=SÆSON,2011-01-01,1738.0
DST:FIKS22:BRANCHE07=S:BELØB=1:SÆSON=SÆSON,2011-02-01,1895.0
DST:FIKS22:BRANCHE07=S:BELØB=1:SÆSON=SÆSON,2011-03-01,1903.0
DST:FIKS22:BRANCHE07=S:BELØB=1:SÆSON=SÆSON,2011-04-01,1824.0
DST:FIKS22:BRANCHE07=S:BELØB=1:SÆSON=SÆSON,2011-05-01,1866.0
DST:FIKS22:BRANCHE07=S:BELØB=1:SÆSON=SÆSON,2011-06-01,1973.0
DST:FIKS22:BRANCHE07=S:BELØB=1:SÆSON=SÆSON,2011-07-01,1851.0
DST:FIKS22:BRANCHE07=S:BELØB=1:SÆSON=SÆSON,2011-08-01,1903.0
DST:FIKS22:BRANCHE07=S:BELØB=1:SÆSON=SÆSON,2011-09-01,1811.0
DST:FIKS22:BRANCHE07=S:BELØB=1:SÆSON=SÆSON,2011-10-01,1904.0
DST:FIKS22:BRANCHE07=S:BELØB=1:SÆSON=SÆSON,2011-11-01,1812.0
DST:FIKS22:BRANCHE07=S:BELØB=1:SÆSON=SÆSON,2011-12-01,1942.0
DST:FIKS22:BRANCHE07=S:BELØB=1:SÆSON=SÆSON,2012-01-01,1917.0
DST:FIKS22:BRANCHE07=S:BELØB=1:SÆSON=SÆSON,2012-02-01,1924.0
DST:FIKS22:BRANCHE07=S:BELØB=1:SÆSON=SÆSON,2012-03-01,1831.0
DST:FIKS22:BRANCHE07=S:BELØB=1:SÆSON=SÆSON,2012-04-01,1990.0
DST:FIKS22:BRANCHE07=S:BELØB=1:SÆSON=SÆSON,2012-05-01,1792.0
DST:FIKS22:BRANCHE07=S:BELØB=1:SÆSON=SÆSON,2012-06-01,1822.0
DST:FIKS22:BRANCHE07=S:BELØB=1:SÆSON=SÆSON,2012-07-01,1908.0
DST:FIKS22:BRANCHE07=S:BELØB=1:SÆSON=SÆSON,2012-08-01,1950.0
DST:FIKS22:BRANCHE07=S:BELØB=1:SÆSON=SÆSON,2012-09-01,1894.0
DST:FIKS22:BRANCHE07=S:BELØB=1:SÆSON=SÆSON,2012-10-01,2074.0
DST:FIKS22:BRANCHE07=S:BELØB=1:SÆSON=SÆSON,2012-11-01,1734.0
DST:FIKS22:BRANCHE07=S:BELØB=1:SÆSON=SÆSON,2012-12-01,1989.0
DST:FIKS22:BRANCHE07=S:BELØB=1:SÆSON=SÆSON,2013-01-01,2048.0
DST:FIKS22:BRANCHE07=S:BELØB=1:SÆSON=SÆSON,2013-02-01,1888.0
DST:FIKS22:BRANCHE07=S:BELØB=1:SÆSON=SÆSON,2013-03-01,1801.0
DST:FIKS22:BRANCHE07=S:BELØB=1:SÆSON=SÆSON,2013-04-01,1945.0
DST:FIKS22:BRANCHE07=S:BELØB=1:SÆSON=SÆSON,2013-05-01,2050.0
DST:FIKS22:BRANCHE07=S:BELØB=1:SÆSON=SÆSON,2013-06-01,1932.0
DST:FIKS22:BRANCHE07=S:BELØB=1:SÆSON=SÆSON,2013-07-01,2019.0
DST:FIKS22:BRANCHE07=S:BELØB=1:SÆSON=SÆSON,2013-08-01,1768.0
DST:FIKS22:BRANCHE07=S:BELØB=1:SÆSON=SÆSON,2013-09-01,2023.0
DST:FIKS22:BRANCHE07=S:BELØB=1:SÆSON=SÆSON,2013-10-01,1940.0
DST:FIKS22:BRANCHE07=S:BELØB=1:SÆSON=SÆSON,2013-11-01,1897.0
DST:FIKS22:BRANCHE07=S:BELØB=1:SÆSON=SÆSON,2013-12-01,1913.0
DST:FIKS22:BRANCHE07=S:BELØB=1:SÆSON=SÆSON,2014-01-01,1939.0
DST:FIKS22:BRANCHE07=S:BELØB=1:SÆSON=SÆSON,2014-02-01,1967.0
DST:FIKS22:BRANCHE07=S:BELØB=1:SÆSON=SÆSON,2014-03-01,1948.0
DST:FIKS22:BRANCHE07=S:BELØB=1:SÆSON=SÆSON,2014-04-01,1848.0
DST:FIKS22:BRANCHE07=S:BELØB=1:SÆSON=SÆSON,2014-05-01,1970.0
DST:FIKS22:BRANCHE07=S:BELØB=1:SÆSON=SÆSON,2014-06-01,2050.0
DST:FIKS22:BRANCHE07=S:BELØB=1:SÆSON=SÆSON,2014-07-01,1888.0
DST:FIKS22:BRANCHE07=S:BELØB=1:SÆSON=SÆSON,2014-08-01,1985.0
DST:FIKS22:BRANCHE07=S:BELØB=1:SÆSON=SÆSON,2014-09-01,1935.0
DST:FIKS22:BRANCHE07=S:BELØB=1:SÆSON=SÆSON,2014-10-01,1850.0
DST:FIKS22:BRANCHE07=S:BELØB=1:SÆSON=SÆSON,2014-11-01,2007.0
DST:FIKS22:BRANCHE07=S:BELØB=1:SÆSON=SÆSON,2014-12-01,2104.0
DST:FIKS22:BRANCHE07=S:BELØB=1:SÆSON=SÆSON,2015-01-01,1999.0
DST:FIKS22:BRANCHE07=S:BELØB=1:SÆSON=SÆSON,2015-02-01,2017.0
DST:FIKS22:BRANCHE07=S:BELØB=1:SÆSON=SÆSON,2015-03-01,2016.0
DST:FIKS22:BRANCHE07=S:BELØB=1:SÆSON=SÆSON,2015-04-01,2120.0
DST:FIKS22:BRANCHE07=S:BELØB=1:SÆSON=SÆSON,2015-05-01,1956.0
DST:FIKS22:BRANCHE07=S:BELØB=1:SÆSON=SÆSON,2015-06-01,2037.0
DST:FIKS22:BRANCHE07=S:BELØB=1:SÆSON=SÆSON,2015-07-01,1936.0
DST:FIKS22:BRANCHE07=S:BELØB=1:SÆSON=SÆSON,2015-08-01,2032.0
DST:FIKS22:BRANCHE07=S:BELØB=1:SÆSON=SÆSON,2015-09-01,2010.0
DST:FIKS22:BRANCHE07=S:BELØB=1:SÆSON=SÆSON,2015-10-01,1955.0
DST:FIKS22:BRANCHE07=S:BELØB=1:SÆSON=SÆSON,2015-11-01,2205.0
DST:FIKS22:BRANCHE07=S:BELØB=1:SÆSON=SÆSON,2015-12-01,1875.0
DST:FIKS22:BRANCHE07=S:BELØB=1:SÆSON=SÆSON,2016-01-01,2061.0
DST:FIKS22:BRANCHE07=S:BELØB=1:SÆSON=SÆSON,2016-02-01,2030.0
DST:FIKS22:BRANCHE07=S:BELØB=1:SÆSON=SÆSON,2016-03-01,2013.0
DST:FIKS22:BRANCHE07=S:BELØB=1:SÆSON=SÆSON,2016-04-01,1843.0
DST:FIKS22:BRANCHE07=S:BELØB=1:SÆSON=SÆSON,2016-05-01,2221.0
DST:FIKS22:BRANCHE07=S:BELØB=1:SÆSON=SÆSON,2016-06-01,1956.0
DST:FIKS22:BRANCHE07=S:BELØB=1:SÆSON=SÆSON,2016-07-01,1795.0
DST:FIKS22:BRANCHE07=S:BELØB=1:SÆSON=SÆSON,2016-08-01,2016.0
DST:FIKS22:BRANCHE07=S:BELØB=1:SÆSON=SÆSON,2016-09-01,2169.0
DST:FIKS22:BRANCHE07=S:BELØB=1:SÆSON=SÆSON,2016-10-01,2030.0
DST:FIKS22:BRANCHE07=S:BELØB=1:SÆSON=SÆSON,2016-11-01,2150.0
DST:FIKS22:BRANCHE07=S:BELØB=1:SÆSON=SÆSON,2016-12-01,1982.0
DST:FIKS22:BRANCHE07=S:BELØB=1:SÆSON=SÆSON,2017-01-01,1997.0
DST:FIKS22:BRANCHE07=S:BELØB=1:SÆSON=SÆSON,2017-02-01,2071.0
DST:FIKS22:BRANCHE07=S:BELØB=1:SÆSON=SÆSON,2017-03-01,2147.0
DST:FIKS22:BRANCHE07=S:BELØB=1:SÆSON=SÆSON,2017-04-01,2185.0
DST:FIKS22:BRANCHE07=S:BELØB=1:SÆSON=SÆSON,2017-05-01,1870.0
DST:FIKS22:BRANCHE07=S:BELØB=1:SÆSON=SÆSON,2017-06-01,2133.0
DST:FIKS22:BRANCHE07=S:BELØB=1:SÆSON=SÆSON,2017-07-01,2120.0
DST:FIKS22:BRANCHE07=S:BELØB=1:SÆSON=SÆSON,2017-08-01,2040.0
DST:FIKS22:BRANCHE07=S:BELØB=1:SÆSON=SÆSON,2017-09-01,2053.0
DST:FIKS22:BRANCHE07=S:BELØB=1:SÆSON=SÆSON,2017-10-01,2177.0
DST:FIKS22:BRANCHE07=S:BELØB=1:SÆSON=SÆSON,2017-11-01,2086.0
DST:FIKS22:BRANCHE07=S:BELØB=1:SÆSON=SÆSON,2017-12-01,2162.0
DST:FIKS22:BRANCHE07=S:BELØB=1:SÆSON=SÆSON,2018-01-01,2127.0
DST:FIKS22:BRANCHE07=S:BELØB=1:SÆSON=SÆSON,2018-02-01,2128.0
DST:FIKS22:BRANCHE07=S:BELØB=1:SÆSON=SÆSON,2018-03-01,2195.0
DST:FIKS22:BRANCHE07=S:BELØB=1:SÆSON=SÆSON,2018-04-01,1955.0
DST:FIKS22:BRANCHE07=S:BELØB=1:SÆSON=SÆSON,2018-05-01,2166.0
DST:FIKS22:BRANCHE07=S:BELØB=1:SÆSON=SÆSON,2018-06-01,2107.0
DST:FIKS22:BRANCHE07=S:BELØB=1:SÆSON=SÆSON,2018-07-01,2072.0
DST:FIKS22:BRANCHE07=S:BELØB=1:SÆSON=SÆSON,2018-08-01,2180.0
DST:FIKS22:BRANCHE07=S:BELØB=1:SÆSON=SÆSON,2018-09-01,2089.0
DST:FIKS22:BRANCHE07=S:BELØB=1:SÆSON=SÆSON,2018-10-01,2142.0
DST:FIKS22:BRANCHE07=S:BELØB=1:SÆSON=SÆSON,2018-11-01,2224.0
DST:FIKS22:BRANCHE07=S:BELØB=1:SÆSON=SÆSON,2018-12-01,2222.0
DST:FIKS22:BRANCHE07=S:BELØB=1:SÆSON=SÆSON,2019-01-01,2057.0
DST:FIKS22:BRANCHE07=S:BELØB=1:SÆSON=SÆSON,2019-02-01,2358.0
DST:FIKS22:BRANCHE07=S:BELØB=1:SÆSON=SÆSON,2019-03-01,2053.0
DST:FIKS22:BRANCHE07=S:BELØB=1:SÆSON=SÆSON,2019-04-01,2213.0
DST:FIKS22:BRANCHE07=S:BELØB=1:SÆSON=SÆSON,2019-05-01,1853.0
DST:FIKS22:BRANCHE07=S:BELØB=1:SÆSON=SÆSON,2019-06-01,2236.0
DST:FIKS22:BRANCHE07=S:BELØB=1:SÆSON=SÆSON,2019-07-01,2150.0
DST:FIKS22:BRANCHE07=S:BELØB=1:SÆSON=SÆSON,2019-08-01,2096.0
DST:FIKS22:BRANCHE07=S:BELØB=1:SÆSON=SÆSON,2019-09-01,2075.0
DST:FIKS22:BRANCHE07=S:BELØB=1:SÆSON=SÆSON,2019-10-01,2166.0
DST:FIKS22:BRANCHE07=S:BELØB=1:SÆSON=SÆSON,2019-11-01,1867.0
DST:FIKS22:BRANCHE07=S:BELØB=1:SÆSON=SÆSON,2019-12-01,2368.0
DST:FIKS22:BRANCHE07=S:BELØB=1:SÆSON=SÆSON,2020-01-01,2156.0
DST:FIKS22:BRANCHE07=S:BELØB=1:SÆSON=SÆSON,2020-02-01,2135.0
DST:FIKS22:BRANCHE07=S:BELØB=1:SÆSON=SÆSON,2020-03-01,2070.0
DST:FIKS22:BRANCHE07=S:BELØB=1:SÆSON=SÆSON,2020-04-01,1926.0
DST:FIKS22:BRANCHE07=S:BELØB=1:SÆSON=SÆSON,2020-05-01,1508.0
DST:FIKS22:BRANCHE07=S:BELØB=1:SÆSON=SÆSON,2020-06-01,1980.0
DST:FIKS22:BRANCHE07=S:BELØB=1:SÆSON=SÆSON,2020-07-01,2286.0
DST:FIKS22:BRANCHE07=S:BELØB=1:SÆSON=SÆSON,2020-08-01,2145.0
DST:FIKS22:BRANCHE07=S:BELØB=1:SÆSON=SÆSON,2020-09-01,2207.0
DST:FIKS22:BRANCHE07=S:BELØB=1:SÆSON=SÆSON,2020-10-01,2096.0
DST:FIKS22:BRANCHE07=S:BELØB=1:SÆSON=SÆSON,2020-11-01,2132.0
DST:FIKS22:BRANCHE07=S:BELØB=1:SÆSON=SÆSON,2020-12-01,2201.0
DST:FIKS22:BRANCHE07=S:BELØB=1:SÆSON=SÆSON,2021-01-01,1655.0
DST:FIKS22:BRANCHE07=S:BELØB=1:SÆSON=SÆSON,2021-02-01,1673.0
DST:FIKS22:BRANCHE07=S:BELØB=1:SÆSON=SÆSON,2021-03-01,1877.0
DST:FIKS22:BRANCHE07=S:BELØB=1:SÆSON=SÆSON,2021-04-01,1994.0
DST:FIKS22:BRANCHE07=S:BELØB=1:SÆSON=SÆSON,2021-05-01,2102.0
DST:FIKS22:BRANCHE07=S:BELØB=1:SÆSON=SÆSON,2021-06-01,2119.0
DST:FIKS22:BRANCHE07=S:BELØB=1:SÆSON=SÆSON,2021-07-01,2259.0
DST:FIKS22:BRANCHE07=S:BELØB=1:SÆSON=SÆSON,2021-08-01,2162.0
DST:FIKS22:BRANCHE07=S:BELØB=1:SÆSON=SÆSON,2021-09-01,2278.0
DST:FIKS22:BRANCHE07=S:BELØB=1:SÆSON=SÆSON,2021-10-01,2287.0
DST:FIKS22:BRANCHE07=S:BELØB=1:SÆSON=SÆSON,2021-11-01,2218.0
DST:FIKS22:BRANCHE07=S:BELØB=1:SÆSON=SÆSON,2021-12-01,2281.0
DST:FIKS22:BRANCHE07=S:BELØB=1:SÆSON=SÆSON,2022-01-01,2173.0
DST:FIKS22:BRANCHE07=S:BELØB=1:SÆSON=SÆSON,2022-02-01,2305.0
DST:FIKS22:BRANCHE07=S:BELØB=1:SÆSON=SÆSON,2022-03-01,2513.0
DST:FIKS22:BRANCHE07=S:BELØB=1:SÆSON=SÆSON,2022-04-01,2316.0
DST:FIKS22:BRANCHE07=S:BELØB=1:SÆSON=SÆSON,2022-05-01,2325.0
DST:FIKS22:BRANCHE07=S:BELØB=1:SÆSON=SÆSON,2022-06-01,2286.0
DST:FIKS22:BRANCHE07=S:BELØB=1:SÆSON=SÆSON,2022-07-01,2208.0
DST:FIKS22:BRANCHE07=S:BELØB=1:SÆSON=SÆSON,2022-08-01,2332.0
DST:FIKS22:BRANCHE07=S:BELØB=1:SÆSON=SÆSON,2022-09-01,2340.0
DST:FIKS22:BRANCHE07=S:BELØB=1:SÆSON=SÆSON,2022-10-01,2354.0
DST:FIKS22:BRANCHE07=S:BELØB=1:SÆSON=SÆSON,2022-11-01,2301.0
DST:FIKS22:BRANCHE07=S:BELØB=1:SÆSON=SÆSON,2022-12-01,2417.0
DST:FIKS22:BRANCHE07=S:BELØB=1:SÆSON=SÆSON,2023-01-01,2266.0
DST:FIKS22:BRANCHE07=S:BELØB=1:SÆSON=SÆSON,2023-02-01,2347.0
DST:FIKS22:BRANCHE07=S:BELØB=1:SÆSON=SÆSON,2023-03-01,2798.0
DST:FIKS22:BRANCHE07=S:BELØB=1:SÆSON=SÆSON,2023-04-01,2377.0
DST:FIKS22:BRANCHE07=S:BELØB=1:SÆSON=SÆSON,2023-05-01,2418.0
DST:FIKS22:BRANCHE07=S:BELØB=1:SÆSON=SÆSON,2023-06-01,2365.0
DST:FIKS22:BRANCHE07=S:BELØB=1:SÆSON=SÆSON,2023-07-01,2427.0
DST:FIKS22:BRANCHE07=S:BELØB=1:SÆSON=SÆSON,2023-08-01,2355.0
DST:FIKS22:BRANCHE07=S:BELØB=1:SÆSON=SÆSON,2023-09-01,2423.0
DST:FIKS22:BRANCHE07=S:BELØB=1:SÆSON=SÆSON,2023-10-01,2458.0
DST:FIKS22:BRANCHE07=S:BELØB=1:SÆSON=SÆSON,2023-11-01,2467.0
DST:FIKS22:BRANCHE07=S:BELØB=1:SÆSON=SÆSON,2023-12-01,2347.0
DST:FIKS22:BRANCHE07=S:BELØB=1:SÆSON=SÆSON,2024-01-01,2480.0
DST:FIKS22:BRANCHE07=S:BELØB=1:SÆSON=SÆSON,2024-02-01,2663.0
DST:FIKS22:BRANCHE07=S:BELØB=1:SÆSON=SÆSON,2024-03-01,2414.0
DST:FIKS22:BRANCHE07=S:BELØB=1:SÆSON=SÆSON,2024-04-01,2546.0
DST:FIKS22:BRANCHE07=S:BELØB=1:SÆSON=SÆSON,2024-05-01,2414.0
DST:FIKS22:BRANCHE07=S:BELØB=1:SÆSON=SÆSON,2024-06-01,2591.0
DST:FIKS22:BRANCHE07=S:BELØB=1:SÆSON=SÆSON,2024-07-01,2492.0
DST:FIKS22:BRANCHE07=S:BELØB=1:SÆSON=SÆSON,2024-08-01,2614.0
DST:FIKS22:BRANCHE07=S:BELØB=1:SÆSON=SÆSON,2024-09-01,2340.0
DST:FIKS22:BRANCHE07=S:BELØB=1:SÆSON=SÆSON,2024-10-01,2461.0
DST:FIKS22:BRANCHE07=S:BELØB=1:SÆSON=SÆSON,2024-11-01,2558.0
DST:FIKS22:BRANCHE07=S:BELØB=1:SÆSON=SÆSON,2024-12-01,2457.0
DST:FIKS22:BRANCHE07=S:BELØB=1:SÆSON=SÆSON,2025-01-01,2653.0
DST:FIKS22:BRANCHE07=S:BELØB=1:SÆSON=SÆSON,2025-02-01,2647.0
DST:FIKS22:BRANCHE07=S:BELØB=1:SÆSON=SÆSON,2025-03-01,2488.0
DST:FIKS22:BRANCHE07=S:BELØB=1:SÆSON=SÆSON,2025-04-01,2602.0
DST:FIKS22:BRANCHE07=S:BELØB=1:SÆSON=SÆSON,2025-05-01,2537.0
DST:FIKS22:BRANCHE07=S:BELØB=1:SÆSON=SÆSON,2025-06-01,2547.0
DST:FIKS22:BRANCHE07=S:BELØB=1:SÆSON=SÆSON,2025-07-01,2625.0
DST:FIKS22:BRANCHE07=S:BELØB=1:SÆSON=SÆSON,2025-08-01,2597.0
DST:FIKS22:BRANCHE07=S:BELØB=1:SÆSON=SÆSON,2025-09-01,2602.0
DST:FIKS22:BRANCHE07=S:BELØB=1:SÆSON=SÆSON,2025-10-01,2705.0
DST:FIKS22:BRANCHE07=S:BELØB=1:SÆSON=SÆSON,2025-11-01,2649.0
DST:FIKS22:BRANCHE07=S:BELØB=1:SÆSON=SÆSON,2025-12-01,2687.0
DST:FIKS22:BRANCHE07=S:BELØB=1:SÆSON=SÆSON,2026-01-01,3018.0
DST:FIKS22:BRANCHE07=S:BELØB=1:SÆSON=SÆSON,2026-02-01,2849.0
DST:FIKS22:BRANCHE07=S:BELØB=1:SÆSON=SÆSON,2026-03-01,3169.0
DST:FIKS22:BRANCHE07=S:BELØB=3:SÆSON=EJSÆSON,2009-01-01,1027.0
DST:FIKS22:BRANCHE07=S:BELØB=3:SÆSON=EJSÆSON,2009-02-01,910.0
DST:FIKS22:BRANCHE07=S:BELØB=3:SÆSON=EJSÆSON,2009-03-01,1180.0
DST:FIKS22:BRANCHE07=S:BELØB=3:SÆSON=EJSÆSON,2009-04-01,1029.0
DST:FIKS22:BRANCHE07=S:BELØB=3:SÆSON=EJSÆSON,2009-05-01,863.0
DST:FIKS22:BRANCHE07=S:BELØB=3:SÆSON=EJSÆSON,2009-06-01,1214.0
DST:FIKS22:BRANCHE07=S:BELØB=3:SÆSON=EJSÆSON,2009-07-01,834.0
DST:FIKS22:BRANCHE07=S:BELØB=3:SÆSON=EJSÆSON,2009-08-01,934.0
DST:FIKS22:BRANCHE07=S:BELØB=3:SÆSON=EJSÆSON,2009-09-01,1285.0
DST:FIKS22:BRANCHE07=S:BELØB=3:SÆSON=EJSÆSON,2009-10-01,1164.0
DST:FIKS22:BRANCHE07=S:BELØB=3:SÆSON=EJSÆSON,2009-11-01,1006.0
DST:FIKS22:BRANCHE07=S:BELØB=3:SÆSON=EJSÆSON,2009-12-01,1379.0
DST:FIKS22:BRANCHE07=S:BELØB=3:SÆSON=EJSÆSON,2010-01-01,955.0
DST:FIKS22:BRANCHE07=S:BELØB=3:SÆSON=EJSÆSON,2010-02-01,826.0
DST:FIKS22:BRANCHE07=S:BELØB=3:SÆSON=EJSÆSON,2010-03-01,1230.0
DST:FIKS22:BRANCHE07=S:BELØB=3:SÆSON=EJSÆSON,2010-04-01,994.0
DST:FIKS22:BRANCHE07=S:BELØB=3:SÆSON=EJSÆSON,2010-05-01,966.0
DST:FIKS22:BRANCHE07=S:BELØB=3:SÆSON=EJSÆSON,2010-06-01,1121.0
DST:FIKS22:BRANCHE07=S:BELØB=3:SÆSON=EJSÆSON,2010-07-01,935.0
DST:FIKS22:BRANCHE07=S:BELØB=3:SÆSON=EJSÆSON,2010-08-01,1009.0
DST:FIKS22:BRANCHE07=S:BELØB=3:SÆSON=EJSÆSON,2010-09-01,1250.0
DST:FIKS22:BRANCHE07=S:BELØB=3:SÆSON=EJSÆSON,2010-10-01,1170.0
DST:FIKS22:BRANCHE07=S:BELØB=3:SÆSON=EJSÆSON,2010-11-01,1101.0
DST:FIKS22:BRANCHE07=S:BELØB=3:SÆSON=EJSÆSON,2010-12-01,1528.0
DST:FIKS22:BRANCHE07=S:BELØB=3:SÆSON=EJSÆSON,2011-01-01,1001.0
DST:FIKS22:BRANCHE07=S:BELØB=3:SÆSON=EJSÆSON,2011-02-01,965.0
DST:FIKS22:BRANCHE07=S:BELØB=3:SÆSON=EJSÆSON,2011-03-01,1139.0
DST:FIKS22:BRANCHE07=S:BELØB=3:SÆSON=EJSÆSON,2011-04-01,984.0
DST:FIKS22:BRANCHE07=S:BELØB=3:SÆSON=EJSÆSON,2011-05-01,1014.0
DST:FIKS22:BRANCHE07=S:BELØB=3:SÆSON=EJSÆSON,2011-06-01,1176.0
DST:FIKS22:BRANCHE07=S:BELØB=3:SÆSON=EJSÆSON,2011-07-01,978.0
DST:FIKS22:BRANCHE07=S:BELØB=3:SÆSON=EJSÆSON,2011-08-01,1107.0
DST:FIKS22:BRANCHE07=S:BELØB=3:SÆSON=EJSÆSON,2011-09-01,1206.0
DST:FIKS22:BRANCHE07=S:BELØB=3:SÆSON=EJSÆSON,2011-10-01,1225.0
DST:FIKS22:BRANCHE07=S:BELØB=3:SÆSON=EJSÆSON,2011-11-01,1100.0
DST:FIKS22:BRANCHE07=S:BELØB=3:SÆSON=EJSÆSON,2011-12-01,1558.0
DST:FIKS22:BRANCHE07=S:BELØB=3:SÆSON=EJSÆSON,2012-01-01,992.0
DST:FIKS22:BRANCHE07=S:BELØB=3:SÆSON=EJSÆSON,2012-02-01,945.0
DST:FIKS22:BRANCHE07=S:BELØB=3:SÆSON=EJSÆSON,2012-03-01,1130.0
DST:FIKS22:BRANCHE07=S:BELØB=3:SÆSON=EJSÆSON,2012-04-01,1060.0
DST:FIKS22:BRANCHE07=S:BELØB=3:SÆSON=EJSÆSON,2012-05-01,972.0
DST:FIKS22:BRANCHE07=S:BELØB=3:SÆSON=EJSÆSON,2012-06-01,1092.0
DST:FIKS22:BRANCHE07=S:BELØB=3:SÆSON=EJSÆSON,2012-07-01,938.0
DST:FIKS22:BRANCHE07=S:BELØB=3:SÆSON=EJSÆSON,2012-08-01,1121.0
DST:FIKS22:BRANCHE07=S:BELØB=3:SÆSON=EJSÆSON,2012-09-01,1197.0
DST:FIKS22:BRANCHE07=S:BELØB=3:SÆSON=EJSÆSON,2012-10-01,1266.0
DST:FIKS22:BRANCHE07=S:BELØB=3:SÆSON=EJSÆSON,2012-11-01,1095.0
DST:FIKS22:BRANCHE07=S:BELØB=3:SÆSON=EJSÆSON,2012-12-01,1571.0
DST:FIKS22:BRANCHE07=S:BELØB=3:SÆSON=EJSÆSON,2013-01-01,1018.0
DST:FIKS22:BRANCHE07=S:BELØB=3:SÆSON=EJSÆSON,2013-02-01,925.0
DST:FIKS22:BRANCHE07=S:BELØB=3:SÆSON=EJSÆSON,2013-03-01,1155.0
DST:FIKS22:BRANCHE07=S:BELØB=3:SÆSON=EJSÆSON,2013-04-01,1093.0
DST:FIKS22:BRANCHE07=S:BELØB=3:SÆSON=EJSÆSON,2013-05-01,1058.0
DST:FIKS22:BRANCHE07=S:BELØB=3:SÆSON=EJSÆSON,2013-06-01,1268.0
DST:FIKS22:BRANCHE07=S:BELØB=3:SÆSON=EJSÆSON,2013-07-01,951.0
DST:FIKS22:BRANCHE07=S:BELØB=3:SÆSON=EJSÆSON,2013-08-01,1041.0
DST:FIKS22:BRANCHE07=S:BELØB=3:SÆSON=EJSÆSON,2013-09-01,1255.0
DST:FIKS22:BRANCHE07=S:BELØB=3:SÆSON=EJSÆSON,2013-10-01,1236.0
DST:FIKS22:BRANCHE07=S:BELØB=3:SÆSON=EJSÆSON,2013-11-01,1110.0
DST:FIKS22:BRANCHE07=S:BELØB=3:SÆSON=EJSÆSON,2013-12-01,1541.0
DST:FIKS22:BRANCHE07=S:BELØB=3:SÆSON=EJSÆSON,2014-01-01,1006.0
DST:FIKS22:BRANCHE07=S:BELØB=3:SÆSON=EJSÆSON,2014-02-01,968.0
DST:FIKS22:BRANCHE07=S:BELØB=3:SÆSON=EJSÆSON,2014-03-01,1201.0
DST:FIKS22:BRANCHE07=S:BELØB=3:SÆSON=EJSÆSON,2014-04-01,998.0
DST:FIKS22:BRANCHE07=S:BELØB=3:SÆSON=EJSÆSON,2014-05-01,1070.0
DST:FIKS22:BRANCHE07=S:BELØB=3:SÆSON=EJSÆSON,2014-06-01,1116.0
DST:FIKS22:BRANCHE07=S:BELØB=3:SÆSON=EJSÆSON,2014-07-01,917.0
DST:FIKS22:BRANCHE07=S:BELØB=3:SÆSON=EJSÆSON,2014-08-01,1197.0
DST:FIKS22:BRANCHE07=S:BELØB=3:SÆSON=EJSÆSON,2014-09-01,1162.0
DST:FIKS22:BRANCHE07=S:BELØB=3:SÆSON=EJSÆSON,2014-10-01,1308.0
DST:FIKS22:BRANCHE07=S:BELØB=3:SÆSON=EJSÆSON,2014-11-01,1142.0
DST:FIKS22:BRANCHE07=S:BELØB=3:SÆSON=EJSÆSON,2014-12-01,1522.0
DST:FIKS22:BRANCHE07=S:BELØB=3:SÆSON=EJSÆSON,2015-01-01,981.0
DST:FIKS22:BRANCHE07=S:BELØB=3:SÆSON=EJSÆSON,2015-02-01,966.0
DST:FIKS22:BRANCHE07=S:BELØB=3:SÆSON=EJSÆSON,2015-03-01,1314.0
DST:FIKS22:BRANCHE07=S:BELØB=3:SÆSON=EJSÆSON,2015-04-01,1140.0
DST:FIKS22:BRANCHE07=S:BELØB=3:SÆSON=EJSÆSON,2015-05-01,950.0
DST:FIKS22:BRANCHE07=S:BELØB=3:SÆSON=EJSÆSON,2015-06-01,1207.0
DST:FIKS22:BRANCHE07=S:BELØB=3:SÆSON=EJSÆSON,2015-07-01,1053.0
DST:FIKS22:BRANCHE07=S:BELØB=3:SÆSON=EJSÆSON,2015-08-01,944.0
DST:FIKS22:BRANCHE07=S:BELØB=3:SÆSON=EJSÆSON,2015-09-01,1310.0
DST:FIKS22:BRANCHE07=S:BELØB=3:SÆSON=EJSÆSON,2015-10-01,1198.0
DST:FIKS22:BRANCHE07=S:BELØB=3:SÆSON=EJSÆSON,2015-11-01,1180.0
DST:FIKS22:BRANCHE07=S:BELØB=3:SÆSON=EJSÆSON,2015-12-01,1579.0
DST:FIKS22:BRANCHE07=S:BELØB=3:SÆSON=EJSÆSON,2016-01-01,986.0
DST:FIKS22:BRANCHE07=S:BELØB=3:SÆSON=EJSÆSON,2016-02-01,1013.0
DST:FIKS22:BRANCHE07=S:BELØB=3:SÆSON=EJSÆSON,2016-03-01,1255.0
DST:FIKS22:BRANCHE07=S:BELØB=3:SÆSON=EJSÆSON,2016-04-01,1161.0
DST:FIKS22:BRANCHE07=S:BELØB=3:SÆSON=EJSÆSON,2016-05-01,1120.0
DST:FIKS22:BRANCHE07=S:BELØB=3:SÆSON=EJSÆSON,2016-06-01,1164.0
DST:FIKS22:BRANCHE07=S:BELØB=3:SÆSON=EJSÆSON,2016-07-01,965.0
DST:FIKS22:BRANCHE07=S:BELØB=3:SÆSON=EJSÆSON,2016-08-01,1024.0
DST:FIKS22:BRANCHE07=S:BELØB=3:SÆSON=EJSÆSON,2016-09-01,1198.0
DST:FIKS22:BRANCHE07=S:BELØB=3:SÆSON=EJSÆSON,2016-10-01,1403.0
DST:FIKS22:BRANCHE07=S:BELØB=3:SÆSON=EJSÆSON,2016-11-01,1218.0
DST:FIKS22:BRANCHE07=S:BELØB=3:SÆSON=EJSÆSON,2016-12-01,1530.0
DST:FIKS22:BRANCHE07=S:BELØB=3:SÆSON=EJSÆSON,2017-01-01,1018.0
DST:FIKS22:BRANCHE07=S:BELØB=3:SÆSON=EJSÆSON,2017-02-01,914.0
DST:FIKS22:BRANCHE07=S:BELØB=3:SÆSON=EJSÆSON,2017-03-01,1402.0
DST:FIKS22:BRANCHE07=S:BELØB=3:SÆSON=EJSÆSON,2017-04-01,1108.0
DST:FIKS22:BRANCHE07=S:BELØB=3:SÆSON=EJSÆSON,2017-05-01,1163.0
DST:FIKS22:BRANCHE07=S:BELØB=3:SÆSON=EJSÆSON,2017-06-01,1231.0
DST:FIKS22:BRANCHE07=S:BELØB=3:SÆSON=EJSÆSON,2017-07-01,950.0
DST:FIKS22:BRANCHE07=S:BELØB=3:SÆSON=EJSÆSON,2017-08-01,1117.0
DST:FIKS22:BRANCHE07=S:BELØB=3:SÆSON=EJSÆSON,2017-09-01,1193.0
DST:FIKS22:BRANCHE07=S:BELØB=3:SÆSON=EJSÆSON,2017-10-01,1325.0
DST:FIKS22:BRANCHE07=S:BELØB=3:SÆSON=EJSÆSON,2017-11-01,1349.0
DST:FIKS22:BRANCHE07=S:BELØB=3:SÆSON=EJSÆSON,2017-12-01,1740.0
DST:FIKS22:BRANCHE07=S:BELØB=3:SÆSON=EJSÆSON,2018-01-01,1088.0
DST:FIKS22:BRANCHE07=S:BELØB=3:SÆSON=EJSÆSON,2018-02-01,1001.0
DST:FIKS22:BRANCHE07=S:BELØB=3:SÆSON=EJSÆSON,2018-03-01,1152.0
DST:FIKS22:BRANCHE07=S:BELØB=3:SÆSON=EJSÆSON,2018-04-01,1138.0
DST:FIKS22:BRANCHE07=S:BELØB=3:SÆSON=EJSÆSON,2018-05-01,1067.0
DST:FIKS22:BRANCHE07=S:BELØB=3:SÆSON=EJSÆSON,2018-06-01,1278.0
DST:FIKS22:BRANCHE07=S:BELØB=3:SÆSON=EJSÆSON,2018-07-01,1027.0
DST:FIKS22:BRANCHE07=S:BELØB=3:SÆSON=EJSÆSON,2018-08-01,1153.0
DST:FIKS22:BRANCHE07=S:BELØB=3:SÆSON=EJSÆSON,2018-09-01,1159.0
DST:FIKS22:BRANCHE07=S:BELØB=3:SÆSON=EJSÆSON,2018-10-01,1382.0
DST:FIKS22:BRANCHE07=S:BELØB=3:SÆSON=EJSÆSON,2018-11-01,1413.0
DST:FIKS22:BRANCHE07=S:BELØB=3:SÆSON=EJSÆSON,2018-12-01,1529.0
DST:FIKS22:BRANCHE07=S:BELØB=3:SÆSON=EJSÆSON,2019-01-01,1144.0
DST:FIKS22:BRANCHE07=S:BELØB=3:SÆSON=EJSÆSON,2019-02-01,991.0
DST:FIKS22:BRANCHE07=S:BELØB=3:SÆSON=EJSÆSON,2019-03-01,1132.0
DST:FIKS22:BRANCHE07=S:BELØB=3:SÆSON=EJSÆSON,2019-04-01,1148.0
DST:FIKS22:BRANCHE07=S:BELØB=3:SÆSON=EJSÆSON,2019-05-01,1075.0
DST:FIKS22:BRANCHE07=S:BELØB=3:SÆSON=EJSÆSON,2019-06-01,1181.0
DST:FIKS22:BRANCHE07=S:BELØB=3:SÆSON=EJSÆSON,2019-07-01,968.0
DST:FIKS22:BRANCHE07=S:BELØB=3:SÆSON=EJSÆSON,2019-08-01,1128.0
DST:FIKS22:BRANCHE07=S:BELØB=3:SÆSON=EJSÆSON,2019-09-01,1219.0
DST:FIKS22:BRANCHE07=S:BELØB=3:SÆSON=EJSÆSON,2019-10-01,1261.0
DST:FIKS22:BRANCHE07=S:BELØB=3:SÆSON=EJSÆSON,2019-11-01,1190.0
DST:FIKS22:BRANCHE07=S:BELØB=3:SÆSON=EJSÆSON,2019-12-01,1619.0
DST:FIKS22:BRANCHE07=S:BELØB=3:SÆSON=EJSÆSON,2020-01-01,1193.0
DST:FIKS22:BRANCHE07=S:BELØB=3:SÆSON=EJSÆSON,2020-02-01,1038.0
DST:FIKS22:BRANCHE07=S:BELØB=3:SÆSON=EJSÆSON,2020-03-01,1002.0
DST:FIKS22:BRANCHE07=S:BELØB=3:SÆSON=EJSÆSON,2020-04-01,1032.0
DST:FIKS22:BRANCHE07=S:BELØB=3:SÆSON=EJSÆSON,2020-05-01,902.0
DST:FIKS22:BRANCHE07=S:BELØB=3:SÆSON=EJSÆSON,2020-06-01,998.0
DST:FIKS22:BRANCHE07=S:BELØB=3:SÆSON=EJSÆSON,2020-07-01,1132.0
DST:FIKS22:BRANCHE07=S:BELØB=3:SÆSON=EJSÆSON,2020-08-01,1077.0
DST:FIKS22:BRANCHE07=S:BELØB=3:SÆSON=EJSÆSON,2020-09-01,1268.0
DST:FIKS22:BRANCHE07=S:BELØB=3:SÆSON=EJSÆSON,2020-10-01,1394.0
DST:FIKS22:BRANCHE07=S:BELØB=3:SÆSON=EJSÆSON,2020-11-01,1410.0
DST:FIKS22:BRANCHE07=S:BELØB=3:SÆSON=EJSÆSON,2020-12-01,1644.0
DST:FIKS22:BRANCHE07=S:BELØB=3:SÆSON=EJSÆSON,2021-01-01,983.0
DST:FIKS22:BRANCHE07=S:BELØB=3:SÆSON=EJSÆSON,2021-02-01,942.0
DST:FIKS22:BRANCHE07=S:BELØB=3:SÆSON=EJSÆSON,2021-03-01,1069.0
DST:FIKS22:BRANCHE07=S:BELØB=3:SÆSON=EJSÆSON,2021-04-01,1065.0
DST:FIKS22:BRANCHE07=S:BELØB=3:SÆSON=EJSÆSON,2021-05-01,1085.0
DST:FIKS22:BRANCHE07=S:BELØB=3:SÆSON=EJSÆSON,2021-06-01,1265.0
DST:FIKS22:BRANCHE07=S:BELØB=3:SÆSON=EJSÆSON,2021-07-01,1044.0
DST:FIKS22:BRANCHE07=S:BELØB=3:SÆSON=EJSÆSON,2021-08-01,1048.0
DST:FIKS22:BRANCHE07=S:BELØB=3:SÆSON=EJSÆSON,2021-09-01,1329.0
DST:FIKS22:BRANCHE07=S:BELØB=3:SÆSON=EJSÆSON,2021-10-01,1454.0
DST:FIKS22:BRANCHE07=S:BELØB=3:SÆSON=EJSÆSON,2021-11-01,1326.0
DST:FIKS22:BRANCHE07=S:BELØB=3:SÆSON=EJSÆSON,2021-12-01,1638.0
DST:FIKS22:BRANCHE07=S:BELØB=3:SÆSON=EJSÆSON,2022-01-01,1376.0
DST:FIKS22:BRANCHE07=S:BELØB=3:SÆSON=EJSÆSON,2022-02-01,1053.0
DST:FIKS22:BRANCHE07=S:BELØB=3:SÆSON=EJSÆSON,2022-03-01,1216.0
DST:FIKS22:BRANCHE07=S:BELØB=3:SÆSON=EJSÆSON,2022-04-01,1254.0
DST:FIKS22:BRANCHE07=S:BELØB=3:SÆSON=EJSÆSON,2022-05-01,1242.0
DST:FIKS22:BRANCHE07=S:BELØB=3:SÆSON=EJSÆSON,2022-06-01,1305.0
DST:FIKS22:BRANCHE07=S:BELØB=3:SÆSON=EJSÆSON,2022-07-01,1080.0
DST:FIKS22:BRANCHE07=S:BELØB=3:SÆSON=EJSÆSON,2022-08-01,1269.0
DST:FIKS22:BRANCHE07=S:BELØB=3:SÆSON=EJSÆSON,2022-09-01,1329.0
DST:FIKS22:BRANCHE07=S:BELØB=3:SÆSON=EJSÆSON,2022-10-01,1423.0
DST:FIKS22:BRANCHE07=S:BELØB=3:SÆSON=EJSÆSON,2022-11-01,1302.0
DST:FIKS22:BRANCHE07=S:BELØB=3:SÆSON=EJSÆSON,2022-12-01,1651.0
DST:FIKS22:BRANCHE07=S:BELØB=3:SÆSON=EJSÆSON,2023-01-01,1278.0
DST:FIKS22:BRANCHE07=S:BELØB=3:SÆSON=EJSÆSON,2023-02-01,1154.0
DST:FIKS22:BRANCHE07=S:BELØB=3:SÆSON=EJSÆSON,2023-03-01,1420.0
DST:FIKS22:BRANCHE07=S:BELØB=3:SÆSON=EJSÆSON,2023-04-01,1225.0
DST:FIKS22:BRANCHE07=S:BELØB=3:SÆSON=EJSÆSON,2023-05-01,1223.0
DST:FIKS22:BRANCHE07=S:BELØB=3:SÆSON=EJSÆSON,2023-06-01,1252.0
DST:FIKS22:BRANCHE07=S:BELØB=3:SÆSON=EJSÆSON,2023-07-01,1174.0
DST:FIKS22:BRANCHE07=S:BELØB=3:SÆSON=EJSÆSON,2023-08-01,1194.0
DST:FIKS22:BRANCHE07=S:BELØB=3:SÆSON=EJSÆSON,2023-09-01,1330.0
DST:FIKS22:BRANCHE07=S:BELØB=3:SÆSON=EJSÆSON,2023-10-01,1312.0
DST:FIKS22:BRANCHE07=S:BELØB=3:SÆSON=EJSÆSON,2023-11-01,1381.0
DST:FIKS22:BRANCHE07=S:BELØB=3:SÆSON=EJSÆSON,2023-12-01,1668.0
DST:FIKS22:BRANCHE07=S:BELØB=3:SÆSON=EJSÆSON,2024-01-01,1278.0
DST:FIKS22:BRANCHE07=S:BELØB=3:SÆSON=EJSÆSON,2024-02-01,1211.0
DST:FIKS22:BRANCHE07=S:BELØB=3:SÆSON=EJSÆSON,2024-03-01,1215.0
DST:FIKS22:BRANCHE07=S:BELØB=3:SÆSON=EJSÆSON,2024-04-01,1510.0
DST:FIKS22:BRANCHE07=S:BELØB=3:SÆSON=EJSÆSON,2024-05-01,1288.0
DST:FIKS22:BRANCHE07=S:BELØB=3:SÆSON=EJSÆSON,2024-06-01,1490.0
DST:FIKS22:BRANCHE07=S:BELØB=3:SÆSON=EJSÆSON,2024-07-01,1230.0
DST:FIKS22:BRANCHE07=S:BELØB=3:SÆSON=EJSÆSON,2024-08-01,1341.0
DST:FIKS22:BRANCHE07=S:BELØB=3:SÆSON=EJSÆSON,2024-09-01,1404.0
DST:FIKS22:BRANCHE07=S:BELØB=3:SÆSON=EJSÆSON,2024-10-01,1498.0
DST:FIKS22:BRANCHE07=S:BELØB=3:SÆSON=EJSÆSON,2024-11-01,1379.0
DST:FIKS22:BRANCHE07=S:BELØB=3:SÆSON=EJSÆSON,2024-12-01,1664.0
DST:FIKS22:BRANCHE07=S:BELØB=3:SÆSON=EJSÆSON,2025-01-01,1416.0
DST:FIKS22:BRANCHE07=S:BELØB=3:SÆSON=EJSÆSON,2025-02-01,1248.0
DST:FIKS22:BRANCHE07=S:BELØB=3:SÆSON=EJSÆSON,2025-03-01,1294.0
DST:FIKS22:BRANCHE07=S:BELØB=3:SÆSON=EJSÆSON,2025-04-01,1363.0
DST:FIKS22:BRANCHE07=S:BELØB=3:SÆSON=EJSÆSON,2025-05-01,1298.0
DST:FIKS22:BRANCHE07=S:BELØB=3:SÆSON=EJSÆSON,2025-06-01,1470.0
DST:FIKS22:BRANCHE07=S:BELØB=3:SÆSON=EJSÆSON,2025-07-01,1192.0
DST:FIKS22:BRANCHE07=S:BELØB=3:SÆSON=EJSÆSON,2025-08-01,1431.0
DST:FIKS22:BRANCHE07=S:BELØB=3:SÆSON=EJSÆSON,2025-09-01,1479.0
DST:FIKS22:BRANCHE07=S:BELØB=3:SÆSON=EJSÆSON,2025-10-01,1615.0
DST:FIKS22:BRANCHE07=S:BELØB=3:SÆSON=EJSÆSON,2025-11-01,1469.0
DST:FIKS22:BRANCHE07=S:BELØB=3:SÆSON=EJSÆSON,2025-12-01,1670.0
DST:FIKS22:BRANCHE07=S:BELØB=3:SÆSON=EJSÆSON,2026-01-01,1270.0
DST:FIKS22:BRANCHE07=S:BELØB=3:SÆSON=EJSÆSON,2026-02-01,1253.0
DST:FIKS22:BRANCHE07=S:BELØB=3:SÆSON=EJSÆSON,2026-03-01,1371.0
DST:FIKS22:BRANCHE07=S:BELØB=3:SÆSON=SÆSON,2009-01-01,1127.0
DST:FIKS22:BRANCHE07=S:BELØB=3:SÆSON=SÆSON,2009-02-01,1095.0
DST:FIKS22:BRANCHE07=S:BELØB=3:SÆSON=SÆSON,2009-03-01,1129.0
DST:FIKS22:BRANCHE07=S:BELØB=3:SÆSON=SÆSON,2009-04-01,1110.0
DST:FIKS22:BRANCHE07=S:BELØB=3:SÆSON=SÆSON,2009-05-01,975.0
DST:FIKS22:BRANCHE07=S:BELØB=3:SÆSON=SÆSON,2009-06-01,1179.0
DST:FIKS22:BRANCHE07=S:BELØB=3:SÆSON=SÆSON,2009-07-01,1006.0
DST:FIKS22:BRANCHE07=S:BELØB=3:SÆSON=SÆSON,2009-08-01,1002.0
DST:FIKS22:BRANCHE07=S:BELØB=3:SÆSON=SÆSON,2009-09-01,1173.0
DST:FIKS22:BRANCHE07=S:BELØB=3:SÆSON=SÆSON,2009-10-01,1056.0
DST:FIKS22:BRANCHE07=S:BELØB=3:SÆSON=SÆSON,2009-11-01,1024.0
DST:FIKS22:BRANCHE07=S:BELØB=3:SÆSON=SÆSON,2009-12-01,947.0
DST:FIKS22:BRANCHE07=S:BELØB=3:SÆSON=SÆSON,2010-01-01,1056.0
DST:FIKS22:BRANCHE07=S:BELØB=3:SÆSON=SÆSON,2010-02-01,1012.0
DST:FIKS22:BRANCHE07=S:BELØB=3:SÆSON=SÆSON,2010-03-01,1177.0
DST:FIKS22:BRANCHE07=S:BELØB=3:SÆSON=SÆSON,2010-04-01,1075.0
DST:FIKS22:BRANCHE07=S:BELØB=3:SÆSON=SÆSON,2010-05-01,1077.0
DST:FIKS22:BRANCHE07=S:BELØB=3:SÆSON=SÆSON,2010-06-01,1088.0
DST:FIKS22:BRANCHE07=S:BELØB=3:SÆSON=SÆSON,2010-07-01,1107.0
DST:FIKS22:BRANCHE07=S:BELØB=3:SÆSON=SÆSON,2010-08-01,1078.0
DST:FIKS22:BRANCHE07=S:BELØB=3:SÆSON=SÆSON,2010-09-01,1139.0
DST:FIKS22:BRANCHE07=S:BELØB=3:SÆSON=SÆSON,2010-10-01,1059.0
DST:FIKS22:BRANCHE07=S:BELØB=3:SÆSON=SÆSON,2010-11-01,1119.0
DST:FIKS22:BRANCHE07=S:BELØB=3:SÆSON=SÆSON,2010-12-01,1096.0
DST:FIKS22:BRANCHE07=S:BELØB=3:SÆSON=SÆSON,2011-01-01,1106.0
DST:FIKS22:BRANCHE07=S:BELØB=3:SÆSON=SÆSON,2011-02-01,1148.0
DST:FIKS22:BRANCHE07=S:BELØB=3:SÆSON=SÆSON,2011-03-01,1085.0
DST:FIKS22:BRANCHE07=S:BELØB=3:SÆSON=SÆSON,2011-04-01,1070.0
DST:FIKS22:BRANCHE07=S:BELØB=3:SÆSON=SÆSON,2011-05-01,1118.0
DST:FIKS22:BRANCHE07=S:BELØB=3:SÆSON=SÆSON,2011-06-01,1148.0
DST:FIKS22:BRANCHE07=S:BELØB=3:SÆSON=SÆSON,2011-07-01,1148.0
DST:FIKS22:BRANCHE07=S:BELØB=3:SÆSON=SÆSON,2011-08-01,1175.0
DST:FIKS22:BRANCHE07=S:BELØB=3:SÆSON=SÆSON,2011-09-01,1100.0
DST:FIKS22:BRANCHE07=S:BELØB=3:SÆSON=SÆSON,2011-10-01,1110.0
DST:FIKS22:BRANCHE07=S:BELØB=3:SÆSON=SÆSON,2011-11-01,1117.0
DST:FIKS22:BRANCHE07=S:BELØB=3:SÆSON=SÆSON,2011-12-01,1131.0
DST:FIKS22:BRANCHE07=S:BELØB=3:SÆSON=SÆSON,2012-01-01,1105.0
DST:FIKS22:BRANCHE07=S:BELØB=3:SÆSON=SÆSON,2012-02-01,1125.0
DST:FIKS22:BRANCHE07=S:BELØB=3:SÆSON=SÆSON,2012-03-01,1067.0
DST:FIKS22:BRANCHE07=S:BELØB=3:SÆSON=SÆSON,2012-04-01,1150.0
DST:FIKS22:BRANCHE07=S:BELØB=3:SÆSON=SÆSON,2012-05-01,1067.0
DST:FIKS22:BRANCHE07=S:BELØB=3:SÆSON=SÆSON,2012-06-01,1065.0
DST:FIKS22:BRANCHE07=S:BELØB=3:SÆSON=SÆSON,2012-07-01,1107.0
DST:FIKS22:BRANCHE07=S:BELØB=3:SÆSON=SÆSON,2012-08-01,1190.0
DST:FIKS22:BRANCHE07=S:BELØB=3:SÆSON=SÆSON,2012-09-01,1101.0
DST:FIKS22:BRANCHE07=S:BELØB=3:SÆSON=SÆSON,2012-10-01,1149.0
DST:FIKS22:BRANCHE07=S:BELØB=3:SÆSON=SÆSON,2012-11-01,1109.0
DST:FIKS22:BRANCHE07=S:BELØB=3:SÆSON=SÆSON,2012-12-01,1149.0
DST:FIKS22:BRANCHE07=S:BELØB=3:SÆSON=SÆSON,2013-01-01,1144.0
DST:FIKS22:BRANCHE07=S:BELØB=3:SÆSON=SÆSON,2013-02-01,1100.0
DST:FIKS22:BRANCHE07=S:BELØB=3:SÆSON=SÆSON,2013-03-01,1149.0
DST:FIKS22:BRANCHE07=S:BELØB=3:SÆSON=SÆSON,2013-04-01,1106.0
DST:FIKS22:BRANCHE07=S:BELØB=3:SÆSON=SÆSON,2013-05-01,1143.0
DST:FIKS22:BRANCHE07=S:BELØB=3:SÆSON=SÆSON,2013-06-01,1248.0
DST:FIKS22:BRANCHE07=S:BELØB=3:SÆSON=SÆSON,2013-07-01,1121.0
DST:FIKS22:BRANCHE07=S:BELØB=3:SÆSON=SÆSON,2013-08-01,1117.0
DST:FIKS22:BRANCHE07=S:BELØB=3:SÆSON=SÆSON,2013-09-01,1172.0
DST:FIKS22:BRANCHE07=S:BELØB=3:SÆSON=SÆSON,2013-10-01,1108.0
DST:FIKS22:BRANCHE07=S:BELØB=3:SÆSON=SÆSON,2013-11-01,1116.0
DST:FIKS22:BRANCHE07=S:BELØB=3:SÆSON=SÆSON,2013-12-01,1128.0
DST:FIKS22:BRANCHE07=S:BELØB=3:SÆSON=SÆSON,2014-01-01,1144.0
DST:FIKS22:BRANCHE07=S:BELØB=3:SÆSON=SÆSON,2014-02-01,1148.0
DST:FIKS22:BRANCHE07=S:BELØB=3:SÆSON=SÆSON,2014-03-01,1102.0
DST:FIKS22:BRANCHE07=S:BELØB=3:SÆSON=SÆSON,2014-04-01,1079.0
DST:FIKS22:BRANCHE07=S:BELØB=3:SÆSON=SÆSON,2014-05-01,1140.0
DST:FIKS22:BRANCHE07=S:BELØB=3:SÆSON=SÆSON,2014-06-01,1097.0
DST:FIKS22:BRANCHE07=S:BELØB=3:SÆSON=SÆSON,2014-07-01,1095.0
DST:FIKS22:BRANCHE07=S:BELØB=3:SÆSON=SÆSON,2014-08-01,1286.0
DST:FIKS22:BRANCHE07=S:BELØB=3:SÆSON=SÆSON,2014-09-01,1093.0
DST:FIKS22:BRANCHE07=S:BELØB=3:SÆSON=SÆSON,2014-10-01,1176.0
DST:FIKS22:BRANCHE07=S:BELØB=3:SÆSON=SÆSON,2014-11-01,1130.0
DST:FIKS22:BRANCHE07=S:BELØB=3:SÆSON=SÆSON,2014-12-01,1115.0
DST:FIKS22:BRANCHE07=S:BELØB=3:SÆSON=SÆSON,2015-01-01,1125.0
DST:FIKS22:BRANCHE07=S:BELØB=3:SÆSON=SÆSON,2015-02-01,1151.0
DST:FIKS22:BRANCHE07=S:BELØB=3:SÆSON=SÆSON,2015-03-01,1206.0
DST:FIKS22:BRANCHE07=S:BELØB=3:SÆSON=SÆSON,2015-04-01,1220.0
DST:FIKS22:BRANCHE07=S:BELØB=3:SÆSON=SÆSON,2015-05-01,1012.0
DST:FIKS22:BRANCHE07=S:BELØB=3:SÆSON=SÆSON,2015-06-01,1185.0
DST:FIKS22:BRANCHE07=S:BELØB=3:SÆSON=SÆSON,2015-07-01,1239.0
DST:FIKS22:BRANCHE07=S:BELØB=3:SÆSON=SÆSON,2015-08-01,1039.0
DST:FIKS22:BRANCHE07=S:BELØB=3:SÆSON=SÆSON,2015-09-01,1260.0
DST:FIKS22:BRANCHE07=S:BELØB=3:SÆSON=SÆSON,2015-10-01,1055.0
DST:FIKS22:BRANCHE07=S:BELØB=3:SÆSON=SÆSON,2015-11-01,1143.0
DST:FIKS22:BRANCHE07=S:BELØB=3:SÆSON=SÆSON,2015-12-01,1181.0
DST:FIKS22:BRANCHE07=S:BELØB=3:SÆSON=SÆSON,2016-01-01,1126.0
DST:FIKS22:BRANCHE07=S:BELØB=3:SÆSON=SÆSON,2016-02-01,1206.0
DST:FIKS22:BRANCHE07=S:BELØB=3:SÆSON=SÆSON,2016-03-01,1229.0
DST:FIKS22:BRANCHE07=S:BELØB=3:SÆSON=SÆSON,2016-04-01,1164.0
DST:FIKS22:BRANCHE07=S:BELØB=3:SÆSON=SÆSON,2016-05-01,1181.0
DST:FIKS22:BRANCHE07=S:BELØB=3:SÆSON=SÆSON,2016-06-01,1134.0
DST:FIKS22:BRANCHE07=S:BELØB=3:SÆSON=SÆSON,2016-07-01,1155.0
DST:FIKS22:BRANCHE07=S:BELØB=3:SÆSON=SÆSON,2016-08-01,1116.0
DST:FIKS22:BRANCHE07=S:BELØB=3:SÆSON=SÆSON,2016-09-01,1166.0
DST:FIKS22:BRANCHE07=S:BELØB=3:SÆSON=SÆSON,2016-10-01,1263.0
DST:FIKS22:BRANCHE07=S:BELØB=3:SÆSON=SÆSON,2016-11-01,1162.0
DST:FIKS22:BRANCHE07=S:BELØB=3:SÆSON=SÆSON,2016-12-01,1135.0
DST:FIKS22:BRANCHE07=S:BELØB=3:SÆSON=SÆSON,2017-01-01,1141.0
DST:FIKS22:BRANCHE07=S:BELØB=3:SÆSON=SÆSON,2017-02-01,1106.0
DST:FIKS22:BRANCHE07=S:BELØB=3:SÆSON=SÆSON,2017-03-01,1322.0
DST:FIKS22:BRANCHE07=S:BELØB=3:SÆSON=SÆSON,2017-04-01,1179.0
DST:FIKS22:BRANCHE07=S:BELØB=3:SÆSON=SÆSON,2017-05-01,1237.0
DST:FIKS22:BRANCHE07=S:BELØB=3:SÆSON=SÆSON,2017-06-01,1198.0
DST:FIKS22:BRANCHE07=S:BELØB=3:SÆSON=SÆSON,2017-07-01,1145.0
DST:FIKS22:BRANCHE07=S:BELØB=3:SÆSON=SÆSON,2017-08-01,1206.0
DST:FIKS22:BRANCHE07=S:BELØB=3:SÆSON=SÆSON,2017-09-01,1174.0
DST:FIKS22:BRANCHE07=S:BELØB=3:SÆSON=SÆSON,2017-10-01,1180.0
DST:FIKS22:BRANCHE07=S:BELØB=3:SÆSON=SÆSON,2017-11-01,1277.0
DST:FIKS22:BRANCHE07=S:BELØB=3:SÆSON=SÆSON,2017-12-01,1347.0
DST:FIKS22:BRANCHE07=S:BELØB=3:SÆSON=SÆSON,2018-01-01,1184.0
DST:FIKS22:BRANCHE07=S:BELØB=3:SÆSON=SÆSON,2018-02-01,1193.0
DST:FIKS22:BRANCHE07=S:BELØB=3:SÆSON=SÆSON,2018-03-01,1176.0
DST:FIKS22:BRANCHE07=S:BELØB=3:SÆSON=SÆSON,2018-04-01,1130.0
DST:FIKS22:BRANCHE07=S:BELØB=3:SÆSON=SÆSON,2018-05-01,1153.0
DST:FIKS22:BRANCHE07=S:BELØB=3:SÆSON=SÆSON,2018-06-01,1241.0
DST:FIKS22:BRANCHE07=S:BELØB=3:SÆSON=SÆSON,2018-07-01,1225.0
DST:FIKS22:BRANCHE07=S:BELØB=3:SÆSON=SÆSON,2018-08-01,1237.0
DST:FIKS22:BRANCHE07=S:BELØB=3:SÆSON=SÆSON,2018-09-01,1140.0
DST:FIKS22:BRANCHE07=S:BELØB=3:SÆSON=SÆSON,2018-10-01,1239.0
DST:FIKS22:BRANCHE07=S:BELØB=3:SÆSON=SÆSON,2018-11-01,1334.0
DST:FIKS22:BRANCHE07=S:BELØB=3:SÆSON=SÆSON,2018-12-01,1136.0
DST:FIKS22:BRANCHE07=S:BELØB=3:SÆSON=SÆSON,2019-01-01,1211.0
DST:FIKS22:BRANCHE07=S:BELØB=3:SÆSON=SÆSON,2019-02-01,1180.0
DST:FIKS22:BRANCHE07=S:BELØB=3:SÆSON=SÆSON,2019-03-01,1115.0
DST:FIKS22:BRANCHE07=S:BELØB=3:SÆSON=SÆSON,2019-04-01,1212.0
DST:FIKS22:BRANCHE07=S:BELØB=3:SÆSON=SÆSON,2019-05-01,1173.0
DST:FIKS22:BRANCHE07=S:BELØB=3:SÆSON=SÆSON,2019-06-01,1143.0
DST:FIKS22:BRANCHE07=S:BELØB=3:SÆSON=SÆSON,2019-07-01,1168.0
DST:FIKS22:BRANCHE07=S:BELØB=3:SÆSON=SÆSON,2019-08-01,1204.0
DST:FIKS22:BRANCHE07=S:BELØB=3:SÆSON=SÆSON,2019-09-01,1196.0
DST:FIKS22:BRANCHE07=S:BELØB=3:SÆSON=SÆSON,2019-10-01,1113.0
DST:FIKS22:BRANCHE07=S:BELØB=3:SÆSON=SÆSON,2019-11-01,1113.0
DST:FIKS22:BRANCHE07=S:BELØB=3:SÆSON=SÆSON,2019-12-01,1232.0
DST:FIKS22:BRANCHE07=S:BELØB=3:SÆSON=SÆSON,2020-01-01,1237.0
DST:FIKS22:BRANCHE07=S:BELØB=3:SÆSON=SÆSON,2020-02-01,1221.0
DST:FIKS22:BRANCHE07=S:BELØB=3:SÆSON=SÆSON,2020-03-01,1018.0
DST:FIKS22:BRANCHE07=S:BELØB=3:SÆSON=SÆSON,2020-04-01,1091.0
DST:FIKS22:BRANCHE07=S:BELØB=3:SÆSON=SÆSON,2020-05-01,1002.0
DST:FIKS22:BRANCHE07=S:BELØB=3:SÆSON=SÆSON,2020-06-01,966.0
DST:FIKS22:BRANCHE07=S:BELØB=3:SÆSON=SÆSON,2020-07-01,1327.0
DST:FIKS22:BRANCHE07=S:BELØB=3:SÆSON=SÆSON,2020-08-01,1147.0
DST:FIKS22:BRANCHE07=S:BELØB=3:SÆSON=SÆSON,2020-09-01,1235.0
DST:FIKS22:BRANCHE07=S:BELØB=3:SÆSON=SÆSON,2020-10-01,1248.0
DST:FIKS22:BRANCHE07=S:BELØB=3:SÆSON=SÆSON,2020-11-01,1345.0
DST:FIKS22:BRANCHE07=S:BELØB=3:SÆSON=SÆSON,2020-12-01,1264.0
DST:FIKS22:BRANCHE07=S:BELØB=3:SÆSON=SÆSON,2021-01-01,1015.0
DST:FIKS22:BRANCHE07=S:BELØB=3:SÆSON=SÆSON,2021-02-01,1118.0
DST:FIKS22:BRANCHE07=S:BELØB=3:SÆSON=SÆSON,2021-03-01,1104.0
DST:FIKS22:BRANCHE07=S:BELØB=3:SÆSON=SÆSON,2021-04-01,1116.0
DST:FIKS22:BRANCHE07=S:BELØB=3:SÆSON=SÆSON,2021-05-01,1183.0
DST:FIKS22:BRANCHE07=S:BELØB=3:SÆSON=SÆSON,2021-06-01,1236.0
DST:FIKS22:BRANCHE07=S:BELØB=3:SÆSON=SÆSON,2021-07-01,1231.0
DST:FIKS22:BRANCHE07=S:BELØB=3:SÆSON=SÆSON,2021-08-01,1117.0
DST:FIKS22:BRANCHE07=S:BELØB=3:SÆSON=SÆSON,2021-09-01,1288.0
DST:FIKS22:BRANCHE07=S:BELØB=3:SÆSON=SÆSON,2021-10-01,1308.0
DST:FIKS22:BRANCHE07=S:BELØB=3:SÆSON=SÆSON,2021-11-01,1271.0
DST:FIKS22:BRANCHE07=S:BELØB=3:SÆSON=SÆSON,2021-12-01,1272.0
DST:FIKS22:BRANCHE07=S:BELØB=3:SÆSON=SÆSON,2022-01-01,1406.0
DST:FIKS22:BRANCHE07=S:BELØB=3:SÆSON=SÆSON,2022-02-01,1219.0
DST:FIKS22:BRANCHE07=S:BELØB=3:SÆSON=SÆSON,2022-03-01,1269.0
DST:FIKS22:BRANCHE07=S:BELØB=3:SÆSON=SÆSON,2022-04-01,1299.0
DST:FIKS22:BRANCHE07=S:BELØB=3:SÆSON=SÆSON,2022-05-01,1332.0
DST:FIKS22:BRANCHE07=S:BELØB=3:SÆSON=SÆSON,2022-06-01,1275.0
DST:FIKS22:BRANCHE07=S:BELØB=3:SÆSON=SÆSON,2022-07-01,1264.0
DST:FIKS22:BRANCHE07=S:BELØB=3:SÆSON=SÆSON,2022-08-01,1330.0
DST:FIKS22:BRANCHE07=S:BELØB=3:SÆSON=SÆSON,2022-09-01,1283.0
DST:FIKS22:BRANCHE07=S:BELØB=3:SÆSON=SÆSON,2022-10-01,1274.0
DST:FIKS22:BRANCHE07=S:BELØB=3:SÆSON=SÆSON,2022-11-01,1253.0
DST:FIKS22:BRANCHE07=S:BELØB=3:SÆSON=SÆSON,2022-12-01,1302.0
DST:FIKS22:BRANCHE07=S:BELØB=3:SÆSON=SÆSON,2023-01-01,1318.0
DST:FIKS22:BRANCHE07=S:BELØB=3:SÆSON=SÆSON,2023-02-01,1315.0
DST:FIKS22:BRANCHE07=S:BELØB=3:SÆSON=SÆSON,2023-03-01,1482.0
DST:FIKS22:BRANCHE07=S:BELØB=3:SÆSON=SÆSON,2023-04-01,1262.0
DST:FIKS22:BRANCHE07=S:BELØB=3:SÆSON=SÆSON,2023-05-01,1308.0
DST:FIKS22:BRANCHE07=S:BELØB=3:SÆSON=SÆSON,2023-06-01,1213.0
DST:FIKS22:BRANCHE07=S:BELØB=3:SÆSON=SÆSON,2023-07-01,1354.0
DST:FIKS22:BRANCHE07=S:BELØB=3:SÆSON=SÆSON,2023-08-01,1243.0
DST:FIKS22:BRANCHE07=S:BELØB=3:SÆSON=SÆSON,2023-09-01,1286.0
DST:FIKS22:BRANCHE07=S:BELØB=3:SÆSON=SÆSON,2023-10-01,1160.0
DST:FIKS22:BRANCHE07=S:BELØB=3:SÆSON=SÆSON,2023-11-01,1338.0
DST:FIKS22:BRANCHE07=S:BELØB=3:SÆSON=SÆSON,2023-12-01,1341.0
DST:FIKS22:BRANCHE07=S:BELØB=3:SÆSON=SÆSON,2024-01-01,1326.0
DST:FIKS22:BRANCHE07=S:BELØB=3:SÆSON=SÆSON,2024-02-01,1366.0
DST:FIKS22:BRANCHE07=S:BELØB=3:SÆSON=SÆSON,2024-03-01,1355.0
DST:FIKS22:BRANCHE07=S:BELØB=3:SÆSON=SÆSON,2024-04-01,1468.0
DST:FIKS22:BRANCHE07=S:BELØB=3:SÆSON=SÆSON,2024-05-01,1370.0
DST:FIKS22:BRANCHE07=S:BELØB=3:SÆSON=SÆSON,2024-06-01,1445.0
DST:FIKS22:BRANCHE07=S:BELØB=3:SÆSON=SÆSON,2024-07-01,1406.0
DST:FIKS22:BRANCHE07=S:BELØB=3:SÆSON=SÆSON,2024-08-01,1379.0
DST:FIKS22:BRANCHE07=S:BELØB=3:SÆSON=SÆSON,2024-09-01,1359.0
DST:FIKS22:BRANCHE07=S:BELØB=3:SÆSON=SÆSON,2024-10-01,1346.0
DST:FIKS22:BRANCHE07=S:BELØB=3:SÆSON=SÆSON,2024-11-01,1340.0
DST:FIKS22:BRANCHE07=S:BELØB=3:SÆSON=SÆSON,2024-12-01,1353.0
DST:FIKS22:BRANCHE07=S:BELØB=3:SÆSON=SÆSON,2025-01-01,1476.0
DST:FIKS22:BRANCHE07=S:BELØB=3:SÆSON=SÆSON,2025-02-01,1401.0
DST:FIKS22:BRANCHE07=S:BELØB=3:SÆSON=SÆSON,2025-03-01,1358.0
DST:FIKS22:BRANCHE07=S:BELØB=3:SÆSON=SÆSON,2025-04-01,1385.0
DST:FIKS22:BRANCHE07=S:BELØB=3:SÆSON=SÆSON,2025-05-01,1381.0
DST:FIKS22:BRANCHE07=S:BELØB=3:SÆSON=SÆSON,2025-06-01,1418.0
DST:FIKS22:BRANCHE07=S:BELØB=3:SÆSON=SÆSON,2025-07-01,1366.0
DST:FIKS22:BRANCHE07=S:BELØB=3:SÆSON=SÆSON,2025-08-01,1464.0
DST:FIKS22:BRANCHE07=S:BELØB=3:SÆSON=SÆSON,2025-09-01,1435.0
DST:FIKS22:BRANCHE07=S:BELØB=3:SÆSON=SÆSON,2025-10-01,1465.0
DST:FIKS22:BRANCHE07=S:BELØB=3:SÆSON=SÆSON,2025-11-01,1430.0
DST:FIKS22:BRANCHE07=S:BELØB=3:SÆSON=SÆSON,2025-12-01,1370.0
DST:FIKS22:BRANCHE07=S:BELØB=3:SÆSON=SÆSON,2026-01-01,1335.0
DST:FIKS22:BRANCHE07=S:BELØB=3:SÆSON=SÆSON,2026-02-01,1403.0
DST:FIKS22:BRANCHE07=S:BELØB=3:SÆSON=SÆSON,2026-03-01,1434.0
DST:FIKS22:BRANCHE07=S:BELØB=4:SÆSON=EJSÆSON,2009-01-01,2002.0
DST:FIKS22:BRANCHE07=S:BELØB=4:SÆSON=EJSÆSON,2009-02-01,1604.0
DST:FIKS22:BRANCHE07=S:BELØB=4:SÆSON=EJSÆSON,2009-03-01,2109.0
DST:FIKS22:BRANCHE07=S:BELØB=4:SÆSON=EJSÆSON,2009-04-01,1818.0
DST:FIKS22:BRANCHE07=S:BELØB=4:SÆSON=EJSÆSON,2009-05-01,1662.0
DST:FIKS22:BRANCHE07=S:BELØB=4:SÆSON=EJSÆSON,2009-06-01,2296.0
DST:FIKS22:BRANCHE07=S:BELØB=4:SÆSON=EJSÆSON,2009-07-01,1795.0
DST:FIKS22:BRANCHE07=S:BELØB=4:SÆSON=EJSÆSON,2009-08-01,1814.0
DST:FIKS22:BRANCHE07=S:BELØB=4:SÆSON=EJSÆSON,2009-09-01,2011.0
DST:FIKS22:BRANCHE07=S:BELØB=4:SÆSON=EJSÆSON,2009-10-01,2083.0
DST:FIKS22:BRANCHE07=S:BELØB=4:SÆSON=EJSÆSON,2009-11-01,1687.0
DST:FIKS22:BRANCHE07=S:BELØB=4:SÆSON=EJSÆSON,2009-12-01,2067.0
DST:FIKS22:BRANCHE07=S:BELØB=4:SÆSON=EJSÆSON,2010-01-01,1905.0
DST:FIKS22:BRANCHE07=S:BELØB=4:SÆSON=EJSÆSON,2010-02-01,1577.0
DST:FIKS22:BRANCHE07=S:BELØB=4:SÆSON=EJSÆSON,2010-03-01,2366.0
DST:FIKS22:BRANCHE07=S:BELØB=4:SÆSON=EJSÆSON,2010-04-01,1591.0
DST:FIKS22:BRANCHE07=S:BELØB=4:SÆSON=EJSÆSON,2010-05-01,1721.0
DST:FIKS22:BRANCHE07=S:BELØB=4:SÆSON=EJSÆSON,2010-06-01,1867.0
DST:FIKS22:BRANCHE07=S:BELØB=4:SÆSON=EJSÆSON,2010-07-01,1968.0
DST:FIKS22:BRANCHE07=S:BELØB=4:SÆSON=EJSÆSON,2010-08-01,1900.0
DST:FIKS22:BRANCHE07=S:BELØB=4:SÆSON=EJSÆSON,2010-09-01,2078.0
DST:FIKS22:BRANCHE07=S:BELØB=4:SÆSON=EJSÆSON,2010-10-01,1942.0
DST:FIKS22:BRANCHE07=S:BELØB=4:SÆSON=EJSÆSON,2010-11-01,1997.0
DST:FIKS22:BRANCHE07=S:BELØB=4:SÆSON=EJSÆSON,2010-12-01,2286.0
DST:FIKS22:BRANCHE07=S:BELØB=4:SÆSON=EJSÆSON,2011-01-01,1845.0
DST:FIKS22:BRANCHE07=S:BELØB=4:SÆSON=EJSÆSON,2011-02-01,1744.0
DST:FIKS22:BRANCHE07=S:BELØB=4:SÆSON=EJSÆSON,2011-03-01,2219.0
DST:FIKS22:BRANCHE07=S:BELØB=4:SÆSON=EJSÆSON,2011-04-01,1889.0
DST:FIKS22:BRANCHE07=S:BELØB=4:SÆSON=EJSÆSON,2011-05-01,1846.0
DST:FIKS22:BRANCHE07=S:BELØB=4:SÆSON=EJSÆSON,2011-06-01,2086.0
DST:FIKS22:BRANCHE07=S:BELØB=4:SÆSON=EJSÆSON,2011-07-01,1776.0
DST:FIKS22:BRANCHE07=S:BELØB=4:SÆSON=EJSÆSON,2011-08-01,2014.0
DST:FIKS22:BRANCHE07=S:BELØB=4:SÆSON=EJSÆSON,2011-09-01,1981.0
DST:FIKS22:BRANCHE07=S:BELØB=4:SÆSON=EJSÆSON,2011-10-01,2102.0
DST:FIKS22:BRANCHE07=S:BELØB=4:SÆSON=EJSÆSON,2011-11-01,1891.0
DST:FIKS22:BRANCHE07=S:BELØB=4:SÆSON=EJSÆSON,2011-12-01,2389.0
DST:FIKS22:BRANCHE07=S:BELØB=4:SÆSON=EJSÆSON,2012-01-01,2109.0
DST:FIKS22:BRANCHE07=S:BELØB=4:SÆSON=EJSÆSON,2012-02-01,1835.0
DST:FIKS22:BRANCHE07=S:BELØB=4:SÆSON=EJSÆSON,2012-03-01,2127.0
DST:FIKS22:BRANCHE07=S:BELØB=4:SÆSON=EJSÆSON,2012-04-01,2032.0
DST:FIKS22:BRANCHE07=S:BELØB=4:SÆSON=EJSÆSON,2012-05-01,1772.0
DST:FIKS22:BRANCHE07=S:BELØB=4:SÆSON=EJSÆSON,2012-06-01,1942.0
DST:FIKS22:BRANCHE07=S:BELØB=4:SÆSON=EJSÆSON,2012-07-01,1833.0
DST:FIKS22:BRANCHE07=S:BELØB=4:SÆSON=EJSÆSON,2012-08-01,2056.0
DST:FIKS22:BRANCHE07=S:BELØB=4:SÆSON=EJSÆSON,2012-09-01,1919.0
DST:FIKS22:BRANCHE07=S:BELØB=4:SÆSON=EJSÆSON,2012-10-01,2369.0
DST:FIKS22:BRANCHE07=S:BELØB=4:SÆSON=EJSÆSON,2012-11-01,1804.0
DST:FIKS22:BRANCHE07=S:BELØB=4:SÆSON=EJSÆSON,2012-12-01,2200.0
DST:FIKS22:BRANCHE07=S:BELØB=4:SÆSON=EJSÆSON,2013-01-01,2262.0
DST:FIKS22:BRANCHE07=S:BELØB=4:SÆSON=EJSÆSON,2013-02-01,1703.0
DST:FIKS22:BRANCHE07=S:BELØB=4:SÆSON=EJSÆSON,2013-03-01,2094.0
DST:FIKS22:BRANCHE07=S:BELØB=4:SÆSON=EJSÆSON,2013-04-01,2108.0
DST:FIKS22:BRANCHE07=S:BELØB=4:SÆSON=EJSÆSON,2013-05-01,2133.0
DST:FIKS22:BRANCHE07=S:BELØB=4:SÆSON=EJSÆSON,2013-06-01,1980.0
DST:FIKS22:BRANCHE07=S:BELØB=4:SÆSON=EJSÆSON,2013-07-01,1982.0
DST:FIKS22:BRANCHE07=S:BELØB=4:SÆSON=EJSÆSON,2013-08-01,1846.0
DST:FIKS22:BRANCHE07=S:BELØB=4:SÆSON=EJSÆSON,2013-09-01,2066.0
DST:FIKS22:BRANCHE07=S:BELØB=4:SÆSON=EJSÆSON,2013-10-01,2204.0
DST:FIKS22:BRANCHE07=S:BELØB=4:SÆSON=EJSÆSON,2013-11-01,1956.0
DST:FIKS22:BRANCHE07=S:BELØB=4:SÆSON=EJSÆSON,2013-12-01,2179.0
DST:FIKS22:BRANCHE07=S:BELØB=4:SÆSON=EJSÆSON,2014-01-01,2209.0
DST:FIKS22:BRANCHE07=S:BELØB=4:SÆSON=EJSÆSON,2014-02-01,1827.0
DST:FIKS22:BRANCHE07=S:BELØB=4:SÆSON=EJSÆSON,2014-03-01,2200.0
DST:FIKS22:BRANCHE07=S:BELØB=4:SÆSON=EJSÆSON,2014-04-01,2019.0
DST:FIKS22:BRANCHE07=S:BELØB=4:SÆSON=EJSÆSON,2014-05-01,1981.0
DST:FIKS22:BRANCHE07=S:BELØB=4:SÆSON=EJSÆSON,2014-06-01,2084.0
DST:FIKS22:BRANCHE07=S:BELØB=4:SÆSON=EJSÆSON,2014-07-01,1867.0
DST:FIKS22:BRANCHE07=S:BELØB=4:SÆSON=EJSÆSON,2014-08-01,2016.0
DST:FIKS22:BRANCHE07=S:BELØB=4:SÆSON=EJSÆSON,2014-09-01,2101.0
DST:FIKS22:BRANCHE07=S:BELØB=4:SÆSON=EJSÆSON,2014-10-01,2150.0
DST:FIKS22:BRANCHE07=S:BELØB=4:SÆSON=EJSÆSON,2014-11-01,2100.0
DST:FIKS22:BRANCHE07=S:BELØB=4:SÆSON=EJSÆSON,2014-12-01,2419.0
DST:FIKS22:BRANCHE07=S:BELØB=4:SÆSON=EJSÆSON,2015-01-01,2228.0
DST:FIKS22:BRANCHE07=S:BELØB=4:SÆSON=EJSÆSON,2015-02-01,1906.0
DST:FIKS22:BRANCHE07=S:BELØB=4:SÆSON=EJSÆSON,2015-03-01,2331.0
DST:FIKS22:BRANCHE07=S:BELØB=4:SÆSON=EJSÆSON,2015-04-01,2333.0
DST:FIKS22:BRANCHE07=S:BELØB=4:SÆSON=EJSÆSON,2015-05-01,1920.0
DST:FIKS22:BRANCHE07=S:BELØB=4:SÆSON=EJSÆSON,2015-06-01,2200.0
DST:FIKS22:BRANCHE07=S:BELØB=4:SÆSON=EJSÆSON,2015-07-01,1912.0
DST:FIKS22:BRANCHE07=S:BELØB=4:SÆSON=EJSÆSON,2015-08-01,1949.0
DST:FIKS22:BRANCHE07=S:BELØB=4:SÆSON=EJSÆSON,2015-09-01,2166.0
DST:FIKS22:BRANCHE07=S:BELØB=4:SÆSON=EJSÆSON,2015-10-01,2242.0
DST:FIKS22:BRANCHE07=S:BELØB=4:SÆSON=EJSÆSON,2015-11-01,2312.0
DST:FIKS22:BRANCHE07=S:BELØB=4:SÆSON=EJSÆSON,2015-12-01,2163.0
DST:FIKS22:BRANCHE07=S:BELØB=4:SÆSON=EJSÆSON,2016-01-01,2198.0
DST:FIKS22:BRANCHE07=S:BELØB=4:SÆSON=EJSÆSON,2016-02-01,1941.0
DST:FIKS22:BRANCHE07=S:BELØB=4:SÆSON=EJSÆSON,2016-03-01,2419.0
DST:FIKS22:BRANCHE07=S:BELØB=4:SÆSON=EJSÆSON,2016-04-01,2055.0
DST:FIKS22:BRANCHE07=S:BELØB=4:SÆSON=EJSÆSON,2016-05-01,2255.0
DST:FIKS22:BRANCHE07=S:BELØB=4:SÆSON=EJSÆSON,2016-06-01,2146.0
DST:FIKS22:BRANCHE07=S:BELØB=4:SÆSON=EJSÆSON,2016-07-01,1710.0
DST:FIKS22:BRANCHE07=S:BELØB=4:SÆSON=EJSÆSON,2016-08-01,1988.0
DST:FIKS22:BRANCHE07=S:BELØB=4:SÆSON=EJSÆSON,2016-09-01,2281.0
DST:FIKS22:BRANCHE07=S:BELØB=4:SÆSON=EJSÆSON,2016-10-01,2272.0
DST:FIKS22:BRANCHE07=S:BELØB=4:SÆSON=EJSÆSON,2016-11-01,2305.0
DST:FIKS22:BRANCHE07=S:BELØB=4:SÆSON=EJSÆSON,2016-12-01,2305.0
DST:FIKS22:BRANCHE07=S:BELØB=4:SÆSON=EJSÆSON,2017-01-01,2203.0
DST:FIKS22:BRANCHE07=S:BELØB=4:SÆSON=EJSÆSON,2017-02-01,1942.0
DST:FIKS22:BRANCHE07=S:BELØB=4:SÆSON=EJSÆSON,2017-03-01,2666.0
DST:FIKS22:BRANCHE07=S:BELØB=4:SÆSON=EJSÆSON,2017-04-01,2288.0
DST:FIKS22:BRANCHE07=S:BELØB=4:SÆSON=EJSÆSON,2017-05-01,1951.0
DST:FIKS22:BRANCHE07=S:BELØB=4:SÆSON=EJSÆSON,2017-06-01,2275.0
DST:FIKS22:BRANCHE07=S:BELØB=4:SÆSON=EJSÆSON,2017-07-01,2027.0
DST:FIKS22:BRANCHE07=S:BELØB=4:SÆSON=EJSÆSON,2017-08-01,2038.0
DST:FIKS22:BRANCHE07=S:BELØB=4:SÆSON=EJSÆSON,2017-09-01,2126.0
DST:FIKS22:BRANCHE07=S:BELØB=4:SÆSON=EJSÆSON,2017-10-01,2496.0
DST:FIKS22:BRANCHE07=S:BELØB=4:SÆSON=EJSÆSON,2017-11-01,2270.0
DST:FIKS22:BRANCHE07=S:BELØB=4:SÆSON=EJSÆSON,2017-12-01,2377.0
DST:FIKS22:BRANCHE07=S:BELØB=4:SÆSON=EJSÆSON,2018-01-01,2328.0
DST:FIKS22:BRANCHE07=S:BELØB=4:SÆSON=EJSÆSON,2018-02-01,1939.0
DST:FIKS22:BRANCHE07=S:BELØB=4:SÆSON=EJSÆSON,2018-03-01,2470.0
DST:FIKS22:BRANCHE07=S:BELØB=4:SÆSON=EJSÆSON,2018-04-01,2056.0
DST:FIKS22:BRANCHE07=S:BELØB=4:SÆSON=EJSÆSON,2018-05-01,2269.0
DST:FIKS22:BRANCHE07=S:BELØB=4:SÆSON=EJSÆSON,2018-06-01,2105.0
DST:FIKS22:BRANCHE07=S:BELØB=4:SÆSON=EJSÆSON,2018-07-01,2051.0
DST:FIKS22:BRANCHE07=S:BELØB=4:SÆSON=EJSÆSON,2018-08-01,2058.0
DST:FIKS22:BRANCHE07=S:BELØB=4:SÆSON=EJSÆSON,2018-09-01,2014.0
DST:FIKS22:BRANCHE07=S:BELØB=4:SÆSON=EJSÆSON,2018-10-01,2507.0
DST:FIKS22:BRANCHE07=S:BELØB=4:SÆSON=EJSÆSON,2018-11-01,2344.0
DST:FIKS22:BRANCHE07=S:BELØB=4:SÆSON=EJSÆSON,2018-12-01,2280.0
DST:FIKS22:BRANCHE07=S:BELØB=4:SÆSON=EJSÆSON,2019-01-01,2153.0
DST:FIKS22:BRANCHE07=S:BELØB=4:SÆSON=EJSÆSON,2019-02-01,2165.0
DST:FIKS22:BRANCHE07=S:BELØB=4:SÆSON=EJSÆSON,2019-03-01,2395.0
DST:FIKS22:BRANCHE07=S:BELØB=4:SÆSON=EJSÆSON,2019-04-01,2379.0
DST:FIKS22:BRANCHE07=S:BELØB=4:SÆSON=EJSÆSON,2019-05-01,1917.0
DST:FIKS22:BRANCHE07=S:BELØB=4:SÆSON=EJSÆSON,2019-06-01,2151.0
DST:FIKS22:BRANCHE07=S:BELØB=4:SÆSON=EJSÆSON,2019-07-01,2226.0
DST:FIKS22:BRANCHE07=S:BELØB=4:SÆSON=EJSÆSON,2019-08-01,1917.0
DST:FIKS22:BRANCHE07=S:BELØB=4:SÆSON=EJSÆSON,2019-09-01,1993.0
DST:FIKS22:BRANCHE07=S:BELØB=4:SÆSON=EJSÆSON,2019-10-01,2599.0
DST:FIKS22:BRANCHE07=S:BELØB=4:SÆSON=EJSÆSON,2019-11-01,1977.0
DST:FIKS22:BRANCHE07=S:BELØB=4:SÆSON=EJSÆSON,2019-12-01,2522.0
DST:FIKS22:BRANCHE07=S:BELØB=4:SÆSON=EJSÆSON,2020-01-01,2289.0
DST:FIKS22:BRANCHE07=S:BELØB=4:SÆSON=EJSÆSON,2020-02-01,1916.0
DST:FIKS22:BRANCHE07=S:BELØB=4:SÆSON=EJSÆSON,2020-03-01,2403.0
DST:FIKS22:BRANCHE07=S:BELØB=4:SÆSON=EJSÆSON,2020-04-01,2121.0
DST:FIKS22:BRANCHE07=S:BELØB=4:SÆSON=EJSÆSON,2020-05-01,1498.0
DST:FIKS22:BRANCHE07=S:BELØB=4:SÆSON=EJSÆSON,2020-06-01,1924.0
DST:FIKS22:BRANCHE07=S:BELØB=4:SÆSON=EJSÆSON,2020-07-01,2430.0
DST:FIKS22:BRANCHE07=S:BELØB=4:SÆSON=EJSÆSON,2020-08-01,1858.0
DST:FIKS22:BRANCHE07=S:BELØB=4:SÆSON=EJSÆSON,2020-09-01,2231.0
DST:FIKS22:BRANCHE07=S:BELØB=4:SÆSON=EJSÆSON,2020-10-01,2517.0
DST:FIKS22:BRANCHE07=S:BELØB=4:SÆSON=EJSÆSON,2020-11-01,2090.0
DST:FIKS22:BRANCHE07=S:BELØB=4:SÆSON=EJSÆSON,2020-12-01,2424.0
DST:FIKS22:BRANCHE07=S:BELØB=4:SÆSON=EJSÆSON,2021-01-01,1724.0
DST:FIKS22:BRANCHE07=S:BELØB=4:SÆSON=EJSÆSON,2021-02-01,1448.0
DST:FIKS22:BRANCHE07=S:BELØB=4:SÆSON=EJSÆSON,2021-03-01,2248.0
DST:FIKS22:BRANCHE07=S:BELØB=4:SÆSON=EJSÆSON,2021-04-01,2249.0
DST:FIKS22:BRANCHE07=S:BELØB=4:SÆSON=EJSÆSON,2021-05-01,2094.0
DST:FIKS22:BRANCHE07=S:BELØB=4:SÆSON=EJSÆSON,2021-06-01,2160.0
DST:FIKS22:BRANCHE07=S:BELØB=4:SÆSON=EJSÆSON,2021-07-01,2429.0
DST:FIKS22:BRANCHE07=S:BELØB=4:SÆSON=EJSÆSON,2021-08-01,1948.0
DST:FIKS22:BRANCHE07=S:BELØB=4:SÆSON=EJSÆSON,2021-09-01,2271.0
DST:FIKS22:BRANCHE07=S:BELØB=4:SÆSON=EJSÆSON,2021-10-01,2716.0
DST:FIKS22:BRANCHE07=S:BELØB=4:SÆSON=EJSÆSON,2021-11-01,2234.0
DST:FIKS22:BRANCHE07=S:BELØB=4:SÆSON=EJSÆSON,2021-12-01,2444.0
DST:FIKS22:BRANCHE07=S:BELØB=4:SÆSON=EJSÆSON,2022-01-01,2267.0
DST:FIKS22:BRANCHE07=S:BELØB=4:SÆSON=EJSÆSON,2022-02-01,2081.0
DST:FIKS22:BRANCHE07=S:BELØB=4:SÆSON=EJSÆSON,2022-03-01,2979.0
DST:FIKS22:BRANCHE07=S:BELØB=4:SÆSON=EJSÆSON,2022-04-01,2599.0
DST:FIKS22:BRANCHE07=S:BELØB=4:SÆSON=EJSÆSON,2022-05-01,2304.0
DST:FIKS22:BRANCHE07=S:BELØB=4:SÆSON=EJSÆSON,2022-06-01,2273.0
DST:FIKS22:BRANCHE07=S:BELØB=4:SÆSON=EJSÆSON,2022-07-01,2311.0
DST:FIKS22:BRANCHE07=S:BELØB=4:SÆSON=EJSÆSON,2022-08-01,2174.0
DST:FIKS22:BRANCHE07=S:BELØB=4:SÆSON=EJSÆSON,2022-09-01,2322.0
DST:FIKS22:BRANCHE07=S:BELØB=4:SÆSON=EJSÆSON,2022-10-01,2744.0
DST:FIKS22:BRANCHE07=S:BELØB=4:SÆSON=EJSÆSON,2022-11-01,2338.0
DST:FIKS22:BRANCHE07=S:BELØB=4:SÆSON=EJSÆSON,2022-12-01,2470.0
DST:FIKS22:BRANCHE07=S:BELØB=4:SÆSON=EJSÆSON,2023-01-01,2428.0
DST:FIKS22:BRANCHE07=S:BELØB=4:SÆSON=EJSÆSON,2023-02-01,2192.0
DST:FIKS22:BRANCHE07=S:BELØB=4:SÆSON=EJSÆSON,2023-03-01,3307.0
DST:FIKS22:BRANCHE07=S:BELØB=4:SÆSON=EJSÆSON,2023-04-01,2641.0
DST:FIKS22:BRANCHE07=S:BELØB=4:SÆSON=EJSÆSON,2023-05-01,2398.0
DST:FIKS22:BRANCHE07=S:BELØB=4:SÆSON=EJSÆSON,2023-06-01,2376.0
DST:FIKS22:BRANCHE07=S:BELØB=4:SÆSON=EJSÆSON,2023-07-01,2513.0
DST:FIKS22:BRANCHE07=S:BELØB=4:SÆSON=EJSÆSON,2023-08-01,2260.0
DST:FIKS22:BRANCHE07=S:BELØB=4:SÆSON=EJSÆSON,2023-09-01,2380.0
DST:FIKS22:BRANCHE07=S:BELØB=4:SÆSON=EJSÆSON,2023-10-01,2950.0
DST:FIKS22:BRANCHE07=S:BELØB=4:SÆSON=EJSÆSON,2023-11-01,2505.0
DST:FIKS22:BRANCHE07=S:BELØB=4:SÆSON=EJSÆSON,2023-12-01,2252.0
DST:FIKS22:BRANCHE07=S:BELØB=4:SÆSON=EJSÆSON,2024-01-01,2743.0
DST:FIKS22:BRANCHE07=S:BELØB=4:SÆSON=EJSÆSON,2024-02-01,2526.0
DST:FIKS22:BRANCHE07=S:BELØB=4:SÆSON=EJSÆSON,2024-03-01,2740.0
DST:FIKS22:BRANCHE07=S:BELØB=4:SÆSON=EJSÆSON,2024-04-01,2948.0
DST:FIKS22:BRANCHE07=S:BELØB=4:SÆSON=EJSÆSON,2024-05-01,2437.0
DST:FIKS22:BRANCHE07=S:BELØB=4:SÆSON=EJSÆSON,2024-06-01,2494.0
DST:FIKS22:BRANCHE07=S:BELØB=4:SÆSON=EJSÆSON,2024-07-01,2668.0
DST:FIKS22:BRANCHE07=S:BELØB=4:SÆSON=EJSÆSON,2024-08-01,2481.0
DST:FIKS22:BRANCHE07=S:BELØB=4:SÆSON=EJSÆSON,2024-09-01,2181.0
DST:FIKS22:BRANCHE07=S:BELØB=4:SÆSON=EJSÆSON,2024-10-01,3029.0
DST:FIKS22:BRANCHE07=S:BELØB=4:SÆSON=EJSÆSON,2024-11-01,2586.0
DST:FIKS22:BRANCHE07=S:BELØB=4:SÆSON=EJSÆSON,2024-12-01,2318.0
DST:FIKS22:BRANCHE07=S:BELØB=4:SÆSON=EJSÆSON,2025-01-01,2972.0
DST:FIKS22:BRANCHE07=S:BELØB=4:SÆSON=EJSÆSON,2025-02-01,2471.0
DST:FIKS22:BRANCHE07=S:BELØB=4:SÆSON=EJSÆSON,2025-03-01,2893.0
DST:FIKS22:BRANCHE07=S:BELØB=4:SÆSON=EJSÆSON,2025-04-01,3006.0
DST:FIKS22:BRANCHE07=S:BELØB=4:SÆSON=EJSÆSON,2025-05-01,2455.0
DST:FIKS22:BRANCHE07=S:BELØB=4:SÆSON=EJSÆSON,2025-06-01,2435.0
DST:FIKS22:BRANCHE07=S:BELØB=4:SÆSON=EJSÆSON,2025-07-01,2847.0
DST:FIKS22:BRANCHE07=S:BELØB=4:SÆSON=EJSÆSON,2025-08-01,2452.0
DST:FIKS22:BRANCHE07=S:BELØB=4:SÆSON=EJSÆSON,2025-09-01,2506.0
DST:FIKS22:BRANCHE07=S:BELØB=4:SÆSON=EJSÆSON,2025-10-01,3412.0
DST:FIKS22:BRANCHE07=S:BELØB=4:SÆSON=EJSÆSON,2025-11-01,2613.0
DST:FIKS22:BRANCHE07=S:BELØB=4:SÆSON=EJSÆSON,2025-12-01,2566.0
DST:FIKS22:BRANCHE07=S:BELØB=4:SÆSON=EJSÆSON,2026-01-01,3322.0
DST:FIKS22:BRANCHE07=S:BELØB=4:SÆSON=EJSÆSON,2026-02-01,2649.0
DST:FIKS22:BRANCHE07=S:BELØB=4:SÆSON=EJSÆSON,2026-03-01,3572.0
DST:FIKS22:BRANCHE07=S:BELØB=4:SÆSON=SÆSON,2009-01-01,1946.0
DST:FIKS22:BRANCHE07=S:BELØB=4:SÆSON=SÆSON,2009-02-01,1867.0
DST:FIKS22:BRANCHE07=S:BELØB=4:SÆSON=SÆSON,2009-03-01,1937.0
DST:FIKS22:BRANCHE07=S:BELØB=4:SÆSON=SÆSON,2009-04-01,1856.0
DST:FIKS22:BRANCHE07=S:BELØB=4:SÆSON=SÆSON,2009-05-01,1875.0
DST:FIKS22:BRANCHE07=S:BELØB=4:SÆSON=SÆSON,2009-06-01,2289.0
DST:FIKS22:BRANCHE07=S:BELØB=4:SÆSON=SÆSON,2009-07-01,1889.0
DST:FIKS22:BRANCHE07=S:BELØB=4:SÆSON=SÆSON,2009-08-01,1898.0
DST:FIKS22:BRANCHE07=S:BELØB=4:SÆSON=SÆSON,2009-09-01,1924.0
DST:FIKS22:BRANCHE07=S:BELØB=4:SÆSON=SÆSON,2009-10-01,1904.0
DST:FIKS22:BRANCHE07=S:BELØB=4:SÆSON=SÆSON,2009-11-01,1837.0
DST:FIKS22:BRANCHE07=S:BELØB=4:SÆSON=SÆSON,2009-12-01,1783.0
DST:FIKS22:BRANCHE07=S:BELØB=4:SÆSON=SÆSON,2010-01-01,1909.0
DST:FIKS22:BRANCHE07=S:BELØB=4:SÆSON=SÆSON,2010-02-01,1844.0
DST:FIKS22:BRANCHE07=S:BELØB=4:SÆSON=SÆSON,2010-03-01,2167.0
DST:FIKS22:BRANCHE07=S:BELØB=4:SÆSON=SÆSON,2010-04-01,1652.0
DST:FIKS22:BRANCHE07=S:BELØB=4:SÆSON=SÆSON,2010-05-01,1927.0
DST:FIKS22:BRANCHE07=S:BELØB=4:SÆSON=SÆSON,2010-06-01,1768.0
DST:FIKS22:BRANCHE07=S:BELØB=4:SÆSON=SÆSON,2010-07-01,2090.0
DST:FIKS22:BRANCHE07=S:BELØB=4:SÆSON=SÆSON,2010-08-01,1925.0
DST:FIKS22:BRANCHE07=S:BELØB=4:SÆSON=SÆSON,2010-09-01,2030.0
DST:FIKS22:BRANCHE07=S:BELØB=4:SÆSON=SÆSON,2010-10-01,1806.0
DST:FIKS22:BRANCHE07=S:BELØB=4:SÆSON=SÆSON,2010-11-01,2068.0
DST:FIKS22:BRANCHE07=S:BELØB=4:SÆSON=SÆSON,2010-12-01,1948.0
DST:FIKS22:BRANCHE07=S:BELØB=4:SÆSON=SÆSON,2011-01-01,1827.0
DST:FIKS22:BRANCHE07=S:BELØB=4:SÆSON=SÆSON,2011-02-01,2009.0
DST:FIKS22:BRANCHE07=S:BELØB=4:SÆSON=SÆSON,2011-03-01,2004.0
DST:FIKS22:BRANCHE07=S:BELØB=4:SÆSON=SÆSON,2011-04-01,1895.0
DST:FIKS22:BRANCHE07=S:BELØB=4:SÆSON=SÆSON,2011-05-01,1974.0
DST:FIKS22:BRANCHE07=S:BELØB=4:SÆSON=SÆSON,2011-06-01,2078.0
DST:FIKS22:BRANCHE07=S:BELØB=4:SÆSON=SÆSON,2011-07-01,1949.0
DST:FIKS22:BRANCHE07=S:BELØB=4:SÆSON=SÆSON,2011-08-01,2015.0
DST:FIKS22:BRANCHE07=S:BELØB=4:SÆSON=SÆSON,2011-09-01,1913.0
DST:FIKS22:BRANCHE07=S:BELØB=4:SÆSON=SÆSON,2011-10-01,2029.0
DST:FIKS22:BRANCHE07=S:BELØB=4:SÆSON=SÆSON,2011-11-01,1933.0
DST:FIKS22:BRANCHE07=S:BELØB=4:SÆSON=SÆSON,2011-12-01,2082.0
DST:FIKS22:BRANCHE07=S:BELØB=4:SÆSON=SÆSON,2012-01-01,2001.0
DST:FIKS22:BRANCHE07=S:BELØB=4:SÆSON=SÆSON,2012-02-01,2050.0
DST:FIKS22:BRANCHE07=S:BELØB=4:SÆSON=SÆSON,2012-03-01,1958.0
DST:FIKS22:BRANCHE07=S:BELØB=4:SÆSON=SÆSON,2012-04-01,2079.0
DST:FIKS22:BRANCHE07=S:BELØB=4:SÆSON=SÆSON,2012-05-01,1882.0
DST:FIKS22:BRANCHE07=S:BELØB=4:SÆSON=SÆSON,2012-06-01,1948.0
DST:FIKS22:BRANCHE07=S:BELØB=4:SÆSON=SÆSON,2012-07-01,2007.0
DST:FIKS22:BRANCHE07=S:BELØB=4:SÆSON=SÆSON,2012-08-01,2063.0
DST:FIKS22:BRANCHE07=S:BELØB=4:SÆSON=SÆSON,2012-09-01,1969.0
DST:FIKS22:BRANCHE07=S:BELØB=4:SÆSON=SÆSON,2012-10-01,2203.0
DST:FIKS22:BRANCHE07=S:BELØB=4:SÆSON=SÆSON,2012-11-01,1842.0
DST:FIKS22:BRANCHE07=S:BELØB=4:SÆSON=SÆSON,2012-12-01,2095.0
DST:FIKS22:BRANCHE07=S:BELØB=4:SÆSON=SÆSON,2013-01-01,2155.0
DST:FIKS22:BRANCHE07=S:BELØB=4:SÆSON=SÆSON,2013-02-01,1957.0
DST:FIKS22:BRANCHE07=S:BELØB=4:SÆSON=SÆSON,2013-03-01,1962.0
DST:FIKS22:BRANCHE07=S:BELØB=4:SÆSON=SÆSON,2013-04-01,2125.0
DST:FIKS22:BRANCHE07=S:BELØB=4:SÆSON=SÆSON,2013-05-01,2175.0
DST:FIKS22:BRANCHE07=S:BELØB=4:SÆSON=SÆSON,2013-06-01,2016.0
DST:FIKS22:BRANCHE07=S:BELØB=4:SÆSON=SÆSON,2013-07-01,2138.0
DST:FIKS22:BRANCHE07=S:BELØB=4:SÆSON=SÆSON,2013-08-01,1903.0
DST:FIKS22:BRANCHE07=S:BELØB=4:SÆSON=SÆSON,2013-09-01,2117.0
DST:FIKS22:BRANCHE07=S:BELØB=4:SÆSON=SÆSON,2013-10-01,2022.0
DST:FIKS22:BRANCHE07=S:BELØB=4:SÆSON=SÆSON,2013-11-01,2000.0
DST:FIKS22:BRANCHE07=S:BELØB=4:SÆSON=SÆSON,2013-12-01,1986.0
DST:FIKS22:BRANCHE07=S:BELØB=4:SÆSON=SÆSON,2014-01-01,2069.0
DST:FIKS22:BRANCHE07=S:BELØB=4:SÆSON=SÆSON,2014-02-01,2082.0
DST:FIKS22:BRANCHE07=S:BELØB=4:SÆSON=SÆSON,2014-03-01,2098.0
DST:FIKS22:BRANCHE07=S:BELØB=4:SÆSON=SÆSON,2014-04-01,1926.0
DST:FIKS22:BRANCHE07=S:BELØB=4:SÆSON=SÆSON,2014-05-01,2092.0
DST:FIKS22:BRANCHE07=S:BELØB=4:SÆSON=SÆSON,2014-06-01,2138.0
DST:FIKS22:BRANCHE07=S:BELØB=4:SÆSON=SÆSON,2014-07-01,2007.0
DST:FIKS22:BRANCHE07=S:BELØB=4:SÆSON=SÆSON,2014-08-01,2151.0
DST:FIKS22:BRANCHE07=S:BELØB=4:SÆSON=SÆSON,2014-09-01,2079.0
DST:FIKS22:BRANCHE07=S:BELØB=4:SÆSON=SÆSON,2014-10-01,1975.0
DST:FIKS22:BRANCHE07=S:BELØB=4:SÆSON=SÆSON,2014-11-01,2187.0
DST:FIKS22:BRANCHE07=S:BELØB=4:SÆSON=SÆSON,2014-12-01,2245.0
DST:FIKS22:BRANCHE07=S:BELØB=4:SÆSON=SÆSON,2015-01-01,2122.0
DST:FIKS22:BRANCHE07=S:BELØB=4:SÆSON=SÆSON,2015-02-01,2157.0
DST:FIKS22:BRANCHE07=S:BELØB=4:SÆSON=SÆSON,2015-03-01,2125.0
DST:FIKS22:BRANCHE07=S:BELØB=4:SÆSON=SÆSON,2015-04-01,2277.0
DST:FIKS22:BRANCHE07=S:BELØB=4:SÆSON=SÆSON,2015-05-01,2080.0
DST:FIKS22:BRANCHE07=S:BELØB=4:SÆSON=SÆSON,2015-06-01,2196.0
DST:FIKS22:BRANCHE07=S:BELØB=4:SÆSON=SÆSON,2015-07-01,2064.0
DST:FIKS22:BRANCHE07=S:BELØB=4:SÆSON=SÆSON,2015-08-01,2166.0
DST:FIKS22:BRANCHE07=S:BELØB=4:SÆSON=SÆSON,2015-09-01,2132.0
DST:FIKS22:BRANCHE07=S:BELØB=4:SÆSON=SÆSON,2015-10-01,2083.0
DST:FIKS22:BRANCHE07=S:BELØB=4:SÆSON=SÆSON,2015-11-01,2353.0
DST:FIKS22:BRANCHE07=S:BELØB=4:SÆSON=SÆSON,2015-12-01,1951.0
DST:FIKS22:BRANCHE07=S:BELØB=4:SÆSON=SÆSON,2016-01-01,2192.0
DST:FIKS22:BRANCHE07=S:BELØB=4:SÆSON=SÆSON,2016-02-01,2167.0
DST:FIKS22:BRANCHE07=S:BELØB=4:SÆSON=SÆSON,2016-03-01,2140.0
DST:FIKS22:BRANCHE07=S:BELØB=4:SÆSON=SÆSON,2016-04-01,2045.0
DST:FIKS22:BRANCHE07=S:BELØB=4:SÆSON=SÆSON,2016-05-01,2316.0
DST:FIKS22:BRANCHE07=S:BELØB=4:SÆSON=SÆSON,2016-06-01,2094.0
DST:FIKS22:BRANCHE07=S:BELØB=4:SÆSON=SÆSON,2016-07-01,1917.0
DST:FIKS22:BRANCHE07=S:BELØB=4:SÆSON=SÆSON,2016-08-01,2131.0
DST:FIKS22:BRANCHE07=S:BELØB=4:SÆSON=SÆSON,2016-09-01,2280.0
DST:FIKS22:BRANCHE07=S:BELØB=4:SÆSON=SÆSON,2016-10-01,2174.0
DST:FIKS22:BRANCHE07=S:BELØB=4:SÆSON=SÆSON,2016-11-01,2227.0
DST:FIKS22:BRANCHE07=S:BELØB=4:SÆSON=SÆSON,2016-12-01,2084.0
DST:FIKS22:BRANCHE07=S:BELØB=4:SÆSON=SÆSON,2017-01-01,2129.0
DST:FIKS22:BRANCHE07=S:BELØB=4:SÆSON=SÆSON,2017-02-01,2196.0
DST:FIKS22:BRANCHE07=S:BELØB=4:SÆSON=SÆSON,2017-03-01,2367.0
DST:FIKS22:BRANCHE07=S:BELØB=4:SÆSON=SÆSON,2017-04-01,2295.0
DST:FIKS22:BRANCHE07=S:BELØB=4:SÆSON=SÆSON,2017-05-01,2009.0
DST:FIKS22:BRANCHE07=S:BELØB=4:SÆSON=SÆSON,2017-06-01,2238.0
DST:FIKS22:BRANCHE07=S:BELØB=4:SÆSON=SÆSON,2017-07-01,2248.0
DST:FIKS22:BRANCHE07=S:BELØB=4:SÆSON=SÆSON,2017-08-01,2184.0
DST:FIKS22:BRANCHE07=S:BELØB=4:SÆSON=SÆSON,2017-09-01,2180.0
DST:FIKS22:BRANCHE07=S:BELØB=4:SÆSON=SÆSON,2017-10-01,2281.0
DST:FIKS22:BRANCHE07=S:BELØB=4:SÆSON=SÆSON,2017-11-01,2232.0
DST:FIKS22:BRANCHE07=S:BELØB=4:SÆSON=SÆSON,2017-12-01,2288.0
DST:FIKS22:BRANCHE07=S:BELØB=4:SÆSON=SÆSON,2018-01-01,2246.0
DST:FIKS22:BRANCHE07=S:BELØB=4:SÆSON=SÆSON,2018-02-01,2212.0
DST:FIKS22:BRANCHE07=S:BELØB=4:SÆSON=SÆSON,2018-03-01,2201.0
DST:FIKS22:BRANCHE07=S:BELØB=4:SÆSON=SÆSON,2018-04-01,2105.0
DST:FIKS22:BRANCHE07=S:BELØB=4:SÆSON=SÆSON,2018-05-01,2234.0
DST:FIKS22:BRANCHE07=S:BELØB=4:SÆSON=SÆSON,2018-06-01,2194.0
DST:FIKS22:BRANCHE07=S:BELØB=4:SÆSON=SÆSON,2018-07-01,2140.0
DST:FIKS22:BRANCHE07=S:BELØB=4:SÆSON=SÆSON,2018-08-01,2253.0
DST:FIKS22:BRANCHE07=S:BELØB=4:SÆSON=SÆSON,2018-09-01,2155.0
DST:FIKS22:BRANCHE07=S:BELØB=4:SÆSON=SÆSON,2018-10-01,2203.0
DST:FIKS22:BRANCHE07=S:BELØB=4:SÆSON=SÆSON,2018-11-01,2305.0
DST:FIKS22:BRANCHE07=S:BELØB=4:SÆSON=SÆSON,2018-12-01,2279.0
DST:FIKS22:BRANCHE07=S:BELØB=4:SÆSON=SÆSON,2019-01-01,2105.0
DST:FIKS22:BRANCHE07=S:BELØB=4:SÆSON=SÆSON,2019-02-01,2453.0
DST:FIKS22:BRANCHE07=S:BELØB=4:SÆSON=SÆSON,2019-03-01,2174.0
DST:FIKS22:BRANCHE07=S:BELØB=4:SÆSON=SÆSON,2019-04-01,2263.0
DST:FIKS22:BRANCHE07=S:BELØB=4:SÆSON=SÆSON,2019-05-01,1924.0
DST:FIKS22:BRANCHE07=S:BELØB=4:SÆSON=SÆSON,2019-06-01,2320.0
DST:FIKS22:BRANCHE07=S:BELØB=4:SÆSON=SÆSON,2019-07-01,2224.0
DST:FIKS22:BRANCHE07=S:BELØB=4:SÆSON=SÆSON,2019-08-01,2161.0
DST:FIKS22:BRANCHE07=S:BELØB=4:SÆSON=SÆSON,2019-09-01,2137.0
DST:FIKS22:BRANCHE07=S:BELØB=4:SÆSON=SÆSON,2019-10-01,2235.0
DST:FIKS22:BRANCHE07=S:BELØB=4:SÆSON=SÆSON,2019-11-01,2006.0
DST:FIKS22:BRANCHE07=S:BELØB=4:SÆSON=SÆSON,2019-12-01,2433.0
DST:FIKS22:BRANCHE07=S:BELØB=4:SÆSON=SÆSON,2020-01-01,2204.0
DST:FIKS22:BRANCHE07=S:BELØB=4:SÆSON=SÆSON,2020-02-01,2196.0
DST:FIKS22:BRANCHE07=S:BELØB=4:SÆSON=SÆSON,2020-03-01,2166.0
DST:FIKS22:BRANCHE07=S:BELØB=4:SÆSON=SÆSON,2020-04-01,1984.0
DST:FIKS22:BRANCHE07=S:BELØB=4:SÆSON=SÆSON,2020-05-01,1576.0
DST:FIKS22:BRANCHE07=S:BELØB=4:SÆSON=SÆSON,2020-06-01,2057.0
DST:FIKS22:BRANCHE07=S:BELØB=4:SÆSON=SÆSON,2020-07-01,2370.0
DST:FIKS22:BRANCHE07=S:BELØB=4:SÆSON=SÆSON,2020-08-01,2215.0
DST:FIKS22:BRANCHE07=S:BELØB=4:SÆSON=SÆSON,2020-09-01,2282.0
DST:FIKS22:BRANCHE07=S:BELØB=4:SÆSON=SÆSON,2020-10-01,2158.0
DST:FIKS22:BRANCHE07=S:BELØB=4:SÆSON=SÆSON,2020-11-01,2215.0
DST:FIKS22:BRANCHE07=S:BELØB=4:SÆSON=SÆSON,2020-12-01,2314.0
DST:FIKS22:BRANCHE07=S:BELØB=4:SÆSON=SÆSON,2021-01-01,1720.0
DST:FIKS22:BRANCHE07=S:BELØB=4:SÆSON=SÆSON,2021-02-01,1744.0
DST:FIKS22:BRANCHE07=S:BELØB=4:SÆSON=SÆSON,2021-03-01,1972.0
DST:FIKS22:BRANCHE07=S:BELØB=4:SÆSON=SÆSON,2021-04-01,2118.0
DST:FIKS22:BRANCHE07=S:BELØB=4:SÆSON=SÆSON,2021-05-01,2183.0
DST:FIKS22:BRANCHE07=S:BELØB=4:SÆSON=SÆSON,2021-06-01,2214.0
DST:FIKS22:BRANCHE07=S:BELØB=4:SÆSON=SÆSON,2021-07-01,2372.0
DST:FIKS22:BRANCHE07=S:BELØB=4:SÆSON=SÆSON,2021-08-01,2231.0
DST:FIKS22:BRANCHE07=S:BELØB=4:SÆSON=SÆSON,2021-09-01,2370.0
DST:FIKS22:BRANCHE07=S:BELØB=4:SÆSON=SÆSON,2021-10-01,2382.0
DST:FIKS22:BRANCHE07=S:BELØB=4:SÆSON=SÆSON,2021-11-01,2296.0
DST:FIKS22:BRANCHE07=S:BELØB=4:SÆSON=SÆSON,2021-12-01,2347.0
DST:FIKS22:BRANCHE07=S:BELØB=4:SÆSON=SÆSON,2022-01-01,2220.0
DST:FIKS22:BRANCHE07=S:BELØB=4:SÆSON=SÆSON,2022-02-01,2365.0
DST:FIKS22:BRANCHE07=S:BELØB=4:SÆSON=SÆSON,2022-03-01,2665.0
DST:FIKS22:BRANCHE07=S:BELØB=4:SÆSON=SÆSON,2022-04-01,2390.0
DST:FIKS22:BRANCHE07=S:BELØB=4:SÆSON=SÆSON,2022-05-01,2408.0
DST:FIKS22:BRANCHE07=S:BELØB=4:SÆSON=SÆSON,2022-06-01,2379.0
DST:FIKS22:BRANCHE07=S:BELØB=4:SÆSON=SÆSON,2022-07-01,2279.0
DST:FIKS22:BRANCHE07=S:BELØB=4:SÆSON=SÆSON,2022-08-01,2415.0
DST:FIKS22:BRANCHE07=S:BELØB=4:SÆSON=SÆSON,2022-09-01,2418.0
DST:FIKS22:BRANCHE07=S:BELØB=4:SÆSON=SÆSON,2022-10-01,2430.0
DST:FIKS22:BRANCHE07=S:BELØB=4:SÆSON=SÆSON,2022-11-01,2387.0
DST:FIKS22:BRANCHE07=S:BELØB=4:SÆSON=SÆSON,2022-12-01,2489.0
DST:FIKS22:BRANCHE07=S:BELØB=4:SÆSON=SÆSON,2023-01-01,2257.0
DST:FIKS22:BRANCHE07=S:BELØB=4:SÆSON=SÆSON,2023-02-01,2454.0
DST:FIKS22:BRANCHE07=S:BELØB=4:SÆSON=SÆSON,2023-03-01,2987.0
DST:FIKS22:BRANCHE07=S:BELØB=4:SÆSON=SÆSON,2023-04-01,2476.0
DST:FIKS22:BRANCHE07=S:BELØB=4:SÆSON=SÆSON,2023-05-01,2518.0
DST:FIKS22:BRANCHE07=S:BELØB=4:SÆSON=SÆSON,2023-06-01,2451.0
DST:FIKS22:BRANCHE07=S:BELØB=4:SÆSON=SÆSON,2023-07-01,2535.0
DST:FIKS22:BRANCHE07=S:BELØB=4:SÆSON=SÆSON,2023-08-01,2457.0
DST:FIKS22:BRANCHE07=S:BELØB=4:SÆSON=SÆSON,2023-09-01,2549.0
DST:FIKS22:BRANCHE07=S:BELØB=4:SÆSON=SÆSON,2023-10-01,2543.0
DST:FIKS22:BRANCHE07=S:BELØB=4:SÆSON=SÆSON,2023-11-01,2592.0
DST:FIKS22:BRANCHE07=S:BELØB=4:SÆSON=SÆSON,2023-12-01,2465.0
DST:FIKS22:BRANCHE07=S:BELØB=4:SÆSON=SÆSON,2024-01-01,2503.0
DST:FIKS22:BRANCHE07=S:BELØB=4:SÆSON=SÆSON,2024-02-01,2716.0
DST:FIKS22:BRANCHE07=S:BELØB=4:SÆSON=SÆSON,2024-03-01,2465.0
DST:FIKS22:BRANCHE07=S:BELØB=4:SÆSON=SÆSON,2024-04-01,2750.0
DST:FIKS22:BRANCHE07=S:BELØB=4:SÆSON=SÆSON,2024-05-01,2510.0
DST:FIKS22:BRANCHE07=S:BELØB=4:SÆSON=SÆSON,2024-06-01,2691.0
DST:FIKS22:BRANCHE07=S:BELØB=4:SÆSON=SÆSON,2024-07-01,2580.0
DST:FIKS22:BRANCHE07=S:BELØB=4:SÆSON=SÆSON,2024-08-01,2711.0
DST:FIKS22:BRANCHE07=S:BELØB=4:SÆSON=SÆSON,2024-09-01,2452.0
DST:FIKS22:BRANCHE07=S:BELØB=4:SÆSON=SÆSON,2024-10-01,2529.0
DST:FIKS22:BRANCHE07=S:BELØB=4:SÆSON=SÆSON,2024-11-01,2674.0
DST:FIKS22:BRANCHE07=S:BELØB=4:SÆSON=SÆSON,2024-12-01,2554.0
DST:FIKS22:BRANCHE07=S:BELØB=4:SÆSON=SÆSON,2025-01-01,2698.0
DST:FIKS22:BRANCHE07=S:BELØB=4:SÆSON=SÆSON,2025-02-01,2699.0
DST:FIKS22:BRANCHE07=S:BELØB=4:SÆSON=SÆSON,2025-03-01,2648.0
DST:FIKS22:BRANCHE07=S:BELØB=4:SÆSON=SÆSON,2025-04-01,2714.0
DST:FIKS22:BRANCHE07=S:BELØB=4:SÆSON=SÆSON,2025-05-01,2634.0
DST:FIKS22:BRANCHE07=S:BELØB=4:SÆSON=SÆSON,2025-06-01,2644.0
DST:FIKS22:BRANCHE07=S:BELØB=4:SÆSON=SÆSON,2025-07-01,2734.0
DST:FIKS22:BRANCHE07=S:BELØB=4:SÆSON=SÆSON,2025-08-01,2715.0
DST:FIKS22:BRANCHE07=S:BELØB=4:SÆSON=SÆSON,2025-09-01,2726.0
DST:FIKS22:BRANCHE07=S:BELØB=4:SÆSON=SÆSON,2025-10-01,2916.0
DST:FIKS22:BRANCHE07=S:BELØB=4:SÆSON=SÆSON,2025-11-01,2770.0
DST:FIKS22:BRANCHE07=S:BELØB=4:SÆSON=SÆSON,2025-12-01,2828.0
DST:FIKS22:BRANCHE07=S:BELØB=4:SÆSON=SÆSON,2026-01-01,3046.0
DST:FIKS22:BRANCHE07=S:BELØB=4:SÆSON=SÆSON,2026-02-01,2874.0
DST:FIKS22:BRANCHE07=S:BELØB=4:SÆSON=SÆSON,2026-03-01,3236.0
DST:FIKS22:BRANCHE07=TOT:BELØB=0:SÆSON=EJSÆSON,2009-01-01,122561.0
DST:FIKS22:BRANCHE07=TOT:BELØB=0:SÆSON=EJSÆSON,2009-02-01,116018.0
DST:FIKS22:BRANCHE07=TOT:BELØB=0:SÆSON=EJSÆSON,2009-03-01,130689.0
DST:FIKS22:BRANCHE07=TOT:BELØB=0:SÆSON=EJSÆSON,2009-04-01,127414.0
DST:FIKS22:BRANCHE07=TOT:BELØB=0:SÆSON=EJSÆSON,2009-05-01,115648.0
DST:FIKS22:BRANCHE07=TOT:BELØB=0:SÆSON=EJSÆSON,2009-06-01,130026.0
DST:FIKS22:BRANCHE07=TOT:BELØB=0:SÆSON=EJSÆSON,2009-07-01,116502.0
DST:FIKS22:BRANCHE07=TOT:BELØB=0:SÆSON=EJSÆSON,2009-08-01,115421.0
DST:FIKS22:BRANCHE07=TOT:BELØB=0:SÆSON=EJSÆSON,2009-09-01,129065.0
DST:FIKS22:BRANCHE07=TOT:BELØB=0:SÆSON=EJSÆSON,2009-10-01,129949.0
DST:FIKS22:BRANCHE07=TOT:BELØB=0:SÆSON=EJSÆSON,2009-11-01,121929.0
DST:FIKS22:BRANCHE07=TOT:BELØB=0:SÆSON=EJSÆSON,2009-12-01,135711.0
DST:FIKS22:BRANCHE07=TOT:BELØB=0:SÆSON=EJSÆSON,2010-01-01,108437.0
DST:FIKS22:BRANCHE07=TOT:BELØB=0:SÆSON=EJSÆSON,2010-02-01,104677.0
DST:FIKS22:BRANCHE07=TOT:BELØB=0:SÆSON=EJSÆSON,2010-03-01,132325.0
DST:FIKS22:BRANCHE07=TOT:BELØB=0:SÆSON=EJSÆSON,2010-04-01,120401.0
DST:FIKS22:BRANCHE07=TOT:BELØB=0:SÆSON=EJSÆSON,2010-05-01,119059.0
DST:FIKS22:BRANCHE07=TOT:BELØB=0:SÆSON=EJSÆSON,2010-06-01,133237.0
DST:FIKS22:BRANCHE07=TOT:BELØB=0:SÆSON=EJSÆSON,2010-07-01,117168.0
DST:FIKS22:BRANCHE07=TOT:BELØB=0:SÆSON=EJSÆSON,2010-08-01,122007.0
DST:FIKS22:BRANCHE07=TOT:BELØB=0:SÆSON=EJSÆSON,2010-09-01,131504.0
DST:FIKS22:BRANCHE07=TOT:BELØB=0:SÆSON=EJSÆSON,2010-10-01,133221.0
DST:FIKS22:BRANCHE07=TOT:BELØB=0:SÆSON=EJSÆSON,2010-11-01,136816.0
DST:FIKS22:BRANCHE07=TOT:BELØB=0:SÆSON=EJSÆSON,2010-12-01,152830.0
DST:FIKS22:BRANCHE07=TOT:BELØB=0:SÆSON=EJSÆSON,2011-01-01,125411.0
DST:FIKS22:BRANCHE07=TOT:BELØB=0:SÆSON=EJSÆSON,2011-02-01,117362.0
DST:FIKS22:BRANCHE07=TOT:BELØB=0:SÆSON=EJSÆSON,2011-03-01,143944.0
DST:FIKS22:BRANCHE07=TOT:BELØB=0:SÆSON=EJSÆSON,2011-04-01,132420.0
DST:FIKS22:BRANCHE07=TOT:BELØB=0:SÆSON=EJSÆSON,2011-05-01,137551.0
DST:FIKS22:BRANCHE07=TOT:BELØB=0:SÆSON=EJSÆSON,2011-06-01,140667.0
DST:FIKS22:BRANCHE07=TOT:BELØB=0:SÆSON=EJSÆSON,2011-07-01,120708.0
DST:FIKS22:BRANCHE07=TOT:BELØB=0:SÆSON=EJSÆSON,2011-08-01,134364.0
DST:FIKS22:BRANCHE07=TOT:BELØB=0:SÆSON=EJSÆSON,2011-09-01,148605.0
DST:FIKS22:BRANCHE07=TOT:BELØB=0:SÆSON=EJSÆSON,2011-10-01,141234.0
DST:FIKS22:BRANCHE07=TOT:BELØB=0:SÆSON=EJSÆSON,2011-11-01,142783.0
DST:FIKS22:BRANCHE07=TOT:BELØB=0:SÆSON=EJSÆSON,2011-12-01,162447.0
DST:FIKS22:BRANCHE07=TOT:BELØB=0:SÆSON=EJSÆSON,2012-01-01,127083.0
DST:FIKS22:BRANCHE07=TOT:BELØB=0:SÆSON=EJSÆSON,2012-02-01,123620.0
DST:FIKS22:BRANCHE07=TOT:BELØB=0:SÆSON=EJSÆSON,2012-03-01,146522.0
DST:FIKS22:BRANCHE07=TOT:BELØB=0:SÆSON=EJSÆSON,2012-04-01,136544.0
DST:FIKS22:BRANCHE07=TOT:BELØB=0:SÆSON=EJSÆSON,2012-05-01,134873.0
DST:FIKS22:BRANCHE07=TOT:BELØB=0:SÆSON=EJSÆSON,2012-06-01,142933.0
DST:FIKS22:BRANCHE07=TOT:BELØB=0:SÆSON=EJSÆSON,2012-07-01,123867.0
DST:FIKS22:BRANCHE07=TOT:BELØB=0:SÆSON=EJSÆSON,2012-08-01,133932.0
DST:FIKS22:BRANCHE07=TOT:BELØB=0:SÆSON=EJSÆSON,2012-09-01,139196.0
DST:FIKS22:BRANCHE07=TOT:BELØB=0:SÆSON=EJSÆSON,2012-10-01,147252.0
DST:FIKS22:BRANCHE07=TOT:BELØB=0:SÆSON=EJSÆSON,2012-11-01,140956.0
DST:FIKS22:BRANCHE07=TOT:BELØB=0:SÆSON=EJSÆSON,2012-12-01,153460.0
DST:FIKS22:BRANCHE07=TOT:BELØB=0:SÆSON=EJSÆSON,2013-01-01,132552.0
DST:FIKS22:BRANCHE07=TOT:BELØB=0:SÆSON=EJSÆSON,2013-02-01,121100.0
DST:FIKS22:BRANCHE07=TOT:BELØB=0:SÆSON=EJSÆSON,2013-03-01,130019.0
DST:FIKS22:BRANCHE07=TOT:BELØB=0:SÆSON=EJSÆSON,2013-04-01,140397.0
DST:FIKS22:BRANCHE07=TOT:BELØB=0:SÆSON=EJSÆSON,2013-05-01,136249.0
DST:FIKS22:BRANCHE07=TOT:BELØB=0:SÆSON=EJSÆSON,2013-06-01,140532.0
DST:FIKS22:BRANCHE07=TOT:BELØB=0:SÆSON=EJSÆSON,2013-07-01,127155.0
DST:FIKS22:BRANCHE07=TOT:BELØB=0:SÆSON=EJSÆSON,2013-08-01,130544.0
DST:FIKS22:BRANCHE07=TOT:BELØB=0:SÆSON=EJSÆSON,2013-09-01,141509.0
DST:FIKS22:BRANCHE07=TOT:BELØB=0:SÆSON=EJSÆSON,2013-10-01,146203.0
DST:FIKS22:BRANCHE07=TOT:BELØB=0:SÆSON=EJSÆSON,2013-11-01,138022.0
DST:FIKS22:BRANCHE07=TOT:BELØB=0:SÆSON=EJSÆSON,2013-12-01,157055.0
DST:FIKS22:BRANCHE07=TOT:BELØB=0:SÆSON=EJSÆSON,2014-01-01,128455.0
DST:FIKS22:BRANCHE07=TOT:BELØB=0:SÆSON=EJSÆSON,2014-02-01,123434.0
DST:FIKS22:BRANCHE07=TOT:BELØB=0:SÆSON=EJSÆSON,2014-03-01,137632.0
DST:FIKS22:BRANCHE07=TOT:BELØB=0:SÆSON=EJSÆSON,2014-04-01,136082.0
DST:FIKS22:BRANCHE07=TOT:BELØB=0:SÆSON=EJSÆSON,2014-05-01,136699.0
DST:FIKS22:BRANCHE07=TOT:BELØB=0:SÆSON=EJSÆSON,2014-06-01,141052.0
DST:FIKS22:BRANCHE07=TOT:BELØB=0:SÆSON=EJSÆSON,2014-07-01,128025.0
DST:FIKS22:BRANCHE07=TOT:BELØB=0:SÆSON=EJSÆSON,2014-08-01,129110.0
DST:FIKS22:BRANCHE07=TOT:BELØB=0:SÆSON=EJSÆSON,2014-09-01,146856.0
DST:FIKS22:BRANCHE07=TOT:BELØB=0:SÆSON=EJSÆSON,2014-10-01,147758.0
DST:FIKS22:BRANCHE07=TOT:BELØB=0:SÆSON=EJSÆSON,2014-11-01,140733.0
DST:FIKS22:BRANCHE07=TOT:BELØB=0:SÆSON=EJSÆSON,2014-12-01,156713.0
DST:FIKS22:BRANCHE07=TOT:BELØB=0:SÆSON=EJSÆSON,2015-01-01,127147.0
DST:FIKS22:BRANCHE07=TOT:BELØB=0:SÆSON=EJSÆSON,2015-02-01,125694.0
DST:FIKS22:BRANCHE07=TOT:BELØB=0:SÆSON=EJSÆSON,2015-03-01,150916.0
DST:FIKS22:BRANCHE07=TOT:BELØB=0:SÆSON=EJSÆSON,2015-04-01,140576.0
DST:FIKS22:BRANCHE07=TOT:BELØB=0:SÆSON=EJSÆSON,2015-05-01,132939.0
DST:FIKS22:BRANCHE07=TOT:BELØB=0:SÆSON=EJSÆSON,2015-06-01,152454.0
DST:FIKS22:BRANCHE07=TOT:BELØB=0:SÆSON=EJSÆSON,2015-07-01,133527.0
DST:FIKS22:BRANCHE07=TOT:BELØB=0:SÆSON=EJSÆSON,2015-08-01,133910.0
DST:FIKS22:BRANCHE07=TOT:BELØB=0:SÆSON=EJSÆSON,2015-09-01,148711.0
DST:FIKS22:BRANCHE07=TOT:BELØB=0:SÆSON=EJSÆSON,2015-10-01,147973.0
DST:FIKS22:BRANCHE07=TOT:BELØB=0:SÆSON=EJSÆSON,2015-11-01,144196.0
DST:FIKS22:BRANCHE07=TOT:BELØB=0:SÆSON=EJSÆSON,2015-12-01,168146.0
DST:FIKS22:BRANCHE07=TOT:BELØB=0:SÆSON=EJSÆSON,2016-01-01,125914.0
DST:FIKS22:BRANCHE07=TOT:BELØB=0:SÆSON=EJSÆSON,2016-02-01,131933.0
DST:FIKS22:BRANCHE07=TOT:BELØB=0:SÆSON=EJSÆSON,2016-03-01,142796.0
DST:FIKS22:BRANCHE07=TOT:BELØB=0:SÆSON=EJSÆSON,2016-04-01,142624.0
DST:FIKS22:BRANCHE07=TOT:BELØB=0:SÆSON=EJSÆSON,2016-05-01,142413.0
DST:FIKS22:BRANCHE07=TOT:BELØB=0:SÆSON=EJSÆSON,2016-06-01,158570.0
DST:FIKS22:BRANCHE07=TOT:BELØB=0:SÆSON=EJSÆSON,2016-07-01,125592.0
DST:FIKS22:BRANCHE07=TOT:BELØB=0:SÆSON=EJSÆSON,2016-08-01,144281.0
DST:FIKS22:BRANCHE07=TOT:BELØB=0:SÆSON=EJSÆSON,2016-09-01,155834.0
DST:FIKS22:BRANCHE07=TOT:BELØB=0:SÆSON=EJSÆSON,2016-10-01,150225.0
DST:FIKS22:BRANCHE07=TOT:BELØB=0:SÆSON=EJSÆSON,2016-11-01,166212.0
DST:FIKS22:BRANCHE07=TOT:BELØB=0:SÆSON=EJSÆSON,2016-12-01,180854.0
DST:FIKS22:BRANCHE07=TOT:BELØB=0:SÆSON=EJSÆSON,2017-01-01,139233.0
DST:FIKS22:BRANCHE07=TOT:BELØB=0:SÆSON=EJSÆSON,2017-02-01,134871.0
DST:FIKS22:BRANCHE07=TOT:BELØB=0:SÆSON=EJSÆSON,2017-03-01,162908.0
DST:FIKS22:BRANCHE07=TOT:BELØB=0:SÆSON=EJSÆSON,2017-04-01,143326.0
DST:FIKS22:BRANCHE07=TOT:BELØB=0:SÆSON=EJSÆSON,2017-05-01,152153.0
DST:FIKS22:BRANCHE07=TOT:BELØB=0:SÆSON=EJSÆSON,2017-06-01,164644.0
DST:FIKS22:BRANCHE07=TOT:BELØB=0:SÆSON=EJSÆSON,2017-07-01,138718.0
DST:FIKS22:BRANCHE07=TOT:BELØB=0:SÆSON=EJSÆSON,2017-08-01,151334.0
DST:FIKS22:BRANCHE07=TOT:BELØB=0:SÆSON=EJSÆSON,2017-09-01,160614.0
DST:FIKS22:BRANCHE07=TOT:BELØB=0:SÆSON=EJSÆSON,2017-10-01,164628.0
DST:FIKS22:BRANCHE07=TOT:BELØB=0:SÆSON=EJSÆSON,2017-11-01,164274.0
DST:FIKS22:BRANCHE07=TOT:BELØB=0:SÆSON=EJSÆSON,2017-12-01,179973.0
DST:FIKS22:BRANCHE07=TOT:BELØB=0:SÆSON=EJSÆSON,2018-01-01,148613.0
DST:FIKS22:BRANCHE07=TOT:BELØB=0:SÆSON=EJSÆSON,2018-02-01,135212.0
DST:FIKS22:BRANCHE07=TOT:BELØB=0:SÆSON=EJSÆSON,2018-03-01,153991.0
DST:FIKS22:BRANCHE07=TOT:BELØB=0:SÆSON=EJSÆSON,2018-04-01,157689.0
DST:FIKS22:BRANCHE07=TOT:BELØB=0:SÆSON=EJSÆSON,2018-05-01,159459.0
DST:FIKS22:BRANCHE07=TOT:BELØB=0:SÆSON=EJSÆSON,2018-06-01,166348.0
DST:FIKS22:BRANCHE07=TOT:BELØB=0:SÆSON=EJSÆSON,2018-07-01,149075.0
DST:FIKS22:BRANCHE07=TOT:BELØB=0:SÆSON=EJSÆSON,2018-08-01,154705.0
DST:FIKS22:BRANCHE07=TOT:BELØB=0:SÆSON=EJSÆSON,2018-09-01,156756.0
DST:FIKS22:BRANCHE07=TOT:BELØB=0:SÆSON=EJSÆSON,2018-10-01,173898.0
DST:FIKS22:BRANCHE07=TOT:BELØB=0:SÆSON=EJSÆSON,2018-11-01,167884.0
DST:FIKS22:BRANCHE07=TOT:BELØB=0:SÆSON=EJSÆSON,2018-12-01,176490.0
DST:FIKS22:BRANCHE07=TOT:BELØB=0:SÆSON=EJSÆSON,2019-01-01,158183.0
DST:FIKS22:BRANCHE07=TOT:BELØB=0:SÆSON=EJSÆSON,2019-02-01,144295.0
DST:FIKS22:BRANCHE07=TOT:BELØB=0:SÆSON=EJSÆSON,2019-03-01,161882.0
DST:FIKS22:BRANCHE07=TOT:BELØB=0:SÆSON=EJSÆSON,2019-04-01,162204.0
DST:FIKS22:BRANCHE07=TOT:BELØB=0:SÆSON=EJSÆSON,2019-05-01,160327.0
DST:FIKS22:BRANCHE07=TOT:BELØB=0:SÆSON=EJSÆSON,2019-06-01,161951.0
DST:FIKS22:BRANCHE07=TOT:BELØB=0:SÆSON=EJSÆSON,2019-07-01,154193.0
DST:FIKS22:BRANCHE07=TOT:BELØB=0:SÆSON=EJSÆSON,2019-08-01,156111.0
DST:FIKS22:BRANCHE07=TOT:BELØB=0:SÆSON=EJSÆSON,2019-09-01,166596.0
DST:FIKS22:BRANCHE07=TOT:BELØB=0:SÆSON=EJSÆSON,2019-10-01,177577.0
DST:FIKS22:BRANCHE07=TOT:BELØB=0:SÆSON=EJSÆSON,2019-11-01,170442.0
DST:FIKS22:BRANCHE07=TOT:BELØB=0:SÆSON=EJSÆSON,2019-12-01,185069.0
DST:FIKS22:BRANCHE07=TOT:BELØB=0:SÆSON=EJSÆSON,2020-01-01,163519.0
DST:FIKS22:BRANCHE07=TOT:BELØB=0:SÆSON=EJSÆSON,2020-02-01,149384.0
DST:FIKS22:BRANCHE07=TOT:BELØB=0:SÆSON=EJSÆSON,2020-03-01,173121.0
DST:FIKS22:BRANCHE07=TOT:BELØB=0:SÆSON=EJSÆSON,2020-04-01,149841.0
DST:FIKS22:BRANCHE07=TOT:BELØB=0:SÆSON=EJSÆSON,2020-05-01,145343.0
DST:FIKS22:BRANCHE07=TOT:BELØB=0:SÆSON=EJSÆSON,2020-06-01,164897.0
DST:FIKS22:BRANCHE07=TOT:BELØB=0:SÆSON=EJSÆSON,2020-07-01,153578.0
DST:FIKS22:BRANCHE07=TOT:BELØB=0:SÆSON=EJSÆSON,2020-08-01,153859.0
DST:FIKS22:BRANCHE07=TOT:BELØB=0:SÆSON=EJSÆSON,2020-09-01,170908.0
DST:FIKS22:BRANCHE07=TOT:BELØB=0:SÆSON=EJSÆSON,2020-10-01,173572.0
DST:FIKS22:BRANCHE07=TOT:BELØB=0:SÆSON=EJSÆSON,2020-11-01,172306.0
DST:FIKS22:BRANCHE07=TOT:BELØB=0:SÆSON=EJSÆSON,2020-12-01,197619.0
DST:FIKS22:BRANCHE07=TOT:BELØB=0:SÆSON=EJSÆSON,2021-01-01,157539.0
DST:FIKS22:BRANCHE07=TOT:BELØB=0:SÆSON=EJSÆSON,2021-02-01,157762.0
DST:FIKS22:BRANCHE07=TOT:BELØB=0:SÆSON=EJSÆSON,2021-03-01,193885.0
DST:FIKS22:BRANCHE07=TOT:BELØB=0:SÆSON=EJSÆSON,2021-04-01,176854.0
DST:FIKS22:BRANCHE07=TOT:BELØB=0:SÆSON=EJSÆSON,2021-05-01,172717.0
DST:FIKS22:BRANCHE07=TOT:BELØB=0:SÆSON=EJSÆSON,2021-06-01,195891.0
DST:FIKS22:BRANCHE07=TOT:BELØB=0:SÆSON=EJSÆSON,2021-07-01,174657.0
DST:FIKS22:BRANCHE07=TOT:BELØB=0:SÆSON=EJSÆSON,2021-08-01,171957.0
DST:FIKS22:BRANCHE07=TOT:BELØB=0:SÆSON=EJSÆSON,2021-09-01,195194.0
DST:FIKS22:BRANCHE07=TOT:BELØB=0:SÆSON=EJSÆSON,2021-10-01,196925.0
DST:FIKS22:BRANCHE07=TOT:BELØB=0:SÆSON=EJSÆSON,2021-11-01,207268.0
DST:FIKS22:BRANCHE07=TOT:BELØB=0:SÆSON=EJSÆSON,2021-12-01,231413.0
DST:FIKS22:BRANCHE07=TOT:BELØB=0:SÆSON=EJSÆSON,2022-01-01,194438.0
DST:FIKS22:BRANCHE07=TOT:BELØB=0:SÆSON=EJSÆSON,2022-02-01,189510.0
DST:FIKS22:BRANCHE07=TOT:BELØB=0:SÆSON=EJSÆSON,2022-03-01,245304.0
DST:FIKS22:BRANCHE07=TOT:BELØB=0:SÆSON=EJSÆSON,2022-04-01,222541.0
DST:FIKS22:BRANCHE07=TOT:BELØB=0:SÆSON=EJSÆSON,2022-05-01,226169.0
DST:FIKS22:BRANCHE07=TOT:BELØB=0:SÆSON=EJSÆSON,2022-06-01,242051.0
DST:FIKS22:BRANCHE07=TOT:BELØB=0:SÆSON=EJSÆSON,2022-07-01,206383.0
DST:FIKS22:BRANCHE07=TOT:BELØB=0:SÆSON=EJSÆSON,2022-08-01,232832.0
DST:FIKS22:BRANCHE07=TOT:BELØB=0:SÆSON=EJSÆSON,2022-09-01,258891.0
DST:FIKS22:BRANCHE07=TOT:BELØB=0:SÆSON=EJSÆSON,2022-10-01,234372.0
DST:FIKS22:BRANCHE07=TOT:BELØB=0:SÆSON=EJSÆSON,2022-11-01,237274.0
DST:FIKS22:BRANCHE07=TOT:BELØB=0:SÆSON=EJSÆSON,2022-12-01,266081.0
DST:FIKS22:BRANCHE07=TOT:BELØB=0:SÆSON=EJSÆSON,2023-01-01,221462.0
DST:FIKS22:BRANCHE07=TOT:BELØB=0:SÆSON=EJSÆSON,2023-02-01,201975.0
DST:FIKS22:BRANCHE07=TOT:BELØB=0:SÆSON=EJSÆSON,2023-03-01,240002.0
DST:FIKS22:BRANCHE07=TOT:BELØB=0:SÆSON=EJSÆSON,2023-04-01,207231.0
DST:FIKS22:BRANCHE07=TOT:BELØB=0:SÆSON=EJSÆSON,2023-05-01,209143.0
DST:FIKS22:BRANCHE07=TOT:BELØB=0:SÆSON=EJSÆSON,2023-06-01,229310.0
DST:FIKS22:BRANCHE07=TOT:BELØB=0:SÆSON=EJSÆSON,2023-07-01,184987.0
DST:FIKS22:BRANCHE07=TOT:BELØB=0:SÆSON=EJSÆSON,2023-08-01,210345.0
DST:FIKS22:BRANCHE07=TOT:BELØB=0:SÆSON=EJSÆSON,2023-09-01,222144.0
DST:FIKS22:BRANCHE07=TOT:BELØB=0:SÆSON=EJSÆSON,2023-10-01,228024.0
DST:FIKS22:BRANCHE07=TOT:BELØB=0:SÆSON=EJSÆSON,2023-11-01,223463.0
DST:FIKS22:BRANCHE07=TOT:BELØB=0:SÆSON=EJSÆSON,2023-12-01,237742.0
DST:FIKS22:BRANCHE07=TOT:BELØB=0:SÆSON=EJSÆSON,2024-01-01,207657.0
DST:FIKS22:BRANCHE07=TOT:BELØB=0:SÆSON=EJSÆSON,2024-02-01,200556.0
DST:FIKS22:BRANCHE07=TOT:BELØB=0:SÆSON=EJSÆSON,2024-03-01,215199.0
DST:FIKS22:BRANCHE07=TOT:BELØB=0:SÆSON=EJSÆSON,2024-04-01,226059.0
DST:FIKS22:BRANCHE07=TOT:BELØB=0:SÆSON=EJSÆSON,2024-05-01,215164.0
DST:FIKS22:BRANCHE07=TOT:BELØB=0:SÆSON=EJSÆSON,2024-06-01,216426.0
DST:FIKS22:BRANCHE07=TOT:BELØB=0:SÆSON=EJSÆSON,2024-07-01,200720.0
DST:FIKS22:BRANCHE07=TOT:BELØB=0:SÆSON=EJSÆSON,2024-08-01,202094.0
DST:FIKS22:BRANCHE07=TOT:BELØB=0:SÆSON=EJSÆSON,2024-09-01,217321.0
DST:FIKS22:BRANCHE07=TOT:BELØB=0:SÆSON=EJSÆSON,2024-10-01,232574.0
DST:FIKS22:BRANCHE07=TOT:BELØB=0:SÆSON=EJSÆSON,2024-11-01,220716.0
DST:FIKS22:BRANCHE07=TOT:BELØB=0:SÆSON=EJSÆSON,2024-12-01,245559.0
DST:FIKS22:BRANCHE07=TOT:BELØB=0:SÆSON=EJSÆSON,2025-01-01,221829.0
DST:FIKS22:BRANCHE07=TOT:BELØB=0:SÆSON=EJSÆSON,2025-02-01,205550.0
DST:FIKS22:BRANCHE07=TOT:BELØB=0:SÆSON=EJSÆSON,2025-03-01,228182.0
DST:FIKS22:BRANCHE07=TOT:BELØB=0:SÆSON=EJSÆSON,2025-04-01,223590.0
DST:FIKS22:BRANCHE07=TOT:BELØB=0:SÆSON=EJSÆSON,2025-05-01,215143.0
DST:FIKS22:BRANCHE07=TOT:BELØB=0:SÆSON=EJSÆSON,2025-06-01,231955.0
DST:FIKS22:BRANCHE07=TOT:BELØB=0:SÆSON=EJSÆSON,2025-07-01,205003.0
DST:FIKS22:BRANCHE07=TOT:BELØB=0:SÆSON=EJSÆSON,2025-08-01,207305.0
DST:FIKS22:BRANCHE07=TOT:BELØB=0:SÆSON=EJSÆSON,2025-09-01,230153.0
DST:FIKS22:BRANCHE07=TOT:BELØB=0:SÆSON=EJSÆSON,2025-10-01,241216.0
DST:FIKS22:BRANCHE07=TOT:BELØB=0:SÆSON=EJSÆSON,2025-11-01,226050.0
DST:FIKS22:BRANCHE07=TOT:BELØB=0:SÆSON=EJSÆSON,2025-12-01,248163.0
DST:FIKS22:BRANCHE07=TOT:BELØB=0:SÆSON=EJSÆSON,2026-01-01,210890.0
DST:FIKS22:BRANCHE07=TOT:BELØB=0:SÆSON=EJSÆSON,2026-02-01,194386.0
DST:FIKS22:BRANCHE07=TOT:BELØB=0:SÆSON=EJSÆSON,2026-03-01,235531.0
DST:FIKS22:BRANCHE07=TOT:BELØB=0:SÆSON=SÆSON,2009-01-01,131466.0
DST:FIKS22:BRANCHE07=TOT:BELØB=0:SÆSON=SÆSON,2009-02-01,131474.0
DST:FIKS22:BRANCHE07=TOT:BELØB=0:SÆSON=SÆSON,2009-03-01,126045.0
DST:FIKS22:BRANCHE07=TOT:BELØB=0:SÆSON=SÆSON,2009-04-01,127229.0
DST:FIKS22:BRANCHE07=TOT:BELØB=0:SÆSON=SÆSON,2009-05-01,121985.0
DST:FIKS22:BRANCHE07=TOT:BELØB=0:SÆSON=SÆSON,2009-06-01,125928.0
DST:FIKS22:BRANCHE07=TOT:BELØB=0:SÆSON=SÆSON,2009-07-01,125371.0
DST:FIKS22:BRANCHE07=TOT:BELØB=0:SÆSON=SÆSON,2009-08-01,124314.0
DST:FIKS22:BRANCHE07=TOT:BELØB=0:SÆSON=SÆSON,2009-09-01,122409.0
DST:FIKS22:BRANCHE07=TOT:BELØB=0:SÆSON=SÆSON,2009-10-01,122934.0
DST:FIKS22:BRANCHE07=TOT:BELØB=0:SÆSON=SÆSON,2009-11-01,120590.0
DST:FIKS22:BRANCHE07=TOT:BELØB=0:SÆSON=SÆSON,2009-12-01,116194.0
DST:FIKS22:BRANCHE07=TOT:BELØB=0:SÆSON=SÆSON,2010-01-01,119151.0
DST:FIKS22:BRANCHE07=TOT:BELØB=0:SÆSON=SÆSON,2010-02-01,118523.0
DST:FIKS22:BRANCHE07=TOT:BELØB=0:SÆSON=SÆSON,2010-03-01,125099.0
DST:FIKS22:BRANCHE07=TOT:BELØB=0:SÆSON=SÆSON,2010-04-01,122017.0
DST:FIKS22:BRANCHE07=TOT:BELØB=0:SÆSON=SÆSON,2010-05-01,125391.0
DST:FIKS22:BRANCHE07=TOT:BELØB=0:SÆSON=SÆSON,2010-06-01,122959.0
DST:FIKS22:BRANCHE07=TOT:BELØB=0:SÆSON=SÆSON,2010-07-01,127915.0
DST:FIKS22:BRANCHE07=TOT:BELØB=0:SÆSON=SÆSON,2010-08-01,127683.0
DST:FIKS22:BRANCHE07=TOT:BELØB=0:SÆSON=SÆSON,2010-09-01,123543.0
DST:FIKS22:BRANCHE07=TOT:BELØB=0:SÆSON=SÆSON,2010-10-01,129586.0
DST:FIKS22:BRANCHE07=TOT:BELØB=0:SÆSON=SÆSON,2010-11-01,132187.0
DST:FIKS22:BRANCHE07=TOT:BELØB=0:SÆSON=SÆSON,2010-12-01,127720.0
DST:FIKS22:BRANCHE07=TOT:BELØB=0:SÆSON=SÆSON,2011-01-01,135107.0
DST:FIKS22:BRANCHE07=TOT:BELØB=0:SÆSON=SÆSON,2011-02-01,133035.0
DST:FIKS22:BRANCHE07=TOT:BELØB=0:SÆSON=SÆSON,2011-03-01,134678.0
DST:FIKS22:BRANCHE07=TOT:BELØB=0:SÆSON=SÆSON,2011-04-01,135048.0
DST:FIKS22:BRANCHE07=TOT:BELØB=0:SÆSON=SÆSON,2011-05-01,137480.0
DST:FIKS22:BRANCHE07=TOT:BELØB=0:SÆSON=SÆSON,2011-06-01,135875.0
DST:FIKS22:BRANCHE07=TOT:BELØB=0:SÆSON=SÆSON,2011-07-01,135904.0
DST:FIKS22:BRANCHE07=TOT:BELØB=0:SÆSON=SÆSON,2011-08-01,138324.0
DST:FIKS22:BRANCHE07=TOT:BELØB=0:SÆSON=SÆSON,2011-09-01,138652.0
DST:FIKS22:BRANCHE07=TOT:BELØB=0:SÆSON=SÆSON,2011-10-01,138212.0
DST:FIKS22:BRANCHE07=TOT:BELØB=0:SÆSON=SÆSON,2011-11-01,138238.0
DST:FIKS22:BRANCHE07=TOT:BELØB=0:SÆSON=SÆSON,2011-12-01,140808.0
DST:FIKS22:BRANCHE07=TOT:BELØB=0:SÆSON=SÆSON,2012-01-01,134519.0
DST:FIKS22:BRANCHE07=TOT:BELØB=0:SÆSON=SÆSON,2012-02-01,135495.0
DST:FIKS22:BRANCHE07=TOT:BELØB=0:SÆSON=SÆSON,2012-03-01,139545.0
DST:FIKS22:BRANCHE07=TOT:BELØB=0:SÆSON=SÆSON,2012-04-01,140334.0
DST:FIKS22:BRANCHE07=TOT:BELØB=0:SÆSON=SÆSON,2012-05-01,137855.0
DST:FIKS22:BRANCHE07=TOT:BELØB=0:SÆSON=SÆSON,2012-06-01,137319.0
DST:FIKS22:BRANCHE07=TOT:BELØB=0:SÆSON=SÆSON,2012-07-01,136378.0
DST:FIKS22:BRANCHE07=TOT:BELØB=0:SÆSON=SÆSON,2012-08-01,136734.0
DST:FIKS22:BRANCHE07=TOT:BELØB=0:SÆSON=SÆSON,2012-09-01,137290.0
DST:FIKS22:BRANCHE07=TOT:BELØB=0:SÆSON=SÆSON,2012-10-01,138266.0
DST:FIKS22:BRANCHE07=TOT:BELØB=0:SÆSON=SÆSON,2012-11-01,135295.0
DST:FIKS22:BRANCHE07=TOT:BELØB=0:SÆSON=SÆSON,2012-12-01,139387.0
DST:FIKS22:BRANCHE07=TOT:BELØB=0:SÆSON=SÆSON,2013-01-01,140055.0
DST:FIKS22:BRANCHE07=TOT:BELØB=0:SÆSON=SÆSON,2013-02-01,136890.0
DST:FIKS22:BRANCHE07=TOT:BELØB=0:SÆSON=SÆSON,2013-03-01,134355.0
DST:FIKS22:BRANCHE07=TOT:BELØB=0:SÆSON=SÆSON,2013-04-01,136803.0
DST:FIKS22:BRANCHE07=TOT:BELØB=0:SÆSON=SÆSON,2013-05-01,135466.0
DST:FIKS22:BRANCHE07=TOT:BELØB=0:SÆSON=SÆSON,2013-06-01,137504.0
DST:FIKS22:BRANCHE07=TOT:BELØB=0:SÆSON=SÆSON,2013-07-01,137606.0
DST:FIKS22:BRANCHE07=TOT:BELØB=0:SÆSON=SÆSON,2013-08-01,135513.0
DST:FIKS22:BRANCHE07=TOT:BELØB=0:SÆSON=SÆSON,2013-09-01,137048.0
DST:FIKS22:BRANCHE07=TOT:BELØB=0:SÆSON=SÆSON,2013-10-01,136548.0
DST:FIKS22:BRANCHE07=TOT:BELØB=0:SÆSON=SÆSON,2013-11-01,136197.0
DST:FIKS22:BRANCHE07=TOT:BELØB=0:SÆSON=SÆSON,2013-12-01,138774.0
DST:FIKS22:BRANCHE07=TOT:BELØB=0:SÆSON=SÆSON,2014-01-01,136015.0
DST:FIKS22:BRANCHE07=TOT:BELØB=0:SÆSON=SÆSON,2014-02-01,139281.0
DST:FIKS22:BRANCHE07=TOT:BELØB=0:SÆSON=SÆSON,2014-03-01,135262.0
DST:FIKS22:BRANCHE07=TOT:BELØB=0:SÆSON=SÆSON,2014-04-01,137576.0
DST:FIKS22:BRANCHE07=TOT:BELØB=0:SÆSON=SÆSON,2014-05-01,139214.0
DST:FIKS22:BRANCHE07=TOT:BELØB=0:SÆSON=SÆSON,2014-06-01,138919.0
DST:FIKS22:BRANCHE07=TOT:BELØB=0:SÆSON=SÆSON,2014-07-01,137005.0
DST:FIKS22:BRANCHE07=TOT:BELØB=0:SÆSON=SÆSON,2014-08-01,137520.0
DST:FIKS22:BRANCHE07=TOT:BELØB=0:SÆSON=SÆSON,2014-09-01,139050.0
DST:FIKS22:BRANCHE07=TOT:BELØB=0:SÆSON=SÆSON,2014-10-01,137919.0
DST:FIKS22:BRANCHE07=TOT:BELØB=0:SÆSON=SÆSON,2014-11-01,142113.0
DST:FIKS22:BRANCHE07=TOT:BELØB=0:SÆSON=SÆSON,2014-12-01,137586.0
DST:FIKS22:BRANCHE07=TOT:BELØB=0:SÆSON=SÆSON,2015-01-01,139003.0
DST:FIKS22:BRANCHE07=TOT:BELØB=0:SÆSON=SÆSON,2015-02-01,141440.0
DST:FIKS22:BRANCHE07=TOT:BELØB=0:SÆSON=SÆSON,2015-03-01,144386.0
DST:FIKS22:BRANCHE07=TOT:BELØB=0:SÆSON=SÆSON,2015-04-01,141991.0
DST:FIKS22:BRANCHE07=TOT:BELØB=0:SÆSON=SÆSON,2015-05-01,141941.0
DST:FIKS22:BRANCHE07=TOT:BELØB=0:SÆSON=SÆSON,2015-06-01,143070.0
DST:FIKS22:BRANCHE07=TOT:BELØB=0:SÆSON=SÆSON,2015-07-01,142411.0
DST:FIKS22:BRANCHE07=TOT:BELØB=0:SÆSON=SÆSON,2015-08-01,143717.0
DST:FIKS22:BRANCHE07=TOT:BELØB=0:SÆSON=SÆSON,2015-09-01,141838.0
DST:FIKS22:BRANCHE07=TOT:BELØB=0:SÆSON=SÆSON,2015-10-01,140701.0
DST:FIKS22:BRANCHE07=TOT:BELØB=0:SÆSON=SÆSON,2015-11-01,142146.0
DST:FIKS22:BRANCHE07=TOT:BELØB=0:SÆSON=SÆSON,2015-12-01,142620.0
DST:FIKS22:BRANCHE07=TOT:BELØB=0:SÆSON=SÆSON,2016-01-01,141113.0
DST:FIKS22:BRANCHE07=TOT:BELØB=0:SÆSON=SÆSON,2016-02-01,143752.0
DST:FIKS22:BRANCHE07=TOT:BELØB=0:SÆSON=SÆSON,2016-03-01,144139.0
DST:FIKS22:BRANCHE07=TOT:BELØB=0:SÆSON=SÆSON,2016-04-01,139983.0
DST:FIKS22:BRANCHE07=TOT:BELØB=0:SÆSON=SÆSON,2016-05-01,145332.0
DST:FIKS22:BRANCHE07=TOT:BELØB=0:SÆSON=SÆSON,2016-06-01,145626.0
DST:FIKS22:BRANCHE07=TOT:BELØB=0:SÆSON=SÆSON,2016-07-01,139925.0
DST:FIKS22:BRANCHE07=TOT:BELØB=0:SÆSON=SÆSON,2016-08-01,149262.0
DST:FIKS22:BRANCHE07=TOT:BELØB=0:SÆSON=SÆSON,2016-09-01,148092.0
DST:FIKS22:BRANCHE07=TOT:BELØB=0:SÆSON=SÆSON,2016-10-01,147457.0
DST:FIKS22:BRANCHE07=TOT:BELØB=0:SÆSON=SÆSON,2016-11-01,159730.0
DST:FIKS22:BRANCHE07=TOT:BELØB=0:SÆSON=SÆSON,2016-12-01,154922.0
DST:FIKS22:BRANCHE07=TOT:BELØB=0:SÆSON=SÆSON,2017-01-01,148238.0
DST:FIKS22:BRANCHE07=TOT:BELØB=0:SÆSON=SÆSON,2017-02-01,151820.0
DST:FIKS22:BRANCHE07=TOT:BELØB=0:SÆSON=SÆSON,2017-03-01,152227.0
DST:FIKS22:BRANCHE07=TOT:BELØB=0:SÆSON=SÆSON,2017-04-01,151660.0
DST:FIKS22:BRANCHE07=TOT:BELØB=0:SÆSON=SÆSON,2017-05-01,153739.0
DST:FIKS22:BRANCHE07=TOT:BELØB=0:SÆSON=SÆSON,2017-06-01,153403.0
DST:FIKS22:BRANCHE07=TOT:BELØB=0:SÆSON=SÆSON,2017-07-01,154862.0
DST:FIKS22:BRANCHE07=TOT:BELØB=0:SÆSON=SÆSON,2017-08-01,155445.0
DST:FIKS22:BRANCHE07=TOT:BELØB=0:SÆSON=SÆSON,2017-09-01,157194.0
DST:FIKS22:BRANCHE07=TOT:BELØB=0:SÆSON=SÆSON,2017-10-01,156841.0
DST:FIKS22:BRANCHE07=TOT:BELØB=0:SÆSON=SÆSON,2017-11-01,157298.0
DST:FIKS22:BRANCHE07=TOT:BELØB=0:SÆSON=SÆSON,2017-12-01,162231.0
DST:FIKS22:BRANCHE07=TOT:BELØB=0:SÆSON=SÆSON,2018-01-01,157918.0
DST:FIKS22:BRANCHE07=TOT:BELØB=0:SÆSON=SÆSON,2018-02-01,152607.0
DST:FIKS22:BRANCHE07=TOT:BELØB=0:SÆSON=SÆSON,2018-03-01,155369.0
DST:FIKS22:BRANCHE07=TOT:BELØB=0:SÆSON=SÆSON,2018-04-01,158171.0
DST:FIKS22:BRANCHE07=TOT:BELØB=0:SÆSON=SÆSON,2018-05-01,159385.0
DST:FIKS22:BRANCHE07=TOT:BELØB=0:SÆSON=SÆSON,2018-06-01,160918.0
DST:FIKS22:BRANCHE07=TOT:BELØB=0:SÆSON=SÆSON,2018-07-01,161944.0
DST:FIKS22:BRANCHE07=TOT:BELØB=0:SÆSON=SÆSON,2018-08-01,159078.0
DST:FIKS22:BRANCHE07=TOT:BELØB=0:SÆSON=SÆSON,2018-09-01,157481.0
DST:FIKS22:BRANCHE07=TOT:BELØB=0:SÆSON=SÆSON,2018-10-01,162646.0
DST:FIKS22:BRANCHE07=TOT:BELØB=0:SÆSON=SÆSON,2018-11-01,159050.0
DST:FIKS22:BRANCHE07=TOT:BELØB=0:SÆSON=SÆSON,2018-12-01,159911.0
DST:FIKS22:BRANCHE07=TOT:BELØB=0:SÆSON=SÆSON,2019-01-01,166580.0
DST:FIKS22:BRANCHE07=TOT:BELØB=0:SÆSON=SÆSON,2019-02-01,162756.0
DST:FIKS22:BRANCHE07=TOT:BELØB=0:SÆSON=SÆSON,2019-03-01,158606.0
DST:FIKS22:BRANCHE07=TOT:BELØB=0:SÆSON=SÆSON,2019-04-01,163478.0
DST:FIKS22:BRANCHE07=TOT:BELØB=0:SÆSON=SÆSON,2019-05-01,161320.0
DST:FIKS22:BRANCHE07=TOT:BELØB=0:SÆSON=SÆSON,2019-06-01,163165.0
DST:FIKS22:BRANCHE07=TOT:BELØB=0:SÆSON=SÆSON,2019-07-01,164348.0
DST:FIKS22:BRANCHE07=TOT:BELØB=0:SÆSON=SÆSON,2019-08-01,163715.0
DST:FIKS22:BRANCHE07=TOT:BELØB=0:SÆSON=SÆSON,2019-09-01,163480.0
DST:FIKS22:BRANCHE07=TOT:BELØB=0:SÆSON=SÆSON,2019-10-01,164386.0
DST:FIKS22:BRANCHE07=TOT:BELØB=0:SÆSON=SÆSON,2019-11-01,165946.0
DST:FIKS22:BRANCHE07=TOT:BELØB=0:SÆSON=SÆSON,2019-12-01,164494.0
DST:FIKS22:BRANCHE07=TOT:BELØB=0:SÆSON=SÆSON,2020-01-01,170310.0
DST:FIKS22:BRANCHE07=TOT:BELØB=0:SÆSON=SÆSON,2020-02-01,166249.0
DST:FIKS22:BRANCHE07=TOT:BELØB=0:SÆSON=SÆSON,2020-03-01,165747.0
DST:FIKS22:BRANCHE07=TOT:BELØB=0:SÆSON=SÆSON,2020-04-01,150901.0
DST:FIKS22:BRANCHE07=TOT:BELØB=0:SÆSON=SÆSON,2020-05-01,153519.0
DST:FIKS22:BRANCHE07=TOT:BELØB=0:SÆSON=SÆSON,2020-06-01,160393.0
DST:FIKS22:BRANCHE07=TOT:BELØB=0:SÆSON=SÆSON,2020-07-01,163375.0
DST:FIKS22:BRANCHE07=TOT:BELØB=0:SÆSON=SÆSON,2020-08-01,167152.0
DST:FIKS22:BRANCHE07=TOT:BELØB=0:SÆSON=SÆSON,2020-09-01,163108.0
DST:FIKS22:BRANCHE07=TOT:BELØB=0:SÆSON=SÆSON,2020-10-01,163822.0
DST:FIKS22:BRANCHE07=TOT:BELØB=0:SÆSON=SÆSON,2020-11-01,168386.0
DST:FIKS22:BRANCHE07=TOT:BELØB=0:SÆSON=SÆSON,2020-12-01,168472.0
DST:FIKS22:BRANCHE07=TOT:BELØB=0:SÆSON=SÆSON,2021-01-01,172319.0
DST:FIKS22:BRANCHE07=TOT:BELØB=0:SÆSON=SÆSON,2021-02-01,176153.0
DST:FIKS22:BRANCHE07=TOT:BELØB=0:SÆSON=SÆSON,2021-03-01,181213.0
DST:FIKS22:BRANCHE07=TOT:BELØB=0:SÆSON=SÆSON,2021-04-01,180937.0
DST:FIKS22:BRANCHE07=TOT:BELØB=0:SÆSON=SÆSON,2021-05-01,181995.0
DST:FIKS22:BRANCHE07=TOT:BELØB=0:SÆSON=SÆSON,2021-06-01,183774.0
DST:FIKS22:BRANCHE07=TOT:BELØB=0:SÆSON=SÆSON,2021-07-01,191358.0
DST:FIKS22:BRANCHE07=TOT:BELØB=0:SÆSON=SÆSON,2021-08-01,182552.0
DST:FIKS22:BRANCHE07=TOT:BELØB=0:SÆSON=SÆSON,2021-09-01,185455.0
DST:FIKS22:BRANCHE07=TOT:BELØB=0:SÆSON=SÆSON,2021-10-01,191676.0
DST:FIKS22:BRANCHE07=TOT:BELØB=0:SÆSON=SÆSON,2021-11-01,197882.0
DST:FIKS22:BRANCHE07=TOT:BELØB=0:SÆSON=SÆSON,2021-12-01,193482.0
DST:FIKS22:BRANCHE07=TOT:BELØB=0:SÆSON=SÆSON,2022-01-01,208295.0
DST:FIKS22:BRANCHE07=TOT:BELØB=0:SÆSON=SÆSON,2022-02-01,211867.0
DST:FIKS22:BRANCHE07=TOT:BELØB=0:SÆSON=SÆSON,2022-03-01,225751.0
DST:FIKS22:BRANCHE07=TOT:BELØB=0:SÆSON=SÆSON,2022-04-01,228099.0
DST:FIKS22:BRANCHE07=TOT:BELØB=0:SÆSON=SÆSON,2022-05-01,233737.0
DST:FIKS22:BRANCHE07=TOT:BELØB=0:SÆSON=SÆSON,2022-06-01,231343.0
DST:FIKS22:BRANCHE07=TOT:BELØB=0:SÆSON=SÆSON,2022-07-01,233027.0
DST:FIKS22:BRANCHE07=TOT:BELØB=0:SÆSON=SÆSON,2022-08-01,244297.0
DST:FIKS22:BRANCHE07=TOT:BELØB=0:SÆSON=SÆSON,2022-09-01,244804.0
DST:FIKS22:BRANCHE07=TOT:BELØB=0:SÆSON=SÆSON,2022-10-01,229984.0
DST:FIKS22:BRANCHE07=TOT:BELØB=0:SÆSON=SÆSON,2022-11-01,227818.0
DST:FIKS22:BRANCHE07=TOT:BELØB=0:SÆSON=SÆSON,2022-12-01,230641.0
DST:FIKS22:BRANCHE07=TOT:BELØB=0:SÆSON=SÆSON,2023-01-01,230116.0
DST:FIKS22:BRANCHE07=TOT:BELØB=0:SÆSON=SÆSON,2023-02-01,225351.0
DST:FIKS22:BRANCHE07=TOT:BELØB=0:SÆSON=SÆSON,2023-03-01,220403.0
DST:FIKS22:BRANCHE07=TOT:BELØB=0:SÆSON=SÆSON,2023-04-01,217768.0
DST:FIKS22:BRANCHE07=TOT:BELØB=0:SÆSON=SÆSON,2023-05-01,216631.0
DST:FIKS22:BRANCHE07=TOT:BELØB=0:SÆSON=SÆSON,2023-06-01,216304.0
DST:FIKS22:BRANCHE07=TOT:BELØB=0:SÆSON=SÆSON,2023-07-01,210629.0
DST:FIKS22:BRANCHE07=TOT:BELØB=0:SÆSON=SÆSON,2023-08-01,218100.0
DST:FIKS22:BRANCHE07=TOT:BELØB=0:SÆSON=SÆSON,2023-09-01,215519.0
DST:FIKS22:BRANCHE07=TOT:BELØB=0:SÆSON=SÆSON,2023-10-01,217633.0
DST:FIKS22:BRANCHE07=TOT:BELØB=0:SÆSON=SÆSON,2023-11-01,214245.0
DST:FIKS22:BRANCHE07=TOT:BELØB=0:SÆSON=SÆSON,2023-12-01,218531.0
DST:FIKS22:BRANCHE07=TOT:BELØB=0:SÆSON=SÆSON,2024-01-01,216813.0
DST:FIKS22:BRANCHE07=TOT:BELØB=0:SÆSON=SÆSON,2024-02-01,214863.0
DST:FIKS22:BRANCHE07=TOT:BELØB=0:SÆSON=SÆSON,2024-03-01,218814.0
DST:FIKS22:BRANCHE07=TOT:BELØB=0:SÆSON=SÆSON,2024-04-01,219278.0
DST:FIKS22:BRANCHE07=TOT:BELØB=0:SÆSON=SÆSON,2024-05-01,216028.0
DST:FIKS22:BRANCHE07=TOT:BELØB=0:SÆSON=SÆSON,2024-06-01,214140.0
DST:FIKS22:BRANCHE07=TOT:BELØB=0:SÆSON=SÆSON,2024-07-01,219347.0
DST:FIKS22:BRANCHE07=TOT:BELØB=0:SÆSON=SÆSON,2024-08-01,213253.0
DST:FIKS22:BRANCHE07=TOT:BELØB=0:SÆSON=SÆSON,2024-09-01,212296.0
DST:FIKS22:BRANCHE07=TOT:BELØB=0:SÆSON=SÆSON,2024-10-01,216170.0
DST:FIKS22:BRANCHE07=TOT:BELØB=0:SÆSON=SÆSON,2024-11-01,216050.0
DST:FIKS22:BRANCHE07=TOT:BELØB=0:SÆSON=SÆSON,2024-12-01,219899.0
DST:FIKS22:BRANCHE07=TOT:BELØB=0:SÆSON=SÆSON,2025-01-01,228533.0
DST:FIKS22:BRANCHE07=TOT:BELØB=0:SÆSON=SÆSON,2025-02-01,229826.0
DST:FIKS22:BRANCHE07=TOT:BELØB=0:SÆSON=SÆSON,2025-03-01,220423.0
DST:FIKS22:BRANCHE07=TOT:BELØB=0:SÆSON=SÆSON,2025-04-01,223851.0
DST:FIKS22:BRANCHE07=TOT:BELØB=0:SÆSON=SÆSON,2025-05-01,221264.0
DST:FIKS22:BRANCHE07=TOT:BELØB=0:SÆSON=SÆSON,2025-06-01,231237.0
DST:FIKS22:BRANCHE07=TOT:BELØB=0:SÆSON=SÆSON,2025-07-01,222681.0
DST:FIKS22:BRANCHE07=TOT:BELØB=0:SÆSON=SÆSON,2025-08-01,225154.0
DST:FIKS22:BRANCHE07=TOT:BELØB=0:SÆSON=SÆSON,2025-09-01,219941.0
DST:FIKS22:BRANCHE07=TOT:BELØB=0:SÆSON=SÆSON,2025-10-01,224074.0
DST:FIKS22:BRANCHE07=TOT:BELØB=0:SÆSON=SÆSON,2025-11-01,226951.0
DST:FIKS22:BRANCHE07=TOT:BELØB=0:SÆSON=SÆSON,2025-12-01,220278.0
DST:FIKS22:BRANCHE07=TOT:BELØB=0:SÆSON=SÆSON,2026-01-01,223636.0
DST:FIKS22:BRANCHE07=TOT:BELØB=0:SÆSON=SÆSON,2026-02-01,217454.0
DST:FIKS22:BRANCHE07=TOT:BELØB=0:SÆSON=SÆSON,2026-03-01,222061.0
DST:FIKS22:BRANCHE07=TOT:BELØB=1:SÆSON=EJSÆSON,2009-01-01,177530.0
DST:FIKS22:BRANCHE07=TOT:BELØB=1:SÆSON=EJSÆSON,2009-02-01,164364.0
DST:FIKS22:BRANCHE07=TOT:BELØB=1:SÆSON=EJSÆSON,2009-03-01,186765.0
DST:FIKS22:BRANCHE07=TOT:BELØB=1:SÆSON=EJSÆSON,2009-04-01,183646.0
DST:FIKS22:BRANCHE07=TOT:BELØB=1:SÆSON=EJSÆSON,2009-05-01,169435.0
DST:FIKS22:BRANCHE07=TOT:BELØB=1:SÆSON=EJSÆSON,2009-06-01,187520.0
DST:FIKS22:BRANCHE07=TOT:BELØB=1:SÆSON=EJSÆSON,2009-07-01,169943.0
DST:FIKS22:BRANCHE07=TOT:BELØB=1:SÆSON=EJSÆSON,2009-08-01,170551.0
DST:FIKS22:BRANCHE07=TOT:BELØB=1:SÆSON=EJSÆSON,2009-09-01,183747.0
DST:FIKS22:BRANCHE07=TOT:BELØB=1:SÆSON=EJSÆSON,2009-10-01,188961.0
DST:FIKS22:BRANCHE07=TOT:BELØB=1:SÆSON=EJSÆSON,2009-11-01,174495.0
DST:FIKS22:BRANCHE07=TOT:BELØB=1:SÆSON=EJSÆSON,2009-12-01,198769.0
DST:FIKS22:BRANCHE07=TOT:BELØB=1:SÆSON=EJSÆSON,2010-01-01,163463.0
DST:FIKS22:BRANCHE07=TOT:BELØB=1:SÆSON=EJSÆSON,2010-02-01,155028.0
DST:FIKS22:BRANCHE07=TOT:BELØB=1:SÆSON=EJSÆSON,2010-03-01,188724.0
DST:FIKS22:BRANCHE07=TOT:BELØB=1:SÆSON=EJSÆSON,2010-04-01,175655.0
DST:FIKS22:BRANCHE07=TOT:BELØB=1:SÆSON=EJSÆSON,2010-05-01,174337.0
DST:FIKS22:BRANCHE07=TOT:BELØB=1:SÆSON=EJSÆSON,2010-06-01,192869.0
DST:FIKS22:BRANCHE07=TOT:BELØB=1:SÆSON=EJSÆSON,2010-07-01,174819.0
DST:FIKS22:BRANCHE07=TOT:BELØB=1:SÆSON=EJSÆSON,2010-08-01,180434.0
DST:FIKS22:BRANCHE07=TOT:BELØB=1:SÆSON=EJSÆSON,2010-09-01,187979.0
DST:FIKS22:BRANCHE07=TOT:BELØB=1:SÆSON=EJSÆSON,2010-10-01,193142.0
DST:FIKS22:BRANCHE07=TOT:BELØB=1:SÆSON=EJSÆSON,2010-11-01,195678.0
DST:FIKS22:BRANCHE07=TOT:BELØB=1:SÆSON=EJSÆSON,2010-12-01,215499.0
DST:FIKS22:BRANCHE07=TOT:BELØB=1:SÆSON=EJSÆSON,2011-01-01,179296.0
DST:FIKS22:BRANCHE07=TOT:BELØB=1:SÆSON=EJSÆSON,2011-02-01,172555.0
DST:FIKS22:BRANCHE07=TOT:BELØB=1:SÆSON=EJSÆSON,2011-03-01,200456.0
DST:FIKS22:BRANCHE07=TOT:BELØB=1:SÆSON=EJSÆSON,2011-04-01,192425.0
DST:FIKS22:BRANCHE07=TOT:BELØB=1:SÆSON=EJSÆSON,2011-05-01,197121.0
DST:FIKS22:BRANCHE07=TOT:BELØB=1:SÆSON=EJSÆSON,2011-06-01,200494.0
DST:FIKS22:BRANCHE07=TOT:BELØB=1:SÆSON=EJSÆSON,2011-07-01,175342.0
DST:FIKS22:BRANCHE07=TOT:BELØB=1:SÆSON=EJSÆSON,2011-08-01,195936.0
DST:FIKS22:BRANCHE07=TOT:BELØB=1:SÆSON=EJSÆSON,2011-09-01,206560.0
DST:FIKS22:BRANCHE07=TOT:BELØB=1:SÆSON=EJSÆSON,2011-10-01,202229.0
DST:FIKS22:BRANCHE07=TOT:BELØB=1:SÆSON=EJSÆSON,2011-11-01,203984.0
DST:FIKS22:BRANCHE07=TOT:BELØB=1:SÆSON=EJSÆSON,2011-12-01,227196.0
DST:FIKS22:BRANCHE07=TOT:BELØB=1:SÆSON=EJSÆSON,2012-01-01,184464.0
DST:FIKS22:BRANCHE07=TOT:BELØB=1:SÆSON=EJSÆSON,2012-02-01,179460.0
DST:FIKS22:BRANCHE07=TOT:BELØB=1:SÆSON=EJSÆSON,2012-03-01,208127.0
DST:FIKS22:BRANCHE07=TOT:BELØB=1:SÆSON=EJSÆSON,2012-04-01,192440.0
DST:FIKS22:BRANCHE07=TOT:BELØB=1:SÆSON=EJSÆSON,2012-05-01,195570.0
DST:FIKS22:BRANCHE07=TOT:BELØB=1:SÆSON=EJSÆSON,2012-06-01,202190.0
DST:FIKS22:BRANCHE07=TOT:BELØB=1:SÆSON=EJSÆSON,2012-07-01,182378.0
DST:FIKS22:BRANCHE07=TOT:BELØB=1:SÆSON=EJSÆSON,2012-08-01,194761.0
DST:FIKS22:BRANCHE07=TOT:BELØB=1:SÆSON=EJSÆSON,2012-09-01,196660.0
DST:FIKS22:BRANCHE07=TOT:BELØB=1:SÆSON=EJSÆSON,2012-10-01,210701.0
DST:FIKS22:BRANCHE07=TOT:BELØB=1:SÆSON=EJSÆSON,2012-11-01,204844.0
DST:FIKS22:BRANCHE07=TOT:BELØB=1:SÆSON=EJSÆSON,2012-12-01,221803.0
DST:FIKS22:BRANCHE07=TOT:BELØB=1:SÆSON=EJSÆSON,2013-01-01,191892.0
DST:FIKS22:BRANCHE07=TOT:BELØB=1:SÆSON=EJSÆSON,2013-02-01,173188.0
DST:FIKS22:BRANCHE07=TOT:BELØB=1:SÆSON=EJSÆSON,2013-03-01,186595.0
DST:FIKS22:BRANCHE07=TOT:BELØB=1:SÆSON=EJSÆSON,2013-04-01,201913.0
DST:FIKS22:BRANCHE07=TOT:BELØB=1:SÆSON=EJSÆSON,2013-05-01,199505.0
DST:FIKS22:BRANCHE07=TOT:BELØB=1:SÆSON=EJSÆSON,2013-06-01,201997.0
DST:FIKS22:BRANCHE07=TOT:BELØB=1:SÆSON=EJSÆSON,2013-07-01,186405.0
DST:FIKS22:BRANCHE07=TOT:BELØB=1:SÆSON=EJSÆSON,2013-08-01,193487.0
DST:FIKS22:BRANCHE07=TOT:BELØB=1:SÆSON=EJSÆSON,2013-09-01,198438.0
DST:FIKS22:BRANCHE07=TOT:BELØB=1:SÆSON=EJSÆSON,2013-10-01,209310.0
DST:FIKS22:BRANCHE07=TOT:BELØB=1:SÆSON=EJSÆSON,2013-11-01,199660.0
DST:FIKS22:BRANCHE07=TOT:BELØB=1:SÆSON=EJSÆSON,2013-12-01,224756.0
DST:FIKS22:BRANCHE07=TOT:BELØB=1:SÆSON=EJSÆSON,2014-01-01,188591.0
DST:FIKS22:BRANCHE07=TOT:BELØB=1:SÆSON=EJSÆSON,2014-02-01,178024.0
DST:FIKS22:BRANCHE07=TOT:BELØB=1:SÆSON=EJSÆSON,2014-03-01,197545.0
DST:FIKS22:BRANCHE07=TOT:BELØB=1:SÆSON=EJSÆSON,2014-04-01,201740.0
DST:FIKS22:BRANCHE07=TOT:BELØB=1:SÆSON=EJSÆSON,2014-05-01,198718.0
DST:FIKS22:BRANCHE07=TOT:BELØB=1:SÆSON=EJSÆSON,2014-06-01,201387.0
DST:FIKS22:BRANCHE07=TOT:BELØB=1:SÆSON=EJSÆSON,2014-07-01,189199.0
DST:FIKS22:BRANCHE07=TOT:BELØB=1:SÆSON=EJSÆSON,2014-08-01,191278.0
DST:FIKS22:BRANCHE07=TOT:BELØB=1:SÆSON=EJSÆSON,2014-09-01,209222.0
DST:FIKS22:BRANCHE07=TOT:BELØB=1:SÆSON=EJSÆSON,2014-10-01,211583.0
DST:FIKS22:BRANCHE07=TOT:BELØB=1:SÆSON=EJSÆSON,2014-11-01,203496.0
DST:FIKS22:BRANCHE07=TOT:BELØB=1:SÆSON=EJSÆSON,2014-12-01,226697.0
DST:FIKS22:BRANCHE07=TOT:BELØB=1:SÆSON=EJSÆSON,2015-01-01,187813.0
DST:FIKS22:BRANCHE07=TOT:BELØB=1:SÆSON=EJSÆSON,2015-02-01,180116.0
DST:FIKS22:BRANCHE07=TOT:BELØB=1:SÆSON=EJSÆSON,2015-03-01,213084.0
DST:FIKS22:BRANCHE07=TOT:BELØB=1:SÆSON=EJSÆSON,2015-04-01,205040.0
DST:FIKS22:BRANCHE07=TOT:BELØB=1:SÆSON=EJSÆSON,2015-05-01,196809.0
DST:FIKS22:BRANCHE07=TOT:BELØB=1:SÆSON=EJSÆSON,2015-06-01,215500.0
DST:FIKS22:BRANCHE07=TOT:BELØB=1:SÆSON=EJSÆSON,2015-07-01,194909.0
DST:FIKS22:BRANCHE07=TOT:BELØB=1:SÆSON=EJSÆSON,2015-08-01,198417.0
DST:FIKS22:BRANCHE07=TOT:BELØB=1:SÆSON=EJSÆSON,2015-09-01,211862.0
DST:FIKS22:BRANCHE07=TOT:BELØB=1:SÆSON=EJSÆSON,2015-10-01,214928.0
DST:FIKS22:BRANCHE07=TOT:BELØB=1:SÆSON=EJSÆSON,2015-11-01,210108.0
DST:FIKS22:BRANCHE07=TOT:BELØB=1:SÆSON=EJSÆSON,2015-12-01,235972.0
DST:FIKS22:BRANCHE07=TOT:BELØB=1:SÆSON=EJSÆSON,2016-01-01,185749.0
DST:FIKS22:BRANCHE07=TOT:BELØB=1:SÆSON=EJSÆSON,2016-02-01,190643.0
DST:FIKS22:BRANCHE07=TOT:BELØB=1:SÆSON=EJSÆSON,2016-03-01,205474.0
DST:FIKS22:BRANCHE07=TOT:BELØB=1:SÆSON=EJSÆSON,2016-04-01,211007.0
DST:FIKS22:BRANCHE07=TOT:BELØB=1:SÆSON=EJSÆSON,2016-05-01,209356.0
DST:FIKS22:BRANCHE07=TOT:BELØB=1:SÆSON=EJSÆSON,2016-06-01,226498.0
DST:FIKS22:BRANCHE07=TOT:BELØB=1:SÆSON=EJSÆSON,2016-07-01,191156.0
DST:FIKS22:BRANCHE07=TOT:BELØB=1:SÆSON=EJSÆSON,2016-08-01,210711.0
DST:FIKS22:BRANCHE07=TOT:BELØB=1:SÆSON=EJSÆSON,2016-09-01,224339.0
DST:FIKS22:BRANCHE07=TOT:BELØB=1:SÆSON=EJSÆSON,2016-10-01,220305.0
DST:FIKS22:BRANCHE07=TOT:BELØB=1:SÆSON=EJSÆSON,2016-11-01,226978.0
DST:FIKS22:BRANCHE07=TOT:BELØB=1:SÆSON=EJSÆSON,2016-12-01,255230.0
DST:FIKS22:BRANCHE07=TOT:BELØB=1:SÆSON=EJSÆSON,2017-01-01,204173.0
DST:FIKS22:BRANCHE07=TOT:BELØB=1:SÆSON=EJSÆSON,2017-02-01,193765.0
DST:FIKS22:BRANCHE07=TOT:BELØB=1:SÆSON=EJSÆSON,2017-03-01,230657.0
DST:FIKS22:BRANCHE07=TOT:BELØB=1:SÆSON=EJSÆSON,2017-04-01,210317.0
DST:FIKS22:BRANCHE07=TOT:BELØB=1:SÆSON=EJSÆSON,2017-05-01,222662.0
DST:FIKS22:BRANCHE07=TOT:BELØB=1:SÆSON=EJSÆSON,2017-06-01,235384.0
DST:FIKS22:BRANCHE07=TOT:BELØB=1:SÆSON=EJSÆSON,2017-07-01,204593.0
DST:FIKS22:BRANCHE07=TOT:BELØB=1:SÆSON=EJSÆSON,2017-08-01,221099.0
DST:FIKS22:BRANCHE07=TOT:BELØB=1:SÆSON=EJSÆSON,2017-09-01,227088.0
DST:FIKS22:BRANCHE07=TOT:BELØB=1:SÆSON=EJSÆSON,2017-10-01,236758.0
DST:FIKS22:BRANCHE07=TOT:BELØB=1:SÆSON=EJSÆSON,2017-11-01,240626.0
DST:FIKS22:BRANCHE07=TOT:BELØB=1:SÆSON=EJSÆSON,2017-12-01,256531.0
DST:FIKS22:BRANCHE07=TOT:BELØB=1:SÆSON=EJSÆSON,2018-01-01,215126.0
DST:FIKS22:BRANCHE07=TOT:BELØB=1:SÆSON=EJSÆSON,2018-02-01,198206.0
DST:FIKS22:BRANCHE07=TOT:BELØB=1:SÆSON=EJSÆSON,2018-03-01,221391.0
DST:FIKS22:BRANCHE07=TOT:BELØB=1:SÆSON=EJSÆSON,2018-04-01,230982.0
DST:FIKS22:BRANCHE07=TOT:BELØB=1:SÆSON=EJSÆSON,2018-05-01,234237.0
DST:FIKS22:BRANCHE07=TOT:BELØB=1:SÆSON=EJSÆSON,2018-06-01,240284.0
DST:FIKS22:BRANCHE07=TOT:BELØB=1:SÆSON=EJSÆSON,2018-07-01,215350.0
DST:FIKS22:BRANCHE07=TOT:BELØB=1:SÆSON=EJSÆSON,2018-08-01,230599.0
DST:FIKS22:BRANCHE07=TOT:BELØB=1:SÆSON=EJSÆSON,2018-09-01,227988.0
DST:FIKS22:BRANCHE07=TOT:BELØB=1:SÆSON=EJSÆSON,2018-10-01,248050.0
DST:FIKS22:BRANCHE07=TOT:BELØB=1:SÆSON=EJSÆSON,2018-11-01,247545.0
DST:FIKS22:BRANCHE07=TOT:BELØB=1:SÆSON=EJSÆSON,2018-12-01,254232.0
DST:FIKS22:BRANCHE07=TOT:BELØB=1:SÆSON=EJSÆSON,2019-01-01,227404.0
DST:FIKS22:BRANCHE07=TOT:BELØB=1:SÆSON=EJSÆSON,2019-02-01,209663.0
DST:FIKS22:BRANCHE07=TOT:BELØB=1:SÆSON=EJSÆSON,2019-03-01,233256.0
DST:FIKS22:BRANCHE07=TOT:BELØB=1:SÆSON=EJSÆSON,2019-04-01,238864.0
DST:FIKS22:BRANCHE07=TOT:BELØB=1:SÆSON=EJSÆSON,2019-05-01,234487.0
DST:FIKS22:BRANCHE07=TOT:BELØB=1:SÆSON=EJSÆSON,2019-06-01,236373.0
DST:FIKS22:BRANCHE07=TOT:BELØB=1:SÆSON=EJSÆSON,2019-07-01,226847.0
DST:FIKS22:BRANCHE07=TOT:BELØB=1:SÆSON=EJSÆSON,2019-08-01,230970.0
DST:FIKS22:BRANCHE07=TOT:BELØB=1:SÆSON=EJSÆSON,2019-09-01,237547.0
DST:FIKS22:BRANCHE07=TOT:BELØB=1:SÆSON=EJSÆSON,2019-10-01,255844.0
DST:FIKS22:BRANCHE07=TOT:BELØB=1:SÆSON=EJSÆSON,2019-11-01,247199.0
DST:FIKS22:BRANCHE07=TOT:BELØB=1:SÆSON=EJSÆSON,2019-12-01,265813.0
DST:FIKS22:BRANCHE07=TOT:BELØB=1:SÆSON=EJSÆSON,2020-01-01,236526.0
DST:FIKS22:BRANCHE07=TOT:BELØB=1:SÆSON=EJSÆSON,2020-02-01,217076.0
DST:FIKS22:BRANCHE07=TOT:BELØB=1:SÆSON=EJSÆSON,2020-03-01,239116.0
DST:FIKS22:BRANCHE07=TOT:BELØB=1:SÆSON=EJSÆSON,2020-04-01,223457.0
DST:FIKS22:BRANCHE07=TOT:BELØB=1:SÆSON=EJSÆSON,2020-05-01,213299.0
DST:FIKS22:BRANCHE07=TOT:BELØB=1:SÆSON=EJSÆSON,2020-06-01,240655.0
DST:FIKS22:BRANCHE07=TOT:BELØB=1:SÆSON=EJSÆSON,2020-07-01,231707.0
DST:FIKS22:BRANCHE07=TOT:BELØB=1:SÆSON=EJSÆSON,2020-08-01,228194.0
DST:FIKS22:BRANCHE07=TOT:BELØB=1:SÆSON=EJSÆSON,2020-09-01,249267.0
DST:FIKS22:BRANCHE07=TOT:BELØB=1:SÆSON=EJSÆSON,2020-10-01,259803.0
DST:FIKS22:BRANCHE07=TOT:BELØB=1:SÆSON=EJSÆSON,2020-11-01,255652.0
DST:FIKS22:BRANCHE07=TOT:BELØB=1:SÆSON=EJSÆSON,2020-12-01,286797.0
DST:FIKS22:BRANCHE07=TOT:BELØB=1:SÆSON=EJSÆSON,2021-01-01,227575.0
DST:FIKS22:BRANCHE07=TOT:BELØB=1:SÆSON=EJSÆSON,2021-02-01,222021.0
DST:FIKS22:BRANCHE07=TOT:BELØB=1:SÆSON=EJSÆSON,2021-03-01,279397.0
DST:FIKS22:BRANCHE07=TOT:BELØB=1:SÆSON=EJSÆSON,2021-04-01,257711.0
DST:FIKS22:BRANCHE07=TOT:BELØB=1:SÆSON=EJSÆSON,2021-05-01,252457.0
DST:FIKS22:BRANCHE07=TOT:BELØB=1:SÆSON=EJSÆSON,2021-06-01,282724.0
DST:FIKS22:BRANCHE07=TOT:BELØB=1:SÆSON=EJSÆSON,2021-07-01,252274.0
DST:FIKS22:BRANCHE07=TOT:BELØB=1:SÆSON=EJSÆSON,2021-08-01,266823.0
DST:FIKS22:BRANCHE07=TOT:BELØB=1:SÆSON=EJSÆSON,2021-09-01,296866.0
DST:FIKS22:BRANCHE07=TOT:BELØB=1:SÆSON=EJSÆSON,2021-10-01,307227.0
DST:FIKS22:BRANCHE07=TOT:BELØB=1:SÆSON=EJSÆSON,2021-11-01,298734.0
DST:FIKS22:BRANCHE07=TOT:BELØB=1:SÆSON=EJSÆSON,2021-12-01,327681.0
DST:FIKS22:BRANCHE07=TOT:BELØB=1:SÆSON=EJSÆSON,2022-01-01,275798.0
DST:FIKS22:BRANCHE07=TOT:BELØB=1:SÆSON=EJSÆSON,2022-02-01,272022.0
DST:FIKS22:BRANCHE07=TOT:BELØB=1:SÆSON=EJSÆSON,2022-03-01,324077.0
DST:FIKS22:BRANCHE07=TOT:BELØB=1:SÆSON=EJSÆSON,2022-04-01,314204.0
DST:FIKS22:BRANCHE07=TOT:BELØB=1:SÆSON=EJSÆSON,2022-05-01,313422.0
DST:FIKS22:BRANCHE07=TOT:BELØB=1:SÆSON=EJSÆSON,2022-06-01,333301.0
DST:FIKS22:BRANCHE07=TOT:BELØB=1:SÆSON=EJSÆSON,2022-07-01,291318.0
DST:FIKS22:BRANCHE07=TOT:BELØB=1:SÆSON=EJSÆSON,2022-08-01,319852.0
DST:FIKS22:BRANCHE07=TOT:BELØB=1:SÆSON=EJSÆSON,2022-09-01,345051.0
DST:FIKS22:BRANCHE07=TOT:BELØB=1:SÆSON=EJSÆSON,2022-10-01,325715.0
DST:FIKS22:BRANCHE07=TOT:BELØB=1:SÆSON=EJSÆSON,2022-11-01,330153.0
DST:FIKS22:BRANCHE07=TOT:BELØB=1:SÆSON=EJSÆSON,2022-12-01,356673.0
DST:FIKS22:BRANCHE07=TOT:BELØB=1:SÆSON=EJSÆSON,2023-01-01,304062.0
DST:FIKS22:BRANCHE07=TOT:BELØB=1:SÆSON=EJSÆSON,2023-02-01,273219.0
DST:FIKS22:BRANCHE07=TOT:BELØB=1:SÆSON=EJSÆSON,2023-03-01,324913.0
DST:FIKS22:BRANCHE07=TOT:BELØB=1:SÆSON=EJSÆSON,2023-04-01,295166.0
DST:FIKS22:BRANCHE07=TOT:BELØB=1:SÆSON=EJSÆSON,2023-05-01,293969.0
DST:FIKS22:BRANCHE07=TOT:BELØB=1:SÆSON=EJSÆSON,2023-06-01,318009.0
DST:FIKS22:BRANCHE07=TOT:BELØB=1:SÆSON=EJSÆSON,2023-07-01,263693.0
DST:FIKS22:BRANCHE07=TOT:BELØB=1:SÆSON=EJSÆSON,2023-08-01,296568.0
DST:FIKS22:BRANCHE07=TOT:BELØB=1:SÆSON=EJSÆSON,2023-09-01,307366.0
DST:FIKS22:BRANCHE07=TOT:BELØB=1:SÆSON=EJSÆSON,2023-10-01,317419.0
DST:FIKS22:BRANCHE07=TOT:BELØB=1:SÆSON=EJSÆSON,2023-11-01,313783.0
DST:FIKS22:BRANCHE07=TOT:BELØB=1:SÆSON=EJSÆSON,2023-12-01,328584.0
DST:FIKS22:BRANCHE07=TOT:BELØB=1:SÆSON=EJSÆSON,2024-01-01,289544.0
DST:FIKS22:BRANCHE07=TOT:BELØB=1:SÆSON=EJSÆSON,2024-02-01,279372.0
DST:FIKS22:BRANCHE07=TOT:BELØB=1:SÆSON=EJSÆSON,2024-03-01,295605.0
DST:FIKS22:BRANCHE07=TOT:BELØB=1:SÆSON=EJSÆSON,2024-04-01,321309.0
DST:FIKS22:BRANCHE07=TOT:BELØB=1:SÆSON=EJSÆSON,2024-05-01,306078.0
DST:FIKS22:BRANCHE07=TOT:BELØB=1:SÆSON=EJSÆSON,2024-06-01,306008.0
DST:FIKS22:BRANCHE07=TOT:BELØB=1:SÆSON=EJSÆSON,2024-07-01,283699.0
DST:FIKS22:BRANCHE07=TOT:BELØB=1:SÆSON=EJSÆSON,2024-08-01,289816.0
DST:FIKS22:BRANCHE07=TOT:BELØB=1:SÆSON=EJSÆSON,2024-09-01,302757.0
DST:FIKS22:BRANCHE07=TOT:BELØB=1:SÆSON=EJSÆSON,2024-10-01,326943.0
DST:FIKS22:BRANCHE07=TOT:BELØB=1:SÆSON=EJSÆSON,2024-11-01,315820.0
DST:FIKS22:BRANCHE07=TOT:BELØB=1:SÆSON=EJSÆSON,2024-12-01,347442.0
DST:FIKS22:BRANCHE07=TOT:BELØB=1:SÆSON=EJSÆSON,2025-01-01,306839.0
DST:FIKS22:BRANCHE07=TOT:BELØB=1:SÆSON=EJSÆSON,2025-02-01,285116.0
DST:FIKS22:BRANCHE07=TOT:BELØB=1:SÆSON=EJSÆSON,2025-03-01,315525.0
DST:FIKS22:BRANCHE07=TOT:BELØB=1:SÆSON=EJSÆSON,2025-04-01,320059.0
DST:FIKS22:BRANCHE07=TOT:BELØB=1:SÆSON=EJSÆSON,2025-05-01,307545.0
DST:FIKS22:BRANCHE07=TOT:BELØB=1:SÆSON=EJSÆSON,2025-06-01,324330.0
DST:FIKS22:BRANCHE07=TOT:BELØB=1:SÆSON=EJSÆSON,2025-07-01,299266.0
DST:FIKS22:BRANCHE07=TOT:BELØB=1:SÆSON=EJSÆSON,2025-08-01,297560.0
DST:FIKS22:BRANCHE07=TOT:BELØB=1:SÆSON=EJSÆSON,2025-09-01,323879.0
DST:FIKS22:BRANCHE07=TOT:BELØB=1:SÆSON=EJSÆSON,2025-10-01,343749.0
DST:FIKS22:BRANCHE07=TOT:BELØB=1:SÆSON=EJSÆSON,2025-11-01,323272.0
DST:FIKS22:BRANCHE07=TOT:BELØB=1:SÆSON=EJSÆSON,2025-12-01,354105.0
DST:FIKS22:BRANCHE07=TOT:BELØB=1:SÆSON=EJSÆSON,2026-01-01,297574.0
DST:FIKS22:BRANCHE07=TOT:BELØB=1:SÆSON=EJSÆSON,2026-02-01,273337.0
DST:FIKS22:BRANCHE07=TOT:BELØB=1:SÆSON=EJSÆSON,2026-03-01,329719.0
DST:FIKS22:BRANCHE07=TOT:BELØB=1:SÆSON=SÆSON,2009-01-01,188704.0
DST:FIKS22:BRANCHE07=TOT:BELØB=1:SÆSON=SÆSON,2009-02-01,187411.0
DST:FIKS22:BRANCHE07=TOT:BELØB=1:SÆSON=SÆSON,2009-03-01,183604.0
DST:FIKS22:BRANCHE07=TOT:BELØB=1:SÆSON=SÆSON,2009-04-01,184331.0
DST:FIKS22:BRANCHE07=TOT:BELØB=1:SÆSON=SÆSON,2009-05-01,175362.0
DST:FIKS22:BRANCHE07=TOT:BELØB=1:SÆSON=SÆSON,2009-06-01,182291.0
DST:FIKS22:BRANCHE07=TOT:BELØB=1:SÆSON=SÆSON,2009-07-01,180043.0
DST:FIKS22:BRANCHE07=TOT:BELØB=1:SÆSON=SÆSON,2009-08-01,178109.0
DST:FIKS22:BRANCHE07=TOT:BELØB=1:SÆSON=SÆSON,2009-09-01,178057.0
DST:FIKS22:BRANCHE07=TOT:BELØB=1:SÆSON=SÆSON,2009-10-01,178838.0
DST:FIKS22:BRANCHE07=TOT:BELØB=1:SÆSON=SÆSON,2009-11-01,172772.0
DST:FIKS22:BRANCHE07=TOT:BELØB=1:SÆSON=SÆSON,2009-12-01,172933.0
DST:FIKS22:BRANCHE07=TOT:BELØB=1:SÆSON=SÆSON,2010-01-01,176327.0
DST:FIKS22:BRANCHE07=TOT:BELØB=1:SÆSON=SÆSON,2010-02-01,176268.0
DST:FIKS22:BRANCHE07=TOT:BELØB=1:SÆSON=SÆSON,2010-03-01,182809.0
DST:FIKS22:BRANCHE07=TOT:BELØB=1:SÆSON=SÆSON,2010-04-01,177401.0
DST:FIKS22:BRANCHE07=TOT:BELØB=1:SÆSON=SÆSON,2010-05-01,180252.0
DST:FIKS22:BRANCHE07=TOT:BELØB=1:SÆSON=SÆSON,2010-06-01,180294.0
DST:FIKS22:BRANCHE07=TOT:BELØB=1:SÆSON=SÆSON,2010-07-01,187128.0
DST:FIKS22:BRANCHE07=TOT:BELØB=1:SÆSON=SÆSON,2010-08-01,184508.0
DST:FIKS22:BRANCHE07=TOT:BELØB=1:SÆSON=SÆSON,2010-09-01,182025.0
DST:FIKS22:BRANCHE07=TOT:BELØB=1:SÆSON=SÆSON,2010-10-01,187203.0
DST:FIKS22:BRANCHE07=TOT:BELØB=1:SÆSON=SÆSON,2010-11-01,189042.0
DST:FIKS22:BRANCHE07=TOT:BELØB=1:SÆSON=SÆSON,2010-12-01,183885.0
DST:FIKS22:BRANCHE07=TOT:BELØB=1:SÆSON=SÆSON,2011-01-01,190829.0
DST:FIKS22:BRANCHE07=TOT:BELØB=1:SÆSON=SÆSON,2011-02-01,195807.0
DST:FIKS22:BRANCHE07=TOT:BELØB=1:SÆSON=SÆSON,2011-03-01,192190.0
DST:FIKS22:BRANCHE07=TOT:BELØB=1:SÆSON=SÆSON,2011-04-01,194396.0
DST:FIKS22:BRANCHE07=TOT:BELØB=1:SÆSON=SÆSON,2011-05-01,195510.0
DST:FIKS22:BRANCHE07=TOT:BELØB=1:SÆSON=SÆSON,2011-06-01,195296.0
DST:FIKS22:BRANCHE07=TOT:BELØB=1:SÆSON=SÆSON,2011-07-01,192362.0
DST:FIKS22:BRANCHE07=TOT:BELØB=1:SÆSON=SÆSON,2011-08-01,197020.0
DST:FIKS22:BRANCHE07=TOT:BELØB=1:SÆSON=SÆSON,2011-09-01,198174.0
DST:FIKS22:BRANCHE07=TOT:BELØB=1:SÆSON=SÆSON,2011-10-01,197495.0
DST:FIKS22:BRANCHE07=TOT:BELØB=1:SÆSON=SÆSON,2011-11-01,197442.0
DST:FIKS22:BRANCHE07=TOT:BELØB=1:SÆSON=SÆSON,2011-12-01,198746.0
DST:FIKS22:BRANCHE07=TOT:BELØB=1:SÆSON=SÆSON,2012-01-01,192868.0
DST:FIKS22:BRANCHE07=TOT:BELØB=1:SÆSON=SÆSON,2012-02-01,197976.0
DST:FIKS22:BRANCHE07=TOT:BELØB=1:SÆSON=SÆSON,2012-03-01,202622.0
DST:FIKS22:BRANCHE07=TOT:BELØB=1:SÆSON=SÆSON,2012-04-01,196496.0
DST:FIKS22:BRANCHE07=TOT:BELØB=1:SÆSON=SÆSON,2012-05-01,197656.0
DST:FIKS22:BRANCHE07=TOT:BELØB=1:SÆSON=SÆSON,2012-06-01,196103.0
DST:FIKS22:BRANCHE07=TOT:BELØB=1:SÆSON=SÆSON,2012-07-01,197115.0
DST:FIKS22:BRANCHE07=TOT:BELØB=1:SÆSON=SÆSON,2012-08-01,195344.0
DST:FIKS22:BRANCHE07=TOT:BELØB=1:SÆSON=SÆSON,2012-09-01,197448.0
DST:FIKS22:BRANCHE07=TOT:BELØB=1:SÆSON=SÆSON,2012-10-01,198265.0
DST:FIKS22:BRANCHE07=TOT:BELØB=1:SÆSON=SÆSON,2012-11-01,197101.0
DST:FIKS22:BRANCHE07=TOT:BELØB=1:SÆSON=SÆSON,2012-12-01,203701.0
DST:FIKS22:BRANCHE07=TOT:BELØB=1:SÆSON=SÆSON,2013-01-01,201394.0
DST:FIKS22:BRANCHE07=TOT:BELØB=1:SÆSON=SÆSON,2013-02-01,195889.0
DST:FIKS22:BRANCHE07=TOT:BELØB=1:SÆSON=SÆSON,2013-03-01,194244.0
DST:FIKS22:BRANCHE07=TOT:BELØB=1:SÆSON=SÆSON,2013-04-01,196910.0
DST:FIKS22:BRANCHE07=TOT:BELØB=1:SÆSON=SÆSON,2013-05-01,196674.0
DST:FIKS22:BRANCHE07=TOT:BELØB=1:SÆSON=SÆSON,2013-06-01,199158.0
DST:FIKS22:BRANCHE07=TOT:BELØB=1:SÆSON=SÆSON,2013-07-01,198552.0
DST:FIKS22:BRANCHE07=TOT:BELØB=1:SÆSON=SÆSON,2013-08-01,196982.0
DST:FIKS22:BRANCHE07=TOT:BELØB=1:SÆSON=SÆSON,2013-09-01,196536.0
DST:FIKS22:BRANCHE07=TOT:BELØB=1:SÆSON=SÆSON,2013-10-01,196301.0
DST:FIKS22:BRANCHE07=TOT:BELØB=1:SÆSON=SÆSON,2013-11-01,195973.0
DST:FIKS22:BRANCHE07=TOT:BELØB=1:SÆSON=SÆSON,2013-12-01,200236.0
DST:FIKS22:BRANCHE07=TOT:BELØB=1:SÆSON=SÆSON,2014-01-01,197603.0
DST:FIKS22:BRANCHE07=TOT:BELØB=1:SÆSON=SÆSON,2014-02-01,201528.0
DST:FIKS22:BRANCHE07=TOT:BELØB=1:SÆSON=SÆSON,2014-03-01,197419.0
DST:FIKS22:BRANCHE07=TOT:BELØB=1:SÆSON=SÆSON,2014-04-01,201388.0
DST:FIKS22:BRANCHE07=TOT:BELØB=1:SÆSON=SÆSON,2014-05-01,199554.0
DST:FIKS22:BRANCHE07=TOT:BELØB=1:SÆSON=SÆSON,2014-06-01,200190.0
DST:FIKS22:BRANCHE07=TOT:BELØB=1:SÆSON=SÆSON,2014-07-01,200121.0
DST:FIKS22:BRANCHE07=TOT:BELØB=1:SÆSON=SÆSON,2014-08-01,199422.0
DST:FIKS22:BRANCHE07=TOT:BELØB=1:SÆSON=SÆSON,2014-09-01,201712.0
DST:FIKS22:BRANCHE07=TOT:BELØB=1:SÆSON=SÆSON,2014-10-01,198881.0
DST:FIKS22:BRANCHE07=TOT:BELØB=1:SÆSON=SÆSON,2014-11-01,204168.0
DST:FIKS22:BRANCHE07=TOT:BELØB=1:SÆSON=SÆSON,2014-12-01,200378.0
DST:FIKS22:BRANCHE07=TOT:BELØB=1:SÆSON=SÆSON,2015-01-01,201228.0
DST:FIKS22:BRANCHE07=TOT:BELØB=1:SÆSON=SÆSON,2015-02-01,203322.0
DST:FIKS22:BRANCHE07=TOT:BELØB=1:SÆSON=SÆSON,2015-03-01,208730.0
DST:FIKS22:BRANCHE07=TOT:BELØB=1:SÆSON=SÆSON,2015-04-01,204777.0
DST:FIKS22:BRANCHE07=TOT:BELØB=1:SÆSON=SÆSON,2015-05-01,206145.0
DST:FIKS22:BRANCHE07=TOT:BELØB=1:SÆSON=SÆSON,2015-06-01,205186.0
DST:FIKS22:BRANCHE07=TOT:BELØB=1:SÆSON=SÆSON,2015-07-01,206887.0
DST:FIKS22:BRANCHE07=TOT:BELØB=1:SÆSON=SÆSON,2015-08-01,208875.0
DST:FIKS22:BRANCHE07=TOT:BELØB=1:SÆSON=SÆSON,2015-09-01,205577.0
DST:FIKS22:BRANCHE07=TOT:BELØB=1:SÆSON=SÆSON,2015-10-01,204513.0
DST:FIKS22:BRANCHE07=TOT:BELØB=1:SÆSON=SÆSON,2015-11-01,206797.0
DST:FIKS22:BRANCHE07=TOT:BELØB=1:SÆSON=SÆSON,2015-12-01,202632.0
DST:FIKS22:BRANCHE07=TOT:BELØB=1:SÆSON=SÆSON,2016-01-01,204332.0
DST:FIKS22:BRANCHE07=TOT:BELØB=1:SÆSON=SÆSON,2016-02-01,209696.0
DST:FIKS22:BRANCHE07=TOT:BELØB=1:SÆSON=SÆSON,2016-03-01,209949.0
DST:FIKS22:BRANCHE07=TOT:BELØB=1:SÆSON=SÆSON,2016-04-01,206073.0
DST:FIKS22:BRANCHE07=TOT:BELØB=1:SÆSON=SÆSON,2016-05-01,210740.0
DST:FIKS22:BRANCHE07=TOT:BELØB=1:SÆSON=SÆSON,2016-06-01,211052.0
DST:FIKS22:BRANCHE07=TOT:BELØB=1:SÆSON=SÆSON,2016-07-01,209925.0
DST:FIKS22:BRANCHE07=TOT:BELØB=1:SÆSON=SÆSON,2016-08-01,213713.0
DST:FIKS22:BRANCHE07=TOT:BELØB=1:SÆSON=SÆSON,2016-09-01,216393.0
DST:FIKS22:BRANCHE07=TOT:BELØB=1:SÆSON=SÆSON,2016-10-01,215775.0
DST:FIKS22:BRANCHE07=TOT:BELØB=1:SÆSON=SÆSON,2016-11-01,217586.0
DST:FIKS22:BRANCHE07=TOT:BELØB=1:SÆSON=SÆSON,2016-12-01,220419.0
DST:FIKS22:BRANCHE07=TOT:BELØB=1:SÆSON=SÆSON,2017-01-01,215263.0
DST:FIKS22:BRANCHE07=TOT:BELØB=1:SÆSON=SÆSON,2017-02-01,219644.0
DST:FIKS22:BRANCHE07=TOT:BELØB=1:SÆSON=SÆSON,2017-03-01,220673.0
DST:FIKS22:BRANCHE07=TOT:BELØB=1:SÆSON=SÆSON,2017-04-01,218452.0
DST:FIKS22:BRANCHE07=TOT:BELØB=1:SÆSON=SÆSON,2017-05-01,222329.0
DST:FIKS22:BRANCHE07=TOT:BELØB=1:SÆSON=SÆSON,2017-06-01,222111.0
DST:FIKS22:BRANCHE07=TOT:BELØB=1:SÆSON=SÆSON,2017-07-01,226555.0
DST:FIKS22:BRANCHE07=TOT:BELØB=1:SÆSON=SÆSON,2017-08-01,222932.0
DST:FIKS22:BRANCHE07=TOT:BELØB=1:SÆSON=SÆSON,2017-09-01,224952.0
DST:FIKS22:BRANCHE07=TOT:BELØB=1:SÆSON=SÆSON,2017-10-01,226413.0
DST:FIKS22:BRANCHE07=TOT:BELØB=1:SÆSON=SÆSON,2017-11-01,231351.0
DST:FIKS22:BRANCHE07=TOT:BELØB=1:SÆSON=SÆSON,2017-12-01,232850.0
DST:FIKS22:BRANCHE07=TOT:BELØB=1:SÆSON=SÆSON,2018-01-01,226673.0
DST:FIKS22:BRANCHE07=TOT:BELØB=1:SÆSON=SÆSON,2018-02-01,224927.0
DST:FIKS22:BRANCHE07=TOT:BELØB=1:SÆSON=SÆSON,2018-03-01,225212.0
DST:FIKS22:BRANCHE07=TOT:BELØB=1:SÆSON=SÆSON,2018-04-01,230566.0
DST:FIKS22:BRANCHE07=TOT:BELØB=1:SÆSON=SÆSON,2018-05-01,232084.0
DST:FIKS22:BRANCHE07=TOT:BELØB=1:SÆSON=SÆSON,2018-06-01,233170.0
DST:FIKS22:BRANCHE07=TOT:BELØB=1:SÆSON=SÆSON,2018-07-01,232077.0
DST:FIKS22:BRANCHE07=TOT:BELØB=1:SÆSON=SÆSON,2018-08-01,234219.0
DST:FIKS22:BRANCHE07=TOT:BELØB=1:SÆSON=SÆSON,2018-09-01,231103.0
DST:FIKS22:BRANCHE07=TOT:BELØB=1:SÆSON=SÆSON,2018-10-01,233729.0
DST:FIKS22:BRANCHE07=TOT:BELØB=1:SÆSON=SÆSON,2018-11-01,234686.0
DST:FIKS22:BRANCHE07=TOT:BELØB=1:SÆSON=SÆSON,2018-12-01,232396.0
DST:FIKS22:BRANCHE07=TOT:BELØB=1:SÆSON=SÆSON,2019-01-01,238827.0
DST:FIKS22:BRANCHE07=TOT:BELØB=1:SÆSON=SÆSON,2019-02-01,237784.0
DST:FIKS22:BRANCHE07=TOT:BELØB=1:SÆSON=SÆSON,2019-03-01,231822.0
DST:FIKS22:BRANCHE07=TOT:BELØB=1:SÆSON=SÆSON,2019-04-01,237105.0
DST:FIKS22:BRANCHE07=TOT:BELØB=1:SÆSON=SÆSON,2019-05-01,234728.0
DST:FIKS22:BRANCHE07=TOT:BELØB=1:SÆSON=SÆSON,2019-06-01,237114.0
DST:FIKS22:BRANCHE07=TOT:BELØB=1:SÆSON=SÆSON,2019-07-01,239852.0
DST:FIKS22:BRANCHE07=TOT:BELØB=1:SÆSON=SÆSON,2019-08-01,237741.0
DST:FIKS22:BRANCHE07=TOT:BELØB=1:SÆSON=SÆSON,2019-09-01,236933.0
DST:FIKS22:BRANCHE07=TOT:BELØB=1:SÆSON=SÆSON,2019-10-01,239624.0
DST:FIKS22:BRANCHE07=TOT:BELØB=1:SÆSON=SÆSON,2019-11-01,239128.0
DST:FIKS22:BRANCHE07=TOT:BELØB=1:SÆSON=SÆSON,2019-12-01,238275.0
DST:FIKS22:BRANCHE07=TOT:BELØB=1:SÆSON=SÆSON,2020-01-01,246011.0
DST:FIKS22:BRANCHE07=TOT:BELØB=1:SÆSON=SÆSON,2020-02-01,242422.0
DST:FIKS22:BRANCHE07=TOT:BELØB=1:SÆSON=SÆSON,2020-03-01,233169.0
DST:FIKS22:BRANCHE07=TOT:BELØB=1:SÆSON=SÆSON,2020-04-01,222018.0
DST:FIKS22:BRANCHE07=TOT:BELØB=1:SÆSON=SÆSON,2020-05-01,222332.0
DST:FIKS22:BRANCHE07=TOT:BELØB=1:SÆSON=SÆSON,2020-06-01,234007.0
DST:FIKS22:BRANCHE07=TOT:BELØB=1:SÆSON=SÆSON,2020-07-01,243914.0
DST:FIKS22:BRANCHE07=TOT:BELØB=1:SÆSON=SÆSON,2020-08-01,242444.0
DST:FIKS22:BRANCHE07=TOT:BELØB=1:SÆSON=SÆSON,2020-09-01,243246.0
DST:FIKS22:BRANCHE07=TOT:BELØB=1:SÆSON=SÆSON,2020-10-01,246892.0
DST:FIKS22:BRANCHE07=TOT:BELØB=1:SÆSON=SÆSON,2020-11-01,249425.0
DST:FIKS22:BRANCHE07=TOT:BELØB=1:SÆSON=SÆSON,2020-12-01,250040.0
DST:FIKS22:BRANCHE07=TOT:BELØB=1:SÆSON=SÆSON,2021-01-01,244542.0
DST:FIKS22:BRANCHE07=TOT:BELØB=1:SÆSON=SÆSON,2021-02-01,250477.0
DST:FIKS22:BRANCHE07=TOT:BELØB=1:SÆSON=SÆSON,2021-03-01,268467.0
DST:FIKS22:BRANCHE07=TOT:BELØB=1:SÆSON=SÆSON,2021-04-01,256951.0
DST:FIKS22:BRANCHE07=TOT:BELØB=1:SÆSON=SÆSON,2021-05-01,263145.0
DST:FIKS22:BRANCHE07=TOT:BELØB=1:SÆSON=SÆSON,2021-06-01,266543.0
DST:FIKS22:BRANCHE07=TOT:BELØB=1:SÆSON=SÆSON,2021-07-01,270659.0
DST:FIKS22:BRANCHE07=TOT:BELØB=1:SÆSON=SÆSON,2021-08-01,279098.0
DST:FIKS22:BRANCHE07=TOT:BELØB=1:SÆSON=SÆSON,2021-09-01,293448.0
DST:FIKS22:BRANCHE07=TOT:BELØB=1:SÆSON=SÆSON,2021-10-01,299160.0
DST:FIKS22:BRANCHE07=TOT:BELØB=1:SÆSON=SÆSON,2021-11-01,285420.0
DST:FIKS22:BRANCHE07=TOT:BELØB=1:SÆSON=SÆSON,2021-12-01,281240.0
DST:FIKS22:BRANCHE07=TOT:BELØB=1:SÆSON=SÆSON,2022-01-01,292442.0
DST:FIKS22:BRANCHE07=TOT:BELØB=1:SÆSON=SÆSON,2022-02-01,306225.0
DST:FIKS22:BRANCHE07=TOT:BELØB=1:SÆSON=SÆSON,2022-03-01,306511.0
DST:FIKS22:BRANCHE07=TOT:BELØB=1:SÆSON=SÆSON,2022-04-01,313559.0
DST:FIKS22:BRANCHE07=TOT:BELØB=1:SÆSON=SÆSON,2022-05-01,320573.0
DST:FIKS22:BRANCHE07=TOT:BELØB=1:SÆSON=SÆSON,2022-06-01,320120.0
DST:FIKS22:BRANCHE07=TOT:BELØB=1:SÆSON=SÆSON,2022-07-01,321137.0
DST:FIKS22:BRANCHE07=TOT:BELØB=1:SÆSON=SÆSON,2022-08-01,328386.0
DST:FIKS22:BRANCHE07=TOT:BELØB=1:SÆSON=SÆSON,2022-09-01,335769.0
DST:FIKS22:BRANCHE07=TOT:BELØB=1:SÆSON=SÆSON,2022-10-01,318450.0
DST:FIKS22:BRANCHE07=TOT:BELØB=1:SÆSON=SÆSON,2022-11-01,317255.0
DST:FIKS22:BRANCHE07=TOT:BELØB=1:SÆSON=SÆSON,2022-12-01,315930.0
DST:FIKS22:BRANCHE07=TOT:BELØB=1:SÆSON=SÆSON,2023-01-01,315309.0
DST:FIKS22:BRANCHE07=TOT:BELØB=1:SÆSON=SÆSON,2023-02-01,308010.0
DST:FIKS22:BRANCHE07=TOT:BELØB=1:SÆSON=SÆSON,2023-03-01,308037.0
DST:FIKS22:BRANCHE07=TOT:BELØB=1:SÆSON=SÆSON,2023-04-01,301775.0
DST:FIKS22:BRANCHE07=TOT:BELØB=1:SÆSON=SÆSON,2023-05-01,299736.0
DST:FIKS22:BRANCHE07=TOT:BELØB=1:SÆSON=SÆSON,2023-06-01,300677.0
DST:FIKS22:BRANCHE07=TOT:BELØB=1:SÆSON=SÆSON,2023-07-01,291823.0
DST:FIKS22:BRANCHE07=TOT:BELØB=1:SÆSON=SÆSON,2023-08-01,302573.0
DST:FIKS22:BRANCHE07=TOT:BELØB=1:SÆSON=SÆSON,2023-09-01,303380.0
DST:FIKS22:BRANCHE07=TOT:BELØB=1:SÆSON=SÆSON,2023-10-01,302503.0
DST:FIKS22:BRANCHE07=TOT:BELØB=1:SÆSON=SÆSON,2023-11-01,300461.0
DST:FIKS22:BRANCHE07=TOT:BELØB=1:SÆSON=SÆSON,2023-12-01,304621.0
DST:FIKS22:BRANCHE07=TOT:BELØB=1:SÆSON=SÆSON,2024-01-01,302057.0
DST:FIKS22:BRANCHE07=TOT:BELØB=1:SÆSON=SÆSON,2024-02-01,303474.0
DST:FIKS22:BRANCHE07=TOT:BELØB=1:SÆSON=SÆSON,2024-03-01,304962.0
DST:FIKS22:BRANCHE07=TOT:BELØB=1:SÆSON=SÆSON,2024-04-01,307902.0
DST:FIKS22:BRANCHE07=TOT:BELØB=1:SÆSON=SÆSON,2024-05-01,303894.0
DST:FIKS22:BRANCHE07=TOT:BELØB=1:SÆSON=SÆSON,2024-06-01,302310.0
DST:FIKS22:BRANCHE07=TOT:BELØB=1:SÆSON=SÆSON,2024-07-01,302972.0
DST:FIKS22:BRANCHE07=TOT:BELØB=1:SÆSON=SÆSON,2024-08-01,300638.0
DST:FIKS22:BRANCHE07=TOT:BELØB=1:SÆSON=SÆSON,2024-09-01,301766.0
DST:FIKS22:BRANCHE07=TOT:BELØB=1:SÆSON=SÆSON,2024-10-01,304760.0
DST:FIKS22:BRANCHE07=TOT:BELØB=1:SÆSON=SÆSON,2024-11-01,306262.0
DST:FIKS22:BRANCHE07=TOT:BELØB=1:SÆSON=SÆSON,2024-12-01,315245.0
DST:FIKS22:BRANCHE07=TOT:BELØB=1:SÆSON=SÆSON,2025-01-01,318112.0
DST:FIKS22:BRANCHE07=TOT:BELØB=1:SÆSON=SÆSON,2025-02-01,321535.0
DST:FIKS22:BRANCHE07=TOT:BELØB=1:SÆSON=SÆSON,2025-03-01,312301.0
DST:FIKS22:BRANCHE07=TOT:BELØB=1:SÆSON=SÆSON,2025-04-01,314334.0
DST:FIKS22:BRANCHE07=TOT:BELØB=1:SÆSON=SÆSON,2025-05-01,312486.0
DST:FIKS22:BRANCHE07=TOT:BELØB=1:SÆSON=SÆSON,2025-06-01,323441.0
DST:FIKS22:BRANCHE07=TOT:BELØB=1:SÆSON=SÆSON,2025-07-01,318132.0
DST:FIKS22:BRANCHE07=TOT:BELØB=1:SÆSON=SÆSON,2025-08-01,316518.0
DST:FIKS22:BRANCHE07=TOT:BELØB=1:SÆSON=SÆSON,2025-09-01,315958.0
DST:FIKS22:BRANCHE07=TOT:BELØB=1:SÆSON=SÆSON,2025-10-01,320178.0
DST:FIKS22:BRANCHE07=TOT:BELØB=1:SÆSON=SÆSON,2025-11-01,321807.0
DST:FIKS22:BRANCHE07=TOT:BELØB=1:SÆSON=SÆSON,2025-12-01,318753.0
DST:FIKS22:BRANCHE07=TOT:BELØB=1:SÆSON=SÆSON,2026-01-01,315416.0
DST:FIKS22:BRANCHE07=TOT:BELØB=1:SÆSON=SÆSON,2026-02-01,308970.0
DST:FIKS22:BRANCHE07=TOT:BELØB=1:SÆSON=SÆSON,2026-03-01,320280.0
DST:FIKS22:BRANCHE07=TOT:BELØB=3:SÆSON=EJSÆSON,2009-01-01,162502.0
DST:FIKS22:BRANCHE07=TOT:BELØB=3:SÆSON=EJSÆSON,2009-02-01,153418.0
DST:FIKS22:BRANCHE07=TOT:BELØB=3:SÆSON=EJSÆSON,2009-03-01,170979.0
DST:FIKS22:BRANCHE07=TOT:BELØB=3:SÆSON=EJSÆSON,2009-04-01,158912.0
DST:FIKS22:BRANCHE07=TOT:BELØB=3:SÆSON=EJSÆSON,2009-05-01,150183.0
DST:FIKS22:BRANCHE07=TOT:BELØB=3:SÆSON=EJSÆSON,2009-06-01,166906.0
DST:FIKS22:BRANCHE07=TOT:BELØB=3:SÆSON=EJSÆSON,2009-07-01,150587.0
DST:FIKS22:BRANCHE07=TOT:BELØB=3:SÆSON=EJSÆSON,2009-08-01,149732.0
DST:FIKS22:BRANCHE07=TOT:BELØB=3:SÆSON=EJSÆSON,2009-09-01,166896.0
DST:FIKS22:BRANCHE07=TOT:BELØB=3:SÆSON=EJSÆSON,2009-10-01,168928.0
DST:FIKS22:BRANCHE07=TOT:BELØB=3:SÆSON=EJSÆSON,2009-11-01,159140.0
DST:FIKS22:BRANCHE07=TOT:BELØB=3:SÆSON=EJSÆSON,2009-12-01,172286.0
DST:FIKS22:BRANCHE07=TOT:BELØB=3:SÆSON=EJSÆSON,2010-01-01,146955.0
DST:FIKS22:BRANCHE07=TOT:BELØB=3:SÆSON=EJSÆSON,2010-02-01,142939.0
DST:FIKS22:BRANCHE07=TOT:BELØB=3:SÆSON=EJSÆSON,2010-03-01,179224.0
DST:FIKS22:BRANCHE07=TOT:BELØB=3:SÆSON=EJSÆSON,2010-04-01,165282.0
DST:FIKS22:BRANCHE07=TOT:BELØB=3:SÆSON=EJSÆSON,2010-05-01,164743.0
DST:FIKS22:BRANCHE07=TOT:BELØB=3:SÆSON=EJSÆSON,2010-06-01,184612.0
DST:FIKS22:BRANCHE07=TOT:BELØB=3:SÆSON=EJSÆSON,2010-07-01,162408.0
DST:FIKS22:BRANCHE07=TOT:BELØB=3:SÆSON=EJSÆSON,2010-08-01,171987.0
DST:FIKS22:BRANCHE07=TOT:BELØB=3:SÆSON=EJSÆSON,2010-09-01,188323.0
DST:FIKS22:BRANCHE07=TOT:BELØB=3:SÆSON=EJSÆSON,2010-10-01,183946.0
DST:FIKS22:BRANCHE07=TOT:BELØB=3:SÆSON=EJSÆSON,2010-11-01,194192.0
DST:FIKS22:BRANCHE07=TOT:BELØB=3:SÆSON=EJSÆSON,2010-12-01,213864.0
DST:FIKS22:BRANCHE07=TOT:BELØB=3:SÆSON=EJSÆSON,2011-01-01,176233.0
DST:FIKS22:BRANCHE07=TOT:BELØB=3:SÆSON=EJSÆSON,2011-02-01,167412.0
DST:FIKS22:BRANCHE07=TOT:BELØB=3:SÆSON=EJSÆSON,2011-03-01,199466.0
DST:FIKS22:BRANCHE07=TOT:BELØB=3:SÆSON=EJSÆSON,2011-04-01,183132.0
DST:FIKS22:BRANCHE07=TOT:BELØB=3:SÆSON=EJSÆSON,2011-05-01,193686.0
DST:FIKS22:BRANCHE07=TOT:BELØB=3:SÆSON=EJSÆSON,2011-06-01,196893.0
DST:FIKS22:BRANCHE07=TOT:BELØB=3:SÆSON=EJSÆSON,2011-07-01,172339.0
DST:FIKS22:BRANCHE07=TOT:BELØB=3:SÆSON=EJSÆSON,2011-08-01,191151.0
DST:FIKS22:BRANCHE07=TOT:BELØB=3:SÆSON=EJSÆSON,2011-09-01,205959.0
DST:FIKS22:BRANCHE07=TOT:BELØB=3:SÆSON=EJSÆSON,2011-10-01,199621.0
DST:FIKS22:BRANCHE07=TOT:BELØB=3:SÆSON=EJSÆSON,2011-11-01,204273.0
DST:FIKS22:BRANCHE07=TOT:BELØB=3:SÆSON=EJSÆSON,2011-12-01,231364.0
DST:FIKS22:BRANCHE07=TOT:BELØB=3:SÆSON=EJSÆSON,2012-01-01,190854.0
DST:FIKS22:BRANCHE07=TOT:BELØB=3:SÆSON=EJSÆSON,2012-02-01,184882.0
DST:FIKS22:BRANCHE07=TOT:BELØB=3:SÆSON=EJSÆSON,2012-03-01,211213.0
DST:FIKS22:BRANCHE07=TOT:BELØB=3:SÆSON=EJSÆSON,2012-04-01,198280.0
DST:FIKS22:BRANCHE07=TOT:BELØB=3:SÆSON=EJSÆSON,2012-05-01,199016.0
DST:FIKS22:BRANCHE07=TOT:BELØB=3:SÆSON=EJSÆSON,2012-06-01,207419.0
DST:FIKS22:BRANCHE07=TOT:BELØB=3:SÆSON=EJSÆSON,2012-07-01,185245.0
DST:FIKS22:BRANCHE07=TOT:BELØB=3:SÆSON=EJSÆSON,2012-08-01,196447.0
DST:FIKS22:BRANCHE07=TOT:BELØB=3:SÆSON=EJSÆSON,2012-09-01,202816.0
DST:FIKS22:BRANCHE07=TOT:BELØB=3:SÆSON=EJSÆSON,2012-10-01,216682.0
DST:FIKS22:BRANCHE07=TOT:BELØB=3:SÆSON=EJSÆSON,2012-11-01,208548.0
DST:FIKS22:BRANCHE07=TOT:BELØB=3:SÆSON=EJSÆSON,2012-12-01,225461.0
DST:FIKS22:BRANCHE07=TOT:BELØB=3:SÆSON=EJSÆSON,2013-01-01,202605.0
DST:FIKS22:BRANCHE07=TOT:BELØB=3:SÆSON=EJSÆSON,2013-02-01,185153.0
DST:FIKS22:BRANCHE07=TOT:BELØB=3:SÆSON=EJSÆSON,2013-03-01,196573.0
DST:FIKS22:BRANCHE07=TOT:BELØB=3:SÆSON=EJSÆSON,2013-04-01,206844.0
DST:FIKS22:BRANCHE07=TOT:BELØB=3:SÆSON=EJSÆSON,2013-05-01,202141.0
DST:FIKS22:BRANCHE07=TOT:BELØB=3:SÆSON=EJSÆSON,2013-06-01,203247.0
DST:FIKS22:BRANCHE07=TOT:BELØB=3:SÆSON=EJSÆSON,2013-07-01,190382.0
DST:FIKS22:BRANCHE07=TOT:BELØB=3:SÆSON=EJSÆSON,2013-08-01,193346.0
DST:FIKS22:BRANCHE07=TOT:BELØB=3:SÆSON=EJSÆSON,2013-09-01,208613.0
DST:FIKS22:BRANCHE07=TOT:BELØB=3:SÆSON=EJSÆSON,2013-10-01,215170.0
DST:FIKS22:BRANCHE07=TOT:BELØB=3:SÆSON=EJSÆSON,2013-11-01,206080.0
DST:FIKS22:BRANCHE07=TOT:BELØB=3:SÆSON=EJSÆSON,2013-12-01,230606.0
DST:FIKS22:BRANCHE07=TOT:BELØB=3:SÆSON=EJSÆSON,2014-01-01,196635.0
DST:FIKS22:BRANCHE07=TOT:BELØB=3:SÆSON=EJSÆSON,2014-02-01,188766.0
DST:FIKS22:BRANCHE07=TOT:BELØB=3:SÆSON=EJSÆSON,2014-03-01,206680.0
DST:FIKS22:BRANCHE07=TOT:BELØB=3:SÆSON=EJSÆSON,2014-04-01,205387.0
DST:FIKS22:BRANCHE07=TOT:BELØB=3:SÆSON=EJSÆSON,2014-05-01,202309.0
DST:FIKS22:BRANCHE07=TOT:BELØB=3:SÆSON=EJSÆSON,2014-06-01,205636.0
DST:FIKS22:BRANCHE07=TOT:BELØB=3:SÆSON=EJSÆSON,2014-07-01,193065.0
DST:FIKS22:BRANCHE07=TOT:BELØB=3:SÆSON=EJSÆSON,2014-08-01,192933.0
DST:FIKS22:BRANCHE07=TOT:BELØB=3:SÆSON=EJSÆSON,2014-09-01,218216.0
DST:FIKS22:BRANCHE07=TOT:BELØB=3:SÆSON=EJSÆSON,2014-10-01,219533.0
DST:FIKS22:BRANCHE07=TOT:BELØB=3:SÆSON=EJSÆSON,2014-11-01,209739.0
DST:FIKS22:BRANCHE07=TOT:BELØB=3:SÆSON=EJSÆSON,2014-12-01,233877.0
DST:FIKS22:BRANCHE07=TOT:BELØB=3:SÆSON=EJSÆSON,2015-01-01,198566.0
DST:FIKS22:BRANCHE07=TOT:BELØB=3:SÆSON=EJSÆSON,2015-02-01,194652.0
DST:FIKS22:BRANCHE07=TOT:BELØB=3:SÆSON=EJSÆSON,2015-03-01,228159.0
DST:FIKS22:BRANCHE07=TOT:BELØB=3:SÆSON=EJSÆSON,2015-04-01,212834.0
DST:FIKS22:BRANCHE07=TOT:BELØB=3:SÆSON=EJSÆSON,2015-05-01,201032.0
DST:FIKS22:BRANCHE07=TOT:BELØB=3:SÆSON=EJSÆSON,2015-06-01,226665.0
DST:FIKS22:BRANCHE07=TOT:BELØB=3:SÆSON=EJSÆSON,2015-07-01,202438.0
DST:FIKS22:BRANCHE07=TOT:BELØB=3:SÆSON=EJSÆSON,2015-08-01,203041.0
DST:FIKS22:BRANCHE07=TOT:BELØB=3:SÆSON=EJSÆSON,2015-09-01,224818.0
DST:FIKS22:BRANCHE07=TOT:BELØB=3:SÆSON=EJSÆSON,2015-10-01,225284.0
DST:FIKS22:BRANCHE07=TOT:BELØB=3:SÆSON=EJSÆSON,2015-11-01,219507.0
DST:FIKS22:BRANCHE07=TOT:BELØB=3:SÆSON=EJSÆSON,2015-12-01,249911.0
DST:FIKS22:BRANCHE07=TOT:BELØB=3:SÆSON=EJSÆSON,2016-01-01,197230.0
DST:FIKS22:BRANCHE07=TOT:BELØB=3:SÆSON=EJSÆSON,2016-02-01,203224.0
DST:FIKS22:BRANCHE07=TOT:BELØB=3:SÆSON=EJSÆSON,2016-03-01,217106.0
DST:FIKS22:BRANCHE07=TOT:BELØB=3:SÆSON=EJSÆSON,2016-04-01,215461.0
DST:FIKS22:BRANCHE07=TOT:BELØB=3:SÆSON=EJSÆSON,2016-05-01,210890.0
DST:FIKS22:BRANCHE07=TOT:BELØB=3:SÆSON=EJSÆSON,2016-06-01,234108.0
DST:FIKS22:BRANCHE07=TOT:BELØB=3:SÆSON=EJSÆSON,2016-07-01,190687.0
DST:FIKS22:BRANCHE07=TOT:BELØB=3:SÆSON=EJSÆSON,2016-08-01,214877.0
DST:FIKS22:BRANCHE07=TOT:BELØB=3:SÆSON=EJSÆSON,2016-09-01,231920.0
DST:FIKS22:BRANCHE07=TOT:BELØB=3:SÆSON=EJSÆSON,2016-10-01,223967.0
DST:FIKS22:BRANCHE07=TOT:BELØB=3:SÆSON=EJSÆSON,2016-11-01,246480.0
DST:FIKS22:BRANCHE07=TOT:BELØB=3:SÆSON=EJSÆSON,2016-12-01,265399.0
DST:FIKS22:BRANCHE07=TOT:BELØB=3:SÆSON=EJSÆSON,2017-01-01,216601.0
DST:FIKS22:BRANCHE07=TOT:BELØB=3:SÆSON=EJSÆSON,2017-02-01,208264.0
DST:FIKS22:BRANCHE07=TOT:BELØB=3:SÆSON=EJSÆSON,2017-03-01,247655.0
DST:FIKS22:BRANCHE07=TOT:BELØB=3:SÆSON=EJSÆSON,2017-04-01,218128.0
DST:FIKS22:BRANCHE07=TOT:BELØB=3:SÆSON=EJSÆSON,2017-05-01,227601.0
DST:FIKS22:BRANCHE07=TOT:BELØB=3:SÆSON=EJSÆSON,2017-06-01,241356.0
DST:FIKS22:BRANCHE07=TOT:BELØB=3:SÆSON=EJSÆSON,2017-07-01,209008.0
DST:FIKS22:BRANCHE07=TOT:BELØB=3:SÆSON=EJSÆSON,2017-08-01,228313.0
DST:FIKS22:BRANCHE07=TOT:BELØB=3:SÆSON=EJSÆSON,2017-09-01,238948.0
DST:FIKS22:BRANCHE07=TOT:BELØB=3:SÆSON=EJSÆSON,2017-10-01,247518.0
DST:FIKS22:BRANCHE07=TOT:BELØB=3:SÆSON=EJSÆSON,2017-11-01,250191.0
DST:FIKS22:BRANCHE07=TOT:BELØB=3:SÆSON=EJSÆSON,2017-12-01,274461.0
DST:FIKS22:BRANCHE07=TOT:BELØB=3:SÆSON=EJSÆSON,2018-01-01,232821.0
DST:FIKS22:BRANCHE07=TOT:BELØB=3:SÆSON=EJSÆSON,2018-02-01,215545.0
DST:FIKS22:BRANCHE07=TOT:BELØB=3:SÆSON=EJSÆSON,2018-03-01,242861.0
DST:FIKS22:BRANCHE07=TOT:BELØB=3:SÆSON=EJSÆSON,2018-04-01,247178.0
DST:FIKS22:BRANCHE07=TOT:BELØB=3:SÆSON=EJSÆSON,2018-05-01,242176.0
DST:FIKS22:BRANCHE07=TOT:BELØB=3:SÆSON=EJSÆSON,2018-06-01,251862.0
DST:FIKS22:BRANCHE07=TOT:BELØB=3:SÆSON=EJSÆSON,2018-07-01,232967.0
DST:FIKS22:BRANCHE07=TOT:BELØB=3:SÆSON=EJSÆSON,2018-08-01,242674.0
DST:FIKS22:BRANCHE07=TOT:BELØB=3:SÆSON=EJSÆSON,2018-09-01,244874.0
DST:FIKS22:BRANCHE07=TOT:BELØB=3:SÆSON=EJSÆSON,2018-10-01,274440.0
DST:FIKS22:BRANCHE07=TOT:BELØB=3:SÆSON=EJSÆSON,2018-11-01,269270.0
DST:FIKS22:BRANCHE07=TOT:BELØB=3:SÆSON=EJSÆSON,2018-12-01,282386.0
DST:FIKS22:BRANCHE07=TOT:BELØB=3:SÆSON=EJSÆSON,2019-01-01,257776.0
DST:FIKS22:BRANCHE07=TOT:BELØB=3:SÆSON=EJSÆSON,2019-02-01,234635.0
DST:FIKS22:BRANCHE07=TOT:BELØB=3:SÆSON=EJSÆSON,2019-03-01,261763.0
DST:FIKS22:BRANCHE07=TOT:BELØB=3:SÆSON=EJSÆSON,2019-04-01,255712.0
DST:FIKS22:BRANCHE07=TOT:BELØB=3:SÆSON=EJSÆSON,2019-05-01,254272.0
DST:FIKS22:BRANCHE07=TOT:BELØB=3:SÆSON=EJSÆSON,2019-06-01,252455.0
DST:FIKS22:BRANCHE07=TOT:BELØB=3:SÆSON=EJSÆSON,2019-07-01,244673.0
DST:FIKS22:BRANCHE07=TOT:BELØB=3:SÆSON=EJSÆSON,2019-08-01,243176.0
DST:FIKS22:BRANCHE07=TOT:BELØB=3:SÆSON=EJSÆSON,2019-09-01,260794.0
DST:FIKS22:BRANCHE07=TOT:BELØB=3:SÆSON=EJSÆSON,2019-10-01,275721.0
DST:FIKS22:BRANCHE07=TOT:BELØB=3:SÆSON=EJSÆSON,2019-11-01,270352.0
DST:FIKS22:BRANCHE07=TOT:BELØB=3:SÆSON=EJSÆSON,2019-12-01,299574.0
DST:FIKS22:BRANCHE07=TOT:BELØB=3:SÆSON=EJSÆSON,2020-01-01,262782.0
DST:FIKS22:BRANCHE07=TOT:BELØB=3:SÆSON=EJSÆSON,2020-02-01,241891.0
DST:FIKS22:BRANCHE07=TOT:BELØB=3:SÆSON=EJSÆSON,2020-03-01,271604.0
DST:FIKS22:BRANCHE07=TOT:BELØB=3:SÆSON=EJSÆSON,2020-04-01,238595.0
DST:FIKS22:BRANCHE07=TOT:BELØB=3:SÆSON=EJSÆSON,2020-05-01,225887.0
DST:FIKS22:BRANCHE07=TOT:BELØB=3:SÆSON=EJSÆSON,2020-06-01,255278.0
DST:FIKS22:BRANCHE07=TOT:BELØB=3:SÆSON=EJSÆSON,2020-07-01,237423.0
DST:FIKS22:BRANCHE07=TOT:BELØB=3:SÆSON=EJSÆSON,2020-08-01,241317.0
DST:FIKS22:BRANCHE07=TOT:BELØB=3:SÆSON=EJSÆSON,2020-09-01,268347.0
DST:FIKS22:BRANCHE07=TOT:BELØB=3:SÆSON=EJSÆSON,2020-10-01,275125.0
DST:FIKS22:BRANCHE07=TOT:BELØB=3:SÆSON=EJSÆSON,2020-11-01,276177.0
DST:FIKS22:BRANCHE07=TOT:BELØB=3:SÆSON=EJSÆSON,2020-12-01,310413.0
DST:FIKS22:BRANCHE07=TOT:BELØB=3:SÆSON=EJSÆSON,2021-01-01,254611.0
DST:FIKS22:BRANCHE07=TOT:BELØB=3:SÆSON=EJSÆSON,2021-02-01,254220.0
DST:FIKS22:BRANCHE07=TOT:BELØB=3:SÆSON=EJSÆSON,2021-03-01,306666.0
DST:FIKS22:BRANCHE07=TOT:BELØB=3:SÆSON=EJSÆSON,2021-04-01,270495.0
DST:FIKS22:BRANCHE07=TOT:BELØB=3:SÆSON=EJSÆSON,2021-05-01,271974.0
DST:FIKS22:BRANCHE07=TOT:BELØB=3:SÆSON=EJSÆSON,2021-06-01,307908.0
DST:FIKS22:BRANCHE07=TOT:BELØB=3:SÆSON=EJSÆSON,2021-07-01,281017.0
DST:FIKS22:BRANCHE07=TOT:BELØB=3:SÆSON=EJSÆSON,2021-08-01,287330.0
DST:FIKS22:BRANCHE07=TOT:BELØB=3:SÆSON=EJSÆSON,2021-09-01,330106.0
DST:FIKS22:BRANCHE07=TOT:BELØB=3:SÆSON=EJSÆSON,2021-10-01,357578.0
DST:FIKS22:BRANCHE07=TOT:BELØB=3:SÆSON=EJSÆSON,2021-11-01,396065.0
DST:FIKS22:BRANCHE07=TOT:BELØB=3:SÆSON=EJSÆSON,2021-12-01,488768.0
DST:FIKS22:BRANCHE07=TOT:BELØB=3:SÆSON=EJSÆSON,2022-01-01,407963.0
DST:FIKS22:BRANCHE07=TOT:BELØB=3:SÆSON=EJSÆSON,2022-02-01,382991.0
DST:FIKS22:BRANCHE07=TOT:BELØB=3:SÆSON=EJSÆSON,2022-03-01,504024.0
DST:FIKS22:BRANCHE07=TOT:BELØB=3:SÆSON=EJSÆSON,2022-04-01,454231.0
DST:FIKS22:BRANCHE07=TOT:BELØB=3:SÆSON=EJSÆSON,2022-05-01,441139.0
DST:FIKS22:BRANCHE07=TOT:BELØB=3:SÆSON=EJSÆSON,2022-06-01,468053.0
DST:FIKS22:BRANCHE07=TOT:BELØB=3:SÆSON=EJSÆSON,2022-07-01,464878.0
DST:FIKS22:BRANCHE07=TOT:BELØB=3:SÆSON=EJSÆSON,2022-08-01,556717.0
DST:FIKS22:BRANCHE07=TOT:BELØB=3:SÆSON=EJSÆSON,2022-09-01,579384.0
DST:FIKS22:BRANCHE07=TOT:BELØB=3:SÆSON=EJSÆSON,2022-10-01,505658.0
DST:FIKS22:BRANCHE07=TOT:BELØB=3:SÆSON=EJSÆSON,2022-11-01,512039.0
DST:FIKS22:BRANCHE07=TOT:BELØB=3:SÆSON=EJSÆSON,2022-12-01,567686.0
DST:FIKS22:BRANCHE07=TOT:BELØB=3:SÆSON=EJSÆSON,2023-01-01,446817.0
DST:FIKS22:BRANCHE07=TOT:BELØB=3:SÆSON=EJSÆSON,2023-02-01,397449.0
DST:FIKS22:BRANCHE07=TOT:BELØB=3:SÆSON=EJSÆSON,2023-03-01,438132.0
DST:FIKS22:BRANCHE07=TOT:BELØB=3:SÆSON=EJSÆSON,2023-04-01,382156.0
DST:FIKS22:BRANCHE07=TOT:BELØB=3:SÆSON=EJSÆSON,2023-05-01,364481.0
DST:FIKS22:BRANCHE07=TOT:BELØB=3:SÆSON=EJSÆSON,2023-06-01,383504.0
DST:FIKS22:BRANCHE07=TOT:BELØB=3:SÆSON=EJSÆSON,2023-07-01,320809.0
DST:FIKS22:BRANCHE07=TOT:BELØB=3:SÆSON=EJSÆSON,2023-08-01,354037.0
DST:FIKS22:BRANCHE07=TOT:BELØB=3:SÆSON=EJSÆSON,2023-09-01,386229.0
DST:FIKS22:BRANCHE07=TOT:BELØB=3:SÆSON=EJSÆSON,2023-10-01,392515.0
DST:FIKS22:BRANCHE07=TOT:BELØB=3:SÆSON=EJSÆSON,2023-11-01,388064.0
DST:FIKS22:BRANCHE07=TOT:BELØB=3:SÆSON=EJSÆSON,2023-12-01,411976.0
DST:FIKS22:BRANCHE07=TOT:BELØB=3:SÆSON=EJSÆSON,2024-01-01,363933.0
DST:FIKS22:BRANCHE07=TOT:BELØB=3:SÆSON=EJSÆSON,2024-02-01,344647.0
DST:FIKS22:BRANCHE07=TOT:BELØB=3:SÆSON=EJSÆSON,2024-03-01,363897.0
DST:FIKS22:BRANCHE07=TOT:BELØB=3:SÆSON=EJSÆSON,2024-04-01,378795.0
DST:FIKS22:BRANCHE07=TOT:BELØB=3:SÆSON=EJSÆSON,2024-05-01,356173.0
DST:FIKS22:BRANCHE07=TOT:BELØB=3:SÆSON=EJSÆSON,2024-06-01,364971.0
DST:FIKS22:BRANCHE07=TOT:BELØB=3:SÆSON=EJSÆSON,2024-07-01,339734.0
DST:FIKS22:BRANCHE07=TOT:BELØB=3:SÆSON=EJSÆSON,2024-08-01,344090.0
DST:FIKS22:BRANCHE07=TOT:BELØB=3:SÆSON=EJSÆSON,2024-09-01,377277.0
DST:FIKS22:BRANCHE07=TOT:BELØB=3:SÆSON=EJSÆSON,2024-10-01,400550.0
DST:FIKS22:BRANCHE07=TOT:BELØB=3:SÆSON=EJSÆSON,2024-11-01,386198.0
DST:FIKS22:BRANCHE07=TOT:BELØB=3:SÆSON=EJSÆSON,2024-12-01,454010.0
DST:FIKS22:BRANCHE07=TOT:BELØB=3:SÆSON=EJSÆSON,2025-01-01,404276.0
DST:FIKS22:BRANCHE07=TOT:BELØB=3:SÆSON=EJSÆSON,2025-02-01,375387.0
DST:FIKS22:BRANCHE07=TOT:BELØB=3:SÆSON=EJSÆSON,2025-03-01,410941.0
DST:FIKS22:BRANCHE07=TOT:BELØB=3:SÆSON=EJSÆSON,2025-04-01,383640.0
DST:FIKS22:BRANCHE07=TOT:BELØB=3:SÆSON=EJSÆSON,2025-05-01,367738.0
DST:FIKS22:BRANCHE07=TOT:BELØB=3:SÆSON=EJSÆSON,2025-06-01,386055.0
DST:FIKS22:BRANCHE07=TOT:BELØB=3:SÆSON=EJSÆSON,2025-07-01,378429.0
DST:FIKS22:BRANCHE07=TOT:BELØB=3:SÆSON=EJSÆSON,2025-08-01,363594.0
DST:FIKS22:BRANCHE07=TOT:BELØB=3:SÆSON=EJSÆSON,2025-09-01,410673.0
DST:FIKS22:BRANCHE07=TOT:BELØB=3:SÆSON=EJSÆSON,2025-10-01,438263.0
DST:FIKS22:BRANCHE07=TOT:BELØB=3:SÆSON=EJSÆSON,2025-11-01,383571.0
DST:FIKS22:BRANCHE07=TOT:BELØB=3:SÆSON=EJSÆSON,2025-12-01,441117.0
DST:FIKS22:BRANCHE07=TOT:BELØB=3:SÆSON=EJSÆSON,2026-01-01,377394.0
DST:FIKS22:BRANCHE07=TOT:BELØB=3:SÆSON=EJSÆSON,2026-02-01,354066.0
DST:FIKS22:BRANCHE07=TOT:BELØB=3:SÆSON=EJSÆSON,2026-03-01,426078.0
DST:FIKS22:BRANCHE07=TOT:BELØB=3:SÆSON=SÆSON,2009-01-01,175402.0
DST:FIKS22:BRANCHE07=TOT:BELØB=3:SÆSON=SÆSON,2009-02-01,171108.0
DST:FIKS22:BRANCHE07=TOT:BELØB=3:SÆSON=SÆSON,2009-03-01,164797.0
DST:FIKS22:BRANCHE07=TOT:BELØB=3:SÆSON=SÆSON,2009-04-01,160824.0
DST:FIKS22:BRANCHE07=TOT:BELØB=3:SÆSON=SÆSON,2009-05-01,157089.0
DST:FIKS22:BRANCHE07=TOT:BELØB=3:SÆSON=SÆSON,2009-06-01,162211.0
DST:FIKS22:BRANCHE07=TOT:BELØB=3:SÆSON=SÆSON,2009-07-01,160104.0
DST:FIKS22:BRANCHE07=TOT:BELØB=3:SÆSON=SÆSON,2009-08-01,159578.0
DST:FIKS22:BRANCHE07=TOT:BELØB=3:SÆSON=SÆSON,2009-09-01,157428.0
DST:FIKS22:BRANCHE07=TOT:BELØB=3:SÆSON=SÆSON,2009-10-01,161193.0
DST:FIKS22:BRANCHE07=TOT:BELØB=3:SÆSON=SÆSON,2009-11-01,158277.0
DST:FIKS22:BRANCHE07=TOT:BELØB=3:SÆSON=SÆSON,2009-12-01,148627.0
DST:FIKS22:BRANCHE07=TOT:BELØB=3:SÆSON=SÆSON,2010-01-01,161717.0
DST:FIKS22:BRANCHE07=TOT:BELØB=3:SÆSON=SÆSON,2010-02-01,159351.0
DST:FIKS22:BRANCHE07=TOT:BELØB=3:SÆSON=SÆSON,2010-03-01,169279.0
DST:FIKS22:BRANCHE07=TOT:BELØB=3:SÆSON=SÆSON,2010-04-01,170346.0
DST:FIKS22:BRANCHE07=TOT:BELØB=3:SÆSON=SÆSON,2010-05-01,171968.0
DST:FIKS22:BRANCHE07=TOT:BELØB=3:SÆSON=SÆSON,2010-06-01,171317.0
DST:FIKS22:BRANCHE07=TOT:BELØB=3:SÆSON=SÆSON,2010-07-01,175317.0
DST:FIKS22:BRANCHE07=TOT:BELØB=3:SÆSON=SÆSON,2010-08-01,179790.0
DST:FIKS22:BRANCHE07=TOT:BELØB=3:SÆSON=SÆSON,2010-09-01,178059.0
DST:FIKS22:BRANCHE07=TOT:BELØB=3:SÆSON=SÆSON,2010-10-01,180585.0
DST:FIKS22:BRANCHE07=TOT:BELØB=3:SÆSON=SÆSON,2010-11-01,188625.0
DST:FIKS22:BRANCHE07=TOT:BELØB=3:SÆSON=SÆSON,2010-12-01,179883.0
DST:FIKS22:BRANCHE07=TOT:BELØB=3:SÆSON=SÆSON,2011-01-01,189077.0
DST:FIKS22:BRANCHE07=TOT:BELØB=3:SÆSON=SÆSON,2011-02-01,186457.0
DST:FIKS22:BRANCHE07=TOT:BELØB=3:SÆSON=SÆSON,2011-03-01,186373.0
DST:FIKS22:BRANCHE07=TOT:BELØB=3:SÆSON=SÆSON,2011-04-01,189256.0
DST:FIKS22:BRANCHE07=TOT:BELØB=3:SÆSON=SÆSON,2011-05-01,192346.0
DST:FIKS22:BRANCHE07=TOT:BELØB=3:SÆSON=SÆSON,2011-06-01,191791.0
DST:FIKS22:BRANCHE07=TOT:BELØB=3:SÆSON=SÆSON,2011-07-01,191944.0
DST:FIKS22:BRANCHE07=TOT:BELØB=3:SÆSON=SÆSON,2011-08-01,194927.0
DST:FIKS22:BRANCHE07=TOT:BELØB=3:SÆSON=SÆSON,2011-09-01,193084.0
DST:FIKS22:BRANCHE07=TOT:BELØB=3:SÆSON=SÆSON,2011-10-01,197124.0
DST:FIKS22:BRANCHE07=TOT:BELØB=3:SÆSON=SÆSON,2011-11-01,198522.0
DST:FIKS22:BRANCHE07=TOT:BELØB=3:SÆSON=SÆSON,2011-12-01,202087.0
DST:FIKS22:BRANCHE07=TOT:BELØB=3:SÆSON=SÆSON,2012-01-01,199216.0
DST:FIKS22:BRANCHE07=TOT:BELØB=3:SÆSON=SÆSON,2012-02-01,197553.0
DST:FIKS22:BRANCHE07=TOT:BELØB=3:SÆSON=SÆSON,2012-03-01,200754.0
DST:FIKS22:BRANCHE07=TOT:BELØB=3:SÆSON=SÆSON,2012-04-01,205469.0
DST:FIKS22:BRANCHE07=TOT:BELØB=3:SÆSON=SÆSON,2012-05-01,202902.0
DST:FIKS22:BRANCHE07=TOT:BELØB=3:SÆSON=SÆSON,2012-06-01,202210.0
DST:FIKS22:BRANCHE07=TOT:BELØB=3:SÆSON=SÆSON,2012-07-01,202674.0
DST:FIKS22:BRANCHE07=TOT:BELØB=3:SÆSON=SÆSON,2012-08-01,201163.0
DST:FIKS22:BRANCHE07=TOT:BELØB=3:SÆSON=SÆSON,2012-09-01,201248.0
DST:FIKS22:BRANCHE07=TOT:BELØB=3:SÆSON=SÆSON,2012-10-01,204941.0
DST:FIKS22:BRANCHE07=TOT:BELØB=3:SÆSON=SÆSON,2012-11-01,202005.0
DST:FIKS22:BRANCHE07=TOT:BELØB=3:SÆSON=SÆSON,2012-12-01,206432.0
DST:FIKS22:BRANCHE07=TOT:BELØB=3:SÆSON=SÆSON,2013-01-01,209931.0
DST:FIKS22:BRANCHE07=TOT:BELØB=3:SÆSON=SÆSON,2013-02-01,204125.0
DST:FIKS22:BRANCHE07=TOT:BELØB=3:SÆSON=SÆSON,2013-03-01,201353.0
DST:FIKS22:BRANCHE07=TOT:BELØB=3:SÆSON=SÆSON,2013-04-01,202852.0
DST:FIKS22:BRANCHE07=TOT:BELØB=3:SÆSON=SÆSON,2013-05-01,201496.0
DST:FIKS22:BRANCHE07=TOT:BELØB=3:SÆSON=SÆSON,2013-06-01,202197.0
DST:FIKS22:BRANCHE07=TOT:BELØB=3:SÆSON=SÆSON,2013-07-01,204683.0
DST:FIKS22:BRANCHE07=TOT:BELØB=3:SÆSON=SÆSON,2013-08-01,201421.0
DST:FIKS22:BRANCHE07=TOT:BELØB=3:SÆSON=SÆSON,2013-09-01,203634.0
DST:FIKS22:BRANCHE07=TOT:BELØB=3:SÆSON=SÆSON,2013-10-01,202688.0
DST:FIKS22:BRANCHE07=TOT:BELØB=3:SÆSON=SÆSON,2013-11-01,204096.0
DST:FIKS22:BRANCHE07=TOT:BELØB=3:SÆSON=SÆSON,2013-12-01,205386.0
DST:FIKS22:BRANCHE07=TOT:BELØB=3:SÆSON=SÆSON,2014-01-01,204373.0
DST:FIKS22:BRANCHE07=TOT:BELØB=3:SÆSON=SÆSON,2014-02-01,208316.0
DST:FIKS22:BRANCHE07=TOT:BELØB=3:SÆSON=SÆSON,2014-03-01,201296.0
DST:FIKS22:BRANCHE07=TOT:BELØB=3:SÆSON=SÆSON,2014-04-01,207723.0
DST:FIKS22:BRANCHE07=TOT:BELØB=3:SÆSON=SÆSON,2014-05-01,206555.0
DST:FIKS22:BRANCHE07=TOT:BELØB=3:SÆSON=SÆSON,2014-06-01,206233.0
DST:FIKS22:BRANCHE07=TOT:BELØB=3:SÆSON=SÆSON,2014-07-01,206562.0
DST:FIKS22:BRANCHE07=TOT:BELØB=3:SÆSON=SÆSON,2014-08-01,206604.0
DST:FIKS22:BRANCHE07=TOT:BELØB=3:SÆSON=SÆSON,2014-09-01,208642.0
DST:FIKS22:BRANCHE07=TOT:BELØB=3:SÆSON=SÆSON,2014-10-01,206848.0
DST:FIKS22:BRANCHE07=TOT:BELØB=3:SÆSON=SÆSON,2014-11-01,211914.0
DST:FIKS22:BRANCHE07=TOT:BELØB=3:SÆSON=SÆSON,2014-12-01,205018.0
DST:FIKS22:BRANCHE07=TOT:BELØB=3:SÆSON=SÆSON,2015-01-01,210608.0
DST:FIKS22:BRANCHE07=TOT:BELØB=3:SÆSON=SÆSON,2015-02-01,213689.0
DST:FIKS22:BRANCHE07=TOT:BELØB=3:SÆSON=SÆSON,2015-03-01,216788.0
DST:FIKS22:BRANCHE07=TOT:BELØB=3:SÆSON=SÆSON,2015-04-01,214679.0
DST:FIKS22:BRANCHE07=TOT:BELØB=3:SÆSON=SÆSON,2015-05-01,215703.0
DST:FIKS22:BRANCHE07=TOT:BELØB=3:SÆSON=SÆSON,2015-06-01,217521.0
DST:FIKS22:BRANCHE07=TOT:BELØB=3:SÆSON=SÆSON,2015-07-01,216799.0
DST:FIKS22:BRANCHE07=TOT:BELØB=3:SÆSON=SÆSON,2015-08-01,218421.0
DST:FIKS22:BRANCHE07=TOT:BELØB=3:SÆSON=SÆSON,2015-09-01,216479.0
DST:FIKS22:BRANCHE07=TOT:BELØB=3:SÆSON=SÆSON,2015-10-01,216079.0
DST:FIKS22:BRANCHE07=TOT:BELØB=3:SÆSON=SÆSON,2015-11-01,216325.0
DST:FIKS22:BRANCHE07=TOT:BELØB=3:SÆSON=SÆSON,2015-12-01,212103.0
DST:FIKS22:BRANCHE07=TOT:BELØB=3:SÆSON=SÆSON,2016-01-01,214371.0
DST:FIKS22:BRANCHE07=TOT:BELØB=3:SÆSON=SÆSON,2016-02-01,216438.0
DST:FIKS22:BRANCHE07=TOT:BELØB=3:SÆSON=SÆSON,2016-03-01,216614.0
DST:FIKS22:BRANCHE07=TOT:BELØB=3:SÆSON=SÆSON,2016-04-01,211565.0
DST:FIKS22:BRANCHE07=TOT:BELØB=3:SÆSON=SÆSON,2016-05-01,216927.0
DST:FIKS22:BRANCHE07=TOT:BELØB=3:SÆSON=SÆSON,2016-06-01,220461.0
DST:FIKS22:BRANCHE07=TOT:BELØB=3:SÆSON=SÆSON,2016-07-01,213103.0
DST:FIKS22:BRANCHE07=TOT:BELØB=3:SÆSON=SÆSON,2016-08-01,222045.0
DST:FIKS22:BRANCHE07=TOT:BELØB=3:SÆSON=SÆSON,2016-09-01,222965.0
DST:FIKS22:BRANCHE07=TOT:BELØB=3:SÆSON=SÆSON,2016-10-01,220329.0
DST:FIKS22:BRANCHE07=TOT:BELØB=3:SÆSON=SÆSON,2016-11-01,236408.0
DST:FIKS22:BRANCHE07=TOT:BELØB=3:SÆSON=SÆSON,2016-12-01,228774.0
DST:FIKS22:BRANCHE07=TOT:BELØB=3:SÆSON=SÆSON,2017-01-01,224015.0
DST:FIKS22:BRANCHE07=TOT:BELØB=3:SÆSON=SÆSON,2017-02-01,228880.0
DST:FIKS22:BRANCHE07=TOT:BELØB=3:SÆSON=SÆSON,2017-03-01,230006.0
DST:FIKS22:BRANCHE07=TOT:BELØB=3:SÆSON=SÆSON,2017-04-01,230269.0
DST:FIKS22:BRANCHE07=TOT:BELØB=3:SÆSON=SÆSON,2017-05-01,231023.0
DST:FIKS22:BRANCHE07=TOT:BELØB=3:SÆSON=SÆSON,2017-06-01,231026.0
DST:FIKS22:BRANCHE07=TOT:BELØB=3:SÆSON=SÆSON,2017-07-01,234567.0
DST:FIKS22:BRANCHE07=TOT:BELØB=3:SÆSON=SÆSON,2017-08-01,235499.0
DST:FIKS22:BRANCHE07=TOT:BELØB=3:SÆSON=SÆSON,2017-09-01,236055.0
DST:FIKS22:BRANCHE07=TOT:BELØB=3:SÆSON=SÆSON,2017-10-01,237635.0
DST:FIKS22:BRANCHE07=TOT:BELØB=3:SÆSON=SÆSON,2017-11-01,239240.0
DST:FIKS22:BRANCHE07=TOT:BELØB=3:SÆSON=SÆSON,2017-12-01,247746.0
DST:FIKS22:BRANCHE07=TOT:BELØB=3:SÆSON=SÆSON,2018-01-01,239503.0
DST:FIKS22:BRANCHE07=TOT:BELØB=3:SÆSON=SÆSON,2018-02-01,236474.0
DST:FIKS22:BRANCHE07=TOT:BELØB=3:SÆSON=SÆSON,2018-03-01,241577.0
DST:FIKS22:BRANCHE07=TOT:BELØB=3:SÆSON=SÆSON,2018-04-01,248379.0
DST:FIKS22:BRANCHE07=TOT:BELØB=3:SÆSON=SÆSON,2018-05-01,244862.0
DST:FIKS22:BRANCHE07=TOT:BELØB=3:SÆSON=SÆSON,2018-06-01,250200.0
DST:FIKS22:BRANCHE07=TOT:BELØB=3:SÆSON=SÆSON,2018-07-01,255434.0
DST:FIKS22:BRANCHE07=TOT:BELØB=3:SÆSON=SÆSON,2018-08-01,252089.0
DST:FIKS22:BRANCHE07=TOT:BELØB=3:SÆSON=SÆSON,2018-09-01,248706.0
DST:FIKS22:BRANCHE07=TOT:BELØB=3:SÆSON=SÆSON,2018-10-01,259074.0
DST:FIKS22:BRANCHE07=TOT:BELØB=3:SÆSON=SÆSON,2018-11-01,255088.0
DST:FIKS22:BRANCHE07=TOT:BELØB=3:SÆSON=SÆSON,2018-12-01,254087.0
DST:FIKS22:BRANCHE07=TOT:BELØB=3:SÆSON=SÆSON,2019-01-01,262729.0
DST:FIKS22:BRANCHE07=TOT:BELØB=3:SÆSON=SÆSON,2019-02-01,257087.0
DST:FIKS22:BRANCHE07=TOT:BELØB=3:SÆSON=SÆSON,2019-03-01,253201.0
DST:FIKS22:BRANCHE07=TOT:BELØB=3:SÆSON=SÆSON,2019-04-01,257628.0
DST:FIKS22:BRANCHE07=TOT:BELØB=3:SÆSON=SÆSON,2019-05-01,259786.0
DST:FIKS22:BRANCHE07=TOT:BELØB=3:SÆSON=SÆSON,2019-06-01,260676.0
DST:FIKS22:BRANCHE07=TOT:BELØB=3:SÆSON=SÆSON,2019-07-01,263209.0
DST:FIKS22:BRANCHE07=TOT:BELØB=3:SÆSON=SÆSON,2019-08-01,257790.0
DST:FIKS22:BRANCHE07=TOT:BELØB=3:SÆSON=SÆSON,2019-09-01,259191.0
DST:FIKS22:BRANCHE07=TOT:BELØB=3:SÆSON=SÆSON,2019-10-01,258385.0
DST:FIKS22:BRANCHE07=TOT:BELØB=3:SÆSON=SÆSON,2019-11-01,261997.0
DST:FIKS22:BRANCHE07=TOT:BELØB=3:SÆSON=SÆSON,2019-12-01,263935.0
DST:FIKS22:BRANCHE07=TOT:BELØB=3:SÆSON=SÆSON,2020-01-01,266581.0
DST:FIKS22:BRANCHE07=TOT:BELØB=3:SÆSON=SÆSON,2020-02-01,261885.0
DST:FIKS22:BRANCHE07=TOT:BELØB=3:SÆSON=SÆSON,2020-03-01,257412.0
DST:FIKS22:BRANCHE07=TOT:BELØB=3:SÆSON=SÆSON,2020-04-01,240386.0
DST:FIKS22:BRANCHE07=TOT:BELØB=3:SÆSON=SÆSON,2020-05-01,241260.0
DST:FIKS22:BRANCHE07=TOT:BELØB=3:SÆSON=SÆSON,2020-06-01,253696.0
DST:FIKS22:BRANCHE07=TOT:BELØB=3:SÆSON=SÆSON,2020-07-01,255219.0
DST:FIKS22:BRANCHE07=TOT:BELØB=3:SÆSON=SÆSON,2020-08-01,264052.0
DST:FIKS22:BRANCHE07=TOT:BELØB=3:SÆSON=SÆSON,2020-09-01,258899.0
DST:FIKS22:BRANCHE07=TOT:BELØB=3:SÆSON=SÆSON,2020-10-01,263387.0
DST:FIKS22:BRANCHE07=TOT:BELØB=3:SÆSON=SÆSON,2020-11-01,268827.0
DST:FIKS22:BRANCHE07=TOT:BELØB=3:SÆSON=SÆSON,2020-12-01,263149.0
DST:FIKS22:BRANCHE07=TOT:BELØB=3:SÆSON=SÆSON,2021-01-01,270685.0
DST:FIKS22:BRANCHE07=TOT:BELØB=3:SÆSON=SÆSON,2021-02-01,278702.0
DST:FIKS22:BRANCHE07=TOT:BELØB=3:SÆSON=SÆSON,2021-03-01,284874.0
DST:FIKS22:BRANCHE07=TOT:BELØB=3:SÆSON=SÆSON,2021-04-01,277106.0
DST:FIKS22:BRANCHE07=TOT:BELØB=3:SÆSON=SÆSON,2021-05-01,290732.0
DST:FIKS22:BRANCHE07=TOT:BELØB=3:SÆSON=SÆSON,2021-06-01,296288.0
DST:FIKS22:BRANCHE07=TOT:BELØB=3:SÆSON=SÆSON,2021-07-01,310811.0
DST:FIKS22:BRANCHE07=TOT:BELØB=3:SÆSON=SÆSON,2021-08-01,309717.0
DST:FIKS22:BRANCHE07=TOT:BELØB=3:SÆSON=SÆSON,2021-09-01,319369.0
DST:FIKS22:BRANCHE07=TOT:BELØB=3:SÆSON=SÆSON,2021-10-01,353665.0
DST:FIKS22:BRANCHE07=TOT:BELØB=3:SÆSON=SÆSON,2021-11-01,374280.0
DST:FIKS22:BRANCHE07=TOT:BELØB=3:SÆSON=SÆSON,2021-12-01,397059.0
DST:FIKS22:BRANCHE07=TOT:BELØB=3:SÆSON=SÆSON,2022-01-01,409334.0
DST:FIKS22:BRANCHE07=TOT:BELØB=3:SÆSON=SÆSON,2022-02-01,406513.0
DST:FIKS22:BRANCHE07=TOT:BELØB=3:SÆSON=SÆSON,2022-03-01,463125.0
DST:FIKS22:BRANCHE07=TOT:BELØB=3:SÆSON=SÆSON,2022-04-01,458886.0
DST:FIKS22:BRANCHE07=TOT:BELØB=3:SÆSON=SÆSON,2022-05-01,474707.0
DST:FIKS22:BRANCHE07=TOT:BELØB=3:SÆSON=SÆSON,2022-06-01,476065.0
DST:FIKS22:BRANCHE07=TOT:BELØB=3:SÆSON=SÆSON,2022-07-01,542746.0
DST:FIKS22:BRANCHE07=TOT:BELØB=3:SÆSON=SÆSON,2022-08-01,606703.0
DST:FIKS22:BRANCHE07=TOT:BELØB=3:SÆSON=SÆSON,2022-09-01,573462.0
DST:FIKS22:BRANCHE07=TOT:BELØB=3:SÆSON=SÆSON,2022-10-01,505869.0
DST:FIKS22:BRANCHE07=TOT:BELØB=3:SÆSON=SÆSON,2022-11-01,486632.0
DST:FIKS22:BRANCHE07=TOT:BELØB=3:SÆSON=SÆSON,2022-12-01,474315.0
DST:FIKS22:BRANCHE07=TOT:BELØB=3:SÆSON=SÆSON,2023-01-01,438286.0
DST:FIKS22:BRANCHE07=TOT:BELØB=3:SÆSON=SÆSON,2023-02-01,423039.0
DST:FIKS22:BRANCHE07=TOT:BELØB=3:SÆSON=SÆSON,2023-03-01,402080.0
DST:FIKS22:BRANCHE07=TOT:BELØB=3:SÆSON=SÆSON,2023-04-01,396412.0
DST:FIKS22:BRANCHE07=TOT:BELØB=3:SÆSON=SÆSON,2023-05-01,388158.0
DST:FIKS22:BRANCHE07=TOT:BELØB=3:SÆSON=SÆSON,2023-06-01,375655.0
DST:FIKS22:BRANCHE07=TOT:BELØB=3:SÆSON=SÆSON,2023-07-01,367981.0
DST:FIKS22:BRANCHE07=TOT:BELØB=3:SÆSON=SÆSON,2023-08-01,374039.0
DST:FIKS22:BRANCHE07=TOT:BELØB=3:SÆSON=SÆSON,2023-09-01,379081.0
DST:FIKS22:BRANCHE07=TOT:BELØB=3:SÆSON=SÆSON,2023-10-01,380226.0
DST:FIKS22:BRANCHE07=TOT:BELØB=3:SÆSON=SÆSON,2023-11-01,371553.0
DST:FIKS22:BRANCHE07=TOT:BELØB=3:SÆSON=SÆSON,2023-12-01,368002.0
DST:FIKS22:BRANCHE07=TOT:BELØB=3:SÆSON=SÆSON,2024-01-01,366224.0
DST:FIKS22:BRANCHE07=TOT:BELØB=3:SÆSON=SÆSON,2024-02-01,361561.0
DST:FIKS22:BRANCHE07=TOT:BELØB=3:SÆSON=SÆSON,2024-03-01,364109.0
DST:FIKS22:BRANCHE07=TOT:BELØB=3:SÆSON=SÆSON,2024-04-01,370387.0
DST:FIKS22:BRANCHE07=TOT:BELØB=3:SÆSON=SÆSON,2024-05-01,367859.0
DST:FIKS22:BRANCHE07=TOT:BELØB=3:SÆSON=SÆSON,2024-06-01,369763.0
DST:FIKS22:BRANCHE07=TOT:BELØB=3:SÆSON=SÆSON,2024-07-01,372862.0
DST:FIKS22:BRANCHE07=TOT:BELØB=3:SÆSON=SÆSON,2024-08-01,369371.0
DST:FIKS22:BRANCHE07=TOT:BELØB=3:SÆSON=SÆSON,2024-09-01,371618.0
DST:FIKS22:BRANCHE07=TOT:BELØB=3:SÆSON=SÆSON,2024-10-01,378244.0
DST:FIKS22:BRANCHE07=TOT:BELØB=3:SÆSON=SÆSON,2024-11-01,377513.0
DST:FIKS22:BRANCHE07=TOT:BELØB=3:SÆSON=SÆSON,2024-12-01,395304.0
DST:FIKS22:BRANCHE07=TOT:BELØB=3:SÆSON=SÆSON,2025-01-01,403008.0
DST:FIKS22:BRANCHE07=TOT:BELØB=3:SÆSON=SÆSON,2025-02-01,405696.0
DST:FIKS22:BRANCHE07=TOT:BELØB=3:SÆSON=SÆSON,2025-03-01,392285.0
DST:FIKS22:BRANCHE07=TOT:BELØB=3:SÆSON=SÆSON,2025-04-01,385629.0
DST:FIKS22:BRANCHE07=TOT:BELØB=3:SÆSON=SÆSON,2025-05-01,387749.0
DST:FIKS22:BRANCHE07=TOT:BELØB=3:SÆSON=SÆSON,2025-06-01,393001.0
DST:FIKS22:BRANCHE07=TOT:BELØB=3:SÆSON=SÆSON,2025-07-01,412933.0
DST:FIKS22:BRANCHE07=TOT:BELØB=3:SÆSON=SÆSON,2025-08-01,399672.0
DST:FIKS22:BRANCHE07=TOT:BELØB=3:SÆSON=SÆSON,2025-09-01,394415.0
DST:FIKS22:BRANCHE07=TOT:BELØB=3:SÆSON=SÆSON,2025-10-01,412116.0
DST:FIKS22:BRANCHE07=TOT:BELØB=3:SÆSON=SÆSON,2025-11-01,384575.0
DST:FIKS22:BRANCHE07=TOT:BELØB=3:SÆSON=SÆSON,2025-12-01,383111.0
DST:FIKS22:BRANCHE07=TOT:BELØB=3:SÆSON=SÆSON,2026-01-01,386153.0
DST:FIKS22:BRANCHE07=TOT:BELØB=3:SÆSON=SÆSON,2026-02-01,385017.0
DST:FIKS22:BRANCHE07=TOT:BELØB=3:SÆSON=SÆSON,2026-03-01,398867.0
DST:FIKS22:BRANCHE07=TOT:BELØB=4:SÆSON=EJSÆSON,2009-01-01,242499.0
DST:FIKS22:BRANCHE07=TOT:BELØB=4:SÆSON=EJSÆSON,2009-02-01,229200.0
DST:FIKS22:BRANCHE07=TOT:BELØB=4:SÆSON=EJSÆSON,2009-03-01,265407.0
DST:FIKS22:BRANCHE07=TOT:BELØB=4:SÆSON=EJSÆSON,2009-04-01,246572.0
DST:FIKS22:BRANCHE07=TOT:BELØB=4:SÆSON=EJSÆSON,2009-05-01,231650.0
DST:FIKS22:BRANCHE07=TOT:BELØB=4:SÆSON=EJSÆSON,2009-06-01,264151.0
DST:FIKS22:BRANCHE07=TOT:BELØB=4:SÆSON=EJSÆSON,2009-07-01,235128.0
DST:FIKS22:BRANCHE07=TOT:BELØB=4:SÆSON=EJSÆSON,2009-08-01,233005.0
DST:FIKS22:BRANCHE07=TOT:BELØB=4:SÆSON=EJSÆSON,2009-09-01,263788.0
DST:FIKS22:BRANCHE07=TOT:BELØB=4:SÆSON=EJSÆSON,2009-10-01,258144.0
DST:FIKS22:BRANCHE07=TOT:BELØB=4:SÆSON=EJSÆSON,2009-11-01,243901.0
DST:FIKS22:BRANCHE07=TOT:BELØB=4:SÆSON=EJSÆSON,2009-12-01,279479.0
DST:FIKS22:BRANCHE07=TOT:BELØB=4:SÆSON=EJSÆSON,2010-01-01,227072.0
DST:FIKS22:BRANCHE07=TOT:BELØB=4:SÆSON=EJSÆSON,2010-02-01,223894.0
DST:FIKS22:BRANCHE07=TOT:BELØB=4:SÆSON=EJSÆSON,2010-03-01,279917.0
DST:FIKS22:BRANCHE07=TOT:BELØB=4:SÆSON=EJSÆSON,2010-04-01,252234.0
DST:FIKS22:BRANCHE07=TOT:BELØB=4:SÆSON=EJSÆSON,2010-05-01,251474.0
DST:FIKS22:BRANCHE07=TOT:BELØB=4:SÆSON=EJSÆSON,2010-06-01,293217.0
DST:FIKS22:BRANCHE07=TOT:BELØB=4:SÆSON=EJSÆSON,2010-07-01,256295.0
DST:FIKS22:BRANCHE07=TOT:BELØB=4:SÆSON=EJSÆSON,2010-08-01,264202.0
DST:FIKS22:BRANCHE07=TOT:BELØB=4:SÆSON=EJSÆSON,2010-09-01,282040.0
DST:FIKS22:BRANCHE07=TOT:BELØB=4:SÆSON=EJSÆSON,2010-10-01,279246.0
DST:FIKS22:BRANCHE07=TOT:BELØB=4:SÆSON=EJSÆSON,2010-11-01,286204.0
DST:FIKS22:BRANCHE07=TOT:BELØB=4:SÆSON=EJSÆSON,2010-12-01,323458.0
DST:FIKS22:BRANCHE07=TOT:BELØB=4:SÆSON=EJSÆSON,2011-01-01,267010.0
DST:FIKS22:BRANCHE07=TOT:BELØB=4:SÆSON=EJSÆSON,2011-02-01,261520.0
DST:FIKS22:BRANCHE07=TOT:BELØB=4:SÆSON=EJSÆSON,2011-03-01,304095.0
DST:FIKS22:BRANCHE07=TOT:BELØB=4:SÆSON=EJSÆSON,2011-04-01,286347.0
DST:FIKS22:BRANCHE07=TOT:BELØB=4:SÆSON=EJSÆSON,2011-05-01,291643.0
DST:FIKS22:BRANCHE07=TOT:BELØB=4:SÆSON=EJSÆSON,2011-06-01,306640.0
DST:FIKS22:BRANCHE07=TOT:BELØB=4:SÆSON=EJSÆSON,2011-07-01,264317.0
DST:FIKS22:BRANCHE07=TOT:BELØB=4:SÆSON=EJSÆSON,2011-08-01,286653.0
DST:FIKS22:BRANCHE07=TOT:BELØB=4:SÆSON=EJSÆSON,2011-09-01,316582.0
DST:FIKS22:BRANCHE07=TOT:BELØB=4:SÆSON=EJSÆSON,2011-10-01,298135.0
DST:FIKS22:BRANCHE07=TOT:BELØB=4:SÆSON=EJSÆSON,2011-11-01,305763.0
DST:FIKS22:BRANCHE07=TOT:BELØB=4:SÆSON=EJSÆSON,2011-12-01,336212.0
DST:FIKS22:BRANCHE07=TOT:BELØB=4:SÆSON=EJSÆSON,2012-01-01,283874.0
DST:FIKS22:BRANCHE07=TOT:BELØB=4:SÆSON=EJSÆSON,2012-02-01,287231.0
DST:FIKS22:BRANCHE07=TOT:BELØB=4:SÆSON=EJSÆSON,2012-03-01,314421.0
DST:FIKS22:BRANCHE07=TOT:BELØB=4:SÆSON=EJSÆSON,2012-04-01,303963.0
DST:FIKS22:BRANCHE07=TOT:BELØB=4:SÆSON=EJSÆSON,2012-05-01,297242.0
DST:FIKS22:BRANCHE07=TOT:BELØB=4:SÆSON=EJSÆSON,2012-06-01,313457.0
DST:FIKS22:BRANCHE07=TOT:BELØB=4:SÆSON=EJSÆSON,2012-07-01,280908.0
DST:FIKS22:BRANCHE07=TOT:BELØB=4:SÆSON=EJSÆSON,2012-08-01,301131.0
DST:FIKS22:BRANCHE07=TOT:BELØB=4:SÆSON=EJSÆSON,2012-09-01,301164.0
DST:FIKS22:BRANCHE07=TOT:BELØB=4:SÆSON=EJSÆSON,2012-10-01,319095.0
DST:FIKS22:BRANCHE07=TOT:BELØB=4:SÆSON=EJSÆSON,2012-11-01,317695.0
DST:FIKS22:BRANCHE07=TOT:BELØB=4:SÆSON=EJSÆSON,2012-12-01,327090.0
DST:FIKS22:BRANCHE07=TOT:BELØB=4:SÆSON=EJSÆSON,2013-01-01,298769.0
DST:FIKS22:BRANCHE07=TOT:BELØB=4:SÆSON=EJSÆSON,2013-02-01,273991.0
DST:FIKS22:BRANCHE07=TOT:BELØB=4:SÆSON=EJSÆSON,2013-03-01,293384.0
DST:FIKS22:BRANCHE07=TOT:BELØB=4:SÆSON=EJSÆSON,2013-04-01,311519.0
DST:FIKS22:BRANCHE07=TOT:BELØB=4:SÆSON=EJSÆSON,2013-05-01,302599.0
DST:FIKS22:BRANCHE07=TOT:BELØB=4:SÆSON=EJSÆSON,2013-06-01,306790.0
DST:FIKS22:BRANCHE07=TOT:BELØB=4:SÆSON=EJSÆSON,2013-07-01,289121.0
DST:FIKS22:BRANCHE07=TOT:BELØB=4:SÆSON=EJSÆSON,2013-08-01,298885.0
DST:FIKS22:BRANCHE07=TOT:BELØB=4:SÆSON=EJSÆSON,2013-09-01,306314.0
DST:FIKS22:BRANCHE07=TOT:BELØB=4:SÆSON=EJSÆSON,2013-10-01,321744.0
DST:FIKS22:BRANCHE07=TOT:BELØB=4:SÆSON=EJSÆSON,2013-11-01,314418.0
DST:FIKS22:BRANCHE07=TOT:BELØB=4:SÆSON=EJSÆSON,2013-12-01,336021.0
DST:FIKS22:BRANCHE07=TOT:BELØB=4:SÆSON=EJSÆSON,2014-01-01,292503.0
DST:FIKS22:BRANCHE07=TOT:BELØB=4:SÆSON=EJSÆSON,2014-02-01,282054.0
DST:FIKS22:BRANCHE07=TOT:BELØB=4:SÆSON=EJSÆSON,2014-03-01,309948.0
DST:FIKS22:BRANCHE07=TOT:BELØB=4:SÆSON=EJSÆSON,2014-04-01,309260.0
DST:FIKS22:BRANCHE07=TOT:BELØB=4:SÆSON=EJSÆSON,2014-05-01,304156.0
DST:FIKS22:BRANCHE07=TOT:BELØB=4:SÆSON=EJSÆSON,2014-06-01,311324.0
DST:FIKS22:BRANCHE07=TOT:BELØB=4:SÆSON=EJSÆSON,2014-07-01,295742.0
DST:FIKS22:BRANCHE07=TOT:BELØB=4:SÆSON=EJSÆSON,2014-08-01,295768.0
DST:FIKS22:BRANCHE07=TOT:BELØB=4:SÆSON=EJSÆSON,2014-09-01,327891.0
DST:FIKS22:BRANCHE07=TOT:BELØB=4:SÆSON=EJSÆSON,2014-10-01,332266.0
DST:FIKS22:BRANCHE07=TOT:BELØB=4:SÆSON=EJSÆSON,2014-11-01,313507.0
DST:FIKS22:BRANCHE07=TOT:BELØB=4:SÆSON=EJSÆSON,2014-12-01,355974.0
DST:FIKS22:BRANCHE07=TOT:BELØB=4:SÆSON=EJSÆSON,2015-01-01,297857.0
DST:FIKS22:BRANCHE07=TOT:BELØB=4:SÆSON=EJSÆSON,2015-02-01,290732.0
DST:FIKS22:BRANCHE07=TOT:BELØB=4:SÆSON=EJSÆSON,2015-03-01,332875.0
DST:FIKS22:BRANCHE07=TOT:BELØB=4:SÆSON=EJSÆSON,2015-04-01,319153.0
DST:FIKS22:BRANCHE07=TOT:BELØB=4:SÆSON=EJSÆSON,2015-05-01,305956.0
DST:FIKS22:BRANCHE07=TOT:BELØB=4:SÆSON=EJSÆSON,2015-06-01,339496.0
DST:FIKS22:BRANCHE07=TOT:BELØB=4:SÆSON=EJSÆSON,2015-07-01,304020.0
DST:FIKS22:BRANCHE07=TOT:BELØB=4:SÆSON=EJSÆSON,2015-08-01,307116.0
DST:FIKS22:BRANCHE07=TOT:BELØB=4:SÆSON=EJSÆSON,2015-09-01,329664.0
DST:FIKS22:BRANCHE07=TOT:BELØB=4:SÆSON=EJSÆSON,2015-10-01,330589.0
DST:FIKS22:BRANCHE07=TOT:BELØB=4:SÆSON=EJSÆSON,2015-11-01,332639.0
DST:FIKS22:BRANCHE07=TOT:BELØB=4:SÆSON=EJSÆSON,2015-12-01,372032.0
DST:FIKS22:BRANCHE07=TOT:BELØB=4:SÆSON=EJSÆSON,2016-01-01,298084.0
DST:FIKS22:BRANCHE07=TOT:BELØB=4:SÆSON=EJSÆSON,2016-02-01,300589.0
DST:FIKS22:BRANCHE07=TOT:BELØB=4:SÆSON=EJSÆSON,2016-03-01,321558.0
DST:FIKS22:BRANCHE07=TOT:BELØB=4:SÆSON=EJSÆSON,2016-04-01,320425.0
DST:FIKS22:BRANCHE07=TOT:BELØB=4:SÆSON=EJSÆSON,2016-05-01,316348.0
DST:FIKS22:BRANCHE07=TOT:BELØB=4:SÆSON=EJSÆSON,2016-06-01,344879.0
DST:FIKS22:BRANCHE07=TOT:BELØB=4:SÆSON=EJSÆSON,2016-07-01,294350.0
DST:FIKS22:BRANCHE07=TOT:BELØB=4:SÆSON=EJSÆSON,2016-08-01,320436.0
DST:FIKS22:BRANCHE07=TOT:BELØB=4:SÆSON=EJSÆSON,2016-09-01,339591.0
DST:FIKS22:BRANCHE07=TOT:BELØB=4:SÆSON=EJSÆSON,2016-10-01,331561.0
DST:FIKS22:BRANCHE07=TOT:BELØB=4:SÆSON=EJSÆSON,2016-11-01,347926.0
DST:FIKS22:BRANCHE07=TOT:BELØB=4:SÆSON=EJSÆSON,2016-12-01,388513.0
DST:FIKS22:BRANCHE07=TOT:BELØB=4:SÆSON=EJSÆSON,2017-01-01,324894.0
DST:FIKS22:BRANCHE07=TOT:BELØB=4:SÆSON=EJSÆSON,2017-02-01,317157.0
DST:FIKS22:BRANCHE07=TOT:BELØB=4:SÆSON=EJSÆSON,2017-03-01,362996.0
DST:FIKS22:BRANCHE07=TOT:BELØB=4:SÆSON=EJSÆSON,2017-04-01,321032.0
DST:FIKS22:BRANCHE07=TOT:BELØB=4:SÆSON=EJSÆSON,2017-05-01,338581.0
DST:FIKS22:BRANCHE07=TOT:BELØB=4:SÆSON=EJSÆSON,2017-06-01,358469.0
DST:FIKS22:BRANCHE07=TOT:BELØB=4:SÆSON=EJSÆSON,2017-07-01,312692.0
DST:FIKS22:BRANCHE07=TOT:BELØB=4:SÆSON=EJSÆSON,2017-08-01,336167.0
DST:FIKS22:BRANCHE07=TOT:BELØB=4:SÆSON=EJSÆSON,2017-09-01,348826.0
DST:FIKS22:BRANCHE07=TOT:BELØB=4:SÆSON=EJSÆSON,2017-10-01,358303.0
DST:FIKS22:BRANCHE07=TOT:BELØB=4:SÆSON=EJSÆSON,2017-11-01,364519.0
DST:FIKS22:BRANCHE07=TOT:BELØB=4:SÆSON=EJSÆSON,2017-12-01,399248.0
DST:FIKS22:BRANCHE07=TOT:BELØB=4:SÆSON=EJSÆSON,2018-01-01,342241.0
DST:FIKS22:BRANCHE07=TOT:BELØB=4:SÆSON=EJSÆSON,2018-02-01,319470.0
DST:FIKS22:BRANCHE07=TOT:BELØB=4:SÆSON=EJSÆSON,2018-03-01,354251.0
DST:FIKS22:BRANCHE07=TOT:BELØB=4:SÆSON=EJSÆSON,2018-04-01,356662.0
DST:FIKS22:BRANCHE07=TOT:BELØB=4:SÆSON=EJSÆSON,2018-05-01,360096.0
DST:FIKS22:BRANCHE07=TOT:BELØB=4:SÆSON=EJSÆSON,2018-06-01,377783.0
DST:FIKS22:BRANCHE07=TOT:BELØB=4:SÆSON=EJSÆSON,2018-07-01,340754.0
DST:FIKS22:BRANCHE07=TOT:BELØB=4:SÆSON=EJSÆSON,2018-08-01,365290.0
DST:FIKS22:BRANCHE07=TOT:BELØB=4:SÆSON=EJSÆSON,2018-09-01,365457.0
DST:FIKS22:BRANCHE07=TOT:BELØB=4:SÆSON=EJSÆSON,2018-10-01,391064.0
DST:FIKS22:BRANCHE07=TOT:BELØB=4:SÆSON=EJSÆSON,2018-11-01,395922.0
DST:FIKS22:BRANCHE07=TOT:BELØB=4:SÆSON=EJSÆSON,2018-12-01,416456.0
DST:FIKS22:BRANCHE07=TOT:BELØB=4:SÆSON=EJSÆSON,2019-01-01,370811.0
DST:FIKS22:BRANCHE07=TOT:BELØB=4:SÆSON=EJSÆSON,2019-02-01,349014.0
DST:FIKS22:BRANCHE07=TOT:BELØB=4:SÆSON=EJSÆSON,2019-03-01,379246.0
DST:FIKS22:BRANCHE07=TOT:BELØB=4:SÆSON=EJSÆSON,2019-04-01,380320.0
DST:FIKS22:BRANCHE07=TOT:BELØB=4:SÆSON=EJSÆSON,2019-05-01,376567.0
DST:FIKS22:BRANCHE07=TOT:BELØB=4:SÆSON=EJSÆSON,2019-06-01,376311.0
DST:FIKS22:BRANCHE07=TOT:BELØB=4:SÆSON=EJSÆSON,2019-07-01,363375.0
DST:FIKS22:BRANCHE07=TOT:BELØB=4:SÆSON=EJSÆSON,2019-08-01,366640.0
DST:FIKS22:BRANCHE07=TOT:BELØB=4:SÆSON=EJSÆSON,2019-09-01,385539.0
DST:FIKS22:BRANCHE07=TOT:BELØB=4:SÆSON=EJSÆSON,2019-10-01,413927.0
DST:FIKS22:BRANCHE07=TOT:BELØB=4:SÆSON=EJSÆSON,2019-11-01,398579.0
DST:FIKS22:BRANCHE07=TOT:BELØB=4:SÆSON=EJSÆSON,2019-12-01,430500.0
DST:FIKS22:BRANCHE07=TOT:BELØB=4:SÆSON=EJSÆSON,2020-01-01,393340.0
DST:FIKS22:BRANCHE07=TOT:BELØB=4:SÆSON=EJSÆSON,2020-02-01,356129.0
DST:FIKS22:BRANCHE07=TOT:BELØB=4:SÆSON=EJSÆSON,2020-03-01,392396.0
DST:FIKS22:BRANCHE07=TOT:BELØB=4:SÆSON=EJSÆSON,2020-04-01,350427.0
DST:FIKS22:BRANCHE07=TOT:BELØB=4:SÆSON=EJSÆSON,2020-05-01,334664.0
DST:FIKS22:BRANCHE07=TOT:BELØB=4:SÆSON=EJSÆSON,2020-06-01,379878.0
DST:FIKS22:BRANCHE07=TOT:BELØB=4:SÆSON=EJSÆSON,2020-07-01,357345.0
DST:FIKS22:BRANCHE07=TOT:BELØB=4:SÆSON=EJSÆSON,2020-08-01,351456.0
DST:FIKS22:BRANCHE07=TOT:BELØB=4:SÆSON=EJSÆSON,2020-09-01,390184.0
DST:FIKS22:BRANCHE07=TOT:BELØB=4:SÆSON=EJSÆSON,2020-10-01,402356.0
DST:FIKS22:BRANCHE07=TOT:BELØB=4:SÆSON=EJSÆSON,2020-11-01,401107.0
DST:FIKS22:BRANCHE07=TOT:BELØB=4:SÆSON=EJSÆSON,2020-12-01,445122.0
DST:FIKS22:BRANCHE07=TOT:BELØB=4:SÆSON=EJSÆSON,2021-01-01,361012.0
DST:FIKS22:BRANCHE07=TOT:BELØB=4:SÆSON=EJSÆSON,2021-02-01,356978.0
DST:FIKS22:BRANCHE07=TOT:BELØB=4:SÆSON=EJSÆSON,2021-03-01,444304.0
DST:FIKS22:BRANCHE07=TOT:BELØB=4:SÆSON=EJSÆSON,2021-04-01,402075.0
DST:FIKS22:BRANCHE07=TOT:BELØB=4:SÆSON=EJSÆSON,2021-05-01,403819.0
DST:FIKS22:BRANCHE07=TOT:BELØB=4:SÆSON=EJSÆSON,2021-06-01,456915.0
DST:FIKS22:BRANCHE07=TOT:BELØB=4:SÆSON=EJSÆSON,2021-07-01,413248.0
DST:FIKS22:BRANCHE07=TOT:BELØB=4:SÆSON=EJSÆSON,2021-08-01,435289.0
DST:FIKS22:BRANCHE07=TOT:BELØB=4:SÆSON=EJSÆSON,2021-09-01,497371.0
DST:FIKS22:BRANCHE07=TOT:BELØB=4:SÆSON=EJSÆSON,2021-10-01,523850.0
DST:FIKS22:BRANCHE07=TOT:BELØB=4:SÆSON=EJSÆSON,2021-11-01,581485.0
DST:FIKS22:BRANCHE07=TOT:BELØB=4:SÆSON=EJSÆSON,2021-12-01,729284.0
DST:FIKS22:BRANCHE07=TOT:BELØB=4:SÆSON=EJSÆSON,2022-01-01,592856.0
DST:FIKS22:BRANCHE07=TOT:BELØB=4:SÆSON=EJSÆSON,2022-02-01,581738.0
DST:FIKS22:BRANCHE07=TOT:BELØB=4:SÆSON=EJSÆSON,2022-03-01,706282.0
DST:FIKS22:BRANCHE07=TOT:BELØB=4:SÆSON=EJSÆSON,2022-04-01,631865.0
DST:FIKS22:BRANCHE07=TOT:BELØB=4:SÆSON=EJSÆSON,2022-05-01,628904.0
DST:FIKS22:BRANCHE07=TOT:BELØB=4:SÆSON=EJSÆSON,2022-06-01,663481.0
DST:FIKS22:BRANCHE07=TOT:BELØB=4:SÆSON=EJSÆSON,2022-07-01,678940.0
DST:FIKS22:BRANCHE07=TOT:BELØB=4:SÆSON=EJSÆSON,2022-08-01,834258.0
DST:FIKS22:BRANCHE07=TOT:BELØB=4:SÆSON=EJSÆSON,2022-09-01,880743.0
DST:FIKS22:BRANCHE07=TOT:BELØB=4:SÆSON=EJSÆSON,2022-10-01,739851.0
DST:FIKS22:BRANCHE07=TOT:BELØB=4:SÆSON=EJSÆSON,2022-11-01,712451.0
DST:FIKS22:BRANCHE07=TOT:BELØB=4:SÆSON=EJSÆSON,2022-12-01,819216.0
DST:FIKS22:BRANCHE07=TOT:BELØB=4:SÆSON=EJSÆSON,2023-01-01,653887.0
DST:FIKS22:BRANCHE07=TOT:BELØB=4:SÆSON=EJSÆSON,2023-02-01,559349.0
DST:FIKS22:BRANCHE07=TOT:BELØB=4:SÆSON=EJSÆSON,2023-03-01,636069.0
DST:FIKS22:BRANCHE07=TOT:BELØB=4:SÆSON=EJSÆSON,2023-04-01,541824.0
DST:FIKS22:BRANCHE07=TOT:BELØB=4:SÆSON=EJSÆSON,2023-05-01,534446.0
DST:FIKS22:BRANCHE07=TOT:BELØB=4:SÆSON=EJSÆSON,2023-06-01,545340.0
DST:FIKS22:BRANCHE07=TOT:BELØB=4:SÆSON=EJSÆSON,2023-07-01,487254.0
DST:FIKS22:BRANCHE07=TOT:BELØB=4:SÆSON=EJSÆSON,2023-08-01,521828.0
DST:FIKS22:BRANCHE07=TOT:BELØB=4:SÆSON=EJSÆSON,2023-09-01,540150.0
DST:FIKS22:BRANCHE07=TOT:BELØB=4:SÆSON=EJSÆSON,2023-10-01,541920.0
DST:FIKS22:BRANCHE07=TOT:BELØB=4:SÆSON=EJSÆSON,2023-11-01,548377.0
DST:FIKS22:BRANCHE07=TOT:BELØB=4:SÆSON=EJSÆSON,2023-12-01,607480.0
DST:FIKS22:BRANCHE07=TOT:BELØB=4:SÆSON=EJSÆSON,2024-01-01,514022.0
DST:FIKS22:BRANCHE07=TOT:BELØB=4:SÆSON=EJSÆSON,2024-02-01,494287.0
DST:FIKS22:BRANCHE07=TOT:BELØB=4:SÆSON=EJSÆSON,2024-03-01,522487.0
DST:FIKS22:BRANCHE07=TOT:BELØB=4:SÆSON=EJSÆSON,2024-04-01,545556.0
DST:FIKS22:BRANCHE07=TOT:BELØB=4:SÆSON=EJSÆSON,2024-05-01,515364.0
DST:FIKS22:BRANCHE07=TOT:BELØB=4:SÆSON=EJSÆSON,2024-06-01,524688.0
DST:FIKS22:BRANCHE07=TOT:BELØB=4:SÆSON=EJSÆSON,2024-07-01,492307.0
DST:FIKS22:BRANCHE07=TOT:BELØB=4:SÆSON=EJSÆSON,2024-08-01,506430.0
DST:FIKS22:BRANCHE07=TOT:BELØB=4:SÆSON=EJSÆSON,2024-09-01,535487.0
DST:FIKS22:BRANCHE07=TOT:BELØB=4:SÆSON=EJSÆSON,2024-10-01,582470.0
DST:FIKS22:BRANCHE07=TOT:BELØB=4:SÆSON=EJSÆSON,2024-11-01,572738.0
DST:FIKS22:BRANCHE07=TOT:BELØB=4:SÆSON=EJSÆSON,2024-12-01,656597.0
DST:FIKS22:BRANCHE07=TOT:BELØB=4:SÆSON=EJSÆSON,2025-01-01,581323.0
DST:FIKS22:BRANCHE07=TOT:BELØB=4:SÆSON=EJSÆSON,2025-02-01,541829.0
DST:FIKS22:BRANCHE07=TOT:BELØB=4:SÆSON=EJSÆSON,2025-03-01,579602.0
DST:FIKS22:BRANCHE07=TOT:BELØB=4:SÆSON=EJSÆSON,2025-04-01,570719.0
DST:FIKS22:BRANCHE07=TOT:BELØB=4:SÆSON=EJSÆSON,2025-05-01,535473.0
DST:FIKS22:BRANCHE07=TOT:BELØB=4:SÆSON=EJSÆSON,2025-06-01,560616.0
DST:FIKS22:BRANCHE07=TOT:BELØB=4:SÆSON=EJSÆSON,2025-07-01,530012.0
DST:FIKS22:BRANCHE07=TOT:BELØB=4:SÆSON=EJSÆSON,2025-08-01,528956.0
DST:FIKS22:BRANCHE07=TOT:BELØB=4:SÆSON=EJSÆSON,2025-09-01,566387.0
DST:FIKS22:BRANCHE07=TOT:BELØB=4:SÆSON=EJSÆSON,2025-10-01,581201.0
DST:FIKS22:BRANCHE07=TOT:BELØB=4:SÆSON=EJSÆSON,2025-11-01,557020.0
DST:FIKS22:BRANCHE07=TOT:BELØB=4:SÆSON=EJSÆSON,2025-12-01,635222.0
DST:FIKS22:BRANCHE07=TOT:BELØB=4:SÆSON=EJSÆSON,2026-01-01,550437.0
DST:FIKS22:BRANCHE07=TOT:BELØB=4:SÆSON=EJSÆSON,2026-02-01,510106.0
DST:FIKS22:BRANCHE07=TOT:BELØB=4:SÆSON=EJSÆSON,2026-03-01,635438.0
DST:FIKS22:BRANCHE07=TOT:BELØB=4:SÆSON=SÆSON,2009-01-01,257501.0
DST:FIKS22:BRANCHE07=TOT:BELØB=4:SÆSON=SÆSON,2009-02-01,253850.0
DST:FIKS22:BRANCHE07=TOT:BELØB=4:SÆSON=SÆSON,2009-03-01,260180.0
DST:FIKS22:BRANCHE07=TOT:BELØB=4:SÆSON=SÆSON,2009-04-01,247599.0
DST:FIKS22:BRANCHE07=TOT:BELØB=4:SÆSON=SÆSON,2009-05-01,241320.0
DST:FIKS22:BRANCHE07=TOT:BELØB=4:SÆSON=SÆSON,2009-06-01,257322.0
DST:FIKS22:BRANCHE07=TOT:BELØB=4:SÆSON=SÆSON,2009-07-01,245201.0
DST:FIKS22:BRANCHE07=TOT:BELØB=4:SÆSON=SÆSON,2009-08-01,245414.0
DST:FIKS22:BRANCHE07=TOT:BELØB=4:SÆSON=SÆSON,2009-09-01,254358.0
DST:FIKS22:BRANCHE07=TOT:BELØB=4:SÆSON=SÆSON,2009-10-01,247053.0
DST:FIKS22:BRANCHE07=TOT:BELØB=4:SÆSON=SÆSON,2009-11-01,242459.0
DST:FIKS22:BRANCHE07=TOT:BELØB=4:SÆSON=SÆSON,2009-12-01,248964.0
DST:FIKS22:BRANCHE07=TOT:BELØB=4:SÆSON=SÆSON,2010-01-01,245307.0
DST:FIKS22:BRANCHE07=TOT:BELØB=4:SÆSON=SÆSON,2010-02-01,248787.0
DST:FIKS22:BRANCHE07=TOT:BELØB=4:SÆSON=SÆSON,2010-03-01,270960.0
DST:FIKS22:BRANCHE07=TOT:BELØB=4:SÆSON=SÆSON,2010-04-01,254582.0
DST:FIKS22:BRANCHE07=TOT:BELØB=4:SÆSON=SÆSON,2010-05-01,262676.0
DST:FIKS22:BRANCHE07=TOT:BELØB=4:SÆSON=SÆSON,2010-06-01,273876.0
DST:FIKS22:BRANCHE07=TOT:BELØB=4:SÆSON=SÆSON,2010-07-01,270719.0
DST:FIKS22:BRANCHE07=TOT:BELØB=4:SÆSON=SÆSON,2010-08-01,274018.0
DST:FIKS22:BRANCHE07=TOT:BELØB=4:SÆSON=SÆSON,2010-09-01,272750.0
DST:FIKS22:BRANCHE07=TOT:BELØB=4:SÆSON=SÆSON,2010-10-01,273858.0
DST:FIKS22:BRANCHE07=TOT:BELØB=4:SÆSON=SÆSON,2010-11-01,278190.0
DST:FIKS22:BRANCHE07=TOT:BELØB=4:SÆSON=SÆSON,2010-12-01,279631.0
DST:FIKS22:BRANCHE07=TOT:BELØB=4:SÆSON=SÆSON,2011-01-01,283110.0
DST:FIKS22:BRANCHE07=TOT:BELØB=4:SÆSON=SÆSON,2011-02-01,286512.0
DST:FIKS22:BRANCHE07=TOT:BELØB=4:SÆSON=SÆSON,2011-03-01,288922.0
DST:FIKS22:BRANCHE07=TOT:BELØB=4:SÆSON=SÆSON,2011-04-01,289991.0
DST:FIKS22:BRANCHE07=TOT:BELØB=4:SÆSON=SÆSON,2011-05-01,290912.0
DST:FIKS22:BRANCHE07=TOT:BELØB=4:SÆSON=SÆSON,2011-06-01,299636.0
DST:FIKS22:BRANCHE07=TOT:BELØB=4:SÆSON=SÆSON,2011-07-01,289483.0
DST:FIKS22:BRANCHE07=TOT:BELØB=4:SÆSON=SÆSON,2011-08-01,289519.0
DST:FIKS22:BRANCHE07=TOT:BELØB=4:SÆSON=SÆSON,2011-09-01,302550.0
DST:FIKS22:BRANCHE07=TOT:BELØB=4:SÆSON=SÆSON,2011-10-01,296269.0
DST:FIKS22:BRANCHE07=TOT:BELØB=4:SÆSON=SÆSON,2011-11-01,296323.0
DST:FIKS22:BRANCHE07=TOT:BELØB=4:SÆSON=SÆSON,2011-12-01,299326.0
DST:FIKS22:BRANCHE07=TOT:BELØB=4:SÆSON=SÆSON,2012-01-01,293298.0
DST:FIKS22:BRANCHE07=TOT:BELØB=4:SÆSON=SÆSON,2012-02-01,304551.0
DST:FIKS22:BRANCHE07=TOT:BELØB=4:SÆSON=SÆSON,2012-03-01,303404.0
DST:FIKS22:BRANCHE07=TOT:BELØB=4:SÆSON=SÆSON,2012-04-01,310862.0
DST:FIKS22:BRANCHE07=TOT:BELØB=4:SÆSON=SÆSON,2012-05-01,304038.0
DST:FIKS22:BRANCHE07=TOT:BELØB=4:SÆSON=SÆSON,2012-06-01,305104.0
DST:FIKS22:BRANCHE07=TOT:BELØB=4:SÆSON=SÆSON,2012-07-01,303041.0
DST:FIKS22:BRANCHE07=TOT:BELØB=4:SÆSON=SÆSON,2012-08-01,303056.0
DST:FIKS22:BRANCHE07=TOT:BELØB=4:SÆSON=SÆSON,2012-09-01,304555.0
DST:FIKS22:BRANCHE07=TOT:BELØB=4:SÆSON=SÆSON,2012-10-01,304301.0
DST:FIKS22:BRANCHE07=TOT:BELØB=4:SÆSON=SÆSON,2012-11-01,303823.0
DST:FIKS22:BRANCHE07=TOT:BELØB=4:SÆSON=SÆSON,2012-12-01,307033.0
DST:FIKS22:BRANCHE07=TOT:BELØB=4:SÆSON=SÆSON,2013-01-01,309102.0
DST:FIKS22:BRANCHE07=TOT:BELØB=4:SÆSON=SÆSON,2013-02-01,298512.0
DST:FIKS22:BRANCHE07=TOT:BELØB=4:SÆSON=SÆSON,2013-03-01,302702.0
DST:FIKS22:BRANCHE07=TOT:BELØB=4:SÆSON=SÆSON,2013-04-01,305333.0
DST:FIKS22:BRANCHE07=TOT:BELØB=4:SÆSON=SÆSON,2013-05-01,300367.0
DST:FIKS22:BRANCHE07=TOT:BELØB=4:SÆSON=SÆSON,2013-06-01,304348.0
DST:FIKS22:BRANCHE07=TOT:BELØB=4:SÆSON=SÆSON,2013-07-01,307705.0
DST:FIKS22:BRANCHE07=TOT:BELØB=4:SÆSON=SÆSON,2013-08-01,306696.0
DST:FIKS22:BRANCHE07=TOT:BELØB=4:SÆSON=SÆSON,2013-09-01,304568.0
DST:FIKS22:BRANCHE07=TOT:BELØB=4:SÆSON=SÆSON,2013-10-01,306565.0
DST:FIKS22:BRANCHE07=TOT:BELØB=4:SÆSON=SÆSON,2013-11-01,306385.0
DST:FIKS22:BRANCHE07=TOT:BELØB=4:SÆSON=SÆSON,2013-12-01,304821.0
DST:FIKS22:BRANCHE07=TOT:BELØB=4:SÆSON=SÆSON,2014-01-01,299781.0
DST:FIKS22:BRANCHE07=TOT:BELØB=4:SÆSON=SÆSON,2014-02-01,307502.0
DST:FIKS22:BRANCHE07=TOT:BELØB=4:SÆSON=SÆSON,2014-03-01,306356.0
DST:FIKS22:BRANCHE07=TOT:BELØB=4:SÆSON=SÆSON,2014-04-01,311292.0
DST:FIKS22:BRANCHE07=TOT:BELØB=4:SÆSON=SÆSON,2014-05-01,309475.0
DST:FIKS22:BRANCHE07=TOT:BELØB=4:SÆSON=SÆSON,2014-06-01,312388.0
DST:FIKS22:BRANCHE07=TOT:BELØB=4:SÆSON=SÆSON,2014-07-01,312318.0
DST:FIKS22:BRANCHE07=TOT:BELØB=4:SÆSON=SÆSON,2014-08-01,310853.0
DST:FIKS22:BRANCHE07=TOT:BELØB=4:SÆSON=SÆSON,2014-09-01,318785.0
DST:FIKS22:BRANCHE07=TOT:BELØB=4:SÆSON=SÆSON,2014-10-01,316837.0
DST:FIKS22:BRANCHE07=TOT:BELØB=4:SÆSON=SÆSON,2014-11-01,313668.0
DST:FIKS22:BRANCHE07=TOT:BELØB=4:SÆSON=SÆSON,2014-12-01,319370.0
DST:FIKS22:BRANCHE07=TOT:BELØB=4:SÆSON=SÆSON,2015-01-01,311912.0
DST:FIKS22:BRANCHE07=TOT:BELØB=4:SÆSON=SÆSON,2015-02-01,315777.0
DST:FIKS22:BRANCHE07=TOT:BELØB=4:SÆSON=SÆSON,2015-03-01,322103.0
DST:FIKS22:BRANCHE07=TOT:BELØB=4:SÆSON=SÆSON,2015-04-01,321394.0
DST:FIKS22:BRANCHE07=TOT:BELØB=4:SÆSON=SÆSON,2015-05-01,325535.0
DST:FIKS22:BRANCHE07=TOT:BELØB=4:SÆSON=SÆSON,2015-06-01,327210.0
DST:FIKS22:BRANCHE07=TOT:BELØB=4:SÆSON=SÆSON,2015-07-01,321788.0
DST:FIKS22:BRANCHE07=TOT:BELØB=4:SÆSON=SÆSON,2015-08-01,326479.0
DST:FIKS22:BRANCHE07=TOT:BELØB=4:SÆSON=SÆSON,2015-09-01,322555.0
DST:FIKS22:BRANCHE07=TOT:BELØB=4:SÆSON=SÆSON,2015-10-01,319726.0
DST:FIKS22:BRANCHE07=TOT:BELØB=4:SÆSON=SÆSON,2015-11-01,325082.0
DST:FIKS22:BRANCHE07=TOT:BELØB=4:SÆSON=SÆSON,2015-12-01,322296.0
DST:FIKS22:BRANCHE07=TOT:BELØB=4:SÆSON=SÆSON,2016-01-01,320617.0
DST:FIKS22:BRANCHE07=TOT:BELØB=4:SÆSON=SÆSON,2016-02-01,317826.0
DST:FIKS22:BRANCHE07=TOT:BELØB=4:SÆSON=SÆSON,2016-03-01,323531.0
DST:FIKS22:BRANCHE07=TOT:BELØB=4:SÆSON=SÆSON,2016-04-01,316780.0
DST:FIKS22:BRANCHE07=TOT:BELØB=4:SÆSON=SÆSON,2016-05-01,322766.0
DST:FIKS22:BRANCHE07=TOT:BELØB=4:SÆSON=SÆSON,2016-06-01,324183.0
DST:FIKS22:BRANCHE07=TOT:BELØB=4:SÆSON=SÆSON,2016-07-01,323252.0
DST:FIKS22:BRANCHE07=TOT:BELØB=4:SÆSON=SÆSON,2016-08-01,327755.0
DST:FIKS22:BRANCHE07=TOT:BELØB=4:SÆSON=SÆSON,2016-09-01,328453.0
DST:FIKS22:BRANCHE07=TOT:BELØB=4:SÆSON=SÆSON,2016-10-01,330413.0
DST:FIKS22:BRANCHE07=TOT:BELØB=4:SÆSON=SÆSON,2016-11-01,332944.0
DST:FIKS22:BRANCHE07=TOT:BELØB=4:SÆSON=SÆSON,2016-12-01,337431.0
DST:FIKS22:BRANCHE07=TOT:BELØB=4:SÆSON=SÆSON,2017-01-01,334075.0
DST:FIKS22:BRANCHE07=TOT:BELØB=4:SÆSON=SÆSON,2017-02-01,346450.0
DST:FIKS22:BRANCHE07=TOT:BELØB=4:SÆSON=SÆSON,2017-03-01,340937.0
DST:FIKS22:BRANCHE07=TOT:BELØB=4:SÆSON=SÆSON,2017-04-01,339506.0
DST:FIKS22:BRANCHE07=TOT:BELØB=4:SÆSON=SÆSON,2017-05-01,342801.0
DST:FIKS22:BRANCHE07=TOT:BELØB=4:SÆSON=SÆSON,2017-06-01,340359.0
DST:FIKS22:BRANCHE07=TOT:BELØB=4:SÆSON=SÆSON,2017-07-01,346755.0
DST:FIKS22:BRANCHE07=TOT:BELØB=4:SÆSON=SÆSON,2017-08-01,342570.0
DST:FIKS22:BRANCHE07=TOT:BELØB=4:SÆSON=SÆSON,2017-09-01,345926.0
DST:FIKS22:BRANCHE07=TOT:BELØB=4:SÆSON=SÆSON,2017-10-01,348636.0
DST:FIKS22:BRANCHE07=TOT:BELØB=4:SÆSON=SÆSON,2017-11-01,350248.0
DST:FIKS22:BRANCHE07=TOT:BELØB=4:SÆSON=SÆSON,2017-12-01,362470.0
DST:FIKS22:BRANCHE07=TOT:BELØB=4:SÆSON=SÆSON,2018-01-01,352086.0
DST:FIKS22:BRANCHE07=TOT:BELØB=4:SÆSON=SÆSON,2018-02-01,348513.0
DST:FIKS22:BRANCHE07=TOT:BELØB=4:SÆSON=SÆSON,2018-03-01,353105.0
DST:FIKS22:BRANCHE07=TOT:BELØB=4:SÆSON=SÆSON,2018-04-01,363251.0
DST:FIKS22:BRANCHE07=TOT:BELØB=4:SÆSON=SÆSON,2018-05-01,361806.0
DST:FIKS22:BRANCHE07=TOT:BELØB=4:SÆSON=SÆSON,2018-06-01,371526.0
DST:FIKS22:BRANCHE07=TOT:BELØB=4:SÆSON=SÆSON,2018-07-01,369780.0
DST:FIKS22:BRANCHE07=TOT:BELØB=4:SÆSON=SÆSON,2018-08-01,374962.0
DST:FIKS22:BRANCHE07=TOT:BELØB=4:SÆSON=SÆSON,2018-09-01,372870.0
DST:FIKS22:BRANCHE07=TOT:BELØB=4:SÆSON=SÆSON,2018-10-01,375219.0
DST:FIKS22:BRANCHE07=TOT:BELØB=4:SÆSON=SÆSON,2018-11-01,374791.0
DST:FIKS22:BRANCHE07=TOT:BELØB=4:SÆSON=SÆSON,2018-12-01,378370.0
DST:FIKS22:BRANCHE07=TOT:BELØB=4:SÆSON=SÆSON,2019-01-01,379581.0
DST:FIKS22:BRANCHE07=TOT:BELØB=4:SÆSON=SÆSON,2019-02-01,380229.0
DST:FIKS22:BRANCHE07=TOT:BELØB=4:SÆSON=SÆSON,2019-03-01,369504.0
DST:FIKS22:BRANCHE07=TOT:BELØB=4:SÆSON=SÆSON,2019-04-01,385018.0
DST:FIKS22:BRANCHE07=TOT:BELØB=4:SÆSON=SÆSON,2019-05-01,382086.0
DST:FIKS22:BRANCHE07=TOT:BELØB=4:SÆSON=SÆSON,2019-06-01,383918.0
DST:FIKS22:BRANCHE07=TOT:BELØB=4:SÆSON=SÆSON,2019-07-01,387632.0
DST:FIKS22:BRANCHE07=TOT:BELØB=4:SÆSON=SÆSON,2019-08-01,382518.0
DST:FIKS22:BRANCHE07=TOT:BELØB=4:SÆSON=SÆSON,2019-09-01,385237.0
DST:FIKS22:BRANCHE07=TOT:BELØB=4:SÆSON=SÆSON,2019-10-01,393757.0
DST:FIKS22:BRANCHE07=TOT:BELØB=4:SÆSON=SÆSON,2019-11-01,386257.0
DST:FIKS22:BRANCHE07=TOT:BELØB=4:SÆSON=SÆSON,2019-12-01,381270.0
DST:FIKS22:BRANCHE07=TOT:BELØB=4:SÆSON=SÆSON,2020-01-01,398622.0
DST:FIKS22:BRANCHE07=TOT:BELØB=4:SÆSON=SÆSON,2020-02-01,384955.0
DST:FIKS22:BRANCHE07=TOT:BELØB=4:SÆSON=SÆSON,2020-03-01,376630.0
DST:FIKS22:BRANCHE07=TOT:BELØB=4:SÆSON=SÆSON,2020-04-01,355094.0
DST:FIKS22:BRANCHE07=TOT:BELØB=4:SÆSON=SÆSON,2020-05-01,352948.0
DST:FIKS22:BRANCHE07=TOT:BELØB=4:SÆSON=SÆSON,2020-06-01,375701.0
DST:FIKS22:BRANCHE07=TOT:BELØB=4:SÆSON=SÆSON,2020-07-01,379328.0
DST:FIKS22:BRANCHE07=TOT:BELØB=4:SÆSON=SÆSON,2020-08-01,379945.0
DST:FIKS22:BRANCHE07=TOT:BELØB=4:SÆSON=SÆSON,2020-09-01,381146.0
DST:FIKS22:BRANCHE07=TOT:BELØB=4:SÆSON=SÆSON,2020-10-01,387420.0
DST:FIKS22:BRANCHE07=TOT:BELØB=4:SÆSON=SÆSON,2020-11-01,391855.0
DST:FIKS22:BRANCHE07=TOT:BELØB=4:SÆSON=SÆSON,2020-12-01,383848.0
DST:FIKS22:BRANCHE07=TOT:BELØB=4:SÆSON=SÆSON,2021-01-01,381975.0
DST:FIKS22:BRANCHE07=TOT:BELØB=4:SÆSON=SÆSON,2021-02-01,392013.0
DST:FIKS22:BRANCHE07=TOT:BELØB=4:SÆSON=SÆSON,2021-03-01,420934.0
DST:FIKS22:BRANCHE07=TOT:BELØB=4:SÆSON=SÆSON,2021-04-01,410743.0
DST:FIKS22:BRANCHE07=TOT:BELØB=4:SÆSON=SÆSON,2021-05-01,426267.0
DST:FIKS22:BRANCHE07=TOT:BELØB=4:SÆSON=SÆSON,2021-06-01,436589.0
DST:FIKS22:BRANCHE07=TOT:BELØB=4:SÆSON=SÆSON,2021-07-01,447969.0
DST:FIKS22:BRANCHE07=TOT:BELØB=4:SÆSON=SÆSON,2021-08-01,465585.0
DST:FIKS22:BRANCHE07=TOT:BELØB=4:SÆSON=SÆSON,2021-09-01,492185.0
DST:FIKS22:BRANCHE07=TOT:BELØB=4:SÆSON=SÆSON,2021-10-01,517694.0
DST:FIKS22:BRANCHE07=TOT:BELØB=4:SÆSON=SÆSON,2021-11-01,554584.0
DST:FIKS22:BRANCHE07=TOT:BELØB=4:SÆSON=SÆSON,2021-12-01,589571.0
DST:FIKS22:BRANCHE07=TOT:BELØB=4:SÆSON=SÆSON,2022-01-01,589332.0
DST:FIKS22:BRANCHE07=TOT:BELØB=4:SÆSON=SÆSON,2022-02-01,613352.0
DST:FIKS22:BRANCHE07=TOT:BELØB=4:SÆSON=SÆSON,2022-03-01,654774.0
DST:FIKS22:BRANCHE07=TOT:BELØB=4:SÆSON=SÆSON,2022-04-01,649040.0
DST:FIKS22:BRANCHE07=TOT:BELØB=4:SÆSON=SÆSON,2022-05-01,671127.0
DST:FIKS22:BRANCHE07=TOT:BELØB=4:SÆSON=SÆSON,2022-06-01,671704.0
DST:FIKS22:BRANCHE07=TOT:BELØB=4:SÆSON=SÆSON,2022-07-01,776229.0
DST:FIKS22:BRANCHE07=TOT:BELØB=4:SÆSON=SÆSON,2022-08-01,926740.0
DST:FIKS22:BRANCHE07=TOT:BELØB=4:SÆSON=SÆSON,2022-09-01,898726.0
DST:FIKS22:BRANCHE07=TOT:BELØB=4:SÆSON=SÆSON,2022-10-01,738191.0
DST:FIKS22:BRANCHE07=TOT:BELØB=4:SÆSON=SÆSON,2022-11-01,682331.0
DST:FIKS22:BRANCHE07=TOT:BELØB=4:SÆSON=SÆSON,2022-12-01,671780.0
DST:FIKS22:BRANCHE07=TOT:BELØB=4:SÆSON=SÆSON,2023-01-01,636105.0
DST:FIKS22:BRANCHE07=TOT:BELØB=4:SÆSON=SÆSON,2023-02-01,594333.0
DST:FIKS22:BRANCHE07=TOT:BELØB=4:SÆSON=SÆSON,2023-03-01,590804.0
DST:FIKS22:BRANCHE07=TOT:BELØB=4:SÆSON=SÆSON,2023-04-01,566197.0
DST:FIKS22:BRANCHE07=TOT:BELØB=4:SÆSON=SÆSON,2023-05-01,564956.0
DST:FIKS22:BRANCHE07=TOT:BELØB=4:SÆSON=SÆSON,2023-06-01,527989.0
DST:FIKS22:BRANCHE07=TOT:BELØB=4:SÆSON=SÆSON,2023-07-01,547324.0
DST:FIKS22:BRANCHE07=TOT:BELØB=4:SÆSON=SÆSON,2023-08-01,548323.0
DST:FIKS22:BRANCHE07=TOT:BELØB=4:SÆSON=SÆSON,2023-09-01,539358.0
DST:FIKS22:BRANCHE07=TOT:BELØB=4:SÆSON=SÆSON,2023-10-01,528638.0
DST:FIKS22:BRANCHE07=TOT:BELØB=4:SÆSON=SÆSON,2023-11-01,527754.0
DST:FIKS22:BRANCHE07=TOT:BELØB=4:SÆSON=SÆSON,2023-12-01,536834.0
DST:FIKS22:BRANCHE07=TOT:BELØB=4:SÆSON=SÆSON,2024-01-01,516086.0
DST:FIKS22:BRANCHE07=TOT:BELØB=4:SÆSON=SÆSON,2024-02-01,519206.0
DST:FIKS22:BRANCHE07=TOT:BELØB=4:SÆSON=SÆSON,2024-03-01,523808.0
DST:FIKS22:BRANCHE07=TOT:BELØB=4:SÆSON=SÆSON,2024-04-01,541162.0
DST:FIKS22:BRANCHE07=TOT:BELØB=4:SÆSON=SÆSON,2024-05-01,526168.0
DST:FIKS22:BRANCHE07=TOT:BELØB=4:SÆSON=SÆSON,2024-06-01,527726.0
DST:FIKS22:BRANCHE07=TOT:BELØB=4:SÆSON=SÆSON,2024-07-01,531851.0
DST:FIKS22:BRANCHE07=TOT:BELØB=4:SÆSON=SÆSON,2024-08-01,533964.0
DST:FIKS22:BRANCHE07=TOT:BELØB=4:SÆSON=SÆSON,2024-09-01,537579.0
DST:FIKS22:BRANCHE07=TOT:BELØB=4:SÆSON=SÆSON,2024-10-01,558892.0
DST:FIKS22:BRANCHE07=TOT:BELØB=4:SÆSON=SÆSON,2024-11-01,558235.0
DST:FIKS22:BRANCHE07=TOT:BELØB=4:SÆSON=SÆSON,2024-12-01,571621.0
DST:FIKS22:BRANCHE07=TOT:BELØB=4:SÆSON=SÆSON,2025-01-01,576727.0
DST:FIKS22:BRANCHE07=TOT:BELØB=4:SÆSON=SÆSON,2025-02-01,582890.0
DST:FIKS22:BRANCHE07=TOT:BELØB=4:SÆSON=SÆSON,2025-03-01,560393.0
DST:FIKS22:BRANCHE07=TOT:BELØB=4:SÆSON=SÆSON,2025-04-01,576289.0
DST:FIKS22:BRANCHE07=TOT:BELØB=4:SÆSON=SÆSON,2025-05-01,559874.0
DST:FIKS22:BRANCHE07=TOT:BELØB=4:SÆSON=SÆSON,2025-06-01,569023.0
DST:FIKS22:BRANCHE07=TOT:BELØB=4:SÆSON=SÆSON,2025-07-01,570812.0
DST:FIKS22:BRANCHE07=TOT:BELØB=4:SÆSON=SÆSON,2025-08-01,570046.0
DST:FIKS22:BRANCHE07=TOT:BELØB=4:SÆSON=SÆSON,2025-09-01,556814.0
DST:FIKS22:BRANCHE07=TOT:BELØB=4:SÆSON=SÆSON,2025-10-01,555394.0
DST:FIKS22:BRANCHE07=TOT:BELØB=4:SÆSON=SÆSON,2025-11-01,557588.0
DST:FIKS22:BRANCHE07=TOT:BELØB=4:SÆSON=SÆSON,2025-12-01,554563.0
DST:FIKS22:BRANCHE07=TOT:BELØB=4:SÆSON=SÆSON,2026-01-01,559873.0
DST:FIKS22:BRANCHE07=TOT:BELØB=4:SÆSON=SÆSON,2026-02-01,551801.0
DST:FIKS22:BRANCHE07=TOT:BELØB=4:SÆSON=SÆSON,2026-03-01,603452.0
DST:FIKS22:BRANCHE07=X:BELØB=0:SÆSON=EJSÆSON,2009-01-01,79.0
DST:FIKS22:BRANCHE07=X:BELØB=0:SÆSON=EJSÆSON,2009-02-01,83.0
DST:FIKS22:BRANCHE07=X:BELØB=0:SÆSON=EJSÆSON,2009-03-01,88.0
DST:FIKS22:BRANCHE07=X:BELØB=0:SÆSON=EJSÆSON,2009-04-01,69.0
DST:FIKS22:BRANCHE07=X:BELØB=0:SÆSON=EJSÆSON,2009-05-01,64.0
DST:FIKS22:BRANCHE07=X:BELØB=0:SÆSON=EJSÆSON,2009-06-01,59.0
DST:FIKS22:BRANCHE07=X:BELØB=0:SÆSON=EJSÆSON,2009-07-01,34.0
DST:FIKS22:BRANCHE07=X:BELØB=0:SÆSON=EJSÆSON,2009-08-01,31.0
DST:FIKS22:BRANCHE07=X:BELØB=0:SÆSON=EJSÆSON,2009-09-01,51.0
DST:FIKS22:BRANCHE07=X:BELØB=0:SÆSON=EJSÆSON,2009-10-01,21.0
DST:FIKS22:BRANCHE07=X:BELØB=0:SÆSON=EJSÆSON,2009-11-01,43.0
DST:FIKS22:BRANCHE07=X:BELØB=0:SÆSON=EJSÆSON,2009-12-01,49.0
DST:FIKS22:BRANCHE07=X:BELØB=0:SÆSON=EJSÆSON,2010-01-01,15.0
DST:FIKS22:BRANCHE07=X:BELØB=0:SÆSON=EJSÆSON,2010-02-01,14.0
DST:FIKS22:BRANCHE07=X:BELØB=0:SÆSON=EJSÆSON,2010-03-01,18.0
DST:FIKS22:BRANCHE07=X:BELØB=0:SÆSON=EJSÆSON,2010-04-01,19.0
DST:FIKS22:BRANCHE07=X:BELØB=0:SÆSON=EJSÆSON,2010-05-01,19.0
DST:FIKS22:BRANCHE07=X:BELØB=0:SÆSON=EJSÆSON,2010-06-01,19.0
DST:FIKS22:BRANCHE07=X:BELØB=0:SÆSON=EJSÆSON,2010-07-01,15.0
DST:FIKS22:BRANCHE07=X:BELØB=0:SÆSON=EJSÆSON,2010-08-01,17.0
DST:FIKS22:BRANCHE07=X:BELØB=0:SÆSON=EJSÆSON,2010-09-01,20.0
DST:FIKS22:BRANCHE07=X:BELØB=0:SÆSON=EJSÆSON,2010-10-01,16.0
DST:FIKS22:BRANCHE07=X:BELØB=0:SÆSON=EJSÆSON,2010-11-01,16.0
DST:FIKS22:BRANCHE07=X:BELØB=0:SÆSON=EJSÆSON,2010-12-01,18.0
DST:FIKS22:BRANCHE07=X:BELØB=0:SÆSON=EJSÆSON,2011-01-01,4.0
DST:FIKS22:BRANCHE07=X:BELØB=0:SÆSON=EJSÆSON,2011-02-01,4.0
DST:FIKS22:BRANCHE07=X:BELØB=0:SÆSON=EJSÆSON,2011-03-01,4.0
DST:FIKS22:BRANCHE07=X:BELØB=0:SÆSON=EJSÆSON,2011-04-01,4.0
DST:FIKS22:BRANCHE07=X:BELØB=0:SÆSON=EJSÆSON,2011-05-01,4.0
DST:FIKS22:BRANCHE07=X:BELØB=0:SÆSON=EJSÆSON,2011-06-01,4.0
DST:FIKS22:BRANCHE07=X:BELØB=0:SÆSON=EJSÆSON,2011-07-01,4.0
DST:FIKS22:BRANCHE07=X:BELØB=0:SÆSON=EJSÆSON,2011-08-01,5.0
DST:FIKS22:BRANCHE07=X:BELØB=0:SÆSON=EJSÆSON,2011-09-01,6.0
DST:FIKS22:BRANCHE07=X:BELØB=0:SÆSON=EJSÆSON,2011-10-01,7.0
DST:FIKS22:BRANCHE07=X:BELØB=0:SÆSON=EJSÆSON,2011-11-01,7.0
DST:FIKS22:BRANCHE07=X:BELØB=0:SÆSON=EJSÆSON,2011-12-01,8.0
DST:FIKS22:BRANCHE07=X:BELØB=0:SÆSON=EJSÆSON,2012-01-01,4.0
DST:FIKS22:BRANCHE07=X:BELØB=0:SÆSON=EJSÆSON,2012-02-01,4.0
DST:FIKS22:BRANCHE07=X:BELØB=0:SÆSON=EJSÆSON,2012-03-01,5.0
DST:FIKS22:BRANCHE07=X:BELØB=0:SÆSON=EJSÆSON,2012-04-01,3.0
DST:FIKS22:BRANCHE07=X:BELØB=0:SÆSON=EJSÆSON,2012-05-01,3.0
DST:FIKS22:BRANCHE07=X:BELØB=0:SÆSON=EJSÆSON,2012-06-01,3.0
DST:FIKS22:BRANCHE07=X:BELØB=0:SÆSON=EJSÆSON,2012-07-01,3.0
DST:FIKS22:BRANCHE07=X:BELØB=0:SÆSON=EJSÆSON,2012-08-01,3.0
DST:FIKS22:BRANCHE07=X:BELØB=0:SÆSON=EJSÆSON,2012-09-01,3.0
DST:FIKS22:BRANCHE07=X:BELØB=0:SÆSON=EJSÆSON,2012-10-01,6.0
DST:FIKS22:BRANCHE07=X:BELØB=0:SÆSON=EJSÆSON,2012-11-01,6.0
DST:FIKS22:BRANCHE07=X:BELØB=0:SÆSON=EJSÆSON,2012-12-01,6.0
DST:FIKS22:BRANCHE07=X:BELØB=0:SÆSON=EJSÆSON,2013-01-01,3.0
DST:FIKS22:BRANCHE07=X:BELØB=0:SÆSON=EJSÆSON,2013-02-01,3.0
DST:FIKS22:BRANCHE07=X:BELØB=0:SÆSON=EJSÆSON,2013-03-01,3.0
DST:FIKS22:BRANCHE07=X:BELØB=0:SÆSON=EJSÆSON,2013-04-01,5.0
DST:FIKS22:BRANCHE07=X:BELØB=0:SÆSON=EJSÆSON,2013-05-01,5.0
DST:FIKS22:BRANCHE07=X:BELØB=0:SÆSON=EJSÆSON,2013-06-01,4.0
DST:FIKS22:BRANCHE07=X:BELØB=0:SÆSON=EJSÆSON,2013-07-01,5.0
DST:FIKS22:BRANCHE07=X:BELØB=0:SÆSON=EJSÆSON,2013-08-01,5.0
DST:FIKS22:BRANCHE07=X:BELØB=0:SÆSON=EJSÆSON,2013-09-01,6.0
DST:FIKS22:BRANCHE07=X:BELØB=0:SÆSON=EJSÆSON,2013-10-01,8.0
DST:FIKS22:BRANCHE07=X:BELØB=0:SÆSON=EJSÆSON,2013-11-01,6.0
DST:FIKS22:BRANCHE07=X:BELØB=0:SÆSON=EJSÆSON,2013-12-01,6.0
DST:FIKS22:BRANCHE07=X:BELØB=0:SÆSON=EJSÆSON,2014-01-01,4.0
DST:FIKS22:BRANCHE07=X:BELØB=0:SÆSON=EJSÆSON,2014-02-01,3.0
DST:FIKS22:BRANCHE07=X:BELØB=0:SÆSON=EJSÆSON,2014-03-01,3.0
DST:FIKS22:BRANCHE07=X:BELØB=0:SÆSON=EJSÆSON,2014-04-01,3.0
DST:FIKS22:BRANCHE07=X:BELØB=0:SÆSON=EJSÆSON,2014-05-01,3.0
DST:FIKS22:BRANCHE07=X:BELØB=0:SÆSON=EJSÆSON,2014-06-01,4.0
DST:FIKS22:BRANCHE07=X:BELØB=0:SÆSON=EJSÆSON,2014-07-01,4.0
DST:FIKS22:BRANCHE07=X:BELØB=0:SÆSON=EJSÆSON,2014-08-01,4.0
DST:FIKS22:BRANCHE07=X:BELØB=0:SÆSON=EJSÆSON,2014-09-01,5.0
DST:FIKS22:BRANCHE07=X:BELØB=0:SÆSON=EJSÆSON,2014-10-01,6.0
DST:FIKS22:BRANCHE07=X:BELØB=0:SÆSON=EJSÆSON,2014-11-01,5.0
DST:FIKS22:BRANCHE07=X:BELØB=0:SÆSON=EJSÆSON,2014-12-01,7.0
DST:FIKS22:BRANCHE07=X:BELØB=0:SÆSON=EJSÆSON,2015-01-01,43.0
DST:FIKS22:BRANCHE07=X:BELØB=0:SÆSON=EJSÆSON,2015-02-01,33.0
DST:FIKS22:BRANCHE07=X:BELØB=0:SÆSON=EJSÆSON,2015-03-01,62.0
DST:FIKS22:BRANCHE07=X:BELØB=0:SÆSON=EJSÆSON,2015-04-01,59.0
DST:FIKS22:BRANCHE07=X:BELØB=0:SÆSON=EJSÆSON,2015-05-01,60.0
DST:FIKS22:BRANCHE07=X:BELØB=0:SÆSON=EJSÆSON,2015-06-01,47.0
DST:FIKS22:BRANCHE07=X:BELØB=0:SÆSON=EJSÆSON,2015-07-01,45.0
DST:FIKS22:BRANCHE07=X:BELØB=0:SÆSON=EJSÆSON,2015-08-01,70.0
DST:FIKS22:BRANCHE07=X:BELØB=0:SÆSON=EJSÆSON,2015-09-01,125.0
DST:FIKS22:BRANCHE07=X:BELØB=0:SÆSON=EJSÆSON,2015-10-01,60.0
DST:FIKS22:BRANCHE07=X:BELØB=0:SÆSON=EJSÆSON,2015-11-01,53.0
DST:FIKS22:BRANCHE07=X:BELØB=0:SÆSON=EJSÆSON,2015-12-01,43.0
DST:FIKS22:BRANCHE07=X:BELØB=0:SÆSON=EJSÆSON,2016-01-01,2.0
DST:FIKS22:BRANCHE07=X:BELØB=0:SÆSON=EJSÆSON,2016-02-01,2.0
DST:FIKS22:BRANCHE07=X:BELØB=0:SÆSON=EJSÆSON,2016-03-01,2.0
DST:FIKS22:BRANCHE07=X:BELØB=0:SÆSON=EJSÆSON,2016-04-01,2.0
DST:FIKS22:BRANCHE07=X:BELØB=0:SÆSON=EJSÆSON,2016-05-01,2.0
DST:FIKS22:BRANCHE07=X:BELØB=0:SÆSON=EJSÆSON,2016-06-01,2.0
DST:FIKS22:BRANCHE07=X:BELØB=0:SÆSON=EJSÆSON,2016-07-01,2.0
DST:FIKS22:BRANCHE07=X:BELØB=0:SÆSON=EJSÆSON,2016-08-01,2.0
DST:FIKS22:BRANCHE07=X:BELØB=0:SÆSON=EJSÆSON,2016-09-01,2.0
DST:FIKS22:BRANCHE07=X:BELØB=0:SÆSON=EJSÆSON,2016-10-01,5.0
DST:FIKS22:BRANCHE07=X:BELØB=0:SÆSON=EJSÆSON,2016-11-01,5.0
DST:FIKS22:BRANCHE07=X:BELØB=0:SÆSON=EJSÆSON,2016-12-01,5.0
DST:FIKS22:BRANCHE07=X:BELØB=0:SÆSON=EJSÆSON,2017-01-01,0.0
DST:FIKS22:BRANCHE07=X:BELØB=0:SÆSON=EJSÆSON,2017-02-01,0.0
DST:FIKS22:BRANCHE07=X:BELØB=0:SÆSON=EJSÆSON,2017-03-01,0.0
DST:FIKS22:BRANCHE07=X:BELØB=0:SÆSON=EJSÆSON,2017-04-01,1.0
DST:FIKS22:BRANCHE07=X:BELØB=0:SÆSON=EJSÆSON,2017-05-01,1.0
DST:FIKS22:BRANCHE07=X:BELØB=0:SÆSON=EJSÆSON,2017-06-01,1.0
DST:FIKS22:BRANCHE07=X:BELØB=0:SÆSON=EJSÆSON,2017-07-01,1.0
DST:FIKS22:BRANCHE07=X:BELØB=0:SÆSON=EJSÆSON,2017-08-01,1.0
DST:FIKS22:BRANCHE07=X:BELØB=0:SÆSON=EJSÆSON,2017-09-01,1.0
DST:FIKS22:BRANCHE07=X:BELØB=0:SÆSON=EJSÆSON,2017-10-01,0.0
DST:FIKS22:BRANCHE07=X:BELØB=0:SÆSON=EJSÆSON,2017-11-01,0.0
DST:FIKS22:BRANCHE07=X:BELØB=0:SÆSON=EJSÆSON,2017-12-01,0.0
DST:FIKS22:BRANCHE07=X:BELØB=0:SÆSON=EJSÆSON,2018-01-01,0.0
DST:FIKS22:BRANCHE07=X:BELØB=0:SÆSON=EJSÆSON,2018-02-01,0.0
DST:FIKS22:BRANCHE07=X:BELØB=0:SÆSON=EJSÆSON,2018-03-01,0.0
DST:FIKS22:BRANCHE07=X:BELØB=0:SÆSON=EJSÆSON,2018-04-01,0.0
DST:FIKS22:BRANCHE07=X:BELØB=0:SÆSON=EJSÆSON,2018-05-01,0.0
DST:FIKS22:BRANCHE07=X:BELØB=0:SÆSON=EJSÆSON,2018-06-01,0.0
DST:FIKS22:BRANCHE07=X:BELØB=0:SÆSON=EJSÆSON,2018-07-01,0.0
DST:FIKS22:BRANCHE07=X:BELØB=0:SÆSON=EJSÆSON,2018-08-01,0.0
DST:FIKS22:BRANCHE07=X:BELØB=0:SÆSON=EJSÆSON,2018-09-01,0.0
DST:FIKS22:BRANCHE07=X:BELØB=0:SÆSON=EJSÆSON,2018-10-01,0.0
DST:FIKS22:BRANCHE07=X:BELØB=0:SÆSON=EJSÆSON,2018-11-01,0.0
DST:FIKS22:BRANCHE07=X:BELØB=0:SÆSON=EJSÆSON,2018-12-01,0.0
DST:FIKS22:BRANCHE07=X:BELØB=0:SÆSON=EJSÆSON,2019-01-01,2.0
DST:FIKS22:BRANCHE07=X:BELØB=0:SÆSON=EJSÆSON,2019-02-01,1.0
DST:FIKS22:BRANCHE07=X:BELØB=0:SÆSON=EJSÆSON,2019-03-01,2.0
DST:FIKS22:BRANCHE07=X:BELØB=0:SÆSON=EJSÆSON,2019-04-01,3.0
DST:FIKS22:BRANCHE07=X:BELØB=0:SÆSON=EJSÆSON,2019-05-01,3.0
DST:FIKS22:BRANCHE07=X:BELØB=0:SÆSON=EJSÆSON,2019-06-01,2.0
DST:FIKS22:BRANCHE07=X:BELØB=0:SÆSON=EJSÆSON,2019-07-01,2.0
DST:FIKS22:BRANCHE07=X:BELØB=0:SÆSON=EJSÆSON,2019-08-01,2.0
DST:FIKS22:BRANCHE07=X:BELØB=0:SÆSON=EJSÆSON,2019-09-01,3.0
DST:FIKS22:BRANCHE07=X:BELØB=0:SÆSON=EJSÆSON,2019-10-01,3.0
DST:FIKS22:BRANCHE07=X:BELØB=0:SÆSON=EJSÆSON,2019-11-01,3.0
DST:FIKS22:BRANCHE07=X:BELØB=0:SÆSON=EJSÆSON,2019-12-01,4.0
DST:FIKS22:BRANCHE07=X:BELØB=0:SÆSON=EJSÆSON,2020-01-01,1.0
DST:FIKS22:BRANCHE07=X:BELØB=0:SÆSON=EJSÆSON,2020-02-01,1.0
DST:FIKS22:BRANCHE07=X:BELØB=0:SÆSON=EJSÆSON,2020-03-01,0.0
DST:FIKS22:BRANCHE07=X:BELØB=0:SÆSON=EJSÆSON,2020-04-01,0.0
DST:FIKS22:BRANCHE07=X:BELØB=0:SÆSON=EJSÆSON,2020-05-01,0.0
DST:FIKS22:BRANCHE07=X:BELØB=0:SÆSON=EJSÆSON,2020-06-01,0.0
DST:FIKS22:BRANCHE07=X:BELØB=0:SÆSON=EJSÆSON,2020-07-01,0.0
DST:FIKS22:BRANCHE07=X:BELØB=0:SÆSON=EJSÆSON,2020-08-01,0.0
DST:FIKS22:BRANCHE07=X:BELØB=0:SÆSON=EJSÆSON,2020-09-01,0.0
DST:FIKS22:BRANCHE07=X:BELØB=0:SÆSON=EJSÆSON,2020-10-01,1.0
DST:FIKS22:BRANCHE07=X:BELØB=0:SÆSON=EJSÆSON,2020-11-01,0.0
DST:FIKS22:BRANCHE07=X:BELØB=0:SÆSON=EJSÆSON,2020-12-01,1.0
DST:FIKS22:BRANCHE07=X:BELØB=0:SÆSON=EJSÆSON,2021-01-01,0.0
DST:FIKS22:BRANCHE07=X:BELØB=0:SÆSON=EJSÆSON,2021-02-01,0.0
DST:FIKS22:BRANCHE07=X:BELØB=0:SÆSON=EJSÆSON,2021-03-01,0.0
DST:FIKS22:BRANCHE07=X:BELØB=0:SÆSON=EJSÆSON,2021-04-01,0.0
DST:FIKS22:BRANCHE07=X:BELØB=0:SÆSON=EJSÆSON,2021-05-01,0.0
DST:FIKS22:BRANCHE07=X:BELØB=0:SÆSON=EJSÆSON,2021-06-01,0.0
DST:FIKS22:BRANCHE07=X:BELØB=0:SÆSON=EJSÆSON,2021-07-01,0.0
DST:FIKS22:BRANCHE07=X:BELØB=0:SÆSON=EJSÆSON,2021-08-01,0.0
DST:FIKS22:BRANCHE07=X:BELØB=0:SÆSON=EJSÆSON,2021-09-01,0.0
DST:FIKS22:BRANCHE07=X:BELØB=0:SÆSON=EJSÆSON,2021-10-01,0.0
DST:FIKS22:BRANCHE07=X:BELØB=0:SÆSON=EJSÆSON,2021-11-01,0.0
DST:FIKS22:BRANCHE07=X:BELØB=0:SÆSON=EJSÆSON,2021-12-01,1.0
DST:FIKS22:BRANCHE07=X:BELØB=0:SÆSON=EJSÆSON,2022-01-01,0.0
DST:FIKS22:BRANCHE07=X:BELØB=0:SÆSON=EJSÆSON,2022-02-01,0.0
DST:FIKS22:BRANCHE07=X:BELØB=0:SÆSON=EJSÆSON,2022-03-01,0.0
DST:FIKS22:BRANCHE07=X:BELØB=0:SÆSON=EJSÆSON,2022-04-01,0.0
DST:FIKS22:BRANCHE07=X:BELØB=0:SÆSON=EJSÆSON,2022-05-01,0.0
DST:FIKS22:BRANCHE07=X:BELØB=0:SÆSON=EJSÆSON,2022-06-01,0.0
DST:FIKS22:BRANCHE07=X:BELØB=0:SÆSON=EJSÆSON,2022-07-01,0.0
DST:FIKS22:BRANCHE07=X:BELØB=0:SÆSON=EJSÆSON,2022-08-01,0.0
DST:FIKS22:BRANCHE07=X:BELØB=0:SÆSON=EJSÆSON,2022-09-01,0.0
DST:FIKS22:BRANCHE07=X:BELØB=0:SÆSON=EJSÆSON,2022-10-01,0.0
DST:FIKS22:BRANCHE07=X:BELØB=0:SÆSON=EJSÆSON,2022-11-01,0.0
DST:FIKS22:BRANCHE07=X:BELØB=0:SÆSON=EJSÆSON,2022-12-01,0.0
DST:FIKS22:BRANCHE07=X:BELØB=0:SÆSON=EJSÆSON,2023-01-01,0.0
DST:FIKS22:BRANCHE07=X:BELØB=0:SÆSON=EJSÆSON,2023-02-01,0.0
DST:FIKS22:BRANCHE07=X:BELØB=0:SÆSON=EJSÆSON,2023-03-01,0.0
DST:FIKS22:BRANCHE07=X:BELØB=0:SÆSON=EJSÆSON,2023-04-01,0.0
DST:FIKS22:BRANCHE07=X:BELØB=0:SÆSON=EJSÆSON,2023-05-01,0.0
DST:FIKS22:BRANCHE07=X:BELØB=0:SÆSON=EJSÆSON,2023-06-01,0.0
DST:FIKS22:BRANCHE07=X:BELØB=0:SÆSON=EJSÆSON,2023-07-01,0.0
DST:FIKS22:BRANCHE07=X:BELØB=0:SÆSON=EJSÆSON,2023-08-01,0.0
DST:FIKS22:BRANCHE07=X:BELØB=0:SÆSON=EJSÆSON,2023-09-01,0.0
DST:FIKS22:BRANCHE07=X:BELØB=0:SÆSON=EJSÆSON,2023-10-01,0.0
DST:FIKS22:BRANCHE07=X:BELØB=0:SÆSON=EJSÆSON,2023-11-01,0.0
DST:FIKS22:BRANCHE07=X:BELØB=0:SÆSON=EJSÆSON,2023-12-01,0.0
DST:FIKS22:BRANCHE07=X:BELØB=0:SÆSON=EJSÆSON,2024-01-01,0.0
DST:FIKS22:BRANCHE07=X:BELØB=0:SÆSON=EJSÆSON,2024-02-01,0.0
DST:FIKS22:BRANCHE07=X:BELØB=0:SÆSON=EJSÆSON,2024-03-01,0.0
DST:FIKS22:BRANCHE07=X:BELØB=0:SÆSON=EJSÆSON,2024-04-01,0.0
DST:FIKS22:BRANCHE07=X:BELØB=0:SÆSON=EJSÆSON,2024-05-01,0.0
DST:FIKS22:BRANCHE07=X:BELØB=0:SÆSON=EJSÆSON,2024-06-01,106.0
DST:FIKS22:BRANCHE07=X:BELØB=0:SÆSON=EJSÆSON,2024-07-01,0.0
DST:FIKS22:BRANCHE07=X:BELØB=0:SÆSON=EJSÆSON,2024-08-01,0.0
DST:FIKS22:BRANCHE07=X:BELØB=0:SÆSON=EJSÆSON,2024-09-01,0.0
DST:FIKS22:BRANCHE07=X:BELØB=0:SÆSON=EJSÆSON,2025-10-01,0.0
DST:FIKS22:BRANCHE07=X:BELØB=0:SÆSON=EJSÆSON,2025-11-01,0.0
DST:FIKS22:BRANCHE07=X:BELØB=0:SÆSON=SÆSON,2009-01-01,80.0
DST:FIKS22:BRANCHE07=X:BELØB=0:SÆSON=SÆSON,2009-02-01,84.0
DST:FIKS22:BRANCHE07=X:BELØB=0:SÆSON=SÆSON,2009-03-01,88.0
DST:FIKS22:BRANCHE07=X:BELØB=0:SÆSON=SÆSON,2009-04-01,68.0
DST:FIKS22:BRANCHE07=X:BELØB=0:SÆSON=SÆSON,2009-05-01,64.0
DST:FIKS22:BRANCHE07=X:BELØB=0:SÆSON=SÆSON,2009-06-01,60.0
DST:FIKS22:BRANCHE07=X:BELØB=0:SÆSON=SÆSON,2009-07-01,34.0
DST:FIKS22:BRANCHE07=X:BELØB=0:SÆSON=SÆSON,2009-08-01,32.0
DST:FIKS22:BRANCHE07=X:BELØB=0:SÆSON=SÆSON,2009-09-01,52.0
DST:FIKS22:BRANCHE07=X:BELØB=0:SÆSON=SÆSON,2009-10-01,20.0
DST:FIKS22:BRANCHE07=X:BELØB=0:SÆSON=SÆSON,2009-11-01,42.0
DST:FIKS22:BRANCHE07=X:BELØB=0:SÆSON=SÆSON,2009-12-01,47.0
DST:FIKS22:BRANCHE07=X:BELØB=0:SÆSON=SÆSON,2010-01-01,16.0
DST:FIKS22:BRANCHE07=X:BELØB=0:SÆSON=SÆSON,2010-02-01,15.0
DST:FIKS22:BRANCHE07=X:BELØB=0:SÆSON=SÆSON,2010-03-01,18.0
DST:FIKS22:BRANCHE07=X:BELØB=0:SÆSON=SÆSON,2010-04-01,19.0
DST:FIKS22:BRANCHE07=X:BELØB=0:SÆSON=SÆSON,2010-05-01,20.0
DST:FIKS22:BRANCHE07=X:BELØB=0:SÆSON=SÆSON,2010-06-01,20.0
DST:FIKS22:BRANCHE07=X:BELØB=0:SÆSON=SÆSON,2010-07-01,16.0
DST:FIKS22:BRANCHE07=X:BELØB=0:SÆSON=SÆSON,2010-08-01,18.0
DST:FIKS22:BRANCHE07=X:BELØB=0:SÆSON=SÆSON,2010-09-01,20.0
DST:FIKS22:BRANCHE07=X:BELØB=0:SÆSON=SÆSON,2010-10-01,15.0
DST:FIKS22:BRANCHE07=X:BELØB=0:SÆSON=SÆSON,2010-11-01,15.0
DST:FIKS22:BRANCHE07=X:BELØB=0:SÆSON=SÆSON,2010-12-01,16.0
DST:FIKS22:BRANCHE07=X:BELØB=0:SÆSON=SÆSON,2011-01-01,4.0
DST:FIKS22:BRANCHE07=X:BELØB=0:SÆSON=SÆSON,2011-02-01,5.0
DST:FIKS22:BRANCHE07=X:BELØB=0:SÆSON=SÆSON,2011-03-01,4.0
DST:FIKS22:BRANCHE07=X:BELØB=0:SÆSON=SÆSON,2011-04-01,4.0
DST:FIKS22:BRANCHE07=X:BELØB=0:SÆSON=SÆSON,2011-05-01,5.0
DST:FIKS22:BRANCHE07=X:BELØB=0:SÆSON=SÆSON,2011-06-01,5.0
DST:FIKS22:BRANCHE07=X:BELØB=0:SÆSON=SÆSON,2011-07-01,5.0
DST:FIKS22:BRANCHE07=X:BELØB=0:SÆSON=SÆSON,2011-08-01,5.0
DST:FIKS22:BRANCHE07=X:BELØB=0:SÆSON=SÆSON,2011-09-01,6.0
DST:FIKS22:BRANCHE07=X:BELØB=0:SÆSON=SÆSON,2011-10-01,6.0
DST:FIKS22:BRANCHE07=X:BELØB=0:SÆSON=SÆSON,2011-11-01,6.0
DST:FIKS22:BRANCHE07=X:BELØB=0:SÆSON=SÆSON,2011-12-01,6.0
DST:FIKS22:BRANCHE07=X:BELØB=0:SÆSON=SÆSON,2012-01-01,5.0
DST:FIKS22:BRANCHE07=X:BELØB=0:SÆSON=SÆSON,2012-02-01,5.0
DST:FIKS22:BRANCHE07=X:BELØB=0:SÆSON=SÆSON,2012-03-01,5.0
DST:FIKS22:BRANCHE07=X:BELØB=0:SÆSON=SÆSON,2012-04-01,4.0
DST:FIKS22:BRANCHE07=X:BELØB=0:SÆSON=SÆSON,2012-05-01,4.0
DST:FIKS22:BRANCHE07=X:BELØB=0:SÆSON=SÆSON,2012-06-01,4.0
DST:FIKS22:BRANCHE07=X:BELØB=0:SÆSON=SÆSON,2012-07-01,3.0
DST:FIKS22:BRANCHE07=X:BELØB=0:SÆSON=SÆSON,2012-08-01,3.0
DST:FIKS22:BRANCHE07=X:BELØB=0:SÆSON=SÆSON,2012-09-01,3.0
DST:FIKS22:BRANCHE07=X:BELØB=0:SÆSON=SÆSON,2012-10-01,5.0
DST:FIKS22:BRANCHE07=X:BELØB=0:SÆSON=SÆSON,2012-11-01,5.0
DST:FIKS22:BRANCHE07=X:BELØB=0:SÆSON=SÆSON,2012-12-01,4.0
DST:FIKS22:BRANCHE07=X:BELØB=0:SÆSON=SÆSON,2013-01-01,4.0
DST:FIKS22:BRANCHE07=X:BELØB=0:SÆSON=SÆSON,2013-02-01,4.0
DST:FIKS22:BRANCHE07=X:BELØB=0:SÆSON=SÆSON,2013-03-01,4.0
DST:FIKS22:BRANCHE07=X:BELØB=0:SÆSON=SÆSON,2013-04-01,6.0
DST:FIKS22:BRANCHE07=X:BELØB=0:SÆSON=SÆSON,2013-05-01,6.0
DST:FIKS22:BRANCHE07=X:BELØB=0:SÆSON=SÆSON,2013-06-01,5.0
DST:FIKS22:BRANCHE07=X:BELØB=0:SÆSON=SÆSON,2013-07-01,6.0
DST:FIKS22:BRANCHE07=X:BELØB=0:SÆSON=SÆSON,2013-08-01,6.0
DST:FIKS22:BRANCHE07=X:BELØB=0:SÆSON=SÆSON,2013-09-01,6.0
DST:FIKS22:BRANCHE07=X:BELØB=0:SÆSON=SÆSON,2013-10-01,6.0
DST:FIKS22:BRANCHE07=X:BELØB=0:SÆSON=SÆSON,2013-11-01,5.0
DST:FIKS22:BRANCHE07=X:BELØB=0:SÆSON=SÆSON,2013-12-01,4.0
DST:FIKS22:BRANCHE07=X:BELØB=0:SÆSON=SÆSON,2014-01-01,4.0
DST:FIKS22:BRANCHE07=X:BELØB=0:SÆSON=SÆSON,2014-02-01,4.0
DST:FIKS22:BRANCHE07=X:BELØB=0:SÆSON=SÆSON,2014-03-01,3.0
DST:FIKS22:BRANCHE07=X:BELØB=0:SÆSON=SÆSON,2014-04-01,4.0
DST:FIKS22:BRANCHE07=X:BELØB=0:SÆSON=SÆSON,2014-05-01,4.0
DST:FIKS22:BRANCHE07=X:BELØB=0:SÆSON=SÆSON,2014-06-01,4.0
DST:FIKS22:BRANCHE07=X:BELØB=0:SÆSON=SÆSON,2014-07-01,4.0
DST:FIKS22:BRANCHE07=X:BELØB=0:SÆSON=SÆSON,2014-08-01,4.0
DST:FIKS22:BRANCHE07=X:BELØB=0:SÆSON=SÆSON,2014-09-01,4.0
DST:FIKS22:BRANCHE07=X:BELØB=0:SÆSON=SÆSON,2014-10-01,5.0
DST:FIKS22:BRANCHE07=X:BELØB=0:SÆSON=SÆSON,2014-11-01,4.0
DST:FIKS22:BRANCHE07=X:BELØB=0:SÆSON=SÆSON,2014-12-01,6.0
DST:FIKS22:BRANCHE07=X:BELØB=0:SÆSON=SÆSON,2015-01-01,43.0
DST:FIKS22:BRANCHE07=X:BELØB=0:SÆSON=SÆSON,2015-02-01,34.0
DST:FIKS22:BRANCHE07=X:BELØB=0:SÆSON=SÆSON,2015-03-01,63.0
DST:FIKS22:BRANCHE07=X:BELØB=0:SÆSON=SÆSON,2015-04-01,59.0
DST:FIKS22:BRANCHE07=X:BELØB=0:SÆSON=SÆSON,2015-05-01,60.0
DST:FIKS22:BRANCHE07=X:BELØB=0:SÆSON=SÆSON,2015-06-01,47.0
DST:FIKS22:BRANCHE07=X:BELØB=0:SÆSON=SÆSON,2015-07-01,46.0
DST:FIKS22:BRANCHE07=X:BELØB=0:SÆSON=SÆSON,2015-08-01,70.0
DST:FIKS22:BRANCHE07=X:BELØB=0:SÆSON=SÆSON,2015-09-01,125.0
DST:FIKS22:BRANCHE07=X:BELØB=0:SÆSON=SÆSON,2015-10-01,59.0
DST:FIKS22:BRANCHE07=X:BELØB=0:SÆSON=SÆSON,2015-11-01,52.0
DST:FIKS22:BRANCHE07=X:BELØB=0:SÆSON=SÆSON,2015-12-01,42.0
DST:FIKS22:BRANCHE07=X:BELØB=0:SÆSON=SÆSON,2016-01-01,2.0
DST:FIKS22:BRANCHE07=X:BELØB=0:SÆSON=SÆSON,2016-02-01,3.0
DST:FIKS22:BRANCHE07=X:BELØB=0:SÆSON=SÆSON,2016-03-01,3.0
DST:FIKS22:BRANCHE07=X:BELØB=0:SÆSON=SÆSON,2016-04-01,2.0
DST:FIKS22:BRANCHE07=X:BELØB=0:SÆSON=SÆSON,2016-05-01,2.0
DST:FIKS22:BRANCHE07=X:BELØB=0:SÆSON=SÆSON,2016-06-01,2.0
DST:FIKS22:BRANCHE07=X:BELØB=0:SÆSON=SÆSON,2016-07-01,2.0
DST:FIKS22:BRANCHE07=X:BELØB=0:SÆSON=SÆSON,2016-08-01,2.0
DST:FIKS22:BRANCHE07=X:BELØB=0:SÆSON=SÆSON,2016-09-01,2.0
DST:FIKS22:BRANCHE07=X:BELØB=0:SÆSON=SÆSON,2016-10-01,4.0
DST:FIKS22:BRANCHE07=X:BELØB=0:SÆSON=SÆSON,2016-11-01,4.0
DST:FIKS22:BRANCHE07=X:BELØB=0:SÆSON=SÆSON,2016-12-01,5.0
DST:FIKS22:BRANCHE07=X:BELØB=0:SÆSON=SÆSON,2017-01-01,0.0
DST:FIKS22:BRANCHE07=X:BELØB=0:SÆSON=SÆSON,2017-02-01,0.0
DST:FIKS22:BRANCHE07=X:BELØB=0:SÆSON=SÆSON,2017-03-01,0.0
DST:FIKS22:BRANCHE07=X:BELØB=0:SÆSON=SÆSON,2017-04-01,1.0
DST:FIKS22:BRANCHE07=X:BELØB=0:SÆSON=SÆSON,2017-05-01,1.0
DST:FIKS22:BRANCHE07=X:BELØB=0:SÆSON=SÆSON,2017-06-01,1.0
DST:FIKS22:BRANCHE07=X:BELØB=0:SÆSON=SÆSON,2017-07-01,1.0
DST:FIKS22:BRANCHE07=X:BELØB=0:SÆSON=SÆSON,2017-08-01,1.0
DST:FIKS22:BRANCHE07=X:BELØB=0:SÆSON=SÆSON,2017-09-01,1.0
DST:FIKS22:BRANCHE07=X:BELØB=0:SÆSON=SÆSON,2017-10-01,0.0
DST:FIKS22:BRANCHE07=X:BELØB=0:SÆSON=SÆSON,2017-11-01,0.0
DST:FIKS22:BRANCHE07=X:BELØB=0:SÆSON=SÆSON,2017-12-01,0.0
DST:FIKS22:BRANCHE07=X:BELØB=0:SÆSON=SÆSON,2018-01-01,0.0
DST:FIKS22:BRANCHE07=X:BELØB=0:SÆSON=SÆSON,2018-02-01,0.0
DST:FIKS22:BRANCHE07=X:BELØB=0:SÆSON=SÆSON,2018-03-01,0.0
DST:FIKS22:BRANCHE07=X:BELØB=0:SÆSON=SÆSON,2018-04-01,0.0
DST:FIKS22:BRANCHE07=X:BELØB=0:SÆSON=SÆSON,2018-05-01,0.0
DST:FIKS22:BRANCHE07=X:BELØB=0:SÆSON=SÆSON,2018-06-01,0.0
DST:FIKS22:BRANCHE07=X:BELØB=0:SÆSON=SÆSON,2018-07-01,0.0
DST:FIKS22:BRANCHE07=X:BELØB=0:SÆSON=SÆSON,2018-08-01,0.0
DST:FIKS22:BRANCHE07=X:BELØB=0:SÆSON=SÆSON,2018-09-01,0.0
DST:FIKS22:BRANCHE07=X:BELØB=0:SÆSON=SÆSON,2018-10-01,0.0
DST:FIKS22:BRANCHE07=X:BELØB=0:SÆSON=SÆSON,2018-11-01,0.0
DST:FIKS22:BRANCHE07=X:BELØB=0:SÆSON=SÆSON,2018-12-01,0.0
DST:FIKS22:BRANCHE07=X:BELØB=0:SÆSON=SÆSON,2019-01-01,2.0
DST:FIKS22:BRANCHE07=X:BELØB=0:SÆSON=SÆSON,2019-02-01,1.0
DST:FIKS22:BRANCHE07=X:BELØB=0:SÆSON=SÆSON,2019-03-01,2.0
DST:FIKS22:BRANCHE07=X:BELØB=0:SÆSON=SÆSON,2019-04-01,3.0
DST:FIKS22:BRANCHE07=X:BELØB=0:SÆSON=SÆSON,2019-05-01,2.0
DST:FIKS22:BRANCHE07=X:BELØB=0:SÆSON=SÆSON,2019-06-01,2.0
DST:FIKS22:BRANCHE07=X:BELØB=0:SÆSON=SÆSON,2019-07-01,3.0
DST:FIKS22:BRANCHE07=X:BELØB=0:SÆSON=SÆSON,2019-08-01,3.0
DST:FIKS22:BRANCHE07=X:BELØB=0:SÆSON=SÆSON,2019-09-01,3.0
DST:FIKS22:BRANCHE07=X:BELØB=0:SÆSON=SÆSON,2019-10-01,3.0
DST:FIKS22:BRANCHE07=X:BELØB=0:SÆSON=SÆSON,2019-11-01,4.0
DST:FIKS22:BRANCHE07=X:BELØB=0:SÆSON=SÆSON,2019-12-01,4.0
DST:FIKS22:BRANCHE07=X:BELØB=0:SÆSON=SÆSON,2020-01-01,1.0
DST:FIKS22:BRANCHE07=X:BELØB=0:SÆSON=SÆSON,2020-02-01,1.0
DST:FIKS22:BRANCHE07=X:BELØB=0:SÆSON=SÆSON,2020-03-01,0.0
DST:FIKS22:BRANCHE07=X:BELØB=0:SÆSON=SÆSON,2020-04-01,0.0
DST:FIKS22:BRANCHE07=X:BELØB=0:SÆSON=SÆSON,2020-05-01,0.0
DST:FIKS22:BRANCHE07=X:BELØB=0:SÆSON=SÆSON,2020-06-01,0.0
DST:FIKS22:BRANCHE07=X:BELØB=0:SÆSON=SÆSON,2020-07-01,0.0
DST:FIKS22:BRANCHE07=X:BELØB=0:SÆSON=SÆSON,2020-08-01,0.0
DST:FIKS22:BRANCHE07=X:BELØB=0:SÆSON=SÆSON,2020-09-01,0.0
DST:FIKS22:BRANCHE07=X:BELØB=0:SÆSON=SÆSON,2020-10-01,0.0
DST:FIKS22:BRANCHE07=X:BELØB=0:SÆSON=SÆSON,2020-11-01,0.0
DST:FIKS22:BRANCHE07=X:BELØB=0:SÆSON=SÆSON,2020-12-01,0.0
DST:FIKS22:BRANCHE07=X:BELØB=0:SÆSON=SÆSON,2021-01-01,0.0
DST:FIKS22:BRANCHE07=X:BELØB=0:SÆSON=SÆSON,2021-02-01,0.0
DST:FIKS22:BRANCHE07=X:BELØB=0:SÆSON=SÆSON,2021-03-01,0.0
DST:FIKS22:BRANCHE07=X:BELØB=0:SÆSON=SÆSON,2021-04-01,0.0
DST:FIKS22:BRANCHE07=X:BELØB=0:SÆSON=SÆSON,2021-05-01,0.0
DST:FIKS22:BRANCHE07=X:BELØB=0:SÆSON=SÆSON,2021-06-01,0.0
DST:FIKS22:BRANCHE07=X:BELØB=0:SÆSON=SÆSON,2021-07-01,0.0
DST:FIKS22:BRANCHE07=X:BELØB=0:SÆSON=SÆSON,2021-08-01,0.0
DST:FIKS22:BRANCHE07=X:BELØB=0:SÆSON=SÆSON,2021-09-01,0.0
DST:FIKS22:BRANCHE07=X:BELØB=0:SÆSON=SÆSON,2021-10-01,0.0
DST:FIKS22:BRANCHE07=X:BELØB=0:SÆSON=SÆSON,2021-11-01,0.0
DST:FIKS22:BRANCHE07=X:BELØB=0:SÆSON=SÆSON,2021-12-01,0.0
DST:FIKS22:BRANCHE07=X:BELØB=0:SÆSON=SÆSON,2022-01-01,0.0
DST:FIKS22:BRANCHE07=X:BELØB=0:SÆSON=SÆSON,2022-02-01,0.0
DST:FIKS22:BRANCHE07=X:BELØB=0:SÆSON=SÆSON,2022-03-01,0.0
DST:FIKS22:BRANCHE07=X:BELØB=0:SÆSON=SÆSON,2022-04-01,0.0
DST:FIKS22:BRANCHE07=X:BELØB=0:SÆSON=SÆSON,2022-05-01,0.0
DST:FIKS22:BRANCHE07=X:BELØB=0:SÆSON=SÆSON,2022-06-01,0.0
DST:FIKS22:BRANCHE07=X:BELØB=0:SÆSON=SÆSON,2022-07-01,0.0
DST:FIKS22:BRANCHE07=X:BELØB=0:SÆSON=SÆSON,2022-08-01,0.0
DST:FIKS22:BRANCHE07=X:BELØB=0:SÆSON=SÆSON,2022-09-01,0.0
DST:FIKS22:BRANCHE07=X:BELØB=0:SÆSON=SÆSON,2022-10-01,0.0
DST:FIKS22:BRANCHE07=X:BELØB=0:SÆSON=SÆSON,2022-11-01,0.0
DST:FIKS22:BRANCHE07=X:BELØB=0:SÆSON=SÆSON,2022-12-01,0.0
DST:FIKS22:BRANCHE07=X:BELØB=0:SÆSON=SÆSON,2023-01-01,0.0
DST:FIKS22:BRANCHE07=X:BELØB=0:SÆSON=SÆSON,2023-02-01,0.0
DST:FIKS22:BRANCHE07=X:BELØB=0:SÆSON=SÆSON,2023-03-01,0.0
DST:FIKS22:BRANCHE07=X:BELØB=0:SÆSON=SÆSON,2023-04-01,0.0
DST:FIKS22:BRANCHE07=X:BELØB=0:SÆSON=SÆSON,2023-05-01,0.0
DST:FIKS22:BRANCHE07=X:BELØB=0:SÆSON=SÆSON,2023-06-01,0.0
DST:FIKS22:BRANCHE07=X:BELØB=0:SÆSON=SÆSON,2023-07-01,0.0
DST:FIKS22:BRANCHE07=X:BELØB=0:SÆSON=SÆSON,2023-08-01,0.0
DST:FIKS22:BRANCHE07=X:BELØB=0:SÆSON=SÆSON,2023-09-01,0.0
DST:FIKS22:BRANCHE07=X:BELØB=0:SÆSON=SÆSON,2023-10-01,0.0
DST:FIKS22:BRANCHE07=X:BELØB=0:SÆSON=SÆSON,2023-11-01,0.0
DST:FIKS22:BRANCHE07=X:BELØB=0:SÆSON=SÆSON,2023-12-01,0.0
DST:FIKS22:BRANCHE07=X:BELØB=0:SÆSON=SÆSON,2024-01-01,0.0
DST:FIKS22:BRANCHE07=X:BELØB=0:SÆSON=SÆSON,2024-02-01,0.0
DST:FIKS22:BRANCHE07=X:BELØB=0:SÆSON=SÆSON,2024-03-01,0.0
DST:FIKS22:BRANCHE07=X:BELØB=0:SÆSON=SÆSON,2024-04-01,0.0
DST:FIKS22:BRANCHE07=X:BELØB=0:SÆSON=SÆSON,2024-05-01,0.0
DST:FIKS22:BRANCHE07=X:BELØB=0:SÆSON=SÆSON,2024-06-01,106.0
DST:FIKS22:BRANCHE07=X:BELØB=0:SÆSON=SÆSON,2024-07-01,0.0
DST:FIKS22:BRANCHE07=X:BELØB=0:SÆSON=SÆSON,2024-08-01,0.0
DST:FIKS22:BRANCHE07=X:BELØB=0:SÆSON=SÆSON,2024-09-01,0.0
DST:FIKS22:BRANCHE07=X:BELØB=0:SÆSON=SÆSON,2024-10-01,0.0
DST:FIKS22:BRANCHE07=X:BELØB=0:SÆSON=SÆSON,2024-11-01,0.0
DST:FIKS22:BRANCHE07=X:BELØB=0:SÆSON=SÆSON,2024-12-01,0.0
DST:FIKS22:BRANCHE07=X:BELØB=0:SÆSON=SÆSON,2025-01-01,0.0
DST:FIKS22:BRANCHE07=X:BELØB=0:SÆSON=SÆSON,2025-02-01,0.0
DST:FIKS22:BRANCHE07=X:BELØB=0:SÆSON=SÆSON,2025-03-01,0.0
DST:FIKS22:BRANCHE07=X:BELØB=0:SÆSON=SÆSON,2025-04-01,0.0
DST:FIKS22:BRANCHE07=X:BELØB=0:SÆSON=SÆSON,2025-05-01,0.0
DST:FIKS22:BRANCHE07=X:BELØB=0:SÆSON=SÆSON,2025-06-01,0.0
DST:FIKS22:BRANCHE07=X:BELØB=0:SÆSON=SÆSON,2025-07-01,0.0
DST:FIKS22:BRANCHE07=X:BELØB=0:SÆSON=SÆSON,2025-08-01,0.0
DST:FIKS22:BRANCHE07=X:BELØB=0:SÆSON=SÆSON,2025-09-01,0.0
DST:FIKS22:BRANCHE07=X:BELØB=0:SÆSON=SÆSON,2025-10-01,0.0
DST:FIKS22:BRANCHE07=X:BELØB=0:SÆSON=SÆSON,2025-11-01,0.0
DST:FIKS22:BRANCHE07=X:BELØB=1:SÆSON=EJSÆSON,2009-01-01,93.0
DST:FIKS22:BRANCHE07=X:BELØB=1:SÆSON=EJSÆSON,2009-02-01,83.0
DST:FIKS22:BRANCHE07=X:BELØB=1:SÆSON=EJSÆSON,2009-03-01,102.0
DST:FIKS22:BRANCHE07=X:BELØB=1:SÆSON=EJSÆSON,2009-04-01,93.0
DST:FIKS22:BRANCHE07=X:BELØB=1:SÆSON=EJSÆSON,2009-05-01,93.0
DST:FIKS22:BRANCHE07=X:BELØB=1:SÆSON=EJSÆSON,2009-06-01,86.0
DST:FIKS22:BRANCHE07=X:BELØB=1:SÆSON=EJSÆSON,2009-07-01,56.0
DST:FIKS22:BRANCHE07=X:BELØB=1:SÆSON=EJSÆSON,2009-08-01,60.0
DST:FIKS22:BRANCHE07=X:BELØB=1:SÆSON=EJSÆSON,2009-09-01,66.0
DST:FIKS22:BRANCHE07=X:BELØB=1:SÆSON=EJSÆSON,2009-10-01,71.0
DST:FIKS22:BRANCHE07=X:BELØB=1:SÆSON=EJSÆSON,2009-11-01,64.0
DST:FIKS22:BRANCHE07=X:BELØB=1:SÆSON=EJSÆSON,2009-12-01,79.0
DST:FIKS22:BRANCHE07=X:BELØB=1:SÆSON=EJSÆSON,2010-01-01,29.0
DST:FIKS22:BRANCHE07=X:BELØB=1:SÆSON=EJSÆSON,2010-02-01,18.0
DST:FIKS22:BRANCHE07=X:BELØB=1:SÆSON=EJSÆSON,2010-03-01,22.0
DST:FIKS22:BRANCHE07=X:BELØB=1:SÆSON=EJSÆSON,2010-04-01,31.0
DST:FIKS22:BRANCHE07=X:BELØB=1:SÆSON=EJSÆSON,2010-05-01,18.0
DST:FIKS22:BRANCHE07=X:BELØB=1:SÆSON=EJSÆSON,2010-06-01,19.0
DST:FIKS22:BRANCHE07=X:BELØB=1:SÆSON=EJSÆSON,2010-07-01,19.0
DST:FIKS22:BRANCHE07=X:BELØB=1:SÆSON=EJSÆSON,2010-08-01,21.0
DST:FIKS22:BRANCHE07=X:BELØB=1:SÆSON=EJSÆSON,2010-09-01,24.0
DST:FIKS22:BRANCHE07=X:BELØB=1:SÆSON=EJSÆSON,2010-10-01,22.0
DST:FIKS22:BRANCHE07=X:BELØB=1:SÆSON=EJSÆSON,2010-11-01,21.0
DST:FIKS22:BRANCHE07=X:BELØB=1:SÆSON=EJSÆSON,2010-12-01,19.0
DST:FIKS22:BRANCHE07=X:BELØB=1:SÆSON=EJSÆSON,2011-01-01,4.0
DST:FIKS22:BRANCHE07=X:BELØB=1:SÆSON=EJSÆSON,2011-02-01,4.0
DST:FIKS22:BRANCHE07=X:BELØB=1:SÆSON=EJSÆSON,2011-03-01,3.0
DST:FIKS22:BRANCHE07=X:BELØB=1:SÆSON=EJSÆSON,2011-04-01,5.0
DST:FIKS22:BRANCHE07=X:BELØB=1:SÆSON=EJSÆSON,2011-05-01,6.0
DST:FIKS22:BRANCHE07=X:BELØB=1:SÆSON=EJSÆSON,2011-06-01,5.0
DST:FIKS22:BRANCHE07=X:BELØB=1:SÆSON=EJSÆSON,2011-07-01,7.0
DST:FIKS22:BRANCHE07=X:BELØB=1:SÆSON=EJSÆSON,2011-08-01,5.0
DST:FIKS22:BRANCHE07=X:BELØB=1:SÆSON=EJSÆSON,2011-09-01,5.0
DST:FIKS22:BRANCHE07=X:BELØB=1:SÆSON=EJSÆSON,2011-10-01,9.0
DST:FIKS22:BRANCHE07=X:BELØB=1:SÆSON=EJSÆSON,2011-11-01,7.0
DST:FIKS22:BRANCHE07=X:BELØB=1:SÆSON=EJSÆSON,2011-12-01,8.0
DST:FIKS22:BRANCHE07=X:BELØB=1:SÆSON=EJSÆSON,2012-01-01,5.0
DST:FIKS22:BRANCHE07=X:BELØB=1:SÆSON=EJSÆSON,2012-02-01,5.0
DST:FIKS22:BRANCHE07=X:BELØB=1:SÆSON=EJSÆSON,2012-03-01,5.0
DST:FIKS22:BRANCHE07=X:BELØB=1:SÆSON=EJSÆSON,2012-04-01,2.0
DST:FIKS22:BRANCHE07=X:BELØB=1:SÆSON=EJSÆSON,2012-05-01,2.0
DST:FIKS22:BRANCHE07=X:BELØB=1:SÆSON=EJSÆSON,2012-06-01,2.0
DST:FIKS22:BRANCHE07=X:BELØB=1:SÆSON=EJSÆSON,2012-07-01,4.0
DST:FIKS22:BRANCHE07=X:BELØB=1:SÆSON=EJSÆSON,2012-08-01,3.0
DST:FIKS22:BRANCHE07=X:BELØB=1:SÆSON=EJSÆSON,2012-09-01,3.0
DST:FIKS22:BRANCHE07=X:BELØB=1:SÆSON=EJSÆSON,2012-10-01,7.0
DST:FIKS22:BRANCHE07=X:BELØB=1:SÆSON=EJSÆSON,2012-11-01,6.0
DST:FIKS22:BRANCHE07=X:BELØB=1:SÆSON=EJSÆSON,2012-12-01,6.0
DST:FIKS22:BRANCHE07=X:BELØB=1:SÆSON=EJSÆSON,2013-01-01,5.0
DST:FIKS22:BRANCHE07=X:BELØB=1:SÆSON=EJSÆSON,2013-02-01,4.0
DST:FIKS22:BRANCHE07=X:BELØB=1:SÆSON=EJSÆSON,2013-03-01,5.0
DST:FIKS22:BRANCHE07=X:BELØB=1:SÆSON=EJSÆSON,2013-04-01,5.0
DST:FIKS22:BRANCHE07=X:BELØB=1:SÆSON=EJSÆSON,2013-05-01,5.0
DST:FIKS22:BRANCHE07=X:BELØB=1:SÆSON=EJSÆSON,2013-06-01,5.0
DST:FIKS22:BRANCHE07=X:BELØB=1:SÆSON=EJSÆSON,2013-07-01,6.0
DST:FIKS22:BRANCHE07=X:BELØB=1:SÆSON=EJSÆSON,2013-08-01,5.0
DST:FIKS22:BRANCHE07=X:BELØB=1:SÆSON=EJSÆSON,2013-09-01,6.0
DST:FIKS22:BRANCHE07=X:BELØB=1:SÆSON=EJSÆSON,2013-10-01,6.0
DST:FIKS22:BRANCHE07=X:BELØB=1:SÆSON=EJSÆSON,2013-11-01,6.0
DST:FIKS22:BRANCHE07=X:BELØB=1:SÆSON=EJSÆSON,2013-12-01,6.0
DST:FIKS22:BRANCHE07=X:BELØB=1:SÆSON=EJSÆSON,2014-01-01,5.0
DST:FIKS22:BRANCHE07=X:BELØB=1:SÆSON=EJSÆSON,2014-02-01,4.0
DST:FIKS22:BRANCHE07=X:BELØB=1:SÆSON=EJSÆSON,2014-03-01,5.0
DST:FIKS22:BRANCHE07=X:BELØB=1:SÆSON=EJSÆSON,2014-04-01,5.0
DST:FIKS22:BRANCHE07=X:BELØB=1:SÆSON=EJSÆSON,2014-05-01,5.0
DST:FIKS22:BRANCHE07=X:BELØB=1:SÆSON=EJSÆSON,2014-06-01,5.0
DST:FIKS22:BRANCHE07=X:BELØB=1:SÆSON=EJSÆSON,2014-07-01,6.0
DST:FIKS22:BRANCHE07=X:BELØB=1:SÆSON=EJSÆSON,2014-08-01,7.0
DST:FIKS22:BRANCHE07=X:BELØB=1:SÆSON=EJSÆSON,2014-09-01,7.0
DST:FIKS22:BRANCHE07=X:BELØB=1:SÆSON=EJSÆSON,2014-10-01,9.0
DST:FIKS22:BRANCHE07=X:BELØB=1:SÆSON=EJSÆSON,2014-11-01,7.0
DST:FIKS22:BRANCHE07=X:BELØB=1:SÆSON=EJSÆSON,2014-12-01,8.0
DST:FIKS22:BRANCHE07=X:BELØB=1:SÆSON=EJSÆSON,2015-01-01,44.0
DST:FIKS22:BRANCHE07=X:BELØB=1:SÆSON=EJSÆSON,2015-02-01,34.0
DST:FIKS22:BRANCHE07=X:BELØB=1:SÆSON=EJSÆSON,2015-03-01,63.0
DST:FIKS22:BRANCHE07=X:BELØB=1:SÆSON=EJSÆSON,2015-04-01,61.0
DST:FIKS22:BRANCHE07=X:BELØB=1:SÆSON=EJSÆSON,2015-05-01,62.0
DST:FIKS22:BRANCHE07=X:BELØB=1:SÆSON=EJSÆSON,2015-06-01,49.0
DST:FIKS22:BRANCHE07=X:BELØB=1:SÆSON=EJSÆSON,2015-07-01,47.0
DST:FIKS22:BRANCHE07=X:BELØB=1:SÆSON=EJSÆSON,2015-08-01,71.0
DST:FIKS22:BRANCHE07=X:BELØB=1:SÆSON=EJSÆSON,2015-09-01,127.0
DST:FIKS22:BRANCHE07=X:BELØB=1:SÆSON=EJSÆSON,2015-10-01,63.0
DST:FIKS22:BRANCHE07=X:BELØB=1:SÆSON=EJSÆSON,2015-11-01,55.0
DST:FIKS22:BRANCHE07=X:BELØB=1:SÆSON=EJSÆSON,2015-12-01,45.0
DST:FIKS22:BRANCHE07=X:BELØB=1:SÆSON=EJSÆSON,2016-01-01,5.0
DST:FIKS22:BRANCHE07=X:BELØB=1:SÆSON=EJSÆSON,2016-02-01,5.0
DST:FIKS22:BRANCHE07=X:BELØB=1:SÆSON=EJSÆSON,2016-03-01,5.0
DST:FIKS22:BRANCHE07=X:BELØB=1:SÆSON=EJSÆSON,2016-04-01,5.0
DST:FIKS22:BRANCHE07=X:BELØB=1:SÆSON=EJSÆSON,2016-05-01,5.0
DST:FIKS22:BRANCHE07=X:BELØB=1:SÆSON=EJSÆSON,2016-06-01,5.0
DST:FIKS22:BRANCHE07=X:BELØB=1:SÆSON=EJSÆSON,2016-07-01,4.0
DST:FIKS22:BRANCHE07=X:BELØB=1:SÆSON=EJSÆSON,2016-08-01,3.0
DST:FIKS22:BRANCHE07=X:BELØB=1:SÆSON=EJSÆSON,2016-09-01,4.0
DST:FIKS22:BRANCHE07=X:BELØB=1:SÆSON=EJSÆSON,2016-10-01,5.0
DST:FIKS22:BRANCHE07=X:BELØB=1:SÆSON=EJSÆSON,2016-11-01,5.0
DST:FIKS22:BRANCHE07=X:BELØB=1:SÆSON=EJSÆSON,2016-12-01,6.0
DST:FIKS22:BRANCHE07=X:BELØB=1:SÆSON=EJSÆSON,2017-01-01,0.0
DST:FIKS22:BRANCHE07=X:BELØB=1:SÆSON=EJSÆSON,2017-02-01,0.0
DST:FIKS22:BRANCHE07=X:BELØB=1:SÆSON=EJSÆSON,2017-03-01,0.0
DST:FIKS22:BRANCHE07=X:BELØB=1:SÆSON=EJSÆSON,2017-04-01,2.0
DST:FIKS22:BRANCHE07=X:BELØB=1:SÆSON=EJSÆSON,2017-05-01,1.0
DST:FIKS22:BRANCHE07=X:BELØB=1:SÆSON=EJSÆSON,2017-06-01,2.0
DST:FIKS22:BRANCHE07=X:BELØB=1:SÆSON=EJSÆSON,2017-07-01,1.0
DST:FIKS22:BRANCHE07=X:BELØB=1:SÆSON=EJSÆSON,2017-08-01,2.0
DST:FIKS22:BRANCHE07=X:BELØB=1:SÆSON=EJSÆSON,2017-09-01,2.0
DST:FIKS22:BRANCHE07=X:BELØB=1:SÆSON=EJSÆSON,2017-10-01,1.0
DST:FIKS22:BRANCHE07=X:BELØB=1:SÆSON=EJSÆSON,2017-11-01,1.0
DST:FIKS22:BRANCHE07=X:BELØB=1:SÆSON=EJSÆSON,2017-12-01,1.0
DST:FIKS22:BRANCHE07=X:BELØB=1:SÆSON=EJSÆSON,2018-01-01,1.0
DST:FIKS22:BRANCHE07=X:BELØB=1:SÆSON=EJSÆSON,2018-02-01,1.0
DST:FIKS22:BRANCHE07=X:BELØB=1:SÆSON=EJSÆSON,2018-03-01,1.0
DST:FIKS22:BRANCHE07=X:BELØB=1:SÆSON=EJSÆSON,2018-04-01,1.0
DST:FIKS22:BRANCHE07=X:BELØB=1:SÆSON=EJSÆSON,2018-05-01,1.0
DST:FIKS22:BRANCHE07=X:BELØB=1:SÆSON=EJSÆSON,2018-06-01,1.0
DST:FIKS22:BRANCHE07=X:BELØB=1:SÆSON=EJSÆSON,2018-07-01,1.0
DST:FIKS22:BRANCHE07=X:BELØB=1:SÆSON=EJSÆSON,2018-08-01,1.0
DST:FIKS22:BRANCHE07=X:BELØB=1:SÆSON=EJSÆSON,2018-09-01,1.0
DST:FIKS22:BRANCHE07=X:BELØB=1:SÆSON=EJSÆSON,2018-10-01,1.0
DST:FIKS22:BRANCHE07=X:BELØB=1:SÆSON=EJSÆSON,2018-11-01,1.0
DST:FIKS22:BRANCHE07=X:BELØB=1:SÆSON=EJSÆSON,2018-12-01,2.0
DST:FIKS22:BRANCHE07=X:BELØB=1:SÆSON=EJSÆSON,2019-01-01,1.0
DST:FIKS22:BRANCHE07=X:BELØB=1:SÆSON=EJSÆSON,2019-02-01,1.0
DST:FIKS22:BRANCHE07=X:BELØB=1:SÆSON=EJSÆSON,2019-03-01,1.0
DST:FIKS22:BRANCHE07=X:BELØB=1:SÆSON=EJSÆSON,2019-04-01,4.0
DST:FIKS22:BRANCHE07=X:BELØB=1:SÆSON=EJSÆSON,2019-05-01,4.0
DST:FIKS22:BRANCHE07=X:BELØB=1:SÆSON=EJSÆSON,2019-06-01,4.0
DST:FIKS22:BRANCHE07=X:BELØB=1:SÆSON=EJSÆSON,2019-07-01,7.0
DST:FIKS22:BRANCHE07=X:BELØB=1:SÆSON=EJSÆSON,2019-08-01,6.0
DST:FIKS22:BRANCHE07=X:BELØB=1:SÆSON=EJSÆSON,2019-09-01,6.0
DST:FIKS22:BRANCHE07=X:BELØB=1:SÆSON=EJSÆSON,2019-10-01,6.0
DST:FIKS22:BRANCHE07=X:BELØB=1:SÆSON=EJSÆSON,2019-11-01,6.0
DST:FIKS22:BRANCHE07=X:BELØB=1:SÆSON=EJSÆSON,2019-12-01,8.0
DST:FIKS22:BRANCHE07=X:BELØB=1:SÆSON=EJSÆSON,2020-01-01,2.0
DST:FIKS22:BRANCHE07=X:BELØB=1:SÆSON=EJSÆSON,2020-02-01,1.0
DST:FIKS22:BRANCHE07=X:BELØB=1:SÆSON=EJSÆSON,2020-03-01,0.0
DST:FIKS22:BRANCHE07=X:BELØB=1:SÆSON=EJSÆSON,2020-04-01,0.0
DST:FIKS22:BRANCHE07=X:BELØB=1:SÆSON=EJSÆSON,2020-05-01,0.0
DST:FIKS22:BRANCHE07=X:BELØB=1:SÆSON=EJSÆSON,2020-06-01,0.0
DST:FIKS22:BRANCHE07=X:BELØB=1:SÆSON=EJSÆSON,2020-07-01,0.0
DST:FIKS22:BRANCHE07=X:BELØB=1:SÆSON=EJSÆSON,2020-08-01,0.0
DST:FIKS22:BRANCHE07=X:BELØB=1:SÆSON=EJSÆSON,2020-09-01,0.0
DST:FIKS22:BRANCHE07=X:BELØB=1:SÆSON=EJSÆSON,2020-10-01,0.0
DST:FIKS22:BRANCHE07=X:BELØB=1:SÆSON=EJSÆSON,2020-11-01,0.0
DST:FIKS22:BRANCHE07=X:BELØB=1:SÆSON=EJSÆSON,2020-12-01,0.0
DST:FIKS22:BRANCHE07=X:BELØB=1:SÆSON=EJSÆSON,2021-01-01,0.0
DST:FIKS22:BRANCHE07=X:BELØB=1:SÆSON=EJSÆSON,2021-02-01,0.0
DST:FIKS22:BRANCHE07=X:BELØB=1:SÆSON=EJSÆSON,2021-03-01,0.0
DST:FIKS22:BRANCHE07=X:BELØB=1:SÆSON=EJSÆSON,2021-04-01,0.0
DST:FIKS22:BRANCHE07=X:BELØB=1:SÆSON=EJSÆSON,2021-05-01,0.0
DST:FIKS22:BRANCHE07=X:BELØB=1:SÆSON=EJSÆSON,2021-06-01,0.0
DST:FIKS22:BRANCHE07=X:BELØB=1:SÆSON=EJSÆSON,2021-07-01,0.0
DST:FIKS22:BRANCHE07=X:BELØB=1:SÆSON=EJSÆSON,2021-08-01,0.0
DST:FIKS22:BRANCHE07=X:BELØB=1:SÆSON=EJSÆSON,2021-09-01,0.0
DST:FIKS22:BRANCHE07=X:BELØB=1:SÆSON=EJSÆSON,2021-10-01,1.0
DST:FIKS22:BRANCHE07=X:BELØB=1:SÆSON=EJSÆSON,2021-11-01,1.0
DST:FIKS22:BRANCHE07=X:BELØB=1:SÆSON=EJSÆSON,2021-12-01,1.0
DST:FIKS22:BRANCHE07=X:BELØB=1:SÆSON=EJSÆSON,2022-01-01,0.0
DST:FIKS22:BRANCHE07=X:BELØB=1:SÆSON=EJSÆSON,2022-02-01,0.0
DST:FIKS22:BRANCHE07=X:BELØB=1:SÆSON=EJSÆSON,2022-03-01,0.0
DST:FIKS22:BRANCHE07=X:BELØB=1:SÆSON=EJSÆSON,2022-04-01,0.0
DST:FIKS22:BRANCHE07=X:BELØB=1:SÆSON=EJSÆSON,2022-05-01,0.0
DST:FIKS22:BRANCHE07=X:BELØB=1:SÆSON=EJSÆSON,2022-06-01,0.0
DST:FIKS22:BRANCHE07=X:BELØB=1:SÆSON=EJSÆSON,2022-07-01,0.0
DST:FIKS22:BRANCHE07=X:BELØB=1:SÆSON=EJSÆSON,2022-08-01,0.0
DST:FIKS22:BRANCHE07=X:BELØB=1:SÆSON=EJSÆSON,2022-09-01,0.0
DST:FIKS22:BRANCHE07=X:BELØB=1:SÆSON=EJSÆSON,2022-10-01,0.0
DST:FIKS22:BRANCHE07=X:BELØB=1:SÆSON=EJSÆSON,2022-11-01,0.0
DST:FIKS22:BRANCHE07=X:BELØB=1:SÆSON=EJSÆSON,2022-12-01,0.0
DST:FIKS22:BRANCHE07=X:BELØB=1:SÆSON=EJSÆSON,2023-01-01,0.0
DST:FIKS22:BRANCHE07=X:BELØB=1:SÆSON=EJSÆSON,2023-02-01,0.0
DST:FIKS22:BRANCHE07=X:BELØB=1:SÆSON=EJSÆSON,2023-03-01,0.0
DST:FIKS22:BRANCHE07=X:BELØB=1:SÆSON=EJSÆSON,2023-04-01,0.0
DST:FIKS22:BRANCHE07=X:BELØB=1:SÆSON=EJSÆSON,2023-05-01,0.0
DST:FIKS22:BRANCHE07=X:BELØB=1:SÆSON=EJSÆSON,2023-06-01,0.0
DST:FIKS22:BRANCHE07=X:BELØB=1:SÆSON=EJSÆSON,2023-07-01,0.0
DST:FIKS22:BRANCHE07=X:BELØB=1:SÆSON=EJSÆSON,2023-08-01,0.0
DST:FIKS22:BRANCHE07=X:BELØB=1:SÆSON=EJSÆSON,2023-09-01,1.0
DST:FIKS22:BRANCHE07=X:BELØB=1:SÆSON=EJSÆSON,2023-10-01,1.0
DST:FIKS22:BRANCHE07=X:BELØB=1:SÆSON=EJSÆSON,2023-11-01,1.0
DST:FIKS22:BRANCHE07=X:BELØB=1:SÆSON=EJSÆSON,2023-12-01,1.0
DST:FIKS22:BRANCHE07=X:BELØB=1:SÆSON=EJSÆSON,2024-01-01,0.0
DST:FIKS22:BRANCHE07=X:BELØB=1:SÆSON=EJSÆSON,2024-02-01,0.0
DST:FIKS22:BRANCHE07=X:BELØB=1:SÆSON=EJSÆSON,2024-03-01,0.0
DST:FIKS22:BRANCHE07=X:BELØB=1:SÆSON=EJSÆSON,2024-04-01,0.0
DST:FIKS22:BRANCHE07=X:BELØB=1:SÆSON=EJSÆSON,2024-05-01,0.0
DST:FIKS22:BRANCHE07=X:BELØB=1:SÆSON=EJSÆSON,2024-06-01,1.0
DST:FIKS22:BRANCHE07=X:BELØB=1:SÆSON=EJSÆSON,2024-07-01,0.0
DST:FIKS22:BRANCHE07=X:BELØB=1:SÆSON=EJSÆSON,2024-08-01,0.0
DST:FIKS22:BRANCHE07=X:BELØB=1:SÆSON=EJSÆSON,2024-09-01,0.0
DST:FIKS22:BRANCHE07=X:BELØB=1:SÆSON=SÆSON,2009-01-01,93.0
DST:FIKS22:BRANCHE07=X:BELØB=1:SÆSON=SÆSON,2009-02-01,83.0
DST:FIKS22:BRANCHE07=X:BELØB=1:SÆSON=SÆSON,2009-03-01,102.0
DST:FIKS22:BRANCHE07=X:BELØB=1:SÆSON=SÆSON,2009-04-01,93.0
DST:FIKS22:BRANCHE07=X:BELØB=1:SÆSON=SÆSON,2009-05-01,93.0
DST:FIKS22:BRANCHE07=X:BELØB=1:SÆSON=SÆSON,2009-06-01,86.0
DST:FIKS22:BRANCHE07=X:BELØB=1:SÆSON=SÆSON,2009-07-01,56.0
DST:FIKS22:BRANCHE07=X:BELØB=1:SÆSON=SÆSON,2009-08-01,60.0
DST:FIKS22:BRANCHE07=X:BELØB=1:SÆSON=SÆSON,2009-09-01,66.0
DST:FIKS22:BRANCHE07=X:BELØB=1:SÆSON=SÆSON,2009-10-01,71.0
DST:FIKS22:BRANCHE07=X:BELØB=1:SÆSON=SÆSON,2009-11-01,64.0
DST:FIKS22:BRANCHE07=X:BELØB=1:SÆSON=SÆSON,2009-12-01,79.0
DST:FIKS22:BRANCHE07=X:BELØB=1:SÆSON=SÆSON,2010-01-01,29.0
DST:FIKS22:BRANCHE07=X:BELØB=1:SÆSON=SÆSON,2010-02-01,18.0
DST:FIKS22:BRANCHE07=X:BELØB=1:SÆSON=SÆSON,2010-03-01,22.0
DST:FIKS22:BRANCHE07=X:BELØB=1:SÆSON=SÆSON,2010-04-01,31.0
DST:FIKS22:BRANCHE07=X:BELØB=1:SÆSON=SÆSON,2010-05-01,18.0
DST:FIKS22:BRANCHE07=X:BELØB=1:SÆSON=SÆSON,2010-06-01,19.0
DST:FIKS22:BRANCHE07=X:BELØB=1:SÆSON=SÆSON,2010-07-01,19.0
DST:FIKS22:BRANCHE07=X:BELØB=1:SÆSON=SÆSON,2010-08-01,21.0
DST:FIKS22:BRANCHE07=X:BELØB=1:SÆSON=SÆSON,2010-09-01,24.0
DST:FIKS22:BRANCHE07=X:BELØB=1:SÆSON=SÆSON,2010-10-01,22.0
DST:FIKS22:BRANCHE07=X:BELØB=1:SÆSON=SÆSON,2010-11-01,21.0
DST:FIKS22:BRANCHE07=X:BELØB=1:SÆSON=SÆSON,2010-12-01,19.0
DST:FIKS22:BRANCHE07=X:BELØB=1:SÆSON=SÆSON,2011-01-01,4.0
DST:FIKS22:BRANCHE07=X:BELØB=1:SÆSON=SÆSON,2011-02-01,4.0
DST:FIKS22:BRANCHE07=X:BELØB=1:SÆSON=SÆSON,2011-03-01,3.0
DST:FIKS22:BRANCHE07=X:BELØB=1:SÆSON=SÆSON,2011-04-01,5.0
DST:FIKS22:BRANCHE07=X:BELØB=1:SÆSON=SÆSON,2011-05-01,6.0
DST:FIKS22:BRANCHE07=X:BELØB=1:SÆSON=SÆSON,2011-06-01,5.0
DST:FIKS22:BRANCHE07=X:BELØB=1:SÆSON=SÆSON,2011-07-01,7.0
DST:FIKS22:BRANCHE07=X:BELØB=1:SÆSON=SÆSON,2011-08-01,5.0
DST:FIKS22:BRANCHE07=X:BELØB=1:SÆSON=SÆSON,2011-09-01,5.0
DST:FIKS22:BRANCHE07=X:BELØB=1:SÆSON=SÆSON,2011-10-01,9.0
DST:FIKS22:BRANCHE07=X:BELØB=1:SÆSON=SÆSON,2011-11-01,7.0
DST:FIKS22:BRANCHE07=X:BELØB=1:SÆSON=SÆSON,2011-12-01,8.0
DST:FIKS22:BRANCHE07=X:BELØB=1:SÆSON=SÆSON,2012-01-01,5.0
DST:FIKS22:BRANCHE07=X:BELØB=1:SÆSON=SÆSON,2012-02-01,5.0
DST:FIKS22:BRANCHE07=X:BELØB=1:SÆSON=SÆSON,2012-03-01,5.0
DST:FIKS22:BRANCHE07=X:BELØB=1:SÆSON=SÆSON,2012-04-01,2.0
DST:FIKS22:BRANCHE07=X:BELØB=1:SÆSON=SÆSON,2012-05-01,2.0
DST:FIKS22:BRANCHE07=X:BELØB=1:SÆSON=SÆSON,2012-06-01,2.0
DST:FIKS22:BRANCHE07=X:BELØB=1:SÆSON=SÆSON,2012-07-01,4.0
DST:FIKS22:BRANCHE07=X:BELØB=1:SÆSON=SÆSON,2012-08-01,3.0
DST:FIKS22:BRANCHE07=X:BELØB=1:SÆSON=SÆSON,2012-09-01,3.0
DST:FIKS22:BRANCHE07=X:BELØB=1:SÆSON=SÆSON,2012-10-01,7.0
DST:FIKS22:BRANCHE07=X:BELØB=1:SÆSON=SÆSON,2012-11-01,6.0
DST:FIKS22:BRANCHE07=X:BELØB=1:SÆSON=SÆSON,2012-12-01,6.0
DST:FIKS22:BRANCHE07=X:BELØB=1:SÆSON=SÆSON,2013-01-01,5.0
DST:FIKS22:BRANCHE07=X:BELØB=1:SÆSON=SÆSON,2013-02-01,4.0
DST:FIKS22:BRANCHE07=X:BELØB=1:SÆSON=SÆSON,2013-03-01,5.0
DST:FIKS22:BRANCHE07=X:BELØB=1:SÆSON=SÆSON,2013-04-01,5.0
DST:FIKS22:BRANCHE07=X:BELØB=1:SÆSON=SÆSON,2013-05-01,5.0
DST:FIKS22:BRANCHE07=X:BELØB=1:SÆSON=SÆSON,2013-06-01,5.0
DST:FIKS22:BRANCHE07=X:BELØB=1:SÆSON=SÆSON,2013-07-01,6.0
DST:FIKS22:BRANCHE07=X:BELØB=1:SÆSON=SÆSON,2013-08-01,5.0
DST:FIKS22:BRANCHE07=X:BELØB=1:SÆSON=SÆSON,2013-09-01,6.0
DST:FIKS22:BRANCHE07=X:BELØB=1:SÆSON=SÆSON,2013-10-01,6.0
DST:FIKS22:BRANCHE07=X:BELØB=1:SÆSON=SÆSON,2013-11-01,6.0
DST:FIKS22:BRANCHE07=X:BELØB=1:SÆSON=SÆSON,2013-12-01,6.0
DST:FIKS22:BRANCHE07=X:BELØB=1:SÆSON=SÆSON,2014-01-01,5.0
DST:FIKS22:BRANCHE07=X:BELØB=1:SÆSON=SÆSON,2014-02-01,4.0
DST:FIKS22:BRANCHE07=X:BELØB=1:SÆSON=SÆSON,2014-03-01,5.0
DST:FIKS22:BRANCHE07=X:BELØB=1:SÆSON=SÆSON,2014-04-01,5.0
DST:FIKS22:BRANCHE07=X:BELØB=1:SÆSON=SÆSON,2014-05-01,5.0
DST:FIKS22:BRANCHE07=X:BELØB=1:SÆSON=SÆSON,2014-06-01,5.0
DST:FIKS22:BRANCHE07=X:BELØB=1:SÆSON=SÆSON,2014-07-01,6.0
DST:FIKS22:BRANCHE07=X:BELØB=1:SÆSON=SÆSON,2014-08-01,7.0
DST:FIKS22:BRANCHE07=X:BELØB=1:SÆSON=SÆSON,2014-09-01,7.0
DST:FIKS22:BRANCHE07=X:BELØB=1:SÆSON=SÆSON,2014-10-01,9.0
DST:FIKS22:BRANCHE07=X:BELØB=1:SÆSON=SÆSON,2014-11-01,7.0
DST:FIKS22:BRANCHE07=X:BELØB=1:SÆSON=SÆSON,2014-12-01,8.0
DST:FIKS22:BRANCHE07=X:BELØB=1:SÆSON=SÆSON,2015-01-01,44.0
DST:FIKS22:BRANCHE07=X:BELØB=1:SÆSON=SÆSON,2015-02-01,34.0
DST:FIKS22:BRANCHE07=X:BELØB=1:SÆSON=SÆSON,2015-03-01,63.0
DST:FIKS22:BRANCHE07=X:BELØB=1:SÆSON=SÆSON,2015-04-01,61.0
DST:FIKS22:BRANCHE07=X:BELØB=1:SÆSON=SÆSON,2015-05-01,62.0
DST:FIKS22:BRANCHE07=X:BELØB=1:SÆSON=SÆSON,2015-06-01,49.0
DST:FIKS22:BRANCHE07=X:BELØB=1:SÆSON=SÆSON,2015-07-01,47.0
DST:FIKS22:BRANCHE07=X:BELØB=1:SÆSON=SÆSON,2015-08-01,71.0
DST:FIKS22:BRANCHE07=X:BELØB=1:SÆSON=SÆSON,2015-09-01,127.0
DST:FIKS22:BRANCHE07=X:BELØB=1:SÆSON=SÆSON,2015-10-01,63.0
DST:FIKS22:BRANCHE07=X:BELØB=1:SÆSON=SÆSON,2015-11-01,55.0
DST:FIKS22:BRANCHE07=X:BELØB=1:SÆSON=SÆSON,2015-12-01,45.0
DST:FIKS22:BRANCHE07=X:BELØB=1:SÆSON=SÆSON,2016-01-01,5.0
DST:FIKS22:BRANCHE07=X:BELØB=1:SÆSON=SÆSON,2016-02-01,5.0
DST:FIKS22:BRANCHE07=X:BELØB=1:SÆSON=SÆSON,2016-03-01,5.0
DST:FIKS22:BRANCHE07=X:BELØB=1:SÆSON=SÆSON,2016-04-01,5.0
DST:FIKS22:BRANCHE07=X:BELØB=1:SÆSON=SÆSON,2016-05-01,5.0
DST:FIKS22:BRANCHE07=X:BELØB=1:SÆSON=SÆSON,2016-06-01,5.0
DST:FIKS22:BRANCHE07=X:BELØB=1:SÆSON=SÆSON,2016-07-01,4.0
DST:FIKS22:BRANCHE07=X:BELØB=1:SÆSON=SÆSON,2016-08-01,3.0
DST:FIKS22:BRANCHE07=X:BELØB=1:SÆSON=SÆSON,2016-09-01,4.0
DST:FIKS22:BRANCHE07=X:BELØB=1:SÆSON=SÆSON,2016-10-01,5.0
DST:FIKS22:BRANCHE07=X:BELØB=1:SÆSON=SÆSON,2016-11-01,5.0
DST:FIKS22:BRANCHE07=X:BELØB=1:SÆSON=SÆSON,2016-12-01,6.0
DST:FIKS22:BRANCHE07=X:BELØB=1:SÆSON=SÆSON,2017-01-01,0.0
DST:FIKS22:BRANCHE07=X:BELØB=1:SÆSON=SÆSON,2017-02-01,0.0
DST:FIKS22:BRANCHE07=X:BELØB=1:SÆSON=SÆSON,2017-03-01,0.0
DST:FIKS22:BRANCHE07=X:BELØB=1:SÆSON=SÆSON,2017-04-01,2.0
DST:FIKS22:BRANCHE07=X:BELØB=1:SÆSON=SÆSON,2017-05-01,1.0
DST:FIKS22:BRANCHE07=X:BELØB=1:SÆSON=SÆSON,2017-06-01,2.0
DST:FIKS22:BRANCHE07=X:BELØB=1:SÆSON=SÆSON,2017-07-01,1.0
DST:FIKS22:BRANCHE07=X:BELØB=1:SÆSON=SÆSON,2017-08-01,2.0
DST:FIKS22:BRANCHE07=X:BELØB=1:SÆSON=SÆSON,2017-09-01,2.0
DST:FIKS22:BRANCHE07=X:BELØB=1:SÆSON=SÆSON,2017-10-01,1.0
DST:FIKS22:BRANCHE07=X:BELØB=1:SÆSON=SÆSON,2017-11-01,1.0
DST:FIKS22:BRANCHE07=X:BELØB=1:SÆSON=SÆSON,2017-12-01,1.0
DST:FIKS22:BRANCHE07=X:BELØB=1:SÆSON=SÆSON,2018-01-01,1.0
DST:FIKS22:BRANCHE07=X:BELØB=1:SÆSON=SÆSON,2018-02-01,1.0
DST:FIKS22:BRANCHE07=X:BELØB=1:SÆSON=SÆSON,2018-03-01,1.0
DST:FIKS22:BRANCHE07=X:BELØB=1:SÆSON=SÆSON,2018-04-01,1.0
DST:FIKS22:BRANCHE07=X:BELØB=1:SÆSON=SÆSON,2018-05-01,1.0
DST:FIKS22:BRANCHE07=X:BELØB=1:SÆSON=SÆSON,2018-06-01,1.0
DST:FIKS22:BRANCHE07=X:BELØB=1:SÆSON=SÆSON,2018-07-01,1.0
DST:FIKS22:BRANCHE07=X:BELØB=1:SÆSON=SÆSON,2018-08-01,1.0
DST:FIKS22:BRANCHE07=X:BELØB=1:SÆSON=SÆSON,2018-09-01,1.0
DST:FIKS22:BRANCHE07=X:BELØB=1:SÆSON=SÆSON,2018-10-01,1.0
DST:FIKS22:BRANCHE07=X:BELØB=1:SÆSON=SÆSON,2018-11-01,1.0
DST:FIKS22:BRANCHE07=X:BELØB=1:SÆSON=SÆSON,2018-12-01,2.0
DST:FIKS22:BRANCHE07=X:BELØB=1:SÆSON=SÆSON,2019-01-01,1.0
DST:FIKS22:BRANCHE07=X:BELØB=1:SÆSON=SÆSON,2019-02-01,1.0
DST:FIKS22:BRANCHE07=X:BELØB=1:SÆSON=SÆSON,2019-03-01,1.0
DST:FIKS22:BRANCHE07=X:BELØB=1:SÆSON=SÆSON,2019-04-01,4.0
DST:FIKS22:BRANCHE07=X:BELØB=1:SÆSON=SÆSON,2019-05-01,4.0
DST:FIKS22:BRANCHE07=X:BELØB=1:SÆSON=SÆSON,2019-06-01,4.0
DST:FIKS22:BRANCHE07=X:BELØB=1:SÆSON=SÆSON,2019-07-01,7.0
DST:FIKS22:BRANCHE07=X:BELØB=1:SÆSON=SÆSON,2019-08-01,6.0
DST:FIKS22:BRANCHE07=X:BELØB=1:SÆSON=SÆSON,2019-09-01,6.0
DST:FIKS22:BRANCHE07=X:BELØB=1:SÆSON=SÆSON,2019-10-01,6.0
DST:FIKS22:BRANCHE07=X:BELØB=1:SÆSON=SÆSON,2019-11-01,6.0
DST:FIKS22:BRANCHE07=X:BELØB=1:SÆSON=SÆSON,2019-12-01,8.0
DST:FIKS22:BRANCHE07=X:BELØB=1:SÆSON=SÆSON,2020-01-01,2.0
DST:FIKS22:BRANCHE07=X:BELØB=1:SÆSON=SÆSON,2020-02-01,1.0
DST:FIKS22:BRANCHE07=X:BELØB=1:SÆSON=SÆSON,2020-03-01,0.0
DST:FIKS22:BRANCHE07=X:BELØB=1:SÆSON=SÆSON,2020-04-01,0.0
DST:FIKS22:BRANCHE07=X:BELØB=1:SÆSON=SÆSON,2020-05-01,0.0
DST:FIKS22:BRANCHE07=X:BELØB=1:SÆSON=SÆSON,2020-06-01,0.0
DST:FIKS22:BRANCHE07=X:BELØB=1:SÆSON=SÆSON,2020-07-01,0.0
DST:FIKS22:BRANCHE07=X:BELØB=1:SÆSON=SÆSON,2020-08-01,0.0
DST:FIKS22:BRANCHE07=X:BELØB=1:SÆSON=SÆSON,2020-09-01,0.0
DST:FIKS22:BRANCHE07=X:BELØB=1:SÆSON=SÆSON,2020-10-01,0.0
DST:FIKS22:BRANCHE07=X:BELØB=1:SÆSON=SÆSON,2020-11-01,0.0
DST:FIKS22:BRANCHE07=X:BELØB=1:SÆSON=SÆSON,2020-12-01,0.0
DST:FIKS22:BRANCHE07=X:BELØB=1:SÆSON=SÆSON,2021-01-01,0.0
DST:FIKS22:BRANCHE07=X:BELØB=1:SÆSON=SÆSON,2021-02-01,0.0
DST:FIKS22:BRANCHE07=X:BELØB=1:SÆSON=SÆSON,2021-03-01,0.0
DST:FIKS22:BRANCHE07=X:BELØB=1:SÆSON=SÆSON,2021-04-01,0.0
DST:FIKS22:BRANCHE07=X:BELØB=1:SÆSON=SÆSON,2021-05-01,0.0
DST:FIKS22:BRANCHE07=X:BELØB=1:SÆSON=SÆSON,2021-06-01,0.0
DST:FIKS22:BRANCHE07=X:BELØB=1:SÆSON=SÆSON,2021-07-01,0.0
DST:FIKS22:BRANCHE07=X:BELØB=1:SÆSON=SÆSON,2021-08-01,0.0
DST:FIKS22:BRANCHE07=X:BELØB=1:SÆSON=SÆSON,2021-09-01,0.0
DST:FIKS22:BRANCHE07=X:BELØB=1:SÆSON=SÆSON,2021-10-01,1.0
DST:FIKS22:BRANCHE07=X:BELØB=1:SÆSON=SÆSON,2021-11-01,1.0
DST:FIKS22:BRANCHE07=X:BELØB=1:SÆSON=SÆSON,2021-12-01,1.0
DST:FIKS22:BRANCHE07=X:BELØB=1:SÆSON=SÆSON,2022-01-01,0.0
DST:FIKS22:BRANCHE07=X:BELØB=1:SÆSON=SÆSON,2022-02-01,0.0
DST:FIKS22:BRANCHE07=X:BELØB=1:SÆSON=SÆSON,2022-03-01,0.0
DST:FIKS22:BRANCHE07=X:BELØB=1:SÆSON=SÆSON,2022-04-01,0.0
DST:FIKS22:BRANCHE07=X:BELØB=1:SÆSON=SÆSON,2022-05-01,0.0
DST:FIKS22:BRANCHE07=X:BELØB=1:SÆSON=SÆSON,2022-06-01,0.0
DST:FIKS22:BRANCHE07=X:BELØB=1:SÆSON=SÆSON,2022-07-01,0.0
DST:FIKS22:BRANCHE07=X:BELØB=1:SÆSON=SÆSON,2022-08-01,0.0
DST:FIKS22:BRANCHE07=X:BELØB=1:SÆSON=SÆSON,2022-09-01,0.0
DST:FIKS22:BRANCHE07=X:BELØB=1:SÆSON=SÆSON,2022-10-01,0.0
DST:FIKS22:BRANCHE07=X:BELØB=1:SÆSON=SÆSON,2022-11-01,0.0
DST:FIKS22:BRANCHE07=X:BELØB=1:SÆSON=SÆSON,2022-12-01,0.0
DST:FIKS22:BRANCHE07=X:BELØB=1:SÆSON=SÆSON,2023-01-01,0.0
DST:FIKS22:BRANCHE07=X:BELØB=1:SÆSON=SÆSON,2023-02-01,0.0
DST:FIKS22:BRANCHE07=X:BELØB=1:SÆSON=SÆSON,2023-03-01,0.0
DST:FIKS22:BRANCHE07=X:BELØB=1:SÆSON=SÆSON,2023-04-01,0.0
DST:FIKS22:BRANCHE07=X:BELØB=1:SÆSON=SÆSON,2023-05-01,0.0
DST:FIKS22:BRANCHE07=X:BELØB=1:SÆSON=SÆSON,2023-06-01,0.0
DST:FIKS22:BRANCHE07=X:BELØB=1:SÆSON=SÆSON,2023-07-01,0.0
DST:FIKS22:BRANCHE07=X:BELØB=1:SÆSON=SÆSON,2023-08-01,0.0
DST:FIKS22:BRANCHE07=X:BELØB=1:SÆSON=SÆSON,2023-09-01,1.0
DST:FIKS22:BRANCHE07=X:BELØB=1:SÆSON=SÆSON,2023-10-01,1.0
DST:FIKS22:BRANCHE07=X:BELØB=1:SÆSON=SÆSON,2023-11-01,1.0
DST:FIKS22:BRANCHE07=X:BELØB=1:SÆSON=SÆSON,2023-12-01,1.0
DST:FIKS22:BRANCHE07=X:BELØB=1:SÆSON=SÆSON,2024-01-01,0.0
DST:FIKS22:BRANCHE07=X:BELØB=1:SÆSON=SÆSON,2024-02-01,0.0
DST:FIKS22:BRANCHE07=X:BELØB=1:SÆSON=SÆSON,2024-03-01,0.0
DST:FIKS22:BRANCHE07=X:BELØB=1:SÆSON=SÆSON,2024-04-01,0.0
DST:FIKS22:BRANCHE07=X:BELØB=1:SÆSON=SÆSON,2024-05-01,0.0
DST:FIKS22:BRANCHE07=X:BELØB=1:SÆSON=SÆSON,2024-06-01,1.0
DST:FIKS22:BRANCHE07=X:BELØB=1:SÆSON=SÆSON,2024-07-01,0.0
DST:FIKS22:BRANCHE07=X:BELØB=1:SÆSON=SÆSON,2024-08-01,0.0
DST:FIKS22:BRANCHE07=X:BELØB=1:SÆSON=SÆSON,2024-09-01,0.0
DST:FIKS22:BRANCHE07=X:BELØB=3:SÆSON=EJSÆSON,2009-01-01,99.0
DST:FIKS22:BRANCHE07=X:BELØB=3:SÆSON=EJSÆSON,2009-02-01,86.0
DST:FIKS22:BRANCHE07=X:BELØB=3:SÆSON=EJSÆSON,2009-03-01,98.0
DST:FIKS22:BRANCHE07=X:BELØB=3:SÆSON=EJSÆSON,2009-04-01,92.0
DST:FIKS22:BRANCHE07=X:BELØB=3:SÆSON=EJSÆSON,2009-05-01,69.0
DST:FIKS22:BRANCHE07=X:BELØB=3:SÆSON=EJSÆSON,2009-06-01,64.0
DST:FIKS22:BRANCHE07=X:BELØB=3:SÆSON=EJSÆSON,2009-07-01,50.0
DST:FIKS22:BRANCHE07=X:BELØB=3:SÆSON=EJSÆSON,2009-08-01,50.0
DST:FIKS22:BRANCHE07=X:BELØB=3:SÆSON=EJSÆSON,2009-09-01,56.0
DST:FIKS22:BRANCHE07=X:BELØB=3:SÆSON=EJSÆSON,2009-10-01,67.0
DST:FIKS22:BRANCHE07=X:BELØB=3:SÆSON=EJSÆSON,2009-11-01,46.0
DST:FIKS22:BRANCHE07=X:BELØB=3:SÆSON=EJSÆSON,2009-12-01,56.0
DST:FIKS22:BRANCHE07=X:BELØB=3:SÆSON=EJSÆSON,2010-01-01,16.0
DST:FIKS22:BRANCHE07=X:BELØB=3:SÆSON=EJSÆSON,2010-02-01,15.0
DST:FIKS22:BRANCHE07=X:BELØB=3:SÆSON=EJSÆSON,2010-03-01,19.0
DST:FIKS22:BRANCHE07=X:BELØB=3:SÆSON=EJSÆSON,2010-04-01,21.0
DST:FIKS22:BRANCHE07=X:BELØB=3:SÆSON=EJSÆSON,2010-05-01,21.0
DST:FIKS22:BRANCHE07=X:BELØB=3:SÆSON=EJSÆSON,2010-06-01,21.0
DST:FIKS22:BRANCHE07=X:BELØB=3:SÆSON=EJSÆSON,2010-07-01,17.0
DST:FIKS22:BRANCHE07=X:BELØB=3:SÆSON=EJSÆSON,2010-08-01,19.0
DST:FIKS22:BRANCHE07=X:BELØB=3:SÆSON=EJSÆSON,2010-09-01,23.0
DST:FIKS22:BRANCHE07=X:BELØB=3:SÆSON=EJSÆSON,2010-10-01,20.0
DST:FIKS22:BRANCHE07=X:BELØB=3:SÆSON=EJSÆSON,2010-11-01,19.0
DST:FIKS22:BRANCHE07=X:BELØB=3:SÆSON=EJSÆSON,2010-12-01,22.0
DST:FIKS22:BRANCHE07=X:BELØB=3:SÆSON=EJSÆSON,2011-01-01,4.0
DST:FIKS22:BRANCHE07=X:BELØB=3:SÆSON=EJSÆSON,2011-02-01,4.0
DST:FIKS22:BRANCHE07=X:BELØB=3:SÆSON=EJSÆSON,2011-03-01,5.0
DST:FIKS22:BRANCHE07=X:BELØB=3:SÆSON=EJSÆSON,2011-04-01,5.0
DST:FIKS22:BRANCHE07=X:BELØB=3:SÆSON=EJSÆSON,2011-05-01,5.0
DST:FIKS22:BRANCHE07=X:BELØB=3:SÆSON=EJSÆSON,2011-06-01,4.0
DST:FIKS22:BRANCHE07=X:BELØB=3:SÆSON=EJSÆSON,2011-07-01,5.0
DST:FIKS22:BRANCHE07=X:BELØB=3:SÆSON=EJSÆSON,2011-08-01,5.0
DST:FIKS22:BRANCHE07=X:BELØB=3:SÆSON=EJSÆSON,2011-09-01,6.0
DST:FIKS22:BRANCHE07=X:BELØB=3:SÆSON=EJSÆSON,2011-10-01,8.0
DST:FIKS22:BRANCHE07=X:BELØB=3:SÆSON=EJSÆSON,2011-11-01,7.0
DST:FIKS22:BRANCHE07=X:BELØB=3:SÆSON=EJSÆSON,2011-12-01,9.0
DST:FIKS22:BRANCHE07=X:BELØB=3:SÆSON=EJSÆSON,2012-01-01,5.0
DST:FIKS22:BRANCHE07=X:BELØB=3:SÆSON=EJSÆSON,2012-02-01,5.0
DST:FIKS22:BRANCHE07=X:BELØB=3:SÆSON=EJSÆSON,2012-03-01,5.0
DST:FIKS22:BRANCHE07=X:BELØB=3:SÆSON=EJSÆSON,2012-04-01,3.0
DST:FIKS22:BRANCHE07=X:BELØB=3:SÆSON=EJSÆSON,2012-05-01,3.0
DST:FIKS22:BRANCHE07=X:BELØB=3:SÆSON=EJSÆSON,2012-06-01,3.0
DST:FIKS22:BRANCHE07=X:BELØB=3:SÆSON=EJSÆSON,2012-07-01,3.0
DST:FIKS22:BRANCHE07=X:BELØB=3:SÆSON=EJSÆSON,2012-08-01,3.0
DST:FIKS22:BRANCHE07=X:BELØB=3:SÆSON=EJSÆSON,2012-09-01,3.0
DST:FIKS22:BRANCHE07=X:BELØB=3:SÆSON=EJSÆSON,2012-10-01,6.0
DST:FIKS22:BRANCHE07=X:BELØB=3:SÆSON=EJSÆSON,2012-11-01,6.0
DST:FIKS22:BRANCHE07=X:BELØB=3:SÆSON=EJSÆSON,2012-12-01,6.0
DST:FIKS22:BRANCHE07=X:BELØB=3:SÆSON=EJSÆSON,2013-01-01,4.0
DST:FIKS22:BRANCHE07=X:BELØB=3:SÆSON=EJSÆSON,2013-02-01,3.0
DST:FIKS22:BRANCHE07=X:BELØB=3:SÆSON=EJSÆSON,2013-03-01,4.0
DST:FIKS22:BRANCHE07=X:BELØB=3:SÆSON=EJSÆSON,2013-04-01,6.0
DST:FIKS22:BRANCHE07=X:BELØB=3:SÆSON=EJSÆSON,2013-05-01,5.0
DST:FIKS22:BRANCHE07=X:BELØB=3:SÆSON=EJSÆSON,2013-06-01,5.0
DST:FIKS22:BRANCHE07=X:BELØB=3:SÆSON=EJSÆSON,2013-07-01,6.0
DST:FIKS22:BRANCHE07=X:BELØB=3:SÆSON=EJSÆSON,2013-08-01,5.0
DST:FIKS22:BRANCHE07=X:BELØB=3:SÆSON=EJSÆSON,2013-09-01,6.0
DST:FIKS22:BRANCHE07=X:BELØB=3:SÆSON=EJSÆSON,2013-10-01,8.0
DST:FIKS22:BRANCHE07=X:BELØB=3:SÆSON=EJSÆSON,2013-11-01,7.0
DST:FIKS22:BRANCHE07=X:BELØB=3:SÆSON=EJSÆSON,2013-12-01,6.0
DST:FIKS22:BRANCHE07=X:BELØB=3:SÆSON=EJSÆSON,2014-01-01,4.0
DST:FIKS22:BRANCHE07=X:BELØB=3:SÆSON=EJSÆSON,2014-02-01,3.0
DST:FIKS22:BRANCHE07=X:BELØB=3:SÆSON=EJSÆSON,2014-03-01,3.0
DST:FIKS22:BRANCHE07=X:BELØB=3:SÆSON=EJSÆSON,2014-04-01,4.0
DST:FIKS22:BRANCHE07=X:BELØB=3:SÆSON=EJSÆSON,2014-05-01,3.0
DST:FIKS22:BRANCHE07=X:BELØB=3:SÆSON=EJSÆSON,2014-06-01,4.0
DST:FIKS22:BRANCHE07=X:BELØB=3:SÆSON=EJSÆSON,2014-07-01,4.0
DST:FIKS22:BRANCHE07=X:BELØB=3:SÆSON=EJSÆSON,2014-08-01,7.0
DST:FIKS22:BRANCHE07=X:BELØB=3:SÆSON=EJSÆSON,2014-09-01,7.0
DST:FIKS22:BRANCHE07=X:BELØB=3:SÆSON=EJSÆSON,2014-10-01,8.0
DST:FIKS22:BRANCHE07=X:BELØB=3:SÆSON=EJSÆSON,2014-11-01,7.0
DST:FIKS22:BRANCHE07=X:BELØB=3:SÆSON=EJSÆSON,2014-12-01,10.0
DST:FIKS22:BRANCHE07=X:BELØB=3:SÆSON=EJSÆSON,2015-01-01,44.0
DST:FIKS22:BRANCHE07=X:BELØB=3:SÆSON=EJSÆSON,2015-02-01,34.0
DST:FIKS22:BRANCHE07=X:BELØB=3:SÆSON=EJSÆSON,2015-03-01,63.0
DST:FIKS22:BRANCHE07=X:BELØB=3:SÆSON=EJSÆSON,2015-04-01,60.0
DST:FIKS22:BRANCHE07=X:BELØB=3:SÆSON=EJSÆSON,2015-05-01,61.0
DST:FIKS22:BRANCHE07=X:BELØB=3:SÆSON=EJSÆSON,2015-06-01,48.0
DST:FIKS22:BRANCHE07=X:BELØB=3:SÆSON=EJSÆSON,2015-07-01,46.0
DST:FIKS22:BRANCHE07=X:BELØB=3:SÆSON=EJSÆSON,2015-08-01,70.0
DST:FIKS22:BRANCHE07=X:BELØB=3:SÆSON=EJSÆSON,2015-09-01,125.0
DST:FIKS22:BRANCHE07=X:BELØB=3:SÆSON=EJSÆSON,2015-10-01,61.0
DST:FIKS22:BRANCHE07=X:BELØB=3:SÆSON=EJSÆSON,2015-11-01,53.0
DST:FIKS22:BRANCHE07=X:BELØB=3:SÆSON=EJSÆSON,2015-12-01,43.0
DST:FIKS22:BRANCHE07=X:BELØB=3:SÆSON=EJSÆSON,2016-01-01,3.0
DST:FIKS22:BRANCHE07=X:BELØB=3:SÆSON=EJSÆSON,2016-02-01,3.0
DST:FIKS22:BRANCHE07=X:BELØB=3:SÆSON=EJSÆSON,2016-03-01,3.0
DST:FIKS22:BRANCHE07=X:BELØB=3:SÆSON=EJSÆSON,2016-04-01,3.0
DST:FIKS22:BRANCHE07=X:BELØB=3:SÆSON=EJSÆSON,2016-05-01,3.0
DST:FIKS22:BRANCHE07=X:BELØB=3:SÆSON=EJSÆSON,2016-06-01,3.0
DST:FIKS22:BRANCHE07=X:BELØB=3:SÆSON=EJSÆSON,2016-07-01,2.0
DST:FIKS22:BRANCHE07=X:BELØB=3:SÆSON=EJSÆSON,2016-08-01,2.0
DST:FIKS22:BRANCHE07=X:BELØB=3:SÆSON=EJSÆSON,2016-09-01,2.0
DST:FIKS22:BRANCHE07=X:BELØB=3:SÆSON=EJSÆSON,2016-10-01,5.0
DST:FIKS22:BRANCHE07=X:BELØB=3:SÆSON=EJSÆSON,2016-11-01,5.0
DST:FIKS22:BRANCHE07=X:BELØB=3:SÆSON=EJSÆSON,2016-12-01,6.0
DST:FIKS22:BRANCHE07=X:BELØB=3:SÆSON=EJSÆSON,2017-01-01,0.0
DST:FIKS22:BRANCHE07=X:BELØB=3:SÆSON=EJSÆSON,2017-02-01,0.0
DST:FIKS22:BRANCHE07=X:BELØB=3:SÆSON=EJSÆSON,2017-03-01,0.0
DST:FIKS22:BRANCHE07=X:BELØB=3:SÆSON=EJSÆSON,2017-04-01,1.0
DST:FIKS22:BRANCHE07=X:BELØB=3:SÆSON=EJSÆSON,2017-05-01,1.0
DST:FIKS22:BRANCHE07=X:BELØB=3:SÆSON=EJSÆSON,2017-06-01,1.0
DST:FIKS22:BRANCHE07=X:BELØB=3:SÆSON=EJSÆSON,2017-07-01,1.0
DST:FIKS22:BRANCHE07=X:BELØB=3:SÆSON=EJSÆSON,2017-08-01,1.0
DST:FIKS22:BRANCHE07=X:BELØB=3:SÆSON=EJSÆSON,2017-09-01,1.0
DST:FIKS22:BRANCHE07=X:BELØB=3:SÆSON=EJSÆSON,2017-10-01,0.0
DST:FIKS22:BRANCHE07=X:BELØB=3:SÆSON=EJSÆSON,2017-11-01,0.0
DST:FIKS22:BRANCHE07=X:BELØB=3:SÆSON=EJSÆSON,2017-12-01,0.0
DST:FIKS22:BRANCHE07=X:BELØB=3:SÆSON=EJSÆSON,2018-01-01,0.0
DST:FIKS22:BRANCHE07=X:BELØB=3:SÆSON=EJSÆSON,2018-02-01,0.0
DST:FIKS22:BRANCHE07=X:BELØB=3:SÆSON=EJSÆSON,2018-03-01,0.0
DST:FIKS22:BRANCHE07=X:BELØB=3:SÆSON=EJSÆSON,2018-04-01,1.0
DST:FIKS22:BRANCHE07=X:BELØB=3:SÆSON=EJSÆSON,2018-05-01,1.0
DST:FIKS22:BRANCHE07=X:BELØB=3:SÆSON=EJSÆSON,2018-06-01,1.0
DST:FIKS22:BRANCHE07=X:BELØB=3:SÆSON=EJSÆSON,2018-07-01,1.0
DST:FIKS22:BRANCHE07=X:BELØB=3:SÆSON=EJSÆSON,2018-08-01,1.0
DST:FIKS22:BRANCHE07=X:BELØB=3:SÆSON=EJSÆSON,2018-09-01,1.0
DST:FIKS22:BRANCHE07=X:BELØB=3:SÆSON=EJSÆSON,2018-10-01,1.0
DST:FIKS22:BRANCHE07=X:BELØB=3:SÆSON=EJSÆSON,2018-11-01,1.0
DST:FIKS22:BRANCHE07=X:BELØB=3:SÆSON=EJSÆSON,2018-12-01,1.0
DST:FIKS22:BRANCHE07=X:BELØB=3:SÆSON=EJSÆSON,2019-01-01,2.0
DST:FIKS22:BRANCHE07=X:BELØB=3:SÆSON=EJSÆSON,2019-02-01,1.0
DST:FIKS22:BRANCHE07=X:BELØB=3:SÆSON=EJSÆSON,2019-03-01,2.0
DST:FIKS22:BRANCHE07=X:BELØB=3:SÆSON=EJSÆSON,2019-04-01,3.0
DST:FIKS22:BRANCHE07=X:BELØB=3:SÆSON=EJSÆSON,2019-05-01,3.0
DST:FIKS22:BRANCHE07=X:BELØB=3:SÆSON=EJSÆSON,2019-06-01,2.0
DST:FIKS22:BRANCHE07=X:BELØB=3:SÆSON=EJSÆSON,2019-07-01,2.0
DST:FIKS22:BRANCHE07=X:BELØB=3:SÆSON=EJSÆSON,2019-08-01,2.0
DST:FIKS22:BRANCHE07=X:BELØB=3:SÆSON=EJSÆSON,2019-09-01,3.0
DST:FIKS22:BRANCHE07=X:BELØB=3:SÆSON=EJSÆSON,2019-10-01,3.0
DST:FIKS22:BRANCHE07=X:BELØB=3:SÆSON=EJSÆSON,2019-11-01,4.0
DST:FIKS22:BRANCHE07=X:BELØB=3:SÆSON=EJSÆSON,2019-12-01,4.0
DST:FIKS22:BRANCHE07=X:BELØB=3:SÆSON=EJSÆSON,2020-01-01,1.0
DST:FIKS22:BRANCHE07=X:BELØB=3:SÆSON=EJSÆSON,2020-02-01,1.0
DST:FIKS22:BRANCHE07=X:BELØB=3:SÆSON=EJSÆSON,2020-03-01,0.0
DST:FIKS22:BRANCHE07=X:BELØB=3:SÆSON=EJSÆSON,2020-04-01,0.0
DST:FIKS22:BRANCHE07=X:BELØB=3:SÆSON=EJSÆSON,2020-05-01,0.0
DST:FIKS22:BRANCHE07=X:BELØB=3:SÆSON=EJSÆSON,2020-06-01,0.0
DST:FIKS22:BRANCHE07=X:BELØB=3:SÆSON=EJSÆSON,2020-07-01,0.0
DST:FIKS22:BRANCHE07=X:BELØB=3:SÆSON=EJSÆSON,2020-08-01,0.0
DST:FIKS22:BRANCHE07=X:BELØB=3:SÆSON=EJSÆSON,2020-09-01,0.0
DST:FIKS22:BRANCHE07=X:BELØB=3:SÆSON=EJSÆSON,2020-10-01,1.0
DST:FIKS22:BRANCHE07=X:BELØB=3:SÆSON=EJSÆSON,2020-11-01,0.0
DST:FIKS22:BRANCHE07=X:BELØB=3:SÆSON=EJSÆSON,2020-12-01,1.0
DST:FIKS22:BRANCHE07=X:BELØB=3:SÆSON=EJSÆSON,2021-01-01,0.0
DST:FIKS22:BRANCHE07=X:BELØB=3:SÆSON=EJSÆSON,2021-02-01,0.0
DST:FIKS22:BRANCHE07=X:BELØB=3:SÆSON=EJSÆSON,2021-03-01,0.0
DST:FIKS22:BRANCHE07=X:BELØB=3:SÆSON=EJSÆSON,2021-04-01,0.0
DST:FIKS22:BRANCHE07=X:BELØB=3:SÆSON=EJSÆSON,2021-05-01,0.0
DST:FIKS22:BRANCHE07=X:BELØB=3:SÆSON=EJSÆSON,2021-06-01,0.0
DST:FIKS22:BRANCHE07=X:BELØB=3:SÆSON=EJSÆSON,2021-07-01,0.0
DST:FIKS22:BRANCHE07=X:BELØB=3:SÆSON=EJSÆSON,2021-08-01,0.0
DST:FIKS22:BRANCHE07=X:BELØB=3:SÆSON=EJSÆSON,2021-09-01,0.0
DST:FIKS22:BRANCHE07=X:BELØB=3:SÆSON=EJSÆSON,2021-10-01,0.0
DST:FIKS22:BRANCHE07=X:BELØB=3:SÆSON=EJSÆSON,2021-11-01,0.0
DST:FIKS22:BRANCHE07=X:BELØB=3:SÆSON=EJSÆSON,2021-12-01,1.0
DST:FIKS22:BRANCHE07=X:BELØB=3:SÆSON=EJSÆSON,2022-01-01,0.0
DST:FIKS22:BRANCHE07=X:BELØB=3:SÆSON=EJSÆSON,2022-02-01,0.0
DST:FIKS22:BRANCHE07=X:BELØB=3:SÆSON=EJSÆSON,2022-03-01,0.0
DST:FIKS22:BRANCHE07=X:BELØB=3:SÆSON=EJSÆSON,2022-04-01,0.0
DST:FIKS22:BRANCHE07=X:BELØB=3:SÆSON=EJSÆSON,2022-05-01,0.0
DST:FIKS22:BRANCHE07=X:BELØB=3:SÆSON=EJSÆSON,2022-06-01,0.0
DST:FIKS22:BRANCHE07=X:BELØB=3:SÆSON=EJSÆSON,2022-07-01,0.0
DST:FIKS22:BRANCHE07=X:BELØB=3:SÆSON=EJSÆSON,2022-08-01,0.0
DST:FIKS22:BRANCHE07=X:BELØB=3:SÆSON=EJSÆSON,2022-09-01,0.0
DST:FIKS22:BRANCHE07=X:BELØB=3:SÆSON=EJSÆSON,2022-10-01,0.0
DST:FIKS22:BRANCHE07=X:BELØB=3:SÆSON=EJSÆSON,2022-11-01,0.0
DST:FIKS22:BRANCHE07=X:BELØB=3:SÆSON=EJSÆSON,2022-12-01,0.0
DST:FIKS22:BRANCHE07=X:BELØB=3:SÆSON=EJSÆSON,2023-01-01,0.0
DST:FIKS22:BRANCHE07=X:BELØB=3:SÆSON=EJSÆSON,2023-02-01,0.0
DST:FIKS22:BRANCHE07=X:BELØB=3:SÆSON=EJSÆSON,2023-03-01,0.0
DST:FIKS22:BRANCHE07=X:BELØB=3:SÆSON=EJSÆSON,2023-04-01,0.0
DST:FIKS22:BRANCHE07=X:BELØB=3:SÆSON=EJSÆSON,2023-05-01,0.0
DST:FIKS22:BRANCHE07=X:BELØB=3:SÆSON=EJSÆSON,2023-06-01,0.0
DST:FIKS22:BRANCHE07=X:BELØB=3:SÆSON=EJSÆSON,2023-07-01,0.0
DST:FIKS22:BRANCHE07=X:BELØB=3:SÆSON=EJSÆSON,2023-08-01,0.0
DST:FIKS22:BRANCHE07=X:BELØB=3:SÆSON=EJSÆSON,2023-09-01,0.0
DST:FIKS22:BRANCHE07=X:BELØB=3:SÆSON=EJSÆSON,2023-10-01,0.0
DST:FIKS22:BRANCHE07=X:BELØB=3:SÆSON=EJSÆSON,2023-11-01,0.0
DST:FIKS22:BRANCHE07=X:BELØB=3:SÆSON=EJSÆSON,2023-12-01,0.0
DST:FIKS22:BRANCHE07=X:BELØB=3:SÆSON=EJSÆSON,2024-01-01,0.0
DST:FIKS22:BRANCHE07=X:BELØB=3:SÆSON=EJSÆSON,2024-02-01,0.0
DST:FIKS22:BRANCHE07=X:BELØB=3:SÆSON=EJSÆSON,2024-03-01,0.0
DST:FIKS22:BRANCHE07=X:BELØB=3:SÆSON=EJSÆSON,2024-04-01,0.0
DST:FIKS22:BRANCHE07=X:BELØB=3:SÆSON=EJSÆSON,2024-05-01,0.0
DST:FIKS22:BRANCHE07=X:BELØB=3:SÆSON=EJSÆSON,2024-06-01,106.0
DST:FIKS22:BRANCHE07=X:BELØB=3:SÆSON=EJSÆSON,2024-07-01,0.0
DST:FIKS22:BRANCHE07=X:BELØB=3:SÆSON=EJSÆSON,2024-08-01,0.0
DST:FIKS22:BRANCHE07=X:BELØB=3:SÆSON=EJSÆSON,2024-09-01,0.0
DST:FIKS22:BRANCHE07=X:BELØB=3:SÆSON=SÆSON,2009-01-01,98.0
DST:FIKS22:BRANCHE07=X:BELØB=3:SÆSON=SÆSON,2009-02-01,86.0
DST:FIKS22:BRANCHE07=X:BELØB=3:SÆSON=SÆSON,2009-03-01,97.0
DST:FIKS22:BRANCHE07=X:BELØB=3:SÆSON=SÆSON,2009-04-01,92.0
DST:FIKS22:BRANCHE07=X:BELØB=3:SÆSON=SÆSON,2009-05-01,68.0
DST:FIKS22:BRANCHE07=X:BELØB=3:SÆSON=SÆSON,2009-06-01,64.0
DST:FIKS22:BRANCHE07=X:BELØB=3:SÆSON=SÆSON,2009-07-01,51.0
DST:FIKS22:BRANCHE07=X:BELØB=3:SÆSON=SÆSON,2009-08-01,50.0
DST:FIKS22:BRANCHE07=X:BELØB=3:SÆSON=SÆSON,2009-09-01,57.0
DST:FIKS22:BRANCHE07=X:BELØB=3:SÆSON=SÆSON,2009-10-01,67.0
DST:FIKS22:BRANCHE07=X:BELØB=3:SÆSON=SÆSON,2009-11-01,47.0
DST:FIKS22:BRANCHE07=X:BELØB=3:SÆSON=SÆSON,2009-12-01,55.0
DST:FIKS22:BRANCHE07=X:BELØB=3:SÆSON=SÆSON,2010-01-01,15.0
DST:FIKS22:BRANCHE07=X:BELØB=3:SÆSON=SÆSON,2010-02-01,15.0
DST:FIKS22:BRANCHE07=X:BELØB=3:SÆSON=SÆSON,2010-03-01,19.0
DST:FIKS22:BRANCHE07=X:BELØB=3:SÆSON=SÆSON,2010-04-01,21.0
DST:FIKS22:BRANCHE07=X:BELØB=3:SÆSON=SÆSON,2010-05-01,21.0
DST:FIKS22:BRANCHE07=X:BELØB=3:SÆSON=SÆSON,2010-06-01,21.0
DST:FIKS22:BRANCHE07=X:BELØB=3:SÆSON=SÆSON,2010-07-01,18.0
DST:FIKS22:BRANCHE07=X:BELØB=3:SÆSON=SÆSON,2010-08-01,20.0
DST:FIKS22:BRANCHE07=X:BELØB=3:SÆSON=SÆSON,2010-09-01,23.0
DST:FIKS22:BRANCHE07=X:BELØB=3:SÆSON=SÆSON,2010-10-01,20.0
DST:FIKS22:BRANCHE07=X:BELØB=3:SÆSON=SÆSON,2010-11-01,20.0
DST:FIKS22:BRANCHE07=X:BELØB=3:SÆSON=SÆSON,2010-12-01,20.0
DST:FIKS22:BRANCHE07=X:BELØB=3:SÆSON=SÆSON,2011-01-01,3.0
DST:FIKS22:BRANCHE07=X:BELØB=3:SÆSON=SÆSON,2011-02-01,4.0
DST:FIKS22:BRANCHE07=X:BELØB=3:SÆSON=SÆSON,2011-03-01,5.0
DST:FIKS22:BRANCHE07=X:BELØB=3:SÆSON=SÆSON,2011-04-01,4.0
DST:FIKS22:BRANCHE07=X:BELØB=3:SÆSON=SÆSON,2011-05-01,5.0
DST:FIKS22:BRANCHE07=X:BELØB=3:SÆSON=SÆSON,2011-06-01,5.0
DST:FIKS22:BRANCHE07=X:BELØB=3:SÆSON=SÆSON,2011-07-01,5.0
DST:FIKS22:BRANCHE07=X:BELØB=3:SÆSON=SÆSON,2011-08-01,6.0
DST:FIKS22:BRANCHE07=X:BELØB=3:SÆSON=SÆSON,2011-09-01,7.0
DST:FIKS22:BRANCHE07=X:BELØB=3:SÆSON=SÆSON,2011-10-01,8.0
DST:FIKS22:BRANCHE07=X:BELØB=3:SÆSON=SÆSON,2011-11-01,8.0
DST:FIKS22:BRANCHE07=X:BELØB=3:SÆSON=SÆSON,2011-12-01,8.0
DST:FIKS22:BRANCHE07=X:BELØB=3:SÆSON=SÆSON,2012-01-01,4.0
DST:FIKS22:BRANCHE07=X:BELØB=3:SÆSON=SÆSON,2012-02-01,5.0
DST:FIKS22:BRANCHE07=X:BELØB=3:SÆSON=SÆSON,2012-03-01,5.0
DST:FIKS22:BRANCHE07=X:BELØB=3:SÆSON=SÆSON,2012-04-01,3.0
DST:FIKS22:BRANCHE07=X:BELØB=3:SÆSON=SÆSON,2012-05-01,3.0
DST:FIKS22:BRANCHE07=X:BELØB=3:SÆSON=SÆSON,2012-06-01,4.0
DST:FIKS22:BRANCHE07=X:BELØB=3:SÆSON=SÆSON,2012-07-01,3.0
DST:FIKS22:BRANCHE07=X:BELØB=3:SÆSON=SÆSON,2012-08-01,4.0
DST:FIKS22:BRANCHE07=X:BELØB=3:SÆSON=SÆSON,2012-09-01,4.0
DST:FIKS22:BRANCHE07=X:BELØB=3:SÆSON=SÆSON,2012-10-01,6.0
DST:FIKS22:BRANCHE07=X:BELØB=3:SÆSON=SÆSON,2012-11-01,6.0
DST:FIKS22:BRANCHE07=X:BELØB=3:SÆSON=SÆSON,2012-12-01,4.0
DST:FIKS22:BRANCHE07=X:BELØB=3:SÆSON=SÆSON,2013-01-01,4.0
DST:FIKS22:BRANCHE07=X:BELØB=3:SÆSON=SÆSON,2013-02-01,3.0
DST:FIKS22:BRANCHE07=X:BELØB=3:SÆSON=SÆSON,2013-03-01,4.0
DST:FIKS22:BRANCHE07=X:BELØB=3:SÆSON=SÆSON,2013-04-01,6.0
DST:FIKS22:BRANCHE07=X:BELØB=3:SÆSON=SÆSON,2013-05-01,6.0
DST:FIKS22:BRANCHE07=X:BELØB=3:SÆSON=SÆSON,2013-06-01,5.0
DST:FIKS22:BRANCHE07=X:BELØB=3:SÆSON=SÆSON,2013-07-01,6.0
DST:FIKS22:BRANCHE07=X:BELØB=3:SÆSON=SÆSON,2013-08-01,6.0
DST:FIKS22:BRANCHE07=X:BELØB=3:SÆSON=SÆSON,2013-09-01,7.0
DST:FIKS22:BRANCHE07=X:BELØB=3:SÆSON=SÆSON,2013-10-01,8.0
DST:FIKS22:BRANCHE07=X:BELØB=3:SÆSON=SÆSON,2013-11-01,7.0
DST:FIKS22:BRANCHE07=X:BELØB=3:SÆSON=SÆSON,2013-12-01,5.0
DST:FIKS22:BRANCHE07=X:BELØB=3:SÆSON=SÆSON,2014-01-01,3.0
DST:FIKS22:BRANCHE07=X:BELØB=3:SÆSON=SÆSON,2014-02-01,3.0
DST:FIKS22:BRANCHE07=X:BELØB=3:SÆSON=SÆSON,2014-03-01,3.0
DST:FIKS22:BRANCHE07=X:BELØB=3:SÆSON=SÆSON,2014-04-01,4.0
DST:FIKS22:BRANCHE07=X:BELØB=3:SÆSON=SÆSON,2014-05-01,4.0
DST:FIKS22:BRANCHE07=X:BELØB=3:SÆSON=SÆSON,2014-06-01,4.0
DST:FIKS22:BRANCHE07=X:BELØB=3:SÆSON=SÆSON,2014-07-01,5.0
DST:FIKS22:BRANCHE07=X:BELØB=3:SÆSON=SÆSON,2014-08-01,8.0
DST:FIKS22:BRANCHE07=X:BELØB=3:SÆSON=SÆSON,2014-09-01,7.0
DST:FIKS22:BRANCHE07=X:BELØB=3:SÆSON=SÆSON,2014-10-01,8.0
DST:FIKS22:BRANCHE07=X:BELØB=3:SÆSON=SÆSON,2014-11-01,7.0
DST:FIKS22:BRANCHE07=X:BELØB=3:SÆSON=SÆSON,2014-12-01,8.0
DST:FIKS22:BRANCHE07=X:BELØB=3:SÆSON=SÆSON,2015-01-01,43.0
DST:FIKS22:BRANCHE07=X:BELØB=3:SÆSON=SÆSON,2015-02-01,34.0
DST:FIKS22:BRANCHE07=X:BELØB=3:SÆSON=SÆSON,2015-03-01,63.0
DST:FIKS22:BRANCHE07=X:BELØB=3:SÆSON=SÆSON,2015-04-01,60.0
DST:FIKS22:BRANCHE07=X:BELØB=3:SÆSON=SÆSON,2015-05-01,61.0
DST:FIKS22:BRANCHE07=X:BELØB=3:SÆSON=SÆSON,2015-06-01,48.0
DST:FIKS22:BRANCHE07=X:BELØB=3:SÆSON=SÆSON,2015-07-01,46.0
DST:FIKS22:BRANCHE07=X:BELØB=3:SÆSON=SÆSON,2015-08-01,70.0
DST:FIKS22:BRANCHE07=X:BELØB=3:SÆSON=SÆSON,2015-09-01,125.0
DST:FIKS22:BRANCHE07=X:BELØB=3:SÆSON=SÆSON,2015-10-01,61.0
DST:FIKS22:BRANCHE07=X:BELØB=3:SÆSON=SÆSON,2015-11-01,53.0
DST:FIKS22:BRANCHE07=X:BELØB=3:SÆSON=SÆSON,2015-12-01,42.0
DST:FIKS22:BRANCHE07=X:BELØB=3:SÆSON=SÆSON,2016-01-01,3.0
DST:FIKS22:BRANCHE07=X:BELØB=3:SÆSON=SÆSON,2016-02-01,3.0
DST:FIKS22:BRANCHE07=X:BELØB=3:SÆSON=SÆSON,2016-03-01,4.0
DST:FIKS22:BRANCHE07=X:BELØB=3:SÆSON=SÆSON,2016-04-01,3.0
DST:FIKS22:BRANCHE07=X:BELØB=3:SÆSON=SÆSON,2016-05-01,3.0
DST:FIKS22:BRANCHE07=X:BELØB=3:SÆSON=SÆSON,2016-06-01,3.0
DST:FIKS22:BRANCHE07=X:BELØB=3:SÆSON=SÆSON,2016-07-01,2.0
DST:FIKS22:BRANCHE07=X:BELØB=3:SÆSON=SÆSON,2016-08-01,2.0
DST:FIKS22:BRANCHE07=X:BELØB=3:SÆSON=SÆSON,2016-09-01,2.0
DST:FIKS22:BRANCHE07=X:BELØB=3:SÆSON=SÆSON,2016-10-01,5.0
DST:FIKS22:BRANCHE07=X:BELØB=3:SÆSON=SÆSON,2016-11-01,5.0
DST:FIKS22:BRANCHE07=X:BELØB=3:SÆSON=SÆSON,2016-12-01,5.0
DST:FIKS22:BRANCHE07=X:BELØB=3:SÆSON=SÆSON,2017-01-01,0.0
DST:FIKS22:BRANCHE07=X:BELØB=3:SÆSON=SÆSON,2017-02-01,0.0
DST:FIKS22:BRANCHE07=X:BELØB=3:SÆSON=SÆSON,2017-03-01,0.0
DST:FIKS22:BRANCHE07=X:BELØB=3:SÆSON=SÆSON,2017-04-01,1.0
DST:FIKS22:BRANCHE07=X:BELØB=3:SÆSON=SÆSON,2017-05-01,1.0
DST:FIKS22:BRANCHE07=X:BELØB=3:SÆSON=SÆSON,2017-06-01,1.0
DST:FIKS22:BRANCHE07=X:BELØB=3:SÆSON=SÆSON,2017-07-01,1.0
DST:FIKS22:BRANCHE07=X:BELØB=3:SÆSON=SÆSON,2017-08-01,1.0
DST:FIKS22:BRANCHE07=X:BELØB=3:SÆSON=SÆSON,2017-09-01,1.0
DST:FIKS22:BRANCHE07=X:BELØB=3:SÆSON=SÆSON,2017-10-01,0.0
DST:FIKS22:BRANCHE07=X:BELØB=3:SÆSON=SÆSON,2017-11-01,1.0
DST:FIKS22:BRANCHE07=X:BELØB=3:SÆSON=SÆSON,2017-12-01,0.0
DST:FIKS22:BRANCHE07=X:BELØB=3:SÆSON=SÆSON,2018-01-01,0.0
DST:FIKS22:BRANCHE07=X:BELØB=3:SÆSON=SÆSON,2018-02-01,0.0
DST:FIKS22:BRANCHE07=X:BELØB=3:SÆSON=SÆSON,2018-03-01,1.0
DST:FIKS22:BRANCHE07=X:BELØB=3:SÆSON=SÆSON,2018-04-01,0.0
DST:FIKS22:BRANCHE07=X:BELØB=3:SÆSON=SÆSON,2018-05-01,0.0
DST:FIKS22:BRANCHE07=X:BELØB=3:SÆSON=SÆSON,2018-06-01,1.0
DST:FIKS22:BRANCHE07=X:BELØB=3:SÆSON=SÆSON,2018-07-01,1.0
DST:FIKS22:BRANCHE07=X:BELØB=3:SÆSON=SÆSON,2018-08-01,1.0
DST:FIKS22:BRANCHE07=X:BELØB=3:SÆSON=SÆSON,2018-09-01,1.0
DST:FIKS22:BRANCHE07=X:BELØB=3:SÆSON=SÆSON,2018-10-01,1.0
DST:FIKS22:BRANCHE07=X:BELØB=3:SÆSON=SÆSON,2018-11-01,1.0
DST:FIKS22:BRANCHE07=X:BELØB=3:SÆSON=SÆSON,2018-12-01,0.0
DST:FIKS22:BRANCHE07=X:BELØB=3:SÆSON=SÆSON,2019-01-01,1.0
DST:FIKS22:BRANCHE07=X:BELØB=3:SÆSON=SÆSON,2019-02-01,1.0
DST:FIKS22:BRANCHE07=X:BELØB=3:SÆSON=SÆSON,2019-03-01,2.0
DST:FIKS22:BRANCHE07=X:BELØB=3:SÆSON=SÆSON,2019-04-01,3.0
DST:FIKS22:BRANCHE07=X:BELØB=3:SÆSON=SÆSON,2019-05-01,3.0
DST:FIKS22:BRANCHE07=X:BELØB=3:SÆSON=SÆSON,2019-06-01,2.0
DST:FIKS22:BRANCHE07=X:BELØB=3:SÆSON=SÆSON,2019-07-01,3.0
DST:FIKS22:BRANCHE07=X:BELØB=3:SÆSON=SÆSON,2019-08-01,3.0
DST:FIKS22:BRANCHE07=X:BELØB=3:SÆSON=SÆSON,2019-09-01,3.0
DST:FIKS22:BRANCHE07=X:BELØB=3:SÆSON=SÆSON,2019-10-01,3.0
DST:FIKS22:BRANCHE07=X:BELØB=3:SÆSON=SÆSON,2019-11-01,4.0
DST:FIKS22:BRANCHE07=X:BELØB=3:SÆSON=SÆSON,2019-12-01,4.0
DST:FIKS22:BRANCHE07=X:BELØB=3:SÆSON=SÆSON,2020-01-01,1.0
DST:FIKS22:BRANCHE07=X:BELØB=3:SÆSON=SÆSON,2020-02-01,1.0
DST:FIKS22:BRANCHE07=X:BELØB=3:SÆSON=SÆSON,2020-03-01,0.0
DST:FIKS22:BRANCHE07=X:BELØB=3:SÆSON=SÆSON,2020-04-01,0.0
DST:FIKS22:BRANCHE07=X:BELØB=3:SÆSON=SÆSON,2020-05-01,0.0
DST:FIKS22:BRANCHE07=X:BELØB=3:SÆSON=SÆSON,2020-06-01,0.0
DST:FIKS22:BRANCHE07=X:BELØB=3:SÆSON=SÆSON,2020-07-01,0.0
DST:FIKS22:BRANCHE07=X:BELØB=3:SÆSON=SÆSON,2020-08-01,0.0
DST:FIKS22:BRANCHE07=X:BELØB=3:SÆSON=SÆSON,2020-09-01,0.0
DST:FIKS22:BRANCHE07=X:BELØB=3:SÆSON=SÆSON,2020-10-01,1.0
DST:FIKS22:BRANCHE07=X:BELØB=3:SÆSON=SÆSON,2020-11-01,0.0
DST:FIKS22:BRANCHE07=X:BELØB=3:SÆSON=SÆSON,2020-12-01,0.0
DST:FIKS22:BRANCHE07=X:BELØB=3:SÆSON=SÆSON,2021-01-01,0.0
DST:FIKS22:BRANCHE07=X:BELØB=3:SÆSON=SÆSON,2021-02-01,0.0
DST:FIKS22:BRANCHE07=X:BELØB=3:SÆSON=SÆSON,2021-03-01,0.0
DST:FIKS22:BRANCHE07=X:BELØB=3:SÆSON=SÆSON,2021-04-01,0.0
DST:FIKS22:BRANCHE07=X:BELØB=3:SÆSON=SÆSON,2021-05-01,0.0
DST:FIKS22:BRANCHE07=X:BELØB=3:SÆSON=SÆSON,2021-06-01,0.0
DST:FIKS22:BRANCHE07=X:BELØB=3:SÆSON=SÆSON,2021-07-01,0.0
DST:FIKS22:BRANCHE07=X:BELØB=3:SÆSON=SÆSON,2021-08-01,0.0
DST:FIKS22:BRANCHE07=X:BELØB=3:SÆSON=SÆSON,2021-09-01,0.0
DST:FIKS22:BRANCHE07=X:BELØB=3:SÆSON=SÆSON,2021-10-01,0.0
DST:FIKS22:BRANCHE07=X:BELØB=3:SÆSON=SÆSON,2021-11-01,0.0
DST:FIKS22:BRANCHE07=X:BELØB=3:SÆSON=SÆSON,2021-12-01,0.0
DST:FIKS22:BRANCHE07=X:BELØB=3:SÆSON=SÆSON,2022-01-01,0.0
DST:FIKS22:BRANCHE07=X:BELØB=3:SÆSON=SÆSON,2022-02-01,0.0
DST:FIKS22:BRANCHE07=X:BELØB=3:SÆSON=SÆSON,2022-03-01,0.0
DST:FIKS22:BRANCHE07=X:BELØB=3:SÆSON=SÆSON,2022-04-01,0.0
DST:FIKS22:BRANCHE07=X:BELØB=3:SÆSON=SÆSON,2022-05-01,0.0
DST:FIKS22:BRANCHE07=X:BELØB=3:SÆSON=SÆSON,2022-06-01,0.0
DST:FIKS22:BRANCHE07=X:BELØB=3:SÆSON=SÆSON,2022-07-01,0.0
DST:FIKS22:BRANCHE07=X:BELØB=3:SÆSON=SÆSON,2022-08-01,0.0
DST:FIKS22:BRANCHE07=X:BELØB=3:SÆSON=SÆSON,2022-09-01,0.0
DST:FIKS22:BRANCHE07=X:BELØB=3:SÆSON=SÆSON,2022-10-01,0.0
DST:FIKS22:BRANCHE07=X:BELØB=3:SÆSON=SÆSON,2022-11-01,0.0
DST:FIKS22:BRANCHE07=X:BELØB=3:SÆSON=SÆSON,2022-12-01,0.0
DST:FIKS22:BRANCHE07=X:BELØB=3:SÆSON=SÆSON,2023-01-01,0.0
DST:FIKS22:BRANCHE07=X:BELØB=3:SÆSON=SÆSON,2023-02-01,0.0
DST:FIKS22:BRANCHE07=X:BELØB=3:SÆSON=SÆSON,2023-03-01,0.0
DST:FIKS22:BRANCHE07=X:BELØB=3:SÆSON=SÆSON,2023-04-01,0.0
DST:FIKS22:BRANCHE07=X:BELØB=3:SÆSON=SÆSON,2023-05-01,0.0
DST:FIKS22:BRANCHE07=X:BELØB=3:SÆSON=SÆSON,2023-06-01,0.0
DST:FIKS22:BRANCHE07=X:BELØB=3:SÆSON=SÆSON,2023-07-01,0.0
DST:FIKS22:BRANCHE07=X:BELØB=3:SÆSON=SÆSON,2023-08-01,0.0
DST:FIKS22:BRANCHE07=X:BELØB=3:SÆSON=SÆSON,2023-09-01,0.0
DST:FIKS22:BRANCHE07=X:BELØB=3:SÆSON=SÆSON,2023-10-01,0.0
DST:FIKS22:BRANCHE07=X:BELØB=3:SÆSON=SÆSON,2023-11-01,0.0
DST:FIKS22:BRANCHE07=X:BELØB=3:SÆSON=SÆSON,2023-12-01,0.0
DST:FIKS22:BRANCHE07=X:BELØB=3:SÆSON=SÆSON,2024-01-01,0.0
DST:FIKS22:BRANCHE07=X:BELØB=3:SÆSON=SÆSON,2024-02-01,0.0
DST:FIKS22:BRANCHE07=X:BELØB=3:SÆSON=SÆSON,2024-03-01,0.0
DST:FIKS22:BRANCHE07=X:BELØB=3:SÆSON=SÆSON,2024-04-01,0.0
DST:FIKS22:BRANCHE07=X:BELØB=3:SÆSON=SÆSON,2024-05-01,0.0
DST:FIKS22:BRANCHE07=X:BELØB=3:SÆSON=SÆSON,2024-06-01,106.0
DST:FIKS22:BRANCHE07=X:BELØB=3:SÆSON=SÆSON,2024-07-01,0.0
DST:FIKS22:BRANCHE07=X:BELØB=3:SÆSON=SÆSON,2024-08-01,0.0
DST:FIKS22:BRANCHE07=X:BELØB=3:SÆSON=SÆSON,2024-09-01,0.0
DST:FIKS22:BRANCHE07=X:BELØB=4:SÆSON=EJSÆSON,2009-01-01,115.0
DST:FIKS22:BRANCHE07=X:BELØB=4:SÆSON=EJSÆSON,2009-02-01,105.0
DST:FIKS22:BRANCHE07=X:BELØB=4:SÆSON=EJSÆSON,2009-03-01,125.0
DST:FIKS22:BRANCHE07=X:BELØB=4:SÆSON=EJSÆSON,2009-04-01,114.0
DST:FIKS22:BRANCHE07=X:BELØB=4:SÆSON=EJSÆSON,2009-05-01,118.0
DST:FIKS22:BRANCHE07=X:BELØB=4:SÆSON=EJSÆSON,2009-06-01,111.0
DST:FIKS22:BRANCHE07=X:BELØB=4:SÆSON=EJSÆSON,2009-07-01,84.0
DST:FIKS22:BRANCHE07=X:BELØB=4:SÆSON=EJSÆSON,2009-08-01,84.0
DST:FIKS22:BRANCHE07=X:BELØB=4:SÆSON=EJSÆSON,2009-09-01,90.0
DST:FIKS22:BRANCHE07=X:BELØB=4:SÆSON=EJSÆSON,2009-10-01,89.0
DST:FIKS22:BRANCHE07=X:BELØB=4:SÆSON=EJSÆSON,2009-11-01,83.0
DST:FIKS22:BRANCHE07=X:BELØB=4:SÆSON=EJSÆSON,2009-12-01,85.0
DST:FIKS22:BRANCHE07=X:BELØB=4:SÆSON=EJSÆSON,2010-01-01,30.0
DST:FIKS22:BRANCHE07=X:BELØB=4:SÆSON=EJSÆSON,2010-02-01,19.0
DST:FIKS22:BRANCHE07=X:BELØB=4:SÆSON=EJSÆSON,2010-03-01,23.0
DST:FIKS22:BRANCHE07=X:BELØB=4:SÆSON=EJSÆSON,2010-04-01,33.0
DST:FIKS22:BRANCHE07=X:BELØB=4:SÆSON=EJSÆSON,2010-05-01,20.0
DST:FIKS22:BRANCHE07=X:BELØB=4:SÆSON=EJSÆSON,2010-06-01,21.0
DST:FIKS22:BRANCHE07=X:BELØB=4:SÆSON=EJSÆSON,2010-07-01,21.0
DST:FIKS22:BRANCHE07=X:BELØB=4:SÆSON=EJSÆSON,2010-08-01,24.0
DST:FIKS22:BRANCHE07=X:BELØB=4:SÆSON=EJSÆSON,2010-09-01,27.0
DST:FIKS22:BRANCHE07=X:BELØB=4:SÆSON=EJSÆSON,2010-10-01,25.0
DST:FIKS22:BRANCHE07=X:BELØB=4:SÆSON=EJSÆSON,2010-11-01,23.0
DST:FIKS22:BRANCHE07=X:BELØB=4:SÆSON=EJSÆSON,2010-12-01,22.0
DST:FIKS22:BRANCHE07=X:BELØB=4:SÆSON=EJSÆSON,2011-01-01,4.0
DST:FIKS22:BRANCHE07=X:BELØB=4:SÆSON=EJSÆSON,2011-02-01,5.0
DST:FIKS22:BRANCHE07=X:BELØB=4:SÆSON=EJSÆSON,2011-03-01,3.0
DST:FIKS22:BRANCHE07=X:BELØB=4:SÆSON=EJSÆSON,2011-04-01,5.0
DST:FIKS22:BRANCHE07=X:BELØB=4:SÆSON=EJSÆSON,2011-05-01,6.0
DST:FIKS22:BRANCHE07=X:BELØB=4:SÆSON=EJSÆSON,2011-06-01,6.0
DST:FIKS22:BRANCHE07=X:BELØB=4:SÆSON=EJSÆSON,2011-07-01,7.0
DST:FIKS22:BRANCHE07=X:BELØB=4:SÆSON=EJSÆSON,2011-08-01,6.0
DST:FIKS22:BRANCHE07=X:BELØB=4:SÆSON=EJSÆSON,2011-09-01,6.0
DST:FIKS22:BRANCHE07=X:BELØB=4:SÆSON=EJSÆSON,2011-10-01,9.0
DST:FIKS22:BRANCHE07=X:BELØB=4:SÆSON=EJSÆSON,2011-11-01,8.0
DST:FIKS22:BRANCHE07=X:BELØB=4:SÆSON=EJSÆSON,2011-12-01,8.0
DST:FIKS22:BRANCHE07=X:BELØB=4:SÆSON=EJSÆSON,2012-01-01,5.0
DST:FIKS22:BRANCHE07=X:BELØB=4:SÆSON=EJSÆSON,2012-02-01,5.0
DST:FIKS22:BRANCHE07=X:BELØB=4:SÆSON=EJSÆSON,2012-03-01,5.0
DST:FIKS22:BRANCHE07=X:BELØB=4:SÆSON=EJSÆSON,2012-04-01,2.0
DST:FIKS22:BRANCHE07=X:BELØB=4:SÆSON=EJSÆSON,2012-05-01,2.0
DST:FIKS22:BRANCHE07=X:BELØB=4:SÆSON=EJSÆSON,2012-06-01,2.0
DST:FIKS22:BRANCHE07=X:BELØB=4:SÆSON=EJSÆSON,2012-07-01,4.0
DST:FIKS22:BRANCHE07=X:BELØB=4:SÆSON=EJSÆSON,2012-08-01,3.0
DST:FIKS22:BRANCHE07=X:BELØB=4:SÆSON=EJSÆSON,2012-09-01,3.0
DST:FIKS22:BRANCHE07=X:BELØB=4:SÆSON=EJSÆSON,2012-10-01,7.0
DST:FIKS22:BRANCHE07=X:BELØB=4:SÆSON=EJSÆSON,2012-11-01,6.0
DST:FIKS22:BRANCHE07=X:BELØB=4:SÆSON=EJSÆSON,2012-12-01,7.0
DST:FIKS22:BRANCHE07=X:BELØB=4:SÆSON=EJSÆSON,2013-01-01,5.0
DST:FIKS22:BRANCHE07=X:BELØB=4:SÆSON=EJSÆSON,2013-02-01,5.0
DST:FIKS22:BRANCHE07=X:BELØB=4:SÆSON=EJSÆSON,2013-03-01,5.0
DST:FIKS22:BRANCHE07=X:BELØB=4:SÆSON=EJSÆSON,2013-04-01,5.0
DST:FIKS22:BRANCHE07=X:BELØB=4:SÆSON=EJSÆSON,2013-05-01,5.0
DST:FIKS22:BRANCHE07=X:BELØB=4:SÆSON=EJSÆSON,2013-06-01,5.0
DST:FIKS22:BRANCHE07=X:BELØB=4:SÆSON=EJSÆSON,2013-07-01,6.0
DST:FIKS22:BRANCHE07=X:BELØB=4:SÆSON=EJSÆSON,2013-08-01,5.0
DST:FIKS22:BRANCHE07=X:BELØB=4:SÆSON=EJSÆSON,2013-09-01,6.0
DST:FIKS22:BRANCHE07=X:BELØB=4:SÆSON=EJSÆSON,2013-10-01,6.0
DST:FIKS22:BRANCHE07=X:BELØB=4:SÆSON=EJSÆSON,2013-11-01,6.0
DST:FIKS22:BRANCHE07=X:BELØB=4:SÆSON=EJSÆSON,2013-12-01,6.0
DST:FIKS22:BRANCHE07=X:BELØB=4:SÆSON=EJSÆSON,2014-01-01,5.0
DST:FIKS22:BRANCHE07=X:BELØB=4:SÆSON=EJSÆSON,2014-02-01,4.0
DST:FIKS22:BRANCHE07=X:BELØB=4:SÆSON=EJSÆSON,2014-03-01,5.0
DST:FIKS22:BRANCHE07=X:BELØB=4:SÆSON=EJSÆSON,2014-04-01,5.0
DST:FIKS22:BRANCHE07=X:BELØB=4:SÆSON=EJSÆSON,2014-05-01,5.0
DST:FIKS22:BRANCHE07=X:BELØB=4:SÆSON=EJSÆSON,2014-06-01,5.0
DST:FIKS22:BRANCHE07=X:BELØB=4:SÆSON=EJSÆSON,2014-07-01,6.0
DST:FIKS22:BRANCHE07=X:BELØB=4:SÆSON=EJSÆSON,2014-08-01,7.0
DST:FIKS22:BRANCHE07=X:BELØB=4:SÆSON=EJSÆSON,2014-09-01,7.0
DST:FIKS22:BRANCHE07=X:BELØB=4:SÆSON=EJSÆSON,2014-10-01,11.0
DST:FIKS22:BRANCHE07=X:BELØB=4:SÆSON=EJSÆSON,2014-11-01,9.0
DST:FIKS22:BRANCHE07=X:BELØB=4:SÆSON=EJSÆSON,2014-12-01,10.0
DST:FIKS22:BRANCHE07=X:BELØB=4:SÆSON=EJSÆSON,2015-01-01,45.0
DST:FIKS22:BRANCHE07=X:BELØB=4:SÆSON=EJSÆSON,2015-02-01,34.0
DST:FIKS22:BRANCHE07=X:BELØB=4:SÆSON=EJSÆSON,2015-03-01,64.0
DST:FIKS22:BRANCHE07=X:BELØB=4:SÆSON=EJSÆSON,2015-04-01,62.0
DST:FIKS22:BRANCHE07=X:BELØB=4:SÆSON=EJSÆSON,2015-05-01,62.0
DST:FIKS22:BRANCHE07=X:BELØB=4:SÆSON=EJSÆSON,2015-06-01,49.0
DST:FIKS22:BRANCHE07=X:BELØB=4:SÆSON=EJSÆSON,2015-07-01,48.0
DST:FIKS22:BRANCHE07=X:BELØB=4:SÆSON=EJSÆSON,2015-08-01,72.0
DST:FIKS22:BRANCHE07=X:BELØB=4:SÆSON=EJSÆSON,2015-09-01,127.0
DST:FIKS22:BRANCHE07=X:BELØB=4:SÆSON=EJSÆSON,2015-10-01,63.0
DST:FIKS22:BRANCHE07=X:BELØB=4:SÆSON=EJSÆSON,2015-11-01,55.0
DST:FIKS22:BRANCHE07=X:BELØB=4:SÆSON=EJSÆSON,2015-12-01,45.0
DST:FIKS22:BRANCHE07=X:BELØB=4:SÆSON=EJSÆSON,2016-01-01,6.0
DST:FIKS22:BRANCHE07=X:BELØB=4:SÆSON=EJSÆSON,2016-02-01,5.0
DST:FIKS22:BRANCHE07=X:BELØB=4:SÆSON=EJSÆSON,2016-03-01,6.0
DST:FIKS22:BRANCHE07=X:BELØB=4:SÆSON=EJSÆSON,2016-04-01,6.0
DST:FIKS22:BRANCHE07=X:BELØB=4:SÆSON=EJSÆSON,2016-05-01,5.0
DST:FIKS22:BRANCHE07=X:BELØB=4:SÆSON=EJSÆSON,2016-06-01,6.0
DST:FIKS22:BRANCHE07=X:BELØB=4:SÆSON=EJSÆSON,2016-07-01,4.0
DST:FIKS22:BRANCHE07=X:BELØB=4:SÆSON=EJSÆSON,2016-08-01,4.0
DST:FIKS22:BRANCHE07=X:BELØB=4:SÆSON=EJSÆSON,2016-09-01,4.0
DST:FIKS22:BRANCHE07=X:BELØB=4:SÆSON=EJSÆSON,2016-10-01,5.0
DST:FIKS22:BRANCHE07=X:BELØB=4:SÆSON=EJSÆSON,2016-11-01,5.0
DST:FIKS22:BRANCHE07=X:BELØB=4:SÆSON=EJSÆSON,2016-12-01,6.0
DST:FIKS22:BRANCHE07=X:BELØB=4:SÆSON=EJSÆSON,2017-01-01,0.0
DST:FIKS22:BRANCHE07=X:BELØB=4:SÆSON=EJSÆSON,2017-02-01,0.0
DST:FIKS22:BRANCHE07=X:BELØB=4:SÆSON=EJSÆSON,2017-03-01,0.0
DST:FIKS22:BRANCHE07=X:BELØB=4:SÆSON=EJSÆSON,2017-04-01,2.0
DST:FIKS22:BRANCHE07=X:BELØB=4:SÆSON=EJSÆSON,2017-05-01,2.0
DST:FIKS22:BRANCHE07=X:BELØB=4:SÆSON=EJSÆSON,2017-06-01,2.0
DST:FIKS22:BRANCHE07=X:BELØB=4:SÆSON=EJSÆSON,2017-07-01,1.0
DST:FIKS22:BRANCHE07=X:BELØB=4:SÆSON=EJSÆSON,2017-08-01,2.0
DST:FIKS22:BRANCHE07=X:BELØB=4:SÆSON=EJSÆSON,2017-09-01,2.0
DST:FIKS22:BRANCHE07=X:BELØB=4:SÆSON=EJSÆSON,2017-10-01,1.0
DST:FIKS22:BRANCHE07=X:BELØB=4:SÆSON=EJSÆSON,2017-11-01,1.0
DST:FIKS22:BRANCHE07=X:BELØB=4:SÆSON=EJSÆSON,2017-12-01,1.0
DST:FIKS22:BRANCHE07=X:BELØB=4:SÆSON=EJSÆSON,2018-01-01,1.0
DST:FIKS22:BRANCHE07=X:BELØB=4:SÆSON=EJSÆSON,2018-02-01,1.0
DST:FIKS22:BRANCHE07=X:BELØB=4:SÆSON=EJSÆSON,2018-03-01,1.0
DST:FIKS22:BRANCHE07=X:BELØB=4:SÆSON=EJSÆSON,2018-04-01,1.0
DST:FIKS22:BRANCHE07=X:BELØB=4:SÆSON=EJSÆSON,2018-05-01,2.0
DST:FIKS22:BRANCHE07=X:BELØB=4:SÆSON=EJSÆSON,2018-06-01,1.0
DST:FIKS22:BRANCHE07=X:BELØB=4:SÆSON=EJSÆSON,2018-07-01,1.0
DST:FIKS22:BRANCHE07=X:BELØB=4:SÆSON=EJSÆSON,2018-08-01,1.0
DST:FIKS22:BRANCHE07=X:BELØB=4:SÆSON=EJSÆSON,2018-09-01,1.0
DST:FIKS22:BRANCHE07=X:BELØB=4:SÆSON=EJSÆSON,2018-10-01,1.0
DST:FIKS22:BRANCHE07=X:BELØB=4:SÆSON=EJSÆSON,2018-11-01,1.0
DST:FIKS22:BRANCHE07=X:BELØB=4:SÆSON=EJSÆSON,2018-12-01,2.0
DST:FIKS22:BRANCHE07=X:BELØB=4:SÆSON=EJSÆSON,2019-01-01,3.0
DST:FIKS22:BRANCHE07=X:BELØB=4:SÆSON=EJSÆSON,2019-02-01,3.0
DST:FIKS22:BRANCHE07=X:BELØB=4:SÆSON=EJSÆSON,2019-03-01,3.0
DST:FIKS22:BRANCHE07=X:BELØB=4:SÆSON=EJSÆSON,2019-04-01,5.0
DST:FIKS22:BRANCHE07=X:BELØB=4:SÆSON=EJSÆSON,2019-05-01,5.0
DST:FIKS22:BRANCHE07=X:BELØB=4:SÆSON=EJSÆSON,2019-06-01,5.0
DST:FIKS22:BRANCHE07=X:BELØB=4:SÆSON=EJSÆSON,2019-07-01,8.0
DST:FIKS22:BRANCHE07=X:BELØB=4:SÆSON=EJSÆSON,2019-08-01,7.0
DST:FIKS22:BRANCHE07=X:BELØB=4:SÆSON=EJSÆSON,2019-09-01,8.0
DST:FIKS22:BRANCHE07=X:BELØB=4:SÆSON=EJSÆSON,2019-10-01,8.0
DST:FIKS22:BRANCHE07=X:BELØB=4:SÆSON=EJSÆSON,2019-11-01,8.0
DST:FIKS22:BRANCHE07=X:BELØB=4:SÆSON=EJSÆSON,2019-12-01,10.0
DST:FIKS22:BRANCHE07=X:BELØB=4:SÆSON=EJSÆSON,2020-01-01,2.0
DST:FIKS22:BRANCHE07=X:BELØB=4:SÆSON=EJSÆSON,2020-02-01,1.0
DST:FIKS22:BRANCHE07=X:BELØB=4:SÆSON=EJSÆSON,2020-03-01,0.0
DST:FIKS22:BRANCHE07=X:BELØB=4:SÆSON=EJSÆSON,2020-04-01,0.0
DST:FIKS22:BRANCHE07=X:BELØB=4:SÆSON=EJSÆSON,2020-05-01,0.0
DST:FIKS22:BRANCHE07=X:BELØB=4:SÆSON=EJSÆSON,2020-06-01,0.0
DST:FIKS22:BRANCHE07=X:BELØB=4:SÆSON=EJSÆSON,2020-07-01,0.0
DST:FIKS22:BRANCHE07=X:BELØB=4:SÆSON=EJSÆSON,2020-08-01,0.0
DST:FIKS22:BRANCHE07=X:BELØB=4:SÆSON=EJSÆSON,2020-09-01,0.0
DST:FIKS22:BRANCHE07=X:BELØB=4:SÆSON=EJSÆSON,2020-10-01,0.0
DST:FIKS22:BRANCHE07=X:BELØB=4:SÆSON=EJSÆSON,2020-11-01,0.0
DST:FIKS22:BRANCHE07=X:BELØB=4:SÆSON=EJSÆSON,2020-12-01,0.0
DST:FIKS22:BRANCHE07=X:BELØB=4:SÆSON=EJSÆSON,2021-01-01,0.0
DST:FIKS22:BRANCHE07=X:BELØB=4:SÆSON=EJSÆSON,2021-02-01,0.0
DST:FIKS22:BRANCHE07=X:BELØB=4:SÆSON=EJSÆSON,2021-03-01,0.0
DST:FIKS22:BRANCHE07=X:BELØB=4:SÆSON=EJSÆSON,2021-04-01,0.0
DST:FIKS22:BRANCHE07=X:BELØB=4:SÆSON=EJSÆSON,2021-05-01,0.0
DST:FIKS22:BRANCHE07=X:BELØB=4:SÆSON=EJSÆSON,2021-06-01,0.0
DST:FIKS22:BRANCHE07=X:BELØB=4:SÆSON=EJSÆSON,2021-07-01,0.0
DST:FIKS22:BRANCHE07=X:BELØB=4:SÆSON=EJSÆSON,2021-08-01,0.0
DST:FIKS22:BRANCHE07=X:BELØB=4:SÆSON=EJSÆSON,2021-09-01,0.0
DST:FIKS22:BRANCHE07=X:BELØB=4:SÆSON=EJSÆSON,2021-10-01,1.0
DST:FIKS22:BRANCHE07=X:BELØB=4:SÆSON=EJSÆSON,2021-11-01,1.0
DST:FIKS22:BRANCHE07=X:BELØB=4:SÆSON=EJSÆSON,2021-12-01,1.0
DST:FIKS22:BRANCHE07=X:BELØB=4:SÆSON=EJSÆSON,2022-01-01,0.0
DST:FIKS22:BRANCHE07=X:BELØB=4:SÆSON=EJSÆSON,2022-02-01,0.0
DST:FIKS22:BRANCHE07=X:BELØB=4:SÆSON=EJSÆSON,2022-03-01,0.0
DST:FIKS22:BRANCHE07=X:BELØB=4:SÆSON=EJSÆSON,2022-04-01,0.0
DST:FIKS22:BRANCHE07=X:BELØB=4:SÆSON=EJSÆSON,2022-05-01,0.0
DST:FIKS22:BRANCHE07=X:BELØB=4:SÆSON=EJSÆSON,2022-06-01,0.0
DST:FIKS22:BRANCHE07=X:BELØB=4:SÆSON=EJSÆSON,2022-07-01,0.0
DST:FIKS22:BRANCHE07=X:BELØB=4:SÆSON=EJSÆSON,2022-08-01,0.0
DST:FIKS22:BRANCHE07=X:BELØB=4:SÆSON=EJSÆSON,2022-09-01,0.0
DST:FIKS22:BRANCHE07=X:BELØB=4:SÆSON=EJSÆSON,2022-10-01,0.0
DST:FIKS22:BRANCHE07=X:BELØB=4:SÆSON=EJSÆSON,2022-11-01,0.0
DST:FIKS22:BRANCHE07=X:BELØB=4:SÆSON=EJSÆSON,2022-12-01,0.0
DST:FIKS22:BRANCHE07=X:BELØB=4:SÆSON=EJSÆSON,2023-01-01,0.0
DST:FIKS22:BRANCHE07=X:BELØB=4:SÆSON=EJSÆSON,2023-02-01,0.0
DST:FIKS22:BRANCHE07=X:BELØB=4:SÆSON=EJSÆSON,2023-03-01,0.0
DST:FIKS22:BRANCHE07=X:BELØB=4:SÆSON=EJSÆSON,2023-04-01,0.0
DST:FIKS22:BRANCHE07=X:BELØB=4:SÆSON=EJSÆSON,2023-05-01,0.0
DST:FIKS22:BRANCHE07=X:BELØB=4:SÆSON=EJSÆSON,2023-06-01,0.0
DST:FIKS22:BRANCHE07=X:BELØB=4:SÆSON=EJSÆSON,2023-07-01,0.0
DST:FIKS22:BRANCHE07=X:BELØB=4:SÆSON=EJSÆSON,2023-08-01,0.0
DST:FIKS22:BRANCHE07=X:BELØB=4:SÆSON=EJSÆSON,2023-09-01,1.0
DST:FIKS22:BRANCHE07=X:BELØB=4:SÆSON=EJSÆSON,2023-10-01,1.0
DST:FIKS22:BRANCHE07=X:BELØB=4:SÆSON=EJSÆSON,2023-11-01,1.0
DST:FIKS22:BRANCHE07=X:BELØB=4:SÆSON=EJSÆSON,2023-12-01,1.0
DST:FIKS22:BRANCHE07=X:BELØB=4:SÆSON=EJSÆSON,2024-01-01,0.0
DST:FIKS22:BRANCHE07=X:BELØB=4:SÆSON=EJSÆSON,2024-02-01,0.0
DST:FIKS22:BRANCHE07=X:BELØB=4:SÆSON=EJSÆSON,2024-03-01,0.0
DST:FIKS22:BRANCHE07=X:BELØB=4:SÆSON=EJSÆSON,2024-04-01,0.0
DST:FIKS22:BRANCHE07=X:BELØB=4:SÆSON=EJSÆSON,2024-05-01,0.0
DST:FIKS22:BRANCHE07=X:BELØB=4:SÆSON=EJSÆSON,2024-06-01,3.0
DST:FIKS22:BRANCHE07=X:BELØB=4:SÆSON=EJSÆSON,2024-07-01,0.0
DST:FIKS22:BRANCHE07=X:BELØB=4:SÆSON=EJSÆSON,2024-08-01,0.0
DST:FIKS22:BRANCHE07=X:BELØB=4:SÆSON=EJSÆSON,2024-09-01,0.0
DST:FIKS22:BRANCHE07=X:BELØB=4:SÆSON=EJSÆSON,2025-10-01,0.0
DST:FIKS22:BRANCHE07=X:BELØB=4:SÆSON=EJSÆSON,2025-11-01,0.0
DST:FIKS22:BRANCHE07=X:BELØB=4:SÆSON=SÆSON,2009-01-01,115.0
DST:FIKS22:BRANCHE07=X:BELØB=4:SÆSON=SÆSON,2009-02-01,105.0
DST:FIKS22:BRANCHE07=X:BELØB=4:SÆSON=SÆSON,2009-03-01,125.0
DST:FIKS22:BRANCHE07=X:BELØB=4:SÆSON=SÆSON,2009-04-01,114.0
DST:FIKS22:BRANCHE07=X:BELØB=4:SÆSON=SÆSON,2009-05-01,118.0
DST:FIKS22:BRANCHE07=X:BELØB=4:SÆSON=SÆSON,2009-06-01,111.0
DST:FIKS22:BRANCHE07=X:BELØB=4:SÆSON=SÆSON,2009-07-01,84.0
DST:FIKS22:BRANCHE07=X:BELØB=4:SÆSON=SÆSON,2009-08-01,84.0
DST:FIKS22:BRANCHE07=X:BELØB=4:SÆSON=SÆSON,2009-09-01,90.0
DST:FIKS22:BRANCHE07=X:BELØB=4:SÆSON=SÆSON,2009-10-01,89.0
DST:FIKS22:BRANCHE07=X:BELØB=4:SÆSON=SÆSON,2009-11-01,83.0
DST:FIKS22:BRANCHE07=X:BELØB=4:SÆSON=SÆSON,2009-12-01,85.0
DST:FIKS22:BRANCHE07=X:BELØB=4:SÆSON=SÆSON,2010-01-01,30.0
DST:FIKS22:BRANCHE07=X:BELØB=4:SÆSON=SÆSON,2010-02-01,19.0
DST:FIKS22:BRANCHE07=X:BELØB=4:SÆSON=SÆSON,2010-03-01,23.0
DST:FIKS22:BRANCHE07=X:BELØB=4:SÆSON=SÆSON,2010-04-01,33.0
DST:FIKS22:BRANCHE07=X:BELØB=4:SÆSON=SÆSON,2010-05-01,20.0
DST:FIKS22:BRANCHE07=X:BELØB=4:SÆSON=SÆSON,2010-06-01,21.0
DST:FIKS22:BRANCHE07=X:BELØB=4:SÆSON=SÆSON,2010-07-01,21.0
DST:FIKS22:BRANCHE07=X:BELØB=4:SÆSON=SÆSON,2010-08-01,24.0
DST:FIKS22:BRANCHE07=X:BELØB=4:SÆSON=SÆSON,2010-09-01,27.0
DST:FIKS22:BRANCHE07=X:BELØB=4:SÆSON=SÆSON,2010-10-01,25.0
DST:FIKS22:BRANCHE07=X:BELØB=4:SÆSON=SÆSON,2010-11-01,23.0
DST:FIKS22:BRANCHE07=X:BELØB=4:SÆSON=SÆSON,2010-12-01,22.0
DST:FIKS22:BRANCHE07=X:BELØB=4:SÆSON=SÆSON,2011-01-01,4.0
DST:FIKS22:BRANCHE07=X:BELØB=4:SÆSON=SÆSON,2011-02-01,5.0
DST:FIKS22:BRANCHE07=X:BELØB=4:SÆSON=SÆSON,2011-03-01,3.0
DST:FIKS22:BRANCHE07=X:BELØB=4:SÆSON=SÆSON,2011-04-01,5.0
DST:FIKS22:BRANCHE07=X:BELØB=4:SÆSON=SÆSON,2011-05-01,6.0
DST:FIKS22:BRANCHE07=X:BELØB=4:SÆSON=SÆSON,2011-06-01,6.0
DST:FIKS22:BRANCHE07=X:BELØB=4:SÆSON=SÆSON,2011-07-01,7.0
DST:FIKS22:BRANCHE07=X:BELØB=4:SÆSON=SÆSON,2011-08-01,6.0
DST:FIKS22:BRANCHE07=X:BELØB=4:SÆSON=SÆSON,2011-09-01,6.0
DST:FIKS22:BRANCHE07=X:BELØB=4:SÆSON=SÆSON,2011-10-01,9.0
DST:FIKS22:BRANCHE07=X:BELØB=4:SÆSON=SÆSON,2011-11-01,8.0
DST:FIKS22:BRANCHE07=X:BELØB=4:SÆSON=SÆSON,2011-12-01,8.0
DST:FIKS22:BRANCHE07=X:BELØB=4:SÆSON=SÆSON,2012-01-01,5.0
DST:FIKS22:BRANCHE07=X:BELØB=4:SÆSON=SÆSON,2012-02-01,5.0
DST:FIKS22:BRANCHE07=X:BELØB=4:SÆSON=SÆSON,2012-03-01,5.0
DST:FIKS22:BRANCHE07=X:BELØB=4:SÆSON=SÆSON,2012-04-01,2.0
DST:FIKS22:BRANCHE07=X:BELØB=4:SÆSON=SÆSON,2012-05-01,2.0
DST:FIKS22:BRANCHE07=X:BELØB=4:SÆSON=SÆSON,2012-06-01,2.0
DST:FIKS22:BRANCHE07=X:BELØB=4:SÆSON=SÆSON,2012-07-01,4.0
DST:FIKS22:BRANCHE07=X:BELØB=4:SÆSON=SÆSON,2012-08-01,3.0
DST:FIKS22:BRANCHE07=X:BELØB=4:SÆSON=SÆSON,2012-09-01,3.0
DST:FIKS22:BRANCHE07=X:BELØB=4:SÆSON=SÆSON,2012-10-01,7.0
DST:FIKS22:BRANCHE07=X:BELØB=4:SÆSON=SÆSON,2012-11-01,6.0
DST:FIKS22:BRANCHE07=X:BELØB=4:SÆSON=SÆSON,2012-12-01,7.0
DST:FIKS22:BRANCHE07=X:BELØB=4:SÆSON=SÆSON,2013-01-01,5.0
DST:FIKS22:BRANCHE07=X:BELØB=4:SÆSON=SÆSON,2013-02-01,5.0
DST:FIKS22:BRANCHE07=X:BELØB=4:SÆSON=SÆSON,2013-03-01,5.0
DST:FIKS22:BRANCHE07=X:BELØB=4:SÆSON=SÆSON,2013-04-01,5.0
DST:FIKS22:BRANCHE07=X:BELØB=4:SÆSON=SÆSON,2013-05-01,5.0
DST:FIKS22:BRANCHE07=X:BELØB=4:SÆSON=SÆSON,2013-06-01,5.0
DST:FIKS22:BRANCHE07=X:BELØB=4:SÆSON=SÆSON,2013-07-01,6.0
DST:FIKS22:BRANCHE07=X:BELØB=4:SÆSON=SÆSON,2013-08-01,5.0
DST:FIKS22:BRANCHE07=X:BELØB=4:SÆSON=SÆSON,2013-09-01,6.0
DST:FIKS22:BRANCHE07=X:BELØB=4:SÆSON=SÆSON,2013-10-01,6.0
DST:FIKS22:BRANCHE07=X:BELØB=4:SÆSON=SÆSON,2013-11-01,6.0
DST:FIKS22:BRANCHE07=X:BELØB=4:SÆSON=SÆSON,2013-12-01,6.0
DST:FIKS22:BRANCHE07=X:BELØB=4:SÆSON=SÆSON,2014-01-01,5.0
DST:FIKS22:BRANCHE07=X:BELØB=4:SÆSON=SÆSON,2014-02-01,4.0
DST:FIKS22:BRANCHE07=X:BELØB=4:SÆSON=SÆSON,2014-03-01,5.0
DST:FIKS22:BRANCHE07=X:BELØB=4:SÆSON=SÆSON,2014-04-01,5.0
DST:FIKS22:BRANCHE07=X:BELØB=4:SÆSON=SÆSON,2014-05-01,5.0
DST:FIKS22:BRANCHE07=X:BELØB=4:SÆSON=SÆSON,2014-06-01,5.0
DST:FIKS22:BRANCHE07=X:BELØB=4:SÆSON=SÆSON,2014-07-01,6.0
DST:FIKS22:BRANCHE07=X:BELØB=4:SÆSON=SÆSON,2014-08-01,7.0
DST:FIKS22:BRANCHE07=X:BELØB=4:SÆSON=SÆSON,2014-09-01,7.0
DST:FIKS22:BRANCHE07=X:BELØB=4:SÆSON=SÆSON,2014-10-01,11.0
DST:FIKS22:BRANCHE07=X:BELØB=4:SÆSON=SÆSON,2014-11-01,9.0
DST:FIKS22:BRANCHE07=X:BELØB=4:SÆSON=SÆSON,2014-12-01,10.0
DST:FIKS22:BRANCHE07=X:BELØB=4:SÆSON=SÆSON,2015-01-01,45.0
DST:FIKS22:BRANCHE07=X:BELØB=4:SÆSON=SÆSON,2015-02-01,34.0
DST:FIKS22:BRANCHE07=X:BELØB=4:SÆSON=SÆSON,2015-03-01,64.0
DST:FIKS22:BRANCHE07=X:BELØB=4:SÆSON=SÆSON,2015-04-01,62.0
DST:FIKS22:BRANCHE07=X:BELØB=4:SÆSON=SÆSON,2015-05-01,62.0
DST:FIKS22:BRANCHE07=X:BELØB=4:SÆSON=SÆSON,2015-06-01,49.0
DST:FIKS22:BRANCHE07=X:BELØB=4:SÆSON=SÆSON,2015-07-01,48.0
DST:FIKS22:BRANCHE07=X:BELØB=4:SÆSON=SÆSON,2015-08-01,72.0
DST:FIKS22:BRANCHE07=X:BELØB=4:SÆSON=SÆSON,2015-09-01,127.0
DST:FIKS22:BRANCHE07=X:BELØB=4:SÆSON=SÆSON,2015-10-01,63.0
DST:FIKS22:BRANCHE07=X:BELØB=4:SÆSON=SÆSON,2015-11-01,55.0
DST:FIKS22:BRANCHE07=X:BELØB=4:SÆSON=SÆSON,2015-12-01,45.0
DST:FIKS22:BRANCHE07=X:BELØB=4:SÆSON=SÆSON,2016-01-01,6.0
DST:FIKS22:BRANCHE07=X:BELØB=4:SÆSON=SÆSON,2016-02-01,5.0
DST:FIKS22:BRANCHE07=X:BELØB=4:SÆSON=SÆSON,2016-03-01,6.0
DST:FIKS22:BRANCHE07=X:BELØB=4:SÆSON=SÆSON,2016-04-01,6.0
DST:FIKS22:BRANCHE07=X:BELØB=4:SÆSON=SÆSON,2016-05-01,5.0
DST:FIKS22:BRANCHE07=X:BELØB=4:SÆSON=SÆSON,2016-06-01,6.0
DST:FIKS22:BRANCHE07=X:BELØB=4:SÆSON=SÆSON,2016-07-01,4.0
DST:FIKS22:BRANCHE07=X:BELØB=4:SÆSON=SÆSON,2016-08-01,4.0
DST:FIKS22:BRANCHE07=X:BELØB=4:SÆSON=SÆSON,2016-09-01,4.0
DST:FIKS22:BRANCHE07=X:BELØB=4:SÆSON=SÆSON,2016-10-01,5.0
DST:FIKS22:BRANCHE07=X:BELØB=4:SÆSON=SÆSON,2016-11-01,5.0
DST:FIKS22:BRANCHE07=X:BELØB=4:SÆSON=SÆSON,2016-12-01,6.0
DST:FIKS22:BRANCHE07=X:BELØB=4:SÆSON=SÆSON,2017-01-01,0.0
DST:FIKS22:BRANCHE07=X:BELØB=4:SÆSON=SÆSON,2017-02-01,0.0
DST:FIKS22:BRANCHE07=X:BELØB=4:SÆSON=SÆSON,2017-03-01,0.0
DST:FIKS22:BRANCHE07=X:BELØB=4:SÆSON=SÆSON,2017-04-01,2.0
DST:FIKS22:BRANCHE07=X:BELØB=4:SÆSON=SÆSON,2017-05-01,2.0
DST:FIKS22:BRANCHE07=X:BELØB=4:SÆSON=SÆSON,2017-06-01,2.0
DST:FIKS22:BRANCHE07=X:BELØB=4:SÆSON=SÆSON,2017-07-01,1.0
DST:FIKS22:BRANCHE07=X:BELØB=4:SÆSON=SÆSON,2017-08-01,2.0
DST:FIKS22:BRANCHE07=X:BELØB=4:SÆSON=SÆSON,2017-09-01,2.0
DST:FIKS22:BRANCHE07=X:BELØB=4:SÆSON=SÆSON,2017-10-01,1.0
DST:FIKS22:BRANCHE07=X:BELØB=4:SÆSON=SÆSON,2017-11-01,1.0
DST:FIKS22:BRANCHE07=X:BELØB=4:SÆSON=SÆSON,2017-12-01,1.0
DST:FIKS22:BRANCHE07=X:BELØB=4:SÆSON=SÆSON,2018-01-01,1.0
DST:FIKS22:BRANCHE07=X:BELØB=4:SÆSON=SÆSON,2018-02-01,1.0
DST:FIKS22:BRANCHE07=X:BELØB=4:SÆSON=SÆSON,2018-03-01,1.0
DST:FIKS22:BRANCHE07=X:BELØB=4:SÆSON=SÆSON,2018-04-01,1.0
DST:FIKS22:BRANCHE07=X:BELØB=4:SÆSON=SÆSON,2018-05-01,2.0
DST:FIKS22:BRANCHE07=X:BELØB=4:SÆSON=SÆSON,2018-06-01,1.0
DST:FIKS22:BRANCHE07=X:BELØB=4:SÆSON=SÆSON,2018-07-01,1.0
DST:FIKS22:BRANCHE07=X:BELØB=4:SÆSON=SÆSON,2018-08-01,1.0
DST:FIKS22:BRANCHE07=X:BELØB=4:SÆSON=SÆSON,2018-09-01,1.0
DST:FIKS22:BRANCHE07=X:BELØB=4:SÆSON=SÆSON,2018-10-01,1.0
DST:FIKS22:BRANCHE07=X:BELØB=4:SÆSON=SÆSON,2018-11-01,1.0
DST:FIKS22:BRANCHE07=X:BELØB=4:SÆSON=SÆSON,2018-12-01,2.0
DST:FIKS22:BRANCHE07=X:BELØB=4:SÆSON=SÆSON,2019-01-01,3.0
DST:FIKS22:BRANCHE07=X:BELØB=4:SÆSON=SÆSON,2019-02-01,3.0
DST:FIKS22:BRANCHE07=X:BELØB=4:SÆSON=SÆSON,2019-03-01,3.0
DST:FIKS22:BRANCHE07=X:BELØB=4:SÆSON=SÆSON,2019-04-01,5.0
DST:FIKS22:BRANCHE07=X:BELØB=4:SÆSON=SÆSON,2019-05-01,5.0
DST:FIKS22:BRANCHE07=X:BELØB=4:SÆSON=SÆSON,2019-06-01,5.0
DST:FIKS22:BRANCHE07=X:BELØB=4:SÆSON=SÆSON,2019-07-01,8.0
DST:FIKS22:BRANCHE07=X:BELØB=4:SÆSON=SÆSON,2019-08-01,7.0
DST:FIKS22:BRANCHE07=X:BELØB=4:SÆSON=SÆSON,2019-09-01,8.0
DST:FIKS22:BRANCHE07=X:BELØB=4:SÆSON=SÆSON,2019-10-01,8.0
DST:FIKS22:BRANCHE07=X:BELØB=4:SÆSON=SÆSON,2019-11-01,8.0
DST:FIKS22:BRANCHE07=X:BELØB=4:SÆSON=SÆSON,2019-12-01,10.0
DST:FIKS22:BRANCHE07=X:BELØB=4:SÆSON=SÆSON,2020-01-01,2.0
DST:FIKS22:BRANCHE07=X:BELØB=4:SÆSON=SÆSON,2020-02-01,1.0
DST:FIKS22:BRANCHE07=X:BELØB=4:SÆSON=SÆSON,2020-03-01,0.0
DST:FIKS22:BRANCHE07=X:BELØB=4:SÆSON=SÆSON,2020-04-01,0.0
DST:FIKS22:BRANCHE07=X:BELØB=4:SÆSON=SÆSON,2020-05-01,0.0
DST:FIKS22:BRANCHE07=X:BELØB=4:SÆSON=SÆSON,2020-06-01,0.0
DST:FIKS22:BRANCHE07=X:BELØB=4:SÆSON=SÆSON,2020-07-01,0.0
DST:FIKS22:BRANCHE07=X:BELØB=4:SÆSON=SÆSON,2020-08-01,0.0
DST:FIKS22:BRANCHE07=X:BELØB=4:SÆSON=SÆSON,2020-09-01,0.0
DST:FIKS22:BRANCHE07=X:BELØB=4:SÆSON=SÆSON,2020-10-01,0.0
DST:FIKS22:BRANCHE07=X:BELØB=4:SÆSON=SÆSON,2020-11-01,0.0
DST:FIKS22:BRANCHE07=X:BELØB=4:SÆSON=SÆSON,2020-12-01,0.0
DST:FIKS22:BRANCHE07=X:BELØB=4:SÆSON=SÆSON,2021-01-01,0.0
DST:FIKS22:BRANCHE07=X:BELØB=4:SÆSON=SÆSON,2021-02-01,0.0
DST:FIKS22:BRANCHE07=X:BELØB=4:SÆSON=SÆSON,2021-03-01,0.0
DST:FIKS22:BRANCHE07=X:BELØB=4:SÆSON=SÆSON,2021-04-01,0.0
DST:FIKS22:BRANCHE07=X:BELØB=4:SÆSON=SÆSON,2021-05-01,0.0
DST:FIKS22:BRANCHE07=X:BELØB=4:SÆSON=SÆSON,2021-06-01,0.0
DST:FIKS22:BRANCHE07=X:BELØB=4:SÆSON=SÆSON,2021-07-01,0.0
DST:FIKS22:BRANCHE07=X:BELØB=4:SÆSON=SÆSON,2021-08-01,0.0
DST:FIKS22:BRANCHE07=X:BELØB=4:SÆSON=SÆSON,2021-09-01,0.0
DST:FIKS22:BRANCHE07=X:BELØB=4:SÆSON=SÆSON,2021-10-01,1.0
DST:FIKS22:BRANCHE07=X:BELØB=4:SÆSON=SÆSON,2021-11-01,1.0
DST:FIKS22:BRANCHE07=X:BELØB=4:SÆSON=SÆSON,2021-12-01,1.0
DST:FIKS22:BRANCHE07=X:BELØB=4:SÆSON=SÆSON,2022-01-01,0.0
DST:FIKS22:BRANCHE07=X:BELØB=4:SÆSON=SÆSON,2022-02-01,0.0
DST:FIKS22:BRANCHE07=X:BELØB=4:SÆSON=SÆSON,2022-03-01,0.0
DST:FIKS22:BRANCHE07=X:BELØB=4:SÆSON=SÆSON,2022-04-01,0.0
DST:FIKS22:BRANCHE07=X:BELØB=4:SÆSON=SÆSON,2022-05-01,0.0
DST:FIKS22:BRANCHE07=X:BELØB=4:SÆSON=SÆSON,2022-06-01,0.0
DST:FIKS22:BRANCHE07=X:BELØB=4:SÆSON=SÆSON,2022-07-01,0.0
DST:FIKS22:BRANCHE07=X:BELØB=4:SÆSON=SÆSON,2022-08-01,0.0
DST:FIKS22:BRANCHE07=X:BELØB=4:SÆSON=SÆSON,2022-09-01,0.0
DST:FIKS22:BRANCHE07=X:BELØB=4:SÆSON=SÆSON,2022-10-01,0.0
DST:FIKS22:BRANCHE07=X:BELØB=4:SÆSON=SÆSON,2022-11-01,0.0
DST:FIKS22:BRANCHE07=X:BELØB=4:SÆSON=SÆSON,2022-12-01,0.0
DST:FIKS22:BRANCHE07=X:BELØB=4:SÆSON=SÆSON,2023-01-01,0.0
DST:FIKS22:BRANCHE07=X:BELØB=4:SÆSON=SÆSON,2023-02-01,0.0
DST:FIKS22:BRANCHE07=X:BELØB=4:SÆSON=SÆSON,2023-03-01,0.0
DST:FIKS22:BRANCHE07=X:BELØB=4:SÆSON=SÆSON,2023-04-01,0.0
DST:FIKS22:BRANCHE07=X:BELØB=4:SÆSON=SÆSON,2023-05-01,0.0
DST:FIKS22:BRANCHE07=X:BELØB=4:SÆSON=SÆSON,2023-06-01,0.0
DST:FIKS22:BRANCHE07=X:BELØB=4:SÆSON=SÆSON,2023-07-01,0.0
DST:FIKS22:BRANCHE07=X:BELØB=4:SÆSON=SÆSON,2023-08-01,0.0
DST:FIKS22:BRANCHE07=X:BELØB=4:SÆSON=SÆSON,2023-09-01,1.0
DST:FIKS22:BRANCHE07=X:BELØB=4:SÆSON=SÆSON,2023-10-01,1.0
DST:FIKS22:BRANCHE07=X:BELØB=4:SÆSON=SÆSON,2023-11-01,1.0
DST:FIKS22:BRANCHE07=X:BELØB=4:SÆSON=SÆSON,2023-12-01,1.0
DST:FIKS22:BRANCHE07=X:BELØB=4:SÆSON=SÆSON,2024-01-01,0.0
DST:FIKS22:BRANCHE07=X:BELØB=4:SÆSON=SÆSON,2024-02-01,0.0
DST:FIKS22:BRANCHE07=X:BELØB=4:SÆSON=SÆSON,2024-03-01,0.0
DST:FIKS22:BRANCHE07=X:BELØB=4:SÆSON=SÆSON,2024-04-01,0.0
DST:FIKS22:BRANCHE07=X:BELØB=4:SÆSON=SÆSON,2024-05-01,0.0
DST:FIKS22:BRANCHE07=X:BELØB=4:SÆSON=SÆSON,2024-06-01,3.0
DST:FIKS22:BRANCHE07=X:BELØB=4:SÆSON=SÆSON,2024-07-01,0.0
DST:FIKS22:BRANCHE07=X:BELØB=4:SÆSON=SÆSON,2024-08-01,0.0
DST:FIKS22:BRANCHE07=X:BELØB=4:SÆSON=SÆSON,2024-09-01,0.0
DST:FIKS22:BRANCHE07=X:BELØB=4:SÆSON=SÆSON,2024-10-01,0.0
DST:FIKS22:BRANCHE07=X:BELØB=4:SÆSON=SÆSON,2024-11-01,0.0
DST:FIKS22:BRANCHE07=X:BELØB=4:SÆSON=SÆSON,2024-12-01,0.0
DST:FIKS22:BRANCHE07=X:BELØB=4:SÆSON=SÆSON,2025-01-01,0.0
DST:FIKS22:BRANCHE07=X:BELØB=4:SÆSON=SÆSON,2025-02-01,0.0
DST:FIKS22:BRANCHE07=X:BELØB=4:SÆSON=SÆSON,2025-03-01,0.0
DST:FIKS22:BRANCHE07=X:BELØB=4:SÆSON=SÆSON,2025-04-01,0.0
DST:FIKS22:BRANCHE07=X:BELØB=4:SÆSON=SÆSON,2025-05-01,0.0
DST:FIKS22:BRANCHE07=X:BELØB=4:SÆSON=SÆSON,2025-06-01,0.0
DST:FIKS22:BRANCHE07=X:BELØB=4:SÆSON=SÆSON,2025-07-01,0.0
DST:FIKS22:BRANCHE07=X:BELØB=4:SÆSON=SÆSON,2025-08-01,0.0
DST:FIKS22:BRANCHE07=X:BELØB=4:SÆSON=SÆSON,2025-09-01,0.0
DST:FIKS22:BRANCHE07=X:BELØB=4:SÆSON=SÆSON,2025-10-01,0.0
DST:FIKS22:BRANCHE07=X:BELØB=4:SÆSON=SÆSON,2025-11-01,0.0
